1.000000 0.000000
2.000000 0.000000
3.000000 0.000000
4.000000 0.000000
5.000000 0.000000
6.000000 0.000000
7.000000 0.000000
8.000000 0.000000
9.000000 0.000000
10.000000 0.000000
11.000000 0.000000
12.000000 0.000000
13.000000 0.000000
14.000000 0.000000
15.000000 100.000000
16.000000 23.829224
17.000000 24.010360
18.000000 24.191497
19.000000 24.372633
20.000000 24.553770
21.000000 24.734906
22.000000 24.916043
23.000000 25.097179
24.000000 25.278316
25.000000 25.459452
26.000000 20.571320
27.000000 14.284874
28.000000 11.466124
29.000000 8.630651
30.000000 5.778910
31.000000 2.911328
32.000000 0.028311
33.000000 -2.869752
34.000000 -5.782492
35.000000 -8.709557
36.000000 -11.650613
37.000000 -14.354600
38.000000 -16.446228
39.000000 -17.990310
40.000000 -19.188304
41.000000 -20.058584
42.000000 -20.608684
43.000000 -20.841273
44.000000 -20.756861
45.000000 -20.355026
46.000000 -19.634961
47.000000 -18.595731
48.000000 -17.249939
49.000000 -15.650678
50.000000 -13.874313
51.000000 -11.974805
52.000000 -9.984553
53.000000 -7.932998
54.000000 -5.849873
55.000000 -3.765817
56.000000 -1.712255
57.000000 0.278832
58.000000 2.175104
59.000000 3.944870
60.000000 5.561359
61.000000 7.007630
62.000000 8.274986
63.000000 9.357507
64.000000 10.250111
65.000000 10.949421
66.000000 11.454626
67.000000 11.767953
68.000000 11.894876
69.000000 11.844174
70.000000 11.627866
71.000000 11.260640
72.000000 10.758506
73.000000 10.137515
74.000000 9.413611
75.000000 8.603166
76.000000 7.723214
77.000000 6.791222
78.000000 5.824689
79.000000 4.840720
80.000000 3.855629
81.000000 2.884586
82.000000 1.941362
83.000000 1.038273
84.000000 0.186338
85.000000 -0.604581
86.000000 -1.325836
87.000000 -1.970186
88.000000 -2.531960
89.000000 -3.007116
90.000000 -3.393211
91.000000 -3.689310
92.000000 -3.895863
93.000000 -4.014560
94.000000 -4.048201
95.000000 -4.000615
96.000000 -3.876615
97.000000 -3.681944
98.000000 -3.423161
99.000000 -3.107485
100.000000 -2.742621
101.000000 -2.336596
102.000000 -1.897612
103.000000 -1.433926
104.000000 -0.953740
105.000000 -0.465107
106.000000 0.024170
107.000000 0.506636
108.000000 0.975300
109.000000 1.423735
110.000000 1.846153
111.000000 2.237465
112.000000 2.593314
113.000000 2.910093
114.000000 3.184965
115.000000 3.415862
116.000000 3.601485
117.000000 3.741292
118.000000 3.835480
119.000000 3.884941
120.000000 3.891212
121.000000 3.856418
122.000000 3.783203
123.000000 3.674661
124.000000 3.534272
125.000000 3.365826
126.000000 3.173355
127.000000 2.961056
128.000000 2.733219
129.000000 2.494152
130.000000 2.248114
131.000000 1.999247
132.000000 1.751520
133.000000 1.508679
134.000000 1.274198
135.000000 1.051243
136.000000 0.842639
137.000000 0.650840
138.000000 0.477914
139.000000 0.325527
140.000000 0.194941
141.000000 0.087016
142.000000 0.002217
143.000000 -0.059372
144.000000 -0.098026
145.000000 -0.114359
146.000000 -0.109297
147.000000 -0.084044
148.000000 -0.040054
149.000000 0.021010
150.000000 0.097310
151.000000 0.186870
152.000000 0.287616
153.000000 0.397413
154.000000 0.514098
155.000000 0.635518
156.000000 0.759560
157.000000 0.884182
158.000000 1.007440
159.000000 1.127517
160.000000 1.242735
161.000000 1.351583
162.000000 1.452725
163.000000 1.545014
164.000000 1.627498
165.000000 1.699425
166.000000 1.760245
167.000000 1.809605
168.000000 1.847346
169.000000 1.873497
170.000000 1.888260
171.000000 1.892002
172.000000 1.885238
173.000000 1.868619
174.000000 1.842908
175.000000 1.808973
176.000000 1.767757
177.000000 1.720267
178.000000 1.667555
179.000000 1.610694
180.000000 1.550768
181.000000 1.488850
182.000000 1.425986
183.000000 1.363184
184.000000 1.301396
185.000000 1.241512
186.000000 1.184344
187.000000 1.130621
188.000000 1.080982
189.000000 1.035968
190.000000 0.996023
191.000000 0.961490
192.000000 0.932612
193.000000 0.909531
194.000000 0.892295
195.000000 0.880858
196.000000 0.875089
197.000000 0.874778
198.000000 0.879641
199.000000 0.889329
200.000000 0.903440
201.000000 0.921524
202.000000 0.943092
203.000000 0.967630
204.000000 0.994604
205.000000 1.023470
206.000000 1.053685
207.000000 1.084713
208.000000 1.116033
209.000000 1.147148
210.000000 1.177589
211.000000 1.206922
212.000000 1.234753
213.000000 1.260732
214.000000 1.284555
215.000000 1.305967
216.000000 1.324763
217.000000 1.340789
218.000000 1.353943
219.000000 1.364169
220.000000 1.371462
221.000000 1.375860
222.000000 1.377445
223.000000 1.376336
224.000000 1.372690
225.000000 1.366691
226.000000 1.358552
227.000000 1.348506
228.000000 1.336804
229.000000 1.323710
230.000000 1.309495
231.000000 1.294431
232.000000 1.278791
233.000000 1.262842
234.000000 1.246842
235.000000 1.231037
236.000000 1.215654
237.000000 1.200906
238.000000 1.186983
239.000000 1.174051
240.000000 1.162256
241.000000 1.151715
242.000000 1.142522
243.000000 1.134745
244.000000 1.128427
245.000000 1.123585
246.000000 1.120216
247.000000 1.118290
248.000000 1.117760
249.000000 1.118559
250.000000 1.120603
251.000000 1.123793
252.000000 1.128019
253.000000 1.133159
254.000000 1.139086
255.000000 1.145664
256.000000 1.152758
257.000000 1.160230
258.000000 1.167944
259.000000 1.175767
260.000000 1.183571
261.000000 1.191237
262.000000 1.198652
263.000000 1.205713
264.000000 1.212330
265.000000 1.218423
266.000000 1.223923
267.000000 1.228776
268.000000 1.232939
269.000000 1.236383
270.000000 1.239091
271.000000 1.241058
272.000000 1.242291
273.000000 1.242808
274.000000 1.242636
275.000000 1.241813
276.000000 1.240383
277.000000 1.238398
278.000000 1.235915
279.000000 1.232998
280.000000 1.229712
281.000000 1.226125
282.000000 1.222305
283.000000 1.218322
284.000000 1.214244
285.000000 1.210136
286.000000 1.206061
287.000000 1.202079
288.000000 1.198244
289.000000 1.194605
290.000000 1.191206
291.000000 1.188085
292.000000 1.185275
293.000000 1.182799
294.000000 1.180678
295.000000 1.178924
296.000000 1.177542
297.000000 1.176534
298.000000 1.175893
299.000000 1.175609
300.000000 1.175666
301.000000 1.176044
302.000000 1.176719
303.000000 1.177664
304.000000 1.178848
305.000000 1.180241
306.000000 1.181808
307.000000 1.183515
308.000000 1.185328
309.000000 1.187211
310.000000 1.189131
311.000000 1.191055
312.000000 1.192953
313.000000 1.194795
314.000000 1.196555
315.000000 1.198209
316.000000 1.199736
317.000000 1.201119
318.000000 1.202341
319.000000 1.203393
320.000000 1.204265
321.000000 1.204952
322.000000 1.205452
323.000000 1.205767
324.000000 1.205900
325.000000 1.205857
326.000000 1.205647
327.000000 1.205282
328.000000 1.204772
329.000000 1.204134
330.000000 1.203382
331.000000 1.202532
332.000000 1.201602
333.000000 1.200609
334.000000 1.199571
335.000000 1.198504
336.000000 1.197426
337.000000 1.196352
338.000000 1.195298
339.000000 1.194278
340.000000 1.193305
341.000000 1.192389
342.000000 1.191542
343.000000 1.190772
344.000000 1.190085
345.000000 1.189487
346.000000 1.188981
347.000000 1.188569
348.000000 1.188252
349.000000 1.188029
350.000000 1.187897
351.000000 1.187853
352.000000 1.187891
353.000000 1.188006
354.000000 1.188192
355.000000 1.188441
356.000000 1.188745
357.000000 1.189096
358.000000 1.189484
359.000000 1.189902
360.000000 1.190340
361.000000 1.190790
362.000000 1.191244
363.000000 1.191693
364.000000 1.192131
365.000000 1.192550
366.000000 1.192944
367.000000 1.193307
368.000000 1.193635
369.000000 1.193924
370.000000 1.194171
371.000000 1.194373
372.000000 1.194529
373.000000 1.194639
374.000000 1.194701
375.000000 1.194718
376.000000 1.194690
377.000000 1.194619
378.000000 1.194508
379.000000 1.194361
380.000000 1.194180
381.000000 1.193970
382.000000 1.193734
383.000000 1.193476
384.000000 1.193202
385.000000 1.192916
386.000000 1.192621
387.000000 1.192323
388.000000 1.192025
389.000000 1.191731
390.000000 1.191445
391.000000 1.191170
392.000000 1.190910
393.000000 1.190666
394.000000 1.190441
395.000000 1.190237
396.000000 1.190056
397.000000 1.189898
398.000000 1.189763
399.000000 1.189653
400.000000 1.189567
401.000000 -222.347282
402.000000 -10.725148
403.000000 -10.815735
404.000000 -10.906302
405.000000 -10.996851
406.000000 -11.087382
407.000000 -11.177900
408.000000 -11.268404
409.000000 -11.358898
410.000000 -11.449384
411.000000 -11.539865
412.000000 -1.500055
413.000000 8.544344
414.000000 8.930499
415.000000 9.321598
416.000000 9.717746
417.000000 10.119046
418.000000 10.525594
419.000000 10.937483
420.000000 11.354800
421.000000 11.777631
422.000000 12.206054
423.000000 12.166435
424.000000 11.195507
425.000000 9.779535
426.000000 8.385730
427.000000 7.000231
428.000000 5.615404
429.000000 4.227655
430.000000 2.835215
431.000000 1.437128
432.000000 0.032796
433.000000 -1.378231
434.000000 -2.774190
435.000000 -4.089980
436.000000 -5.266771
437.000000 -6.295913
438.000000 -7.186805
439.000000 -7.942557
440.000000 -8.564349
441.000000 -9.053068
442.000000 -9.409731
443.000000 -9.635525
444.000000 -9.731766
445.000000 -9.700876
446.000000 -9.549390
447.000000 -9.288974
448.000000 -8.932612
449.000000 -8.491729
450.000000 -7.977218
451.000000 -7.400486
452.000000 -6.773297
453.000000 -6.107462
454.000000 -5.414646
455.000000 -4.706270
456.000000 -3.993428
457.000000 -3.286634
458.000000 -2.595491
459.000000 -1.928682
460.000000 -1.294281
461.000000 -0.699799
462.000000 -0.151888
463.000000 0.343889
464.000000 0.783115
465.000000 1.162478
466.000000 1.479700
467.000000 1.733473
468.000000 1.923392
469.000000 2.049876
470.000000 2.114132
471.000000 2.118183
472.000000 2.064906
473.000000 1.957981
474.000000 1.801750
475.000000 1.601071
476.000000 1.361189
477.000000 1.087634
478.000000 0.786147
479.000000 0.462602
480.000000 0.122946
481.000000 -0.226874
482.000000 -0.580998
483.000000 -0.933764
484.000000 -1.279815
485.000000 -1.614181
486.000000 -1.932335
487.000000 -2.230225
488.000000 -2.504304
489.000000 -2.751553
490.000000 -2.969501
491.000000 -3.156246
492.000000 -3.310464
493.000000 -3.431416
494.000000 -3.518927
495.000000 -3.573361
496.000000 -3.595579
497.000000 -3.586894
498.000000 -3.549027
499.000000 -3.484063
500.000000 -3.394399
501.000000 -3.282701
502.000000 -3.151841
503.000000 -3.004847
504.000000 -2.844839
505.000000 -2.674978
506.000000 -2.498405
507.000000 -2.318201
508.000000 -2.137338
509.000000 -1.958644
510.000000 -1.784764
511.000000 -1.618130
512.000000 -1.460935
513.000000 -1.315106
514.000000 -1.182294
515.000000 -1.063856
516.000000 -0.960856
517.000000 -0.874064
518.000000 -0.803957
519.000000 -0.750734
520.000000 -0.714322
521.000000 -0.694393
522.000000 -0.690384
523.000000 -0.701516
524.000000 -0.726819
525.000000 -0.765159
526.000000 -0.815260
527.000000 -0.875735
528.000000 -0.945115
529.000000 -1.021869
530.000000 -1.104436
531.000000 -1.191248
532.000000 -1.280756
533.000000 -1.371451
534.000000 -1.461886
535.000000 -1.550693
536.000000 -1.636604
537.000000 -1.718460
538.000000 -1.795225
539.000000 -1.865995
540.000000 -1.930004
541.000000 -1.986633
542.000000 -2.035403
543.000000 -2.075982
544.000000 -2.108183
545.000000 -2.131952
546.000000 -2.147369
547.000000 -2.154636
548.000000 -2.154071
549.000000 -2.146092
550.000000 -2.131210
551.000000 -2.110013
552.000000 -2.083157
553.000000 -2.051349
554.000000 -2.015334
555.000000 -1.975884
556.000000 -1.933782
557.000000 -1.889810
558.000000 -1.844741
559.000000 -1.799320
560.000000 -1.754263
561.000000 -1.710241
562.000000 -1.667873
563.000000 -1.627722
564.000000 -1.590289
565.000000 -1.556005
566.000000 -1.525232
567.000000 -1.498258
568.000000 -1.475299
569.000000 -1.456498
570.000000 -1.441926
571.000000 -1.431587
572.000000 -1.425420
573.000000 -1.423302
574.000000 -1.425056
575.000000 -1.430452
576.000000 -1.439220
577.000000 -1.451051
578.000000 -1.465603
579.000000 -1.482513
580.000000 -1.501401
581.000000 -1.521873
582.000000 -1.543536
583.000000 -1.565996
584.000000 -1.588869
585.000000 -1.611782
586.000000 -1.634385
587.000000 -1.656349
588.000000 -1.677370
589.000000 -1.697178
590.000000 -1.715534
591.000000 -1.732232
592.000000 -1.747105
593.000000 -1.760021
594.000000 -1.770886
595.000000 -1.779640
596.000000 -1.786262
597.000000 -1.790762
598.000000 -1.793183
599.000000 -1.793597
600.000000 -1.792103
601.000000 -1.788825
602.000000 -1.783907
603.000000 -1.777511
604.000000 -1.769812
605.000000 -1.760997
606.000000 -1.751261
607.000000 -1.740800
608.000000 -1.729815
609.000000 -1.718500
610.000000 -1.707047
611.000000 -1.695639
612.000000 -1.684449
613.000000 -1.673637
614.000000 -1.663351
615.000000 -1.653719
616.000000 -1.644857
617.000000 -1.636860
618.000000 -1.629805
619.000000 -1.623753
620.000000 -1.618744
621.000000 -1.614801
622.000000 -1.611928
623.000000 -1.610115
624.000000 -1.609335
625.000000 -1.609545
626.000000 -1.610691
627.000000 -1.612709
628.000000 -1.615521
629.000000 -1.619043
630.000000 -1.623186
631.000000 -1.627854
632.000000 -1.632948
633.000000 -1.638369
634.000000 -1.644017
635.000000 -1.649795
636.000000 -1.655607
637.000000 -1.661364
638.000000 -1.666981
639.000000 -1.672379
640.000000 -1.677489
641.000000 -1.682247
642.000000 -1.686599
643.000000 -1.690501
644.000000 -1.693916
645.000000 -1.696819
646.000000 -1.699193
647.000000 -1.701028
648.000000 -1.702326
649.000000 -1.703095
650.000000 -1.703351
651.000000 -1.703119
652.000000 -1.702426
653.000000 -1.701310
654.000000 -1.699808
655.000000 -1.697965
656.000000 -1.695827
657.000000 -1.693444
658.000000 -1.690863
659.000000 -1.688136
660.000000 -1.685313
661.000000 -1.682442
662.000000 -1.679570
663.000000 -1.676741
664.000000 -1.673997
665.000000 -1.671376
666.000000 -1.668912
667.000000 -1.666634
668.000000 -1.664569
669.000000 -1.662737
670.000000 -1.661155
671.000000 -1.659833
672.000000 -1.658780
673.000000 -1.657996
674.000000 -1.657482
675.000000 -1.657230
676.000000 -1.657232
677.000000 -1.657474
678.000000 -1.657940
679.000000 -1.658613
680.000000 -1.659471
681.000000 -1.660492
682.000000 -1.661651
683.000000 -1.662925
684.000000 -1.664289
685.000000 -1.665716
686.000000 -1.667182
687.000000 -1.668664
688.000000 -1.670137
689.000000 -1.671581
690.000000 -1.672974
691.000000 -1.674299
692.000000 -1.675539
693.000000 -1.676680
694.000000 -1.677710
695.000000 -1.678619
696.000000 -1.679400
697.000000 -1.680048
698.000000 -1.680560
699.000000 -1.680937
700.000000 -1.681179
701.000000 -1.681290
702.000000 -1.681275
703.000000 -1.681143
704.000000 -1.680900
705.000000 -1.680558
706.000000 -1.680126
707.000000 -1.679616
708.000000 -1.679041
709.000000 -1.678412
710.000000 -1.677744
711.000000 -1.677047
712.000000 -1.676335
713.000000 -1.675619
714.000000 -1.674912
715.000000 -1.674223
716.000000 -1.673562
717.000000 -1.672939
718.000000 -1.672361
719.000000 -1.671834
720.000000 -1.671366
721.000000 -1.670959
722.000000 -1.670617
723.000000 -1.670343
724.000000 -1.670137
725.000000 -1.669999
726.000000 -1.669927
727.000000 -1.669920
728.000000 -1.669975
729.000000 -1.670088
730.000000 -1.670254
731.000000 -1.670468
732.000000 -1.670724
733.000000 -1.671018
734.000000 -1.671341
735.000000 -1.671689
736.000000 -1.672055
737.000000 -1.672432
738.000000 -1.672815
739.000000 -1.673197
740.000000 -1.673573
741.000000 -1.673937
742.000000 -1.674286
743.000000 -1.674614
744.000000 -1.674917
745.000000 -1.675193
746.000000 -1.675440
747.000000 -1.675654
748.000000 -1.675835
749.000000 -1.675982
750.000000 -1.676094
751.000000 -1.676172
752.000000 -1.676217
753.000000 -1.676230
754.000000 -1.676212
755.000000 -1.676165
756.000000 -1.676093
757.000000 -1.675997
758.000000 -1.675881
759.000000 -1.675747
760.000000 -1.675599
761.000000 -1.675440
762.000000 -1.675273
763.000000 -1.675101
764.000000 -1.674927
765.000000 -1.674755
766.000000 -1.674586
767.000000 -1.674424
768.000000 -1.674271
769.000000 -1.674129
770.000000 -1.673999
771.000000 -1.673883
772.000000 -1.673783
773.000000 -1.673699
774.000000 -1.673632
775.000000 -1.673581
776.000000 -1.673548
777.000000 -1.673532
778.000000 -1.673533
779.000000 -1.673549
780.000000 -1.673579
781.000000 -1.673624
782.000000 -1.673681
783.000000 -1.673749
784.000000 -1.673827
785.000000 -1.673913
786.000000 -1.674005
787.000000 -1.674103
788.000000 -1.674203
789.000000 -1.674305
790.000000 -1.674408
791.000000 -1.674509
792.000000 -1.674608
793.000000 -1.674702
794.000000 -1.674792
795.000000 -1.674876
796.000000 -1.674953
797.000000 -1.675023
798.000000 -1.675085
799.000000 -1.675138
800.000000 -1.675183
801.000000 100.000000
802.000000 10.239366
803.000000 10.329915
804.000000 10.420473
805.000000 10.511039
806.000000 10.601612
807.000000 10.692192
808.000000 10.782778
809.000000 10.873369
810.000000 10.963965
811.000000 11.054565
812.000000 7.714699
813.000000 4.105101
814.000000 3.478236
815.000000 2.847701
816.000000 2.213559
817.000000 1.575872
818.000000 0.934699
819.000000 0.290094
820.000000 -0.357889
821.000000 -1.009199
822.000000 -1.663791
823.000000 -2.338909
824.000000 -2.987599
825.000000 -3.497567
826.000000 -3.861694
827.000000 -4.139466
828.000000 -4.357799
829.000000 -4.528845
830.000000 -4.658071
831.000000 -4.747918
832.000000 -4.799458
833.000000 -4.813152
834.000000 -4.764525
835.000000 -4.600759
836.000000 -4.313291
837.000000 -3.951852
838.000000 -3.554830
839.000000 -3.132159
840.000000 -2.685526
841.000000 -2.214991
842.000000 -1.720829
843.000000 -1.203846
844.000000 -0.665278
845.000000 -0.111000
846.000000 0.440404
847.000000 0.963116
848.000000 1.441877
849.000000 1.875426
850.000000 2.265935
851.000000 2.613177
852.000000 2.914726
853.000000 3.166983
854.000000 3.365894
855.000000 3.507320
856.000000 3.587817
857.000000 3.606909
858.000000 3.568991
859.000000 3.481497
860.000000 3.351061
861.000000 3.182158
862.000000 2.978303
863.000000 2.743295
864.000000 2.481714
865.000000 2.198973
866.000000 1.901233
867.000000 1.595217
868.000000 1.287707
869.000000 0.984656
870.000000 0.690606
871.000000 0.408998
872.000000 0.142920
873.000000 -0.104491
874.000000 -0.330159
875.000000 -0.531337
876.000000 -0.705845
877.000000 -0.852211
878.000000 -0.969744
879.000000 -1.058514
880.000000 -1.119181
881.000000 -1.152722
882.000000 -1.160235
883.000000 -1.142949
884.000000 -1.102356
885.000000 -1.040299
886.000000 -0.958960
887.000000 -0.860777
888.000000 -0.748336
889.000000 -0.624261
890.000000 -0.491130
891.000000 -0.351414
892.000000 -0.207487
893.000000 -0.061652
894.000000 0.083832
895.000000 0.226778
896.000000 0.365131
897.000000 0.497028
898.000000 0.620833
899.000000 0.735149
900.000000 0.838818
901.000000 0.930901
902.000000 1.010662
903.000000 1.077557
904.000000 1.131241
905.000000 1.171578
906.000000 1.198644
907.000000 1.212726
908.000000 1.214300
909.000000 1.204004
910.000000 1.182612
911.000000 1.151016
912.000000 1.110204
913.000000 1.061251
914.000000 1.005301
915.000000 0.943553
916.000000 0.877242
917.000000 0.807610
918.000000 0.735889
919.000000 0.663273
920.000000 0.590908
921.000000 0.519878
922.000000 0.451193
923.000000 0.385778
924.000000 0.324467
925.000000 0.267991
926.000000 0.216969
927.000000 0.171906
928.000000 0.133185
929.000000 0.101075
930.000000 0.075726
931.000000 0.057181
932.000000 0.045375
933.000000 0.040144
934.000000 0.041232
935.000000 0.048297
936.000000 0.060921
937.000000 0.078624
938.000000 0.100868
939.000000 0.127076
940.000000 0.156639
941.000000 0.188928
942.000000 0.223305
943.000000 0.259134
944.000000 0.295787
945.000000 0.332656
946.000000 0.369164
947.000000 0.404766
948.000000 0.438963
949.000000 0.471303
950.000000 0.501384
951.000000 0.528864
952.000000 0.553456
953.000000 0.574933
954.000000 0.593129
955.000000 0.607936
956.000000 0.619304
957.000000 0.627239
958.000000 0.631800
959.000000 0.633093
960.000000 0.631270
961.000000 0.626523
962.000000 0.619077
963.000000 0.609188
964.000000 0.597135
965.000000 0.583217
966.000000 0.567744
967.000000 0.551035
968.000000 0.533410
969.000000 0.515187
970.000000 0.496675
971.000000 0.478172
972.000000 0.459962
973.000000 0.442306
974.000000 0.425446
975.000000 0.409597
976.000000 0.394948
977.000000 0.381660
978.000000 0.369864
979.000000 0.359663
980.000000 0.351128
981.000000 0.344303
982.000000 0.339201
983.000000 0.335810
984.000000 0.334092
985.000000 0.333986
986.000000 0.335407
987.000000 0.338256
988.000000 0.342411
989.000000 0.347743
990.000000 0.354106
991.000000 0.361350
992.000000 0.369317
993.000000 0.377848
994.000000 0.386782
995.000000 0.395960
996.000000 0.405230
997.000000 0.414445
998.000000 0.423466
999.000000 0.432164
1000.000000 0.440424
1001.000000 0.448141
1002.000000 0.455226
1003.000000 0.461602
1004.000000 0.467209
1005.000000 0.472001
1006.000000 0.475946
1007.000000 0.479028
1008.000000 0.481245
1009.000000 0.482608
1010.000000 0.483139
1011.000000 0.482875
1012.000000 0.481859
1013.000000 0.480147
1014.000000 0.477800
1015.000000 0.474888
1016.000000 0.471485
1017.000000 0.467667
1018.000000 0.463514
1019.000000 0.459108
1020.000000 0.454528
1021.000000 0.449853
1022.000000 0.445160
1023.000000 0.440521
1024.000000 0.436004
1025.000000 0.431671
1026.000000 0.427578
1027.000000 0.423777
1028.000000 0.420308
1029.000000 0.417208
1030.000000 0.414505
1031.000000 0.412218
1032.000000 0.410361
1033.000000 0.408939
1034.000000 0.407952
1035.000000 0.407391
1036.000000 0.407242
1037.000000 0.407485
1038.000000 0.408097
1039.000000 0.409048
1040.000000 0.410306
1041.000000 0.411835
1042.000000 0.413597
1043.000000 0.415553
1044.000000 0.417662
1045.000000 0.419885
1046.000000 0.422180
1047.000000 0.424508
1048.000000 0.426833
1049.000000 0.429117
1050.000000 0.431329
1051.000000 0.433438
1052.000000 0.435416
1053.000000 0.437240
1054.000000 0.438890
1055.000000 0.440349
1056.000000 0.441605
1057.000000 0.442649
1058.000000 0.443476
1059.000000 0.444084
1060.000000 0.444476
1061.000000 0.444655
1062.000000 0.444631
1063.000000 0.444414
1064.000000 0.444017
1065.000000 0.443456
1066.000000 0.442748
1067.000000 0.441910
1068.000000 0.440962
1069.000000 0.439924
1070.000000 0.438817
1071.000000 0.437661
1072.000000 0.436476
1073.000000 0.435281
1074.000000 0.434095
1075.000000 0.432936
1076.000000 0.431819
1077.000000 0.430759
1078.000000 0.429770
1079.000000 0.428862
1080.000000 0.428045
1081.000000 0.427326
1082.000000 0.426712
1083.000000 0.426205
1084.000000 0.425809
1085.000000 0.425522
1086.000000 0.425344
1087.000000 0.425271
1088.000000 0.425298
1089.000000 0.425421
1090.000000 0.425631
1091.000000 0.425921
1092.000000 0.426282
1093.000000 0.426705
1094.000000 0.427179
1095.000000 0.427695
1096.000000 0.428243
1097.000000 0.428811
1098.000000 0.429391
1099.000000 0.429972
1100.000000 0.430545
1101.000000 0.431103
1102.000000 0.431636
1103.000000 0.432138
1104.000000 0.432603
1105.000000 0.433026
1106.000000 0.433401
1107.000000 0.433726
1108.000000 0.433997
1109.000000 0.434214
1110.000000 0.434376
1111.000000 0.434484
1112.000000 0.434537
1113.000000 0.434538
1114.000000 0.434490
1115.000000 0.434395
1116.000000 0.434258
1117.000000 0.434083
1118.000000 0.433873
1119.000000 0.433635
1120.000000 0.433373
1121.000000 0.433091
1122.000000 0.432796
1123.000000 0.432493
1124.000000 0.432185
1125.000000 0.431879
1126.000000 0.431579
1127.000000 0.431288
1128.000000 0.431010
1129.000000 0.430750
1130.000000 0.430509
1131.000000 0.430291
1132.000000 0.430098
1133.000000 0.429930
1134.000000 0.429789
1135.000000 0.429677
1136.000000 0.429592
1137.000000 0.429534
1138.000000 0.429504
1139.000000 0.429499
1140.000000 0.429519
1141.000000 0.429561
1142.000000 0.429624
1143.000000 0.429706
1144.000000 0.429804
1145.000000 0.429916
1146.000000 0.430039
1147.000000 0.430170
1148.000000 0.430308
1149.000000 0.430449
1150.000000 0.430592
1151.000000 0.430733
1152.000000 0.430870
1153.000000 0.431003
1154.000000 0.431127
1155.000000 0.431243
1156.000000 0.431348
1157.000000 0.431442
1158.000000 0.431523
1159.000000 0.431591
1160.000000 0.431646
1161.000000 0.431686
1162.000000 0.431713
1163.000000 0.431726
1164.000000 0.431726
1165.000000 0.431713
1166.000000 0.431688
1167.000000 0.431652
1168.000000 0.431606
1169.000000 0.431552
1170.000000 0.431490
1171.000000 0.431421
1172.000000 0.431347
1173.000000 0.431270
1174.000000 0.431190
1175.000000 0.431109
1176.000000 0.431028
1177.000000 0.430948
1178.000000 0.430870
1179.000000 0.430795
1180.000000 0.430725
1181.000000 0.430659
1182.000000 0.430599
1183.000000 0.430545
1184.000000 0.430497
1185.000000 0.430457
1186.000000 0.430423
1187.000000 0.430396
1188.000000 0.430377
1189.000000 0.430364
1190.000000 0.430358
1191.000000 0.430358
1192.000000 0.430364
1193.000000 0.430375
1194.000000 0.430392
1195.000000 0.430412
1196.000000 0.430436
1197.000000 0.430464
1198.000000 0.430493
1199.000000 0.430525
1200.000000 0.430557
1201.000000 100.000000
1202.000000 12.345235
1203.000000 12.435836
1204.000000 12.526435
1205.000000 12.617032
1206.000000 12.707628
1207.000000 12.798220
1208.000000 12.888810
1209.000000 12.979397
1210.000000 13.069981
1211.000000 13.160561
1212.000000 11.243196
1213.000000 9.235062
1214.000000 9.002635
1215.000000 8.770133
1216.000000 8.537577
1217.000000 8.304988
1218.000000 8.072386
1219.000000 7.839788
1220.000000 7.607212
1221.000000 7.374674
1222.000000 7.142188
1223.000000 6.648253
1224.000000 5.743856
1225.000000 4.828650
1226.000000 4.107794
1227.000000 3.461690
1228.000000 2.835910
1229.000000 2.205568
1230.000000 1.559174
1231.000000 0.891308
1232.000000 0.199304
1233.000000 -0.518259
1234.000000 -1.202303
1235.000000 -1.715317
1236.000000 -2.005360
1237.000000 -2.153980
1238.000000 -2.228722
1239.000000 -2.240170
1240.000000 -2.182366
1241.000000 -2.046047
1242.000000 -1.822341
1243.000000 -1.503388
1244.000000 -1.082161
1245.000000 -0.561363
1246.000000 0.028918
1247.000000 0.641030
1248.000000 1.245992
1249.000000 1.841554
1250.000000 2.431459
1251.000000 3.013770
1252.000000 3.581274
1253.000000 4.123524
1254.000000 4.628277
1255.000000 5.082221
1256.000000 5.472569
1257.000000 5.791710
1258.000000 6.041252
1259.000000 6.228617
1260.000000 6.359531
1261.000000 6.435418
1262.000000 6.455861
1263.000000 6.421195
1264.000000 6.333567
1265.000000 6.197133
1266.000000 6.017964
1267.000000 5.803772
1268.000000 5.562958
1269.000000 5.302918
1270.000000 5.028904
1271.000000 4.744662
1272.000000 4.453938
1273.000000 4.161271
1274.000000 3.871773
1275.000000 3.590558
1276.000000 3.322250
1277.000000 3.070662
1278.000000 2.838607
1279.000000 2.627886
1280.000000 2.439575
1281.000000 2.274512
1282.000000 2.133618
1283.000000 2.017815
1284.000000 1.927699
1285.000000 1.863295
1286.000000 1.824021
1287.000000 1.808791
1288.000000 1.816174
1289.000000 1.844554
1290.000000 1.892261
1291.000000 1.957628
1292.000000 2.038951
1293.000000 2.134387
1294.000000 2.241881
1295.000000 2.359201
1296.000000 2.484038
1297.000000 2.614114
1298.000000 2.747253
1299.000000 2.881410
1300.000000 3.014668
1301.000000 3.145214
1302.000000 3.271329
1303.000000 3.391381
1304.000000 3.503860
1305.000000 3.607429
1306.000000 3.700963
1307.000000 3.783570
1308.000000 3.854581
1309.000000 3.913532
1310.000000 3.960147
1311.000000 3.994322
1312.000000 4.016130
1313.000000 4.025820
1314.000000 4.023816
1315.000000 4.010717
1316.000000 3.987273
1317.000000 3.954366
1318.000000 3.912976
1319.000000 3.864157
1320.000000 3.809023
1321.000000 3.748723
1322.000000 3.684438
1323.000000 3.617355
1324.000000 3.548654
1325.000000 3.479486
1326.000000 3.410950
1327.000000 3.344080
1328.000000 3.279825
1329.000000 3.219045
1330.000000 3.162501
1331.000000 3.110853
1332.000000 3.064650
1333.000000 3.024331
1334.000000 2.990221
1335.000000 2.962529
1336.000000 2.941350
1337.000000 2.926674
1338.000000 2.918386
1339.000000 2.916280
1340.000000 2.920065
1341.000000 2.929374
1342.000000 2.943775
1343.000000 2.962778
1344.000000 2.985848
1345.000000 3.012413
1346.000000 3.041878
1347.000000 3.073636
1348.000000 3.107076
1349.000000 3.141594
1350.000000 3.176604
1351.000000 3.211540
1352.000000 3.245870
1353.000000 3.279100
1354.000000 3.310776
1355.000000 3.340496
1356.000000 3.367906
1357.000000 3.392710
1358.000000 3.414666
1359.000000 3.433588
1360.000000 3.449348
1361.000000 3.461873
1362.000000 3.471140
1363.000000 3.477182
1364.000000 3.480076
1365.000000 3.479944
1366.000000 3.476947
1367.000000 3.471284
1368.000000 3.463181
1369.000000 3.452890
1370.000000 3.440685
1371.000000 3.426851
1372.000000 3.411686
1373.000000 3.395492
1374.000000 3.378569
1375.000000 3.361216
1376.000000 3.343718
1377.000000 3.326351
1378.000000 3.309374
1379.000000 3.293025
1380.000000 3.277522
1381.000000 3.263056
1382.000000 3.249795
1383.000000 3.237878
1384.000000 3.227417
1385.000000 3.218497
1386.000000 3.211173
1387.000000 3.205473
1388.000000 3.201401
1389.000000 3.198933
1390.000000 3.198024
1391.000000 3.198607
1392.000000 3.200595
1393.000000 3.203884
1394.000000 3.208356
1395.000000 3.213881
1396.000000 3.220321
1397.000000 3.227528
1398.000000 3.235354
1399.000000 3.243645
1400.000000 3.252250
1401.000000 3.261023
1402.000000 3.269819
1403.000000 3.278503
1404.000000 3.286948
1405.000000 3.295038
1406.000000 3.302666
1407.000000 3.309741
1408.000000 3.316183
1409.000000 3.321926
1410.000000 3.326919
1411.000000 3.331124
1412.000000 3.334519
1413.000000 3.337094
1414.000000 3.338852
1415.000000 3.339809
1416.000000 3.339992
1417.000000 3.339439
1418.000000 3.338196
1419.000000 3.336320
1420.000000 3.333870
1421.000000 3.330916
1422.000000 3.327529
1423.000000 3.323783
1424.000000 3.319754
1425.000000 3.315519
1426.000000 3.311154
1427.000000 3.306732
1428.000000 3.302323
1429.000000 3.297995
1430.000000 3.293810
1431.000000 3.289824
1432.000000 3.286088
1433.000000 3.282646
1434.000000 3.279535
1435.000000 3.276786
1436.000000 3.274422
1437.000000 3.272458
1438.000000 3.270905
1439.000000 3.269764
1440.000000 3.269031
1441.000000 3.268696
1442.000000 3.268744
1443.000000 3.269153
1444.000000 3.269899
1445.000000 3.270952
1446.000000 3.272281
1447.000000 3.273850
1448.000000 3.275623
1449.000000 3.277562
1450.000000 3.279629
1451.000000 3.281786
1452.000000 3.283994
1453.000000 3.286218
1454.000000 3.288422
1455.000000 3.290574
1456.000000 3.292643
1457.000000 3.294603
1458.000000 3.296428
1459.000000 3.298099
1460.000000 3.299597
1461.000000 3.300908
1462.000000 3.302023
1463.000000 3.302935
1464.000000 3.303639
1465.000000 3.304137
1466.000000 3.304431
1467.000000 3.304528
1468.000000 3.304436
1469.000000 3.304166
1470.000000 3.303733
1471.000000 3.303151
1472.000000 3.302437
1473.000000 3.301608
1474.000000 3.300684
1475.000000 3.299683
1476.000000 3.298625
1477.000000 3.297529
1478.000000 3.296414
1479.000000 3.295298
1480.000000 3.294197
1481.000000 3.293129
1482.000000 3.292107
1483.000000 3.291145
1484.000000 3.290254
1485.000000 3.289445
1486.000000 3.288724
1487.000000 3.288100
1488.000000 3.287576
1489.000000 3.287155
1490.000000 3.286839
1491.000000 3.286625
1492.000000 3.286514
1493.000000 3.286500
1494.000000 3.286578
1495.000000 3.286744
1496.000000 3.286989
1497.000000 3.287306
1498.000000 3.287687
1499.000000 3.288121
1500.000000 3.288600
1501.000000 3.289114
1502.000000 3.289653
1503.000000 3.290207
1504.000000 3.290768
1505.000000 3.291327
1506.000000 3.291874
1507.000000 3.292403
1508.000000 3.292905
1509.000000 3.293375
1510.000000 3.293808
1511.000000 3.294198
1512.000000 3.294542
1513.000000 3.294836
1514.000000 3.295080
1515.000000 3.295271
1516.000000 3.295411
1517.000000 3.295498
1518.000000 3.295535
1519.000000 3.295524
1520.000000 3.295468
1521.000000 3.295368
1522.000000 3.295231
1523.000000 3.295058
1524.000000 3.294856
1525.000000 3.294628
1526.000000 3.294379
1527.000000 3.294115
1528.000000 3.293840
1529.000000 3.293559
1530.000000 3.293276
1531.000000 3.292996
1532.000000 3.292723
1533.000000 3.292461
1534.000000 3.292213
1535.000000 3.291983
1536.000000 3.291772
1537.000000 3.291584
1538.000000 3.291419
1539.000000 3.291279
1540.000000 3.291166
1541.000000 3.291078
1542.000000 3.291017
1543.000000 3.290981
1544.000000 3.290971
1545.000000 3.290984
1546.000000 3.291020
1547.000000 3.291076
1548.000000 3.291151
1549.000000 3.291243
1550.000000 3.291349
1551.000000 3.291466
1552.000000 3.291594
1553.000000 3.291728
1554.000000 3.291867
1555.000000 3.292008
1556.000000 3.292149
1557.000000 3.292288
1558.000000 3.292422
1559.000000 3.292551
1560.000000 3.292671
1561.000000 3.292783
1562.000000 3.292884
1563.000000 3.292974
1564.000000 3.293051
1565.000000 3.293116
1566.000000 3.293167
1567.000000 3.293206
1568.000000 3.293231
1569.000000 3.293243
1570.000000 3.293243
1571.000000 3.293232
1572.000000 3.293209
1573.000000 3.293176
1574.000000 3.293135
1575.000000 3.293085
1576.000000 3.293029
1577.000000 3.292967
1578.000000 3.292901
1579.000000 3.292831
1580.000000 3.292760
1581.000000 3.292689
1582.000000 3.292617
1583.000000 3.292547
1584.000000 3.292480
1585.000000 3.292416
1586.000000 3.292356
1587.000000 3.292301
1588.000000 3.292252
1589.000000 3.292208
1590.000000 3.292171
1591.000000 3.292140
1592.000000 3.292116
1593.000000 3.292098
1594.000000 3.292087
1595.000000 3.292083
1596.000000 3.292084
1597.000000 3.292091
1598.000000 3.292104
1599.000000 3.292121
1600.000000 3.292143
