1.000000 35.620000
2.000000 35.620000
3.000000 35.620000
4.000000 35.620000
5.000000 35.620000
6.000000 35.620000
7.000000 35.620000
8.000000 35.560000
9.000000 35.620000
10.000000 35.620000
11.000000 35.620000
12.000000 35.620000
13.000000 35.620000
14.000000 35.620000
15.000000 35.620000
16.000000 35.560000
17.000000 35.620000
18.000000 35.620000
19.000000 35.620000
20.000000 35.620000
21.000000 35.620000
22.000000 35.620000
23.000000 35.620000
24.000000 35.620000
25.000000 35.620000
26.000000 35.620000
27.000000 35.620000
28.000000 35.620000
29.000000 35.620000
30.000000 35.620000
31.000000 35.620000
32.000000 35.620000
33.000000 35.620000
34.000000 35.620000
35.000000 35.620000
36.000000 35.620000
37.000000 35.620000
38.000000 35.620000
39.000000 35.620000
40.000000 35.620000
41.000000 35.620000
42.000000 35.620000
43.000000 35.620000
44.000000 35.620000
45.000000 35.620000
46.000000 35.620000
47.000000 35.620000
48.000000 35.620000
49.000000 35.620000
50.000000 35.620000
51.000000 35.620000
52.000000 35.620000
53.000000 35.620000
54.000000 35.620000
55.000000 35.620000
56.000000 35.620000
57.000000 35.680000
58.000000 35.620000
59.000000 35.620000
60.000000 35.680000
61.000000 35.680000
62.000000 35.680000
63.000000 35.680000
64.000000 35.680000
65.000000 35.680000
66.000000 35.680000
67.000000 35.680000
68.000000 35.680000
69.000000 35.680000
70.000000 35.680000
71.000000 35.680000
72.000000 35.680000
73.000000 35.680000
74.000000 35.680000
75.000000 35.680000
76.000000 35.750000
77.000000 35.750000
78.000000 35.750000
79.000000 35.750000
80.000000 35.750000
81.000000 35.750000
82.000000 35.750000
83.000000 35.750000
84.000000 35.750000
85.000000 35.810000
86.000000 35.810000
87.000000 35.810000
88.000000 35.810000
89.000000 35.810000
90.000000 35.810000
91.000000 35.810000
92.000000 35.810000
93.000000 35.810000
94.000000 35.810000
95.000000 35.810000
96.000000 35.810000
97.000000 35.810000
98.000000 35.870000
99.000000 35.870000
100.000000 35.870000
101.000000 35.870000
102.000000 35.870000
103.000000 35.870000
104.000000 35.930000
105.000000 35.930000
106.000000 35.930000
107.000000 35.930000
108.000000 35.930000
109.000000 35.930000
110.000000 36.000000
111.000000 36.000000
112.000000 36.000000
113.000000 36.000000
114.000000 36.000000
115.000000 36.000000
116.000000 36.000000
117.000000 36.000000
118.000000 36.000000
119.000000 36.000000
120.000000 36.000000
121.000000 36.000000
122.000000 36.000000
123.000000 36.000000
124.000000 36.000000
125.000000 36.000000
126.000000 36.000000
127.000000 36.000000
128.000000 36.060000
129.000000 36.000000
130.000000 36.000000
131.000000 36.060000
132.000000 36.000000
133.000000 36.060000
134.000000 36.060000
135.000000 36.000000
136.000000 36.060000
137.000000 36.060000
138.000000 36.060000
139.000000 36.060000
140.000000 36.060000
141.000000 36.060000
142.000000 36.060000
143.000000 36.060000
144.000000 36.060000
145.000000 36.060000
146.000000 36.060000
147.000000 36.060000
148.000000 36.060000
149.000000 36.120000
150.000000 36.060000
151.000000 36.120000
152.000000 36.120000
153.000000 36.120000
154.000000 36.120000
155.000000 36.120000
156.000000 36.120000
157.000000 36.120000
158.000000 36.120000
159.000000 36.120000
160.000000 36.120000
161.000000 36.120000
162.000000 36.120000
163.000000 36.120000
164.000000 36.120000
165.000000 36.120000
166.000000 36.120000
167.000000 36.120000
168.000000 36.120000
169.000000 36.120000
170.000000 36.120000
171.000000 36.120000
172.000000 36.120000
173.000000 36.120000
174.000000 36.120000
175.000000 36.120000
176.000000 36.120000
177.000000 36.120000
178.000000 36.120000
179.000000 36.120000
180.000000 36.120000
181.000000 36.120000
182.000000 36.120000
183.000000 36.120000
184.000000 36.120000
185.000000 36.180000
186.000000 36.180000
187.000000 36.180000
188.000000 36.180000
189.000000 36.180000
190.000000 36.180000
191.000000 36.180000
192.000000 36.180000
193.000000 36.180000
194.000000 36.180000
195.000000 36.250000
196.000000 36.180000
197.000000 36.250000
198.000000 36.250000
199.000000 36.250000
200.000000 36.250000
201.000000 36.250000
202.000000 36.250000
203.000000 36.250000
204.000000 36.250000
205.000000 36.250000
206.000000 36.250000
207.000000 36.250000
208.000000 36.250000
209.000000 36.250000
210.000000 36.250000
211.000000 36.250000
212.000000 36.250000
213.000000 36.250000
214.000000 36.250000
215.000000 36.250000
216.000000 36.250000
217.000000 36.250000
218.000000 36.250000
219.000000 36.250000
220.000000 36.250000
221.000000 36.250000
222.000000 36.250000
223.000000 36.250000
224.000000 36.250000
225.000000 36.250000
226.000000 36.250000
227.000000 36.250000
228.000000 36.250000
229.000000 36.250000
230.000000 36.250000
231.000000 36.250000
232.000000 36.250000
233.000000 36.250000
234.000000 36.310000
235.000000 36.310000
236.000000 36.310000
237.000000 36.310000
238.000000 36.250000
239.000000 36.250000
240.000000 36.250000
241.000000 36.250000
242.000000 36.310000
243.000000 36.250000
244.000000 36.310000
245.000000 36.250000
246.000000 36.250000
247.000000 36.310000
248.000000 36.250000
249.000000 36.250000
250.000000 36.250000
251.000000 36.250000
252.000000 36.310000
253.000000 36.310000
254.000000 36.250000
255.000000 36.310000
256.000000 36.310000
257.000000 36.250000
258.000000 36.250000
259.000000 36.250000
260.000000 36.310000
261.000000 36.250000
262.000000 36.250000
263.000000 36.250000
264.000000 36.250000
265.000000 36.250000
266.000000 36.250000
267.000000 36.250000
268.000000 36.310000
269.000000 36.250000
270.000000 36.250000
271.000000 36.250000
272.000000 36.310000
273.000000 36.310000
274.000000 36.310000
275.000000 36.310000
276.000000 36.310000
277.000000 36.310000
278.000000 36.310000
279.000000 36.370000
280.000000 36.370000
281.000000 36.370000
282.000000 36.370000
283.000000 36.370000
284.000000 36.310000
285.000000 36.370000
286.000000 36.370000
287.000000 36.370000
288.000000 36.370000
289.000000 36.370000
290.000000 36.430000
291.000000 36.430000
292.000000 36.430000
293.000000 36.430000
294.000000 36.430000
295.000000 36.430000
296.000000 36.430000
297.000000 36.430000
298.000000 36.430000
299.000000 36.430000
300.000000 36.430000
301.000000 36.430000
302.000000 36.430000
303.000000 36.430000
304.000000 36.430000
305.000000 36.430000
306.000000 36.430000
307.000000 36.430000
308.000000 36.370000
309.000000 36.370000
310.000000 36.370000
311.000000 36.430000
312.000000 36.370000
313.000000 36.370000
314.000000 36.370000
315.000000 36.370000
316.000000 36.370000
317.000000 36.370000
318.000000 36.370000
319.000000 36.370000
320.000000 36.430000
321.000000 36.370000
322.000000 36.430000
323.000000 36.430000
324.000000 36.430000
325.000000 36.430000
326.000000 36.430000
327.000000 36.430000
328.000000 36.430000
329.000000 36.430000
330.000000 36.500000
331.000000 36.500000
332.000000 36.500000
333.000000 36.430000
334.000000 36.430000
335.000000 36.430000
336.000000 36.430000
337.000000 36.430000
338.000000 36.430000
339.000000 36.430000
340.000000 36.430000
341.000000 36.430000
342.000000 36.430000
343.000000 36.430000
344.000000 36.430000
345.000000 36.430000
346.000000 36.370000
347.000000 36.370000
348.000000 36.370000
349.000000 36.370000
350.000000 36.370000
351.000000 36.370000
352.000000 36.370000
353.000000 36.370000
354.000000 36.370000
355.000000 36.370000
356.000000 36.370000
357.000000 36.370000
358.000000 36.430000
359.000000 36.430000
360.000000 36.430000
361.000000 36.430000
362.000000 36.430000
363.000000 36.430000
364.000000 36.430000
365.000000 36.430000
366.000000 36.430000
367.000000 36.430000
368.000000 36.430000
369.000000 36.500000
370.000000 36.500000
371.000000 36.500000
372.000000 36.500000
373.000000 36.500000
374.000000 36.500000
375.000000 36.430000
376.000000 36.500000
377.000000 36.500000
378.000000 36.500000
379.000000 36.500000
380.000000 36.500000
381.000000 36.500000
382.000000 36.430000
383.000000 36.430000
384.000000 36.430000
385.000000 36.430000
386.000000 36.430000
387.000000 36.430000
388.000000 36.430000
389.000000 36.430000
390.000000 36.430000
391.000000 36.430000
392.000000 36.430000
393.000000 36.430000
394.000000 36.430000
395.000000 36.430000
396.000000 36.430000
397.000000 36.430000
398.000000 36.430000
399.000000 36.430000
400.000000 36.430000
