1.000000 34.930000
2.000000 34.930000
3.000000 34.930000
4.000000 34.930000
5.000000 34.930000
6.000000 34.930000
7.000000 34.930000
8.000000 34.930000
9.000000 34.930000
10.000000 34.930000
11.000000 34.930000
12.000000 34.870000
13.000000 34.930000
14.000000 34.870000
15.000000 34.870000
16.000000 34.870000
17.000000 34.870000
18.000000 34.870000
19.000000 34.870000
20.000000 34.870000
21.000000 34.870000
22.000000 34.870000
23.000000 34.870000
24.000000 34.870000
25.000000 34.870000
26.000000 34.930000
27.000000 34.930000
28.000000 34.930000
29.000000 34.930000
30.000000 34.930000
31.000000 34.930000
32.000000 34.930000
33.000000 35.000000
34.000000 34.930000
35.000000 35.000000
36.000000 35.000000
37.000000 35.000000
38.000000 35.000000
39.000000 35.000000
40.000000 35.000000
41.000000 35.060000
42.000000 35.000000
43.000000 35.060000
44.000000 35.060000
45.000000 35.060000
46.000000 35.060000
47.000000 35.060000
48.000000 35.060000
49.000000 35.060000
50.000000 35.060000
51.000000 35.120000
52.000000 35.120000
53.000000 35.120000
54.000000 35.120000
55.000000 35.120000
56.000000 35.120000
57.000000 35.120000
58.000000 35.120000
59.000000 35.060000
60.000000 35.060000
61.000000 35.060000
62.000000 35.060000
63.000000 35.120000
64.000000 35.120000
65.000000 35.120000
66.000000 35.120000
67.000000 35.120000
68.000000 35.120000
69.000000 35.180000
70.000000 35.180000
71.000000 35.180000
72.000000 35.180000
73.000000 35.250000
74.000000 35.250000
75.000000 35.250000
76.000000 35.250000
77.000000 35.310000
78.000000 35.310000
79.000000 35.310000
80.000000 35.370000
81.000000 35.370000
82.000000 35.370000
83.000000 35.370000
84.000000 35.430000
85.000000 35.430000
86.000000 35.430000
87.000000 35.430000
88.000000 35.430000
89.000000 35.430000
90.000000 35.430000
91.000000 35.500000
92.000000 35.500000
93.000000 35.500000
94.000000 35.500000
95.000000 35.500000
96.000000 35.560000
97.000000 35.560000
98.000000 35.560000
99.000000 35.560000
100.000000 35.620000
101.000000 35.620000
102.000000 35.620000
103.000000 35.620000
104.000000 35.620000
105.000000 35.680000
106.000000 35.680000
107.000000 35.680000
108.000000 35.680000
109.000000 35.620000
110.000000 35.680000
111.000000 35.620000
112.000000 35.620000
113.000000 35.620000
114.000000 35.620000
115.000000 35.620000
116.000000 35.620000
117.000000 35.620000
118.000000 35.620000
119.000000 35.680000
120.000000 35.620000
121.000000 35.620000
122.000000 35.680000
123.000000 35.680000
124.000000 35.680000
125.000000 35.680000
126.000000 35.750000
127.000000 35.750000
128.000000 35.750000
129.000000 35.750000
130.000000 35.750000
131.000000 35.810000
132.000000 35.810000
133.000000 35.810000
134.000000 35.810000
135.000000 35.870000
136.000000 35.870000
137.000000 35.870000
138.000000 35.870000
139.000000 35.870000
140.000000 35.870000
141.000000 35.870000
142.000000 35.930000
143.000000 35.930000
144.000000 35.870000
145.000000 35.930000
146.000000 35.930000
147.000000 35.870000
148.000000 35.930000
149.000000 35.930000
150.000000 35.930000
151.000000 35.930000
152.000000 35.930000
153.000000 35.930000
154.000000 36.000000
155.000000 36.000000
156.000000 36.000000
157.000000 36.000000
158.000000 36.000000
159.000000 36.000000
160.000000 36.000000
161.000000 36.000000
162.000000 36.000000
163.000000 36.000000
164.000000 35.930000
165.000000 36.000000
166.000000 36.000000
167.000000 36.000000
168.000000 36.000000
169.000000 36.060000
170.000000 36.060000
171.000000 36.060000
172.000000 36.060000
173.000000 36.060000
174.000000 36.060000
175.000000 36.000000
176.000000 36.000000
177.000000 36.000000
178.000000 36.000000
179.000000 36.000000
180.000000 36.060000
181.000000 36.000000
182.000000 36.060000
183.000000 36.060000
184.000000 36.060000
185.000000 36.060000
186.000000 36.060000
187.000000 36.060000
188.000000 36.060000
189.000000 36.060000
190.000000 36.060000
191.000000 36.060000
192.000000 36.060000
193.000000 36.060000
194.000000 36.060000
195.000000 36.060000
196.000000 36.060000
197.000000 36.120000
198.000000 36.120000
199.000000 36.120000
200.000000 36.120000
201.000000 36.120000
202.000000 36.120000
203.000000 36.120000
204.000000 36.120000
205.000000 36.120000
206.000000 36.180000
207.000000 36.180000
208.000000 36.180000
209.000000 36.180000
210.000000 36.120000
211.000000 36.180000
212.000000 36.120000
213.000000 36.120000
214.000000 36.180000
215.000000 36.180000
216.000000 36.120000
217.000000 36.180000
218.000000 36.180000
219.000000 36.120000
220.000000 36.180000
221.000000 36.180000
222.000000 36.180000
223.000000 36.180000
224.000000 36.250000
225.000000 36.180000
226.000000 36.250000
227.000000 36.250000
228.000000 36.250000
229.000000 36.250000
230.000000 36.250000
231.000000 36.310000
232.000000 36.250000
233.000000 36.310000
234.000000 36.310000
235.000000 36.310000
236.000000 36.370000
237.000000 36.370000
238.000000 36.370000
239.000000 36.370000
240.000000 36.430000
241.000000 36.430000
242.000000 36.430000
243.000000 36.370000
244.000000 36.430000
245.000000 36.370000
246.000000 36.370000
247.000000 36.430000
248.000000 36.430000
249.000000 36.430000
250.000000 36.430000
251.000000 36.430000
252.000000 36.430000
253.000000 36.430000
254.000000 36.430000
255.000000 36.430000
256.000000 36.370000
257.000000 36.430000
258.000000 36.430000
259.000000 36.370000
260.000000 36.430000
261.000000 36.430000
262.000000 36.370000
263.000000 36.430000
264.000000 36.430000
265.000000 36.430000
266.000000 36.430000
267.000000 36.430000
268.000000 36.430000
269.000000 36.430000
270.000000 36.430000
271.000000 36.430000
272.000000 36.430000
273.000000 36.370000
274.000000 36.430000
275.000000 36.370000
276.000000 36.370000
277.000000 36.370000
278.000000 36.370000
279.000000 36.370000
280.000000 36.370000
281.000000 36.370000
282.000000 36.310000
283.000000 36.370000
284.000000 36.370000
285.000000 36.370000
286.000000 36.370000
287.000000 36.370000
288.000000 36.370000
289.000000 36.370000
290.000000 36.370000
291.000000 36.370000
292.000000 36.370000
293.000000 36.370000
294.000000 36.370000
295.000000 36.370000
296.000000 36.430000
297.000000 36.370000
298.000000 36.430000
299.000000 36.370000
300.000000 36.430000
301.000000 36.370000
302.000000 36.430000
303.000000 36.430000
304.000000 36.430000
305.000000 36.500000
306.000000 36.500000
307.000000 36.500000
308.000000 36.430000
309.000000 36.500000
310.000000 36.500000
311.000000 36.430000
312.000000 36.500000
313.000000 36.500000
314.000000 36.500000
315.000000 36.500000
316.000000 36.500000
317.000000 36.500000
318.000000 36.500000
319.000000 36.560000
320.000000 36.500000
321.000000 36.560000
322.000000 36.560000
323.000000 36.560000
324.000000 36.560000
325.000000 36.560000
326.000000 36.560000
327.000000 36.560000
328.000000 36.560000
329.000000 36.560000
330.000000 36.560000
331.000000 36.560000
332.000000 36.560000
333.000000 36.560000
334.000000 36.560000
335.000000 36.560000
336.000000 36.560000
337.000000 36.560000
338.000000 36.560000
339.000000 36.500000
340.000000 36.560000
341.000000 36.560000
342.000000 36.500000
343.000000 36.500000
344.000000 36.500000
345.000000 36.500000
346.000000 36.500000
347.000000 36.500000
348.000000 36.500000
349.000000 36.500000
350.000000 36.500000
351.000000 36.500000
352.000000 36.500000
353.000000 36.500000
354.000000 36.560000
355.000000 36.560000
356.000000 36.560000
357.000000 36.560000
358.000000 36.560000
359.000000 36.560000
360.000000 36.620000
361.000000 36.620000
362.000000 36.620000
363.000000 36.620000
364.000000 36.620000
365.000000 36.620000
366.000000 36.620000
367.000000 36.620000
368.000000 36.620000
369.000000 36.620000
370.000000 36.620000
371.000000 36.620000
372.000000 36.620000
373.000000 36.620000
374.000000 36.620000
375.000000 36.620000
376.000000 36.560000
377.000000 36.620000
378.000000 36.560000
379.000000 36.560000
380.000000 36.560000
381.000000 36.560000
382.000000 36.500000
383.000000 36.500000
384.000000 36.500000
385.000000 36.500000
386.000000 36.500000
387.000000 36.560000
388.000000 36.560000
389.000000 36.560000
390.000000 36.560000
391.000000 36.560000
392.000000 36.560000
393.000000 36.560000
394.000000 36.560000
395.000000 36.620000
396.000000 36.620000
397.000000 36.620000
398.000000 36.620000
399.000000 36.620000
400.000000 36.620000
