1.000000 0.000000
2.000000 0.000000
3.000000 0.000000
4.000000 0.000000
5.000000 0.000000
6.000000 0.000000
7.000000 0.000000
8.000000 0.000000
9.000000 0.000000
10.000000 0.000000
11.000000 0.000000
12.000000 0.000000
13.000000 0.000000
14.000000 0.000000
15.000000 0.000000
16.000000 0.000000
17.000000 0.000000
18.000000 0.000000
19.000000 0.000000
20.000000 0.000000
21.000000 0.000000
22.000000 0.000000
23.000000 0.000000
24.000000 0.000000
25.000000 0.000000
26.000000 0.011339
27.000000 0.036540
28.000000 0.067103
29.000000 0.102770
30.000000 0.143292
31.000000 0.188432
32.000000 0.237962
33.000000 0.291663
34.000000 0.349326
35.000000 0.410749
36.000000 0.475741
37.000000 0.543555
38.000000 0.612646
39.000000 0.681693
40.000000 0.749896
41.000000 0.816539
42.000000 0.880962
43.000000 0.942546
44.000000 1.000707
45.000000 1.054893
46.000000 1.104579
47.000000 1.149270
48.000000 1.188527
49.000000 1.222054
50.000000 1.249744
51.000000 1.271619
52.000000 1.287775
53.000000 1.298372
54.000000 1.303627
55.000000 1.303820
56.000000 1.299287
57.000000 1.290418
58.000000 1.277659
59.000000 1.261504
60.000000 1.242482
61.000000 1.221133
62.000000 1.197989
63.000000 1.173567
64.000000 1.148370
65.000000 1.122882
66.000000 1.097562
67.000000 1.072841
68.000000 1.049115
69.000000 1.026737
70.000000 1.006015
71.000000 0.987209
72.000000 0.970525
73.000000 0.956126
74.000000 0.944124
75.000000 0.934593
76.000000 0.927561
77.000000 0.923015
78.000000 0.920903
79.000000 0.921135
80.000000 0.923590
81.000000 0.928118
82.000000 0.934546
83.000000 0.942680
84.000000 0.952313
85.000000 0.963225
86.000000 0.975187
87.000000 0.987969
88.000000 1.001335
89.000000 1.015057
90.000000 1.028910
91.000000 1.042682
92.000000 1.056169
93.000000 1.069186
94.000000 1.081562
95.000000 1.093143
96.000000 1.103797
97.000000 1.113410
98.000000 1.121889
99.000000 1.129165
100.000000 1.135187
101.000000 1.139928
102.000000 1.143379
103.000000 1.145553
104.000000 1.146478
105.000000 1.146202
106.000000 1.144788
107.000000 1.142310
108.000000 1.138857
109.000000 1.134528
110.000000 1.129428
111.000000 1.123671
112.000000 1.117371
113.000000 1.110649
114.000000 1.103623
115.000000 1.096410
116.000000 1.089125
117.000000 1.081875
118.000000 1.074766
119.000000 1.067891
120.000000 1.061339
121.000000 1.055186
122.000000 1.049500
123.000000 1.044338
124.000000 1.039745
125.000000 1.035755
126.000000 1.032393
127.000000 1.029670
128.000000 1.027588
129.000000 1.026140
130.000000 1.025309
131.000000 1.025068
132.000000 1.025384
133.000000 1.026216
134.000000 1.027517
135.000000 1.029238
136.000000 1.031322
137.000000 1.033712
138.000000 1.036349
139.000000 1.039173
140.000000 1.042123
141.000000 1.045142
142.000000 1.048173
143.000000 1.051161
144.000000 1.054057
145.000000 1.056814
146.000000 1.059392
147.000000 1.061752
148.000000 1.063864
149.000000 1.065702
150.000000 1.067246
151.000000 1.068480
152.000000 1.069396
153.000000 1.069990
154.000000 1.070263
155.000000 1.070221
156.000000 1.069876
157.000000 1.069242
158.000000 1.068338
159.000000 1.067185
160.000000 1.065808
161.000000 1.064234
162.000000 1.062491
163.000000 1.060609
164.000000 1.058617
165.000000 1.056545
166.000000 1.054425
167.000000 1.052284
168.000000 1.050151
169.000000 1.048051
170.000000 1.046011
171.000000 1.044051
172.000000 1.042192
173.000000 1.040451
174.000000 1.038844
175.000000 1.037382
176.000000 1.036074
177.000000 1.034928
178.000000 1.033945
179.000000 1.033128
180.000000 1.032475
181.000000 1.031981
182.000000 1.031642
183.000000 1.031448
184.000000 1.031389
185.000000 1.031456
186.000000 1.031633
187.000000 1.031909
188.000000 1.032268
189.000000 1.032696
190.000000 1.033177
191.000000 1.033697
192.000000 1.034240
193.000000 1.034792
194.000000 1.035339
195.000000 1.035869
196.000000 1.036369
197.000000 1.036828
198.000000 1.037238
199.000000 1.037589
200.000000 1.037874
201.000000 1.038089
202.000000 1.038229
203.000000 1.038291
204.000000 1.038273
205.000000 1.038177
206.000000 1.038003
207.000000 1.037753
208.000000 1.037431
209.000000 1.037041
210.000000 1.036589
211.000000 1.036080
212.000000 1.035521
213.000000 1.034920
214.000000 1.034282
215.000000 1.033617
216.000000 1.032931
217.000000 1.032233
218.000000 1.031528
219.000000 1.030826
220.000000 1.030131
221.000000 1.029452
222.000000 1.028793
223.000000 1.028159
224.000000 1.027556
225.000000 1.026987
226.000000 1.026455
227.000000 1.025964
228.000000 1.025513
229.000000 1.025106
230.000000 1.024742
231.000000 1.024421
232.000000 1.024141
233.000000 1.023903
234.000000 1.023703
235.000000 1.023540
236.000000 1.023410
237.000000 1.023310
238.000000 1.023237
239.000000 1.023188
240.000000 1.023159
241.000000 1.023145
242.000000 1.023143
243.000000 1.023149
244.000000 1.023159
245.000000 1.023171
246.000000 1.023180
247.000000 1.023183
248.000000 1.023178
249.000000 1.023162
250.000000 1.023133
251.000000 1.023089
252.000000 1.023029
253.000000 1.022951
254.000000 1.022854
255.000000 1.022739
256.000000 1.022605
257.000000 1.022452
258.000000 1.022280
259.000000 1.022091
260.000000 1.021886
261.000000 1.021666
262.000000 1.021432
263.000000 1.021185
264.000000 1.020929
265.000000 1.020664
266.000000 1.020392
267.000000 1.020116
268.000000 1.019836
269.000000 1.019556
270.000000 1.019277
271.000000 1.019000
272.000000 1.018727
273.000000 1.018460
274.000000 1.018200
275.000000 1.017948
276.000000 1.017706
277.000000 1.017473
278.000000 1.017252
279.000000 1.017041
280.000000 1.016842
281.000000 1.016655
282.000000 1.016480
283.000000 1.016316
284.000000 1.016163
285.000000 1.016021
286.000000 1.015889
287.000000 1.015767
288.000000 1.015653
289.000000 1.015547
290.000000 1.015448
291.000000 1.015355
292.000000 1.015267
293.000000 1.015183
294.000000 1.015102
295.000000 1.015023
296.000000 1.014945
297.000000 1.014868
298.000000 1.014790
299.000000 1.014711
300.000000 1.014630
301.000000 1.014546
302.000000 1.014459
303.000000 1.014370
304.000000 1.014276
305.000000 1.014178
306.000000 1.014077
307.000000 1.013971
308.000000 1.013861
309.000000 1.013747
310.000000 1.013629
311.000000 1.013508
312.000000 1.013383
313.000000 1.013255
314.000000 1.013125
315.000000 1.012993
316.000000 1.012859
317.000000 1.012724
318.000000 1.012588
319.000000 1.012451
320.000000 1.012315
321.000000 1.012180
322.000000 1.012046
323.000000 1.011913
324.000000 1.011782
325.000000 1.011654
326.000000 1.011528
327.000000 1.011405
328.000000 1.011284
329.000000 1.011167
330.000000 1.011054
331.000000 1.010944
332.000000 1.010837
333.000000 1.010734
334.000000 1.010634
335.000000 1.010537
336.000000 1.010444
337.000000 1.010354
338.000000 1.010267
339.000000 1.010182
340.000000 1.010101
341.000000 1.010021
342.000000 1.009943
343.000000 1.009867
344.000000 1.009793
345.000000 1.009720
346.000000 1.009648
347.000000 1.009577
348.000000 1.009507
349.000000 1.009437
350.000000 1.009367
351.000000 1.009297
352.000000 1.009227
353.000000 1.009156
354.000000 1.009086
355.000000 1.009014
356.000000 1.008943
357.000000 1.008870
358.000000 1.008797
359.000000 1.008723
360.000000 1.008649
361.000000 1.008574
362.000000 1.008499
363.000000 1.008423
364.000000 1.008347
365.000000 1.008270
366.000000 1.008193
367.000000 1.008116
368.000000 1.008040
369.000000 1.007963
370.000000 1.007887
371.000000 1.007811
372.000000 1.007735
373.000000 1.007661
374.000000 1.007586
375.000000 1.007513
376.000000 1.007441
377.000000 1.007369
378.000000 1.007299
379.000000 1.007230
380.000000 1.007161
381.000000 1.007094
382.000000 1.007029
383.000000 1.006964
384.000000 1.006901
385.000000 1.006838
386.000000 1.006777
387.000000 1.006718
388.000000 1.006659
389.000000 1.006601
390.000000 1.006545
391.000000 1.006489
392.000000 1.006434
393.000000 1.006380
394.000000 1.006327
395.000000 1.006274
396.000000 1.006223
397.000000 1.006171
398.000000 1.006121
399.000000 1.006070
400.000000 1.006020
401.000000 1.005971
402.000000 1.005922
403.000000 1.005873
404.000000 1.005824
405.000000 1.005775
406.000000 1.005727
407.000000 1.005678
408.000000 1.005630
409.000000 1.005582
410.000000 1.005534
411.000000 1.005486
412.000000 0.982779
413.000000 0.938611
414.000000 0.895737
415.000000 0.854096
416.000000 0.813628
417.000000 0.774276
418.000000 0.735985
419.000000 0.698703
420.000000 0.662379
421.000000 0.626964
422.000000 0.592413
423.000000 0.559741
424.000000 0.530944
425.000000 0.506826
426.000000 0.487098
427.000000 0.471518
428.000000 0.459871
429.000000 0.451960
430.000000 0.447602
431.000000 0.446623
432.000000 0.448858
433.000000 0.454152
434.000000 0.462307
435.000000 0.472989
436.000000 0.485749
437.000000 0.500142
438.000000 0.515767
439.000000 0.532248
440.000000 0.549236
441.000000 0.566399
442.000000 0.583424
443.000000 0.600020
444.000000 0.615913
445.000000 0.630850
446.000000 0.644604
447.000000 0.656990
448.000000 0.667860
449.000000 0.677101
450.000000 0.684630
451.000000 0.690396
452.000000 0.694378
453.000000 0.696580
454.000000 0.697037
455.000000 0.695806
456.000000 0.692965
457.000000 0.688616
458.000000 0.682875
459.000000 0.675871
460.000000 0.667748
461.000000 0.658657
462.000000 0.648757
463.000000 0.638211
464.000000 0.627185
465.000000 0.615841
466.000000 0.604342
467.000000 0.592841
468.000000 0.581485
469.000000 0.570415
470.000000 0.559757
471.000000 0.549631
472.000000 0.540138
473.000000 0.531371
474.000000 0.523405
475.000000 0.516299
476.000000 0.510099
477.000000 0.504834
478.000000 0.500521
479.000000 0.497159
480.000000 0.494736
481.000000 0.493226
482.000000 0.492590
483.000000 0.492780
484.000000 0.493737
485.000000 0.495394
486.000000 0.497677
487.000000 0.500506
488.000000 0.503798
489.000000 0.507468
490.000000 0.511428
491.000000 0.515592
492.000000 0.519874
493.000000 0.524192
494.000000 0.528468
495.000000 0.532627
496.000000 0.536603
497.000000 0.540335
498.000000 0.543768
499.000000 0.546857
500.000000 0.549562
501.000000 0.551855
502.000000 0.553712
503.000000 0.555121
504.000000 0.556075
505.000000 0.556576
506.000000 0.556632
507.000000 0.556260
508.000000 0.555480
509.000000 0.554319
510.000000 0.552808
511.000000 0.550983
512.000000 0.548883
513.000000 0.546548
514.000000 0.544020
515.000000 0.541343
516.000000 0.538560
517.000000 0.535715
518.000000 0.532850
519.000000 0.530003
520.000000 0.527214
521.000000 0.524516
522.000000 0.521942
523.000000 0.519520
524.000000 0.517276
525.000000 0.515228
526.000000 0.513395
527.000000 0.511789
528.000000 0.510418
529.000000 0.509287
530.000000 0.508396
531.000000 0.507744
532.000000 0.507323
533.000000 0.507124
534.000000 0.507136
535.000000 0.507342
536.000000 0.507727
537.000000 0.508271
538.000000 0.508955
539.000000 0.509757
540.000000 0.510656
541.000000 0.511630
542.000000 0.512657
543.000000 0.513715
544.000000 0.514783
545.000000 0.515843
546.000000 0.516874
547.000000 0.517860
548.000000 0.518786
549.000000 0.519637
550.000000 0.520402
551.000000 0.521070
552.000000 0.521635
553.000000 0.522090
554.000000 0.522431
555.000000 0.522657
556.000000 0.522768
557.000000 0.522765
558.000000 0.522652
559.000000 0.522435
560.000000 0.522119
561.000000 0.521712
562.000000 0.521224
563.000000 0.520663
564.000000 0.520039
565.000000 0.519364
566.000000 0.518647
567.000000 0.517901
568.000000 0.517135
569.000000 0.516361
570.000000 0.515589
571.000000 0.514828
572.000000 0.514088
573.000000 0.513376
574.000000 0.512701
575.000000 0.512068
576.000000 0.511483
577.000000 0.510951
578.000000 0.510475
579.000000 0.510058
580.000000 0.509702
581.000000 0.509406
582.000000 0.509170
583.000000 0.508993
584.000000 0.508873
585.000000 0.508807
586.000000 0.508792
587.000000 0.508823
588.000000 0.508896
589.000000 0.509005
590.000000 0.509147
591.000000 0.509314
592.000000 0.509502
593.000000 0.509705
594.000000 0.509918
595.000000 0.510135
596.000000 0.510352
597.000000 0.510562
598.000000 0.510763
599.000000 0.510950
600.000000 0.511119
601.000000 0.511267
602.000000 0.511392
603.000000 0.511491
604.000000 0.511563
605.000000 0.511607
606.000000 0.511622
607.000000 0.511609
608.000000 0.511566
609.000000 0.511496
610.000000 0.511400
611.000000 0.511278
612.000000 0.511133
613.000000 0.510967
614.000000 0.510783
615.000000 0.510582
616.000000 0.510368
617.000000 0.510143
618.000000 0.509910
619.000000 0.509672
620.000000 0.509431
621.000000 0.509191
622.000000 0.508953
623.000000 0.508720
624.000000 0.508494
625.000000 0.508277
626.000000 0.508070
627.000000 0.507876
628.000000 0.507695
629.000000 0.507529
630.000000 0.507377
631.000000 0.507241
632.000000 0.507121
633.000000 0.507016
634.000000 0.506926
635.000000 0.506852
636.000000 0.506791
637.000000 0.506744
638.000000 0.506710
639.000000 0.506686
640.000000 0.506672
641.000000 0.506667
642.000000 0.506670
643.000000 0.506678
644.000000 0.506691
645.000000 0.506707
646.000000 0.506724
647.000000 0.506742
648.000000 0.506760
649.000000 0.506775
650.000000 0.506787
651.000000 0.506796
652.000000 0.506799
653.000000 0.506798
654.000000 0.506790
655.000000 0.506776
656.000000 0.506755
657.000000 0.506727
658.000000 0.506692
659.000000 0.506650
660.000000 0.506601
661.000000 0.506546
662.000000 0.506484
663.000000 0.506417
664.000000 0.506345
665.000000 0.506268
666.000000 0.506187
667.000000 0.506103
668.000000 0.506016
669.000000 0.505927
670.000000 0.505837
671.000000 0.505746
672.000000 0.505656
673.000000 0.505566
674.000000 0.505478
675.000000 0.505391
676.000000 0.505307
677.000000 0.505226
678.000000 0.505148
679.000000 0.505073
680.000000 0.505003
681.000000 0.504936
682.000000 0.504873
683.000000 0.504815
684.000000 0.504761
685.000000 0.504711
686.000000 0.504665
687.000000 0.504622
688.000000 0.504584
689.000000 0.504549
690.000000 0.504517
691.000000 0.504488
692.000000 0.504461
693.000000 0.504436
694.000000 0.504414
695.000000 0.504392
696.000000 0.504372
697.000000 0.504353
698.000000 0.504334
699.000000 0.504315
700.000000 0.504296
701.000000 0.504276
702.000000 0.504256
703.000000 0.504234
704.000000 0.504212
705.000000 0.504188
706.000000 0.504163
707.000000 0.504137
708.000000 0.504108
709.000000 0.504079
710.000000 0.504047
711.000000 0.504014
712.000000 0.503980
713.000000 0.503944
714.000000 0.503907
715.000000 0.503869
716.000000 0.503830
717.000000 0.503790
718.000000 0.503749
719.000000 0.503708
720.000000 0.503666
721.000000 0.503624
722.000000 0.503582
723.000000 0.503540
724.000000 0.503499
725.000000 0.503458
726.000000 0.503418
727.000000 0.503378
728.000000 0.503339
729.000000 0.503301
730.000000 0.503265
731.000000 0.503229
732.000000 0.503194
733.000000 0.503161
734.000000 0.503129
735.000000 0.503098
736.000000 0.503068
737.000000 0.503040
738.000000 0.503012
739.000000 0.502986
740.000000 0.502961
741.000000 0.502936
742.000000 0.502913
743.000000 0.502890
744.000000 0.502868
745.000000 0.502847
746.000000 0.502826
747.000000 0.502805
748.000000 0.502785
749.000000 0.502766
750.000000 0.502746
751.000000 0.502726
752.000000 0.502707
753.000000 0.502687
754.000000 0.502668
755.000000 0.502648
756.000000 0.502628
757.000000 0.502608
758.000000 0.502587
759.000000 0.502567
760.000000 0.502546
761.000000 0.502525
762.000000 0.502503
763.000000 0.502481
764.000000 0.502459
765.000000 0.502437
766.000000 0.502415
767.000000 0.502392
768.000000 0.502369
769.000000 0.502346
770.000000 0.502324
771.000000 0.502301
772.000000 0.502278
773.000000 0.502255
774.000000 0.502233
775.000000 0.502211
776.000000 0.502188
777.000000 0.502167
778.000000 0.502145
779.000000 0.502124
780.000000 0.502103
781.000000 0.502082
782.000000 0.502062
783.000000 0.502042
784.000000 0.502022
785.000000 0.502003
786.000000 0.501985
787.000000 0.501967
788.000000 0.501949
789.000000 0.501931
790.000000 0.501914
791.000000 0.501897
792.000000 0.501881
793.000000 0.501865
794.000000 0.501849
795.000000 0.501834
796.000000 0.501818
797.000000 0.501803
798.000000 0.501788
799.000000 0.501774
800.000000 0.501759
801.000000 0.501745
802.000000 0.501731
803.000000 0.501716
804.000000 0.501702
805.000000 0.501688
806.000000 0.501674
807.000000 0.501660
808.000000 0.501647
809.000000 0.501633
810.000000 0.501619
811.000000 0.501605
812.000000 0.509264
813.000000 0.524791
814.000000 0.541091
815.000000 0.558125
816.000000 0.575856
817.000000 0.594247
818.000000 0.613264
819.000000 0.632873
820.000000 0.653044
821.000000 0.673745
822.000000 0.694947
823.000000 0.716661
824.000000 0.738793
825.000000 0.761000
826.000000 0.782944
827.000000 0.804437
828.000000 0.825360
829.000000 0.845630
830.000000 0.865179
831.000000 0.883950
832.000000 0.901890
833.000000 0.918952
834.000000 0.935035
835.000000 0.949928
836.000000 0.963410
837.000000 0.975385
838.000000 0.985849
839.000000 0.994820
840.000000 1.002319
841.000000 1.008368
842.000000 1.012988
843.000000 1.016203
844.000000 1.018036
845.000000 1.018525
846.000000 1.017747
847.000000 1.015834
848.000000 1.012945
849.000000 1.009234
850.000000 1.004842
851.000000 0.999904
852.000000 0.994552
853.000000 0.988921
854.000000 0.983148
855.000000 0.977371
856.000000 0.971728
857.000000 0.966353
858.000000 0.961360
859.000000 0.956843
860.000000 0.952874
861.000000 0.949512
862.000000 0.946804
863.000000 0.944786
864.000000 0.943483
865.000000 0.942904
866.000000 0.943045
867.000000 0.943886
868.000000 0.945393
869.000000 0.947520
870.000000 0.950213
871.000000 0.953415
872.000000 0.957061
873.000000 0.961085
874.000000 0.965416
875.000000 0.969983
876.000000 0.974710
877.000000 0.979525
878.000000 0.984356
879.000000 0.989137
880.000000 0.993805
881.000000 0.998304
882.000000 1.002582
883.000000 1.006594
884.000000 1.010301
885.000000 1.013668
886.000000 1.016670
887.000000 1.019287
888.000000 1.021506
889.000000 1.023321
890.000000 1.024733
891.000000 1.025748
892.000000 1.026377
893.000000 1.026636
894.000000 1.026544
895.000000 1.026128
896.000000 1.025413
897.000000 1.024430
898.000000 1.023213
899.000000 1.021795
900.000000 1.020211
901.000000 1.018497
902.000000 1.016688
903.000000 1.014818
904.000000 1.012921
905.000000 1.011029
906.000000 1.009172
907.000000 1.007377
908.000000 1.005672
909.000000 1.004077
910.000000 1.002613
911.000000 1.001295
912.000000 1.000139
913.000000 0.999153
914.000000 0.998344
915.000000 0.997717
916.000000 0.997273
917.000000 0.997009
918.000000 0.996920
919.000000 0.997000
920.000000 0.997238
921.000000 0.997625
922.000000 0.998145
923.000000 0.998785
924.000000 0.999528
925.000000 1.000359
926.000000 1.001260
927.000000 1.002213
928.000000 1.003202
929.000000 1.004209
930.000000 1.005217
931.000000 1.006212
932.000000 1.007178
933.000000 1.008102
934.000000 1.008971
935.000000 1.009774
936.000000 1.010503
937.000000 1.011150
938.000000 1.011708
939.000000 1.012173
940.000000 1.012543
941.000000 1.012815
942.000000 1.012992
943.000000 1.013073
944.000000 1.013063
945.000000 1.012966
946.000000 1.012786
947.000000 1.012532
948.000000 1.012209
949.000000 1.011827
950.000000 1.011392
951.000000 1.010914
952.000000 1.010402
953.000000 1.009865
954.000000 1.009312
955.000000 1.008751
956.000000 1.008191
957.000000 1.007639
958.000000 1.007103
959.000000 1.006590
960.000000 1.006105
961.000000 1.005654
962.000000 1.005242
963.000000 1.004871
964.000000 1.004545
965.000000 1.004265
966.000000 1.004033
967.000000 1.003849
968.000000 1.003712
969.000000 1.003622
970.000000 1.003577
971.000000 1.003574
972.000000 1.003611
973.000000 1.003683
974.000000 1.003788
975.000000 1.003922
976.000000 1.004079
977.000000 1.004256
978.000000 1.004449
979.000000 1.004652
980.000000 1.004862
981.000000 1.005074
982.000000 1.005284
983.000000 1.005489
984.000000 1.005684
985.000000 1.005867
986.000000 1.006034
987.000000 1.006184
988.000000 1.006315
989.000000 1.006423
990.000000 1.006510
991.000000 1.006573
992.000000 1.006612
993.000000 1.006627
994.000000 1.006619
995.000000 1.006588
996.000000 1.006535
997.000000 1.006461
998.000000 1.006369
999.000000 1.006260
1000.000000 1.006135
1001.000000 1.005998
1002.000000 1.005849
1003.000000 1.005691
1004.000000 1.005527
1005.000000 1.005359
1006.000000 1.005189
1007.000000 1.005018
1008.000000 1.004850
1009.000000 1.004686
1010.000000 1.004527
1011.000000 1.004375
1012.000000 1.004232
1013.000000 1.004099
1014.000000 1.003976
1015.000000 1.003864
1016.000000 1.003765
1017.000000 1.003678
1018.000000 1.003603
1019.000000 1.003540
1020.000000 1.003490
1021.000000 1.003451
1022.000000 1.003424
1023.000000 1.003407
1024.000000 1.003399
1025.000000 1.003401
1026.000000 1.003410
1027.000000 1.003425
1028.000000 1.003447
1029.000000 1.003472
1030.000000 1.003501
1031.000000 1.003532
1032.000000 1.003564
1033.000000 1.003596
1034.000000 1.003628
1035.000000 1.003657
1036.000000 1.003684
1037.000000 1.003707
1038.000000 1.003726
1039.000000 1.003740
1040.000000 1.003750
1041.000000 1.003754
1042.000000 1.003752
1043.000000 1.003745
1044.000000 1.003731
1045.000000 1.003712
1046.000000 1.003687
1047.000000 1.003657
1048.000000 1.003622
1049.000000 1.003582
1050.000000 1.003538
1051.000000 1.003490
1052.000000 1.003438
1053.000000 1.003384
1054.000000 1.003328
1055.000000 1.003270
1056.000000 1.003211
1057.000000 1.003151
1058.000000 1.003092
1059.000000 1.003033
1060.000000 1.002975
1061.000000 1.002918
1062.000000 1.002864
1063.000000 1.002811
1064.000000 1.002761
1065.000000 1.002714
1066.000000 1.002670
1067.000000 1.002629
1068.000000 1.002591
1069.000000 1.002557
1070.000000 1.002525
1071.000000 1.002497
1072.000000 1.002473
1073.000000 1.002451
1074.000000 1.002431
1075.000000 1.002415
1076.000000 1.002401
1077.000000 1.002389
1078.000000 1.002379
1079.000000 1.002370
1080.000000 1.002363
1081.000000 1.002357
1082.000000 1.002352
1083.000000 1.002347
1084.000000 1.002342
1085.000000 1.002337
1086.000000 1.002332
1087.000000 1.002327
1088.000000 1.002320
1089.000000 1.002313
1090.000000 1.002305
1091.000000 1.002296
1092.000000 1.002285
1093.000000 1.002273
1094.000000 1.002260
1095.000000 1.002245
1096.000000 1.002229
1097.000000 1.002212
1098.000000 1.002193
1099.000000 1.002173
1100.000000 1.002152
1101.000000 1.002131
1102.000000 1.002108
1103.000000 1.002084
1104.000000 1.002060
1105.000000 1.002035
1106.000000 1.002010
1107.000000 1.001985
1108.000000 1.001959
1109.000000 1.001934
1110.000000 1.001909
1111.000000 1.001884
1112.000000 1.001860
1113.000000 1.001836
1114.000000 1.001813
1115.000000 1.001790
1116.000000 1.001769
1117.000000 1.001748
1118.000000 1.001728
1119.000000 1.001708
1120.000000 1.001690
1121.000000 1.001673
1122.000000 1.001656
1123.000000 1.001641
1124.000000 1.001626
1125.000000 1.001612
1126.000000 1.001599
1127.000000 1.001587
1128.000000 1.001575
1129.000000 1.001564
1130.000000 1.001553
1131.000000 1.001542
1132.000000 1.001532
1133.000000 1.001523
1134.000000 1.001513
1135.000000 1.001504
1136.000000 1.001495
1137.000000 1.001485
1138.000000 1.001476
1139.000000 1.001467
1140.000000 1.001457
1141.000000 1.001448
1142.000000 1.001438
1143.000000 1.001427
1144.000000 1.001417
1145.000000 1.001406
1146.000000 1.001395
1147.000000 1.001384
1148.000000 1.001373
1149.000000 1.001361
1150.000000 1.001349
1151.000000 1.001336
1152.000000 1.001324
1153.000000 1.001311
1154.000000 1.001299
1155.000000 1.001286
1156.000000 1.001273
1157.000000 1.001260
1158.000000 1.001247
1159.000000 1.001234
1160.000000 1.001221
1161.000000 1.001208
1162.000000 1.001195
1163.000000 1.001183
1164.000000 1.001170
1165.000000 1.001158
1166.000000 1.001146
1167.000000 1.001135
1168.000000 1.001123
1169.000000 1.001112
1170.000000 1.001101
1171.000000 1.001091
1172.000000 1.001081
1173.000000 1.001070
1174.000000 1.001061
1175.000000 1.001051
1176.000000 1.001042
1177.000000 1.001033
1178.000000 1.001024
1179.000000 1.001016
1180.000000 1.001008
1181.000000 1.000999
1182.000000 1.000991
1183.000000 1.000984
1184.000000 1.000976
1185.000000 1.000968
1186.000000 1.000961
1187.000000 1.000953
1188.000000 1.000946
1189.000000 1.000938
1190.000000 1.000931
1191.000000 1.000924
1192.000000 1.000916
1193.000000 1.000909
1194.000000 1.000902
1195.000000 1.000894
1196.000000 1.000887
1197.000000 1.000879
1198.000000 1.000872
1199.000000 1.000864
1200.000000 1.000857
1201.000000 1.000849
1202.000000 1.000842
1203.000000 1.000834
1204.000000 1.000827
1205.000000 1.000819
1206.000000 1.000811
1207.000000 1.000804
1208.000000 1.000796
1209.000000 1.000789
1210.000000 1.000781
1211.000000 1.000774
1212.000000 1.005258
1213.000000 1.014197
1214.000000 1.023380
1215.000000 1.032790
1216.000000 1.042412
1217.000000 1.052231
1218.000000 1.062232
1219.000000 1.072401
1220.000000 1.082727
1221.000000 1.093195
1222.000000 1.103794
1223.000000 1.115098
1224.000000 1.127983
1225.000000 1.142384
1226.000000 1.157781
1227.000000 1.173947
1228.000000 1.190790
1229.000000 1.208277
1230.000000 1.226404
1231.000000 1.245176
1232.000000 1.264606
1233.000000 1.284709
1234.000000 1.305366
1235.000000 1.326156
1236.000000 1.346566
1237.000000 1.366291
1238.000000 1.385194
1239.000000 1.403170
1240.000000 1.420104
1241.000000 1.435870
1242.000000 1.450328
1243.000000 1.463328
1244.000000 1.474712
1245.000000 1.484340
1246.000000 1.492145
1247.000000 1.498171
1248.000000 1.502525
1249.000000 1.505317
1250.000000 1.506638
1251.000000 1.506585
1252.000000 1.505263
1253.000000 1.502795
1254.000000 1.499328
1255.000000 1.495029
1256.000000 1.490087
1257.000000 1.484696
1258.000000 1.479038
1259.000000 1.473269
1260.000000 1.467523
1261.000000 1.461925
1262.000000 1.456592
1263.000000 1.451636
1264.000000 1.447159
1265.000000 1.443244
1266.000000 1.439961
1267.000000 1.437354
1268.000000 1.435450
1269.000000 1.434254
1270.000000 1.433760
1271.000000 1.433956
1272.000000 1.434818
1273.000000 1.436316
1274.000000 1.438407
1275.000000 1.441043
1276.000000 1.444162
1277.000000 1.447702
1278.000000 1.451595
1279.000000 1.455774
1280.000000 1.460170
1281.000000 1.464719
1282.000000 1.469357
1283.000000 1.474021
1284.000000 1.478650
1285.000000 1.483187
1286.000000 1.487579
1287.000000 1.491778
1288.000000 1.495741
1289.000000 1.499433
1290.000000 1.502823
1291.000000 1.505887
1292.000000 1.508604
1293.000000 1.510960
1294.000000 1.512947
1295.000000 1.514562
1296.000000 1.515805
1297.000000 1.516686
1298.000000 1.517215
1299.000000 1.517410
1300.000000 1.517289
1301.000000 1.516875
1302.000000 1.516194
1303.000000 1.515274
1304.000000 1.514146
1305.000000 1.512839
1306.000000 1.511387
1307.000000 1.509823
1308.000000 1.508178
1309.000000 1.506485
1310.000000 1.504775
1311.000000 1.503077
1312.000000 1.501419
1313.000000 1.499826
1314.000000 1.498322
1315.000000 1.496928
1316.000000 1.495661
1317.000000 1.494536
1318.000000 1.493566
1319.000000 1.492759
1320.000000 1.492121
1321.000000 1.491654
1322.000000 1.491360
1323.000000 1.491234
1324.000000 1.491273
1325.000000 1.491467
1326.000000 1.491809
1327.000000 1.492285
1328.000000 1.492882
1329.000000 1.493587
1330.000000 1.494384
1331.000000 1.495256
1332.000000 1.496187
1333.000000 1.497161
1334.000000 1.498161
1335.000000 1.499171
1336.000000 1.500175
1337.000000 1.501158
1338.000000 1.502108
1339.000000 1.503011
1340.000000 1.503857
1341.000000 1.504635
1342.000000 1.505339
1343.000000 1.505960
1344.000000 1.506495
1345.000000 1.506939
1346.000000 1.507291
1347.000000 1.507551
1348.000000 1.507719
1349.000000 1.507797
1350.000000 1.507790
1351.000000 1.507702
1352.000000 1.507539
1353.000000 1.507307
1354.000000 1.507014
1355.000000 1.506667
1356.000000 1.506274
1357.000000 1.505844
1358.000000 1.505385
1359.000000 1.504906
1360.000000 1.504415
1361.000000 1.503920
1362.000000 1.503429
1363.000000 1.502949
1364.000000 1.502487
1365.000000 1.502048
1366.000000 1.501639
1367.000000 1.501263
1368.000000 1.500925
1369.000000 1.500627
1370.000000 1.500372
1371.000000 1.500162
1372.000000 1.499996
1373.000000 1.499875
1374.000000 1.499799
1375.000000 1.499766
1376.000000 1.499773
1377.000000 1.499819
1378.000000 1.499901
1379.000000 1.500015
1380.000000 1.500158
1381.000000 1.500325
1382.000000 1.500513
1383.000000 1.500718
1384.000000 1.500935
1385.000000 1.501160
1386.000000 1.501388
1387.000000 1.501618
1388.000000 1.501843
1389.000000 1.502061
1390.000000 1.502269
1391.000000 1.502464
1392.000000 1.502643
1393.000000 1.502804
1394.000000 1.502945
1395.000000 1.503065
1396.000000 1.503164
1397.000000 1.503239
1398.000000 1.503292
1399.000000 1.503323
1400.000000 1.503331
1401.000000 1.503317
1402.000000 1.503284
1403.000000 1.503231
1404.000000 1.503161
1405.000000 1.503075
1406.000000 1.502976
1407.000000 1.502864
1408.000000 1.502743
1409.000000 1.502615
1410.000000 1.502481
1411.000000 1.502344
1412.000000 1.502205
1413.000000 1.502067
1414.000000 1.501932
1415.000000 1.501801
1416.000000 1.501676
1417.000000 1.501557
1418.000000 1.501448
1419.000000 1.501347
1420.000000 1.501257
1421.000000 1.501178
1422.000000 1.501110
1423.000000 1.501054
1424.000000 1.501009
1425.000000 1.500975
1426.000000 1.500953
1427.000000 1.500942
1428.000000 1.500940
1429.000000 1.500948
1430.000000 1.500964
1431.000000 1.500989
1432.000000 1.501019
1433.000000 1.501056
1434.000000 1.501097
1435.000000 1.501141
1436.000000 1.501188
1437.000000 1.501237
1438.000000 1.501286
1439.000000 1.501334
1440.000000 1.501381
1441.000000 1.501426
1442.000000 1.501467
1443.000000 1.501505
1444.000000 1.501538
1445.000000 1.501567
1446.000000 1.501591
1447.000000 1.501609
1448.000000 1.501622
1449.000000 1.501629
1450.000000 1.501630
1451.000000 1.501626
1452.000000 1.501616
1453.000000 1.501602
1454.000000 1.501582
1455.000000 1.501558
1456.000000 1.501530
1457.000000 1.501499
1458.000000 1.501464
1459.000000 1.501427
1460.000000 1.501389
1461.000000 1.501348
1462.000000 1.501307
1463.000000 1.501265
1464.000000 1.501224
1465.000000 1.501183
1466.000000 1.501143
1467.000000 1.501104
1468.000000 1.501068
1469.000000 1.501033
1470.000000 1.501001
1471.000000 1.500971
1472.000000 1.500944
1473.000000 1.500920
1474.000000 1.500899
1475.000000 1.500881
1476.000000 1.500866
1477.000000 1.500854
1478.000000 1.500845
1479.000000 1.500838
1480.000000 1.500834
1481.000000 1.500832
1482.000000 1.500832
1483.000000 1.500834
1484.000000 1.500837
1485.000000 1.500842
1486.000000 1.500848
1487.000000 1.500854
1488.000000 1.500861
1489.000000 1.500869
1490.000000 1.500876
1491.000000 1.500883
1492.000000 1.500889
1493.000000 1.500895
1494.000000 1.500900
1495.000000 1.500904
1496.000000 1.500907
1497.000000 1.500908
1498.000000 1.500908
1499.000000 1.500907
1500.000000 1.500905
1501.000000 1.500901
1502.000000 1.500896
1503.000000 1.500889
1504.000000 1.500882
1505.000000 1.500873
1506.000000 1.500863
1507.000000 1.500851
1508.000000 1.500839
1509.000000 1.500827
1510.000000 1.500813
1511.000000 1.500800
1512.000000 1.500785
1513.000000 1.500771
1514.000000 1.500756
1515.000000 1.500742
1516.000000 1.500727
1517.000000 1.500713
1518.000000 1.500700
1519.000000 1.500686
1520.000000 1.500674
1521.000000 1.500662
1522.000000 1.500650
1523.000000 1.500640
1524.000000 1.500630
1525.000000 1.500621
1526.000000 1.500612
1527.000000 1.500605
1528.000000 1.500598
1529.000000 1.500592
1530.000000 1.500587
1531.000000 1.500582
1532.000000 1.500578
1533.000000 1.500574
1534.000000 1.500571
1535.000000 1.500569
1536.000000 1.500567
1537.000000 1.500565
1538.000000 1.500563
1539.000000 1.500562
1540.000000 1.500561
1541.000000 1.500559
1542.000000 1.500558
1543.000000 1.500557
1544.000000 1.500555
1545.000000 1.500553
1546.000000 1.500551
1547.000000 1.500549
1548.000000 1.500547
1549.000000 1.500544
1550.000000 1.500541
1551.000000 1.500538
1552.000000 1.500534
1553.000000 1.500530
1554.000000 1.500526
1555.000000 1.500521
1556.000000 1.500516
1557.000000 1.500511
1558.000000 1.500505
1559.000000 1.500500
1560.000000 1.500494
1561.000000 1.500488
1562.000000 1.500482
1563.000000 1.500476
1564.000000 1.500470
1565.000000 1.500464
1566.000000 1.500458
1567.000000 1.500451
1568.000000 1.500445
1569.000000 1.500440
1570.000000 1.500434
1571.000000 1.500428
1572.000000 1.500423
1573.000000 1.500417
1574.000000 1.500412
1575.000000 1.500408
1576.000000 1.500403
1577.000000 1.500399
1578.000000 1.500394
1579.000000 1.500390
1580.000000 1.500387
1581.000000 1.500383
1582.000000 1.500380
1583.000000 1.500377
1584.000000 1.500374
1585.000000 1.500371
1586.000000 1.500368
1587.000000 1.500365
1588.000000 1.500363
1589.000000 1.500360
1590.000000 1.500358
1591.000000 1.500356
1592.000000 1.500354
1593.000000 1.500351
1594.000000 1.500349
1595.000000 1.500347
1596.000000 1.500344
1597.000000 1.500342
1598.000000 1.500340
1599.000000 1.500337
1600.000000 1.500335
