1.000000 35.680000
2.000000 35.680000
3.000000 35.680000
4.000000 35.680000
5.000000 35.680000
6.000000 35.680000
7.000000 35.680000
8.000000 35.680000
9.000000 35.680000
10.000000 35.680000
11.000000 35.680000
12.000000 35.680000
13.000000 35.680000
14.000000 35.680000
15.000000 35.680000
16.000000 35.680000
17.000000 35.680000
18.000000 35.680000
19.000000 35.680000
20.000000 35.680000
21.000000 35.680000
22.000000 35.680000
23.000000 35.680000
24.000000 35.680000
25.000000 35.680000
26.000000 35.680000
27.000000 35.680000
28.000000 35.680000
29.000000 35.680000
30.000000 35.680000
31.000000 35.680000
32.000000 35.680000
33.000000 35.750000
34.000000 35.680000
35.000000 35.750000
36.000000 35.750000
37.000000 35.750000
38.000000 35.750000
39.000000 35.750000
40.000000 35.750000
41.000000 35.750000
42.000000 35.750000
43.000000 35.750000
44.000000 35.750000
45.000000 35.750000
46.000000 35.750000
47.000000 35.750000
48.000000 35.810000
49.000000 35.810000
50.000000 35.810000
51.000000 35.810000
52.000000 35.870000
53.000000 35.870000
54.000000 35.870000
55.000000 35.870000
56.000000 35.870000
57.000000 35.930000
58.000000 35.870000
59.000000 35.870000
60.000000 35.930000
61.000000 35.930000
62.000000 35.930000
63.000000 35.930000
64.000000 35.930000
65.000000 36.000000
66.000000 36.000000
67.000000 36.000000
68.000000 36.000000
69.000000 36.060000
70.000000 36.060000
71.000000 36.060000
72.000000 36.120000
73.000000 36.120000
74.000000 36.120000
75.000000 36.120000
76.000000 36.180000
77.000000 36.180000
78.000000 36.180000
79.000000 36.250000
80.000000 36.250000
81.000000 36.250000
82.000000 36.250000
83.000000 36.310000
84.000000 36.310000
85.000000 36.370000
86.000000 36.370000
87.000000 36.370000
88.000000 36.430000
89.000000 36.430000
90.000000 36.430000
91.000000 36.430000
92.000000 36.500000
93.000000 36.430000
94.000000 36.500000
95.000000 36.500000
96.000000 36.500000
97.000000 36.560000
98.000000 36.560000
99.000000 36.560000
100.000000 36.560000
101.000000 36.620000
102.000000 36.620000
103.000000 36.620000
104.000000 36.680000
105.000000 36.680000
106.000000 36.680000
107.000000 36.680000
108.000000 36.680000
109.000000 36.680000
110.000000 36.750000
111.000000 36.750000
112.000000 36.750000
113.000000 36.810000
114.000000 36.810000
115.000000 36.870000
116.000000 36.870000
117.000000 36.870000
118.000000 36.930000
119.000000 36.930000
120.000000 36.930000
121.000000 37.000000
122.000000 37.000000
123.000000 37.000000
124.000000 37.000000
125.000000 37.060000
126.000000 37.060000
127.000000 37.060000
128.000000 37.060000
129.000000 37.120000
130.000000 37.120000
131.000000 37.120000
132.000000 37.180000
133.000000 37.180000
134.000000 37.180000
135.000000 37.180000
136.000000 37.180000
137.000000 37.180000
138.000000 37.180000
139.000000 37.180000
140.000000 37.250000
141.000000 37.250000
142.000000 37.250000
143.000000 37.250000
144.000000 37.250000
145.000000 37.310000
146.000000 37.310000
147.000000 37.310000
148.000000 37.310000
149.000000 37.310000
150.000000 37.310000
151.000000 37.310000
152.000000 37.310000
153.000000 37.370000
154.000000 37.370000
155.000000 37.370000
156.000000 37.430000
157.000000 37.430000
158.000000 37.430000
159.000000 37.430000
160.000000 37.430000
161.000000 37.430000
162.000000 37.500000
163.000000 37.500000
164.000000 37.500000
165.000000 37.500000
166.000000 37.500000
167.000000 37.560000
168.000000 37.560000
169.000000 37.560000
170.000000 37.560000
171.000000 37.620000
172.000000 37.620000
173.000000 37.620000
174.000000 37.620000
175.000000 37.620000
176.000000 37.620000
177.000000 37.620000
178.000000 37.620000
179.000000 37.680000
180.000000 37.680000
181.000000 37.680000
182.000000 37.680000
183.000000 37.680000
184.000000 37.680000
185.000000 37.680000
186.000000 37.680000
187.000000 37.750000
188.000000 37.750000
189.000000 37.750000
190.000000 37.810000
191.000000 37.810000
192.000000 37.810000
193.000000 37.810000
194.000000 37.810000
195.000000 37.810000
196.000000 37.810000
197.000000 37.870000
198.000000 37.870000
199.000000 37.870000
200.000000 37.870000
201.000000 37.870000
202.000000 37.930000
203.000000 37.930000
204.000000 37.930000
205.000000 37.930000
206.000000 37.930000
207.000000 37.930000
208.000000 37.930000
209.000000 38.000000
210.000000 38.000000
211.000000 38.000000
212.000000 38.000000
213.000000 38.000000
214.000000 38.000000
215.000000 38.000000
216.000000 38.000000
217.000000 38.000000
218.000000 38.060000
219.000000 38.000000
220.000000 38.000000
221.000000 38.000000
222.000000 38.060000
223.000000 38.060000
224.000000 38.060000
225.000000 38.060000
226.000000 38.060000
227.000000 38.060000
228.000000 38.060000
229.000000 38.060000
230.000000 38.120000
231.000000 38.120000
232.000000 38.120000
233.000000 38.120000
234.000000 38.120000
235.000000 38.120000
236.000000 38.120000
237.000000 38.120000
238.000000 38.180000
239.000000 38.180000
240.000000 38.180000
241.000000 38.180000
242.000000 38.180000
243.000000 38.180000
244.000000 38.180000
245.000000 38.180000
246.000000 38.180000
247.000000 38.180000
248.000000 38.180000
249.000000 38.180000
250.000000 38.180000
251.000000 38.250000
252.000000 38.180000
253.000000 38.180000
254.000000 38.250000
255.000000 38.180000
256.000000 38.180000
257.000000 38.250000
258.000000 38.180000
259.000000 38.180000
260.000000 38.180000
261.000000 38.250000
262.000000 38.180000
263.000000 38.250000
264.000000 38.180000
265.000000 38.250000
266.000000 38.180000
267.000000 38.180000
268.000000 38.180000
269.000000 38.180000
270.000000 38.180000
271.000000 38.180000
272.000000 38.180000
273.000000 38.180000
274.000000 38.180000
275.000000 38.250000
276.000000 38.180000
277.000000 38.250000
278.000000 38.250000
279.000000 38.180000
280.000000 38.250000
281.000000 38.250000
282.000000 38.250000
283.000000 38.250000
284.000000 38.250000
285.000000 38.250000
286.000000 38.250000
287.000000 38.250000
288.000000 38.250000
289.000000 38.250000
290.000000 38.250000
291.000000 38.250000
292.000000 38.250000
293.000000 38.250000
294.000000 38.310000
295.000000 38.250000
296.000000 38.250000
297.000000 38.310000
298.000000 38.310000
299.000000 38.310000
300.000000 38.310000
301.000000 38.310000
302.000000 38.310000
303.000000 38.310000
304.000000 38.310000
305.000000 38.310000
306.000000 38.310000
307.000000 38.310000
308.000000 38.310000
309.000000 38.310000
310.000000 38.310000
311.000000 38.310000
312.000000 38.310000
313.000000 38.310000
314.000000 38.370000
315.000000 38.370000
316.000000 38.370000
317.000000 38.310000
318.000000 38.370000
319.000000 38.370000
320.000000 38.370000
321.000000 38.370000
322.000000 38.370000
323.000000 38.310000
324.000000 38.370000
325.000000 38.310000
326.000000 38.310000
327.000000 38.310000
328.000000 38.310000
329.000000 38.310000
330.000000 38.310000
331.000000 38.310000
332.000000 38.310000
333.000000 38.310000
334.000000 38.370000
335.000000 38.370000
336.000000 38.310000
337.000000 38.310000
338.000000 38.310000
339.000000 38.370000
340.000000 38.370000
341.000000 38.310000
342.000000 38.310000
343.000000 38.370000
344.000000 38.370000
345.000000 38.310000
346.000000 38.310000
347.000000 38.370000
348.000000 38.310000
349.000000 38.370000
350.000000 38.310000
351.000000 38.370000
352.000000 38.310000
353.000000 38.310000
354.000000 38.310000
355.000000 38.370000
356.000000 38.370000
357.000000 38.370000
358.000000 38.310000
359.000000 38.370000
360.000000 38.370000
361.000000 38.310000
362.000000 38.310000
363.000000 38.370000
364.000000 38.370000
365.000000 38.370000
366.000000 38.310000
367.000000 38.310000
368.000000 38.310000
369.000000 38.310000
370.000000 38.310000
371.000000 38.310000
372.000000 38.310000
373.000000 38.310000
374.000000 38.370000
375.000000 38.370000
376.000000 38.370000
377.000000 38.370000
378.000000 38.370000
379.000000 38.370000
380.000000 38.370000
381.000000 38.370000
382.000000 38.430000
383.000000 38.430000
384.000000 38.430000
385.000000 38.430000
386.000000 38.430000
387.000000 38.430000
388.000000 38.430000
389.000000 38.430000
390.000000 38.430000
391.000000 38.430000
392.000000 38.430000
393.000000 38.430000
394.000000 38.430000
395.000000 38.430000
396.000000 38.430000
397.000000 38.430000
398.000000 38.430000
399.000000 38.430000
400.000000 38.430000
