1.000000 35.120000
2.000000 35.120000
3.000000 35.120000
4.000000 35.120000
5.000000 35.120000
6.000000 35.180000
7.000000 35.180000
8.000000 35.180000
9.000000 35.180000
10.000000 35.180000
11.000000 35.180000
12.000000 35.180000
13.000000 35.180000
14.000000 35.250000
15.000000 35.180000
16.000000 35.250000
17.000000 35.250000
18.000000 35.250000
19.000000 35.250000
20.000000 35.180000
21.000000 35.250000
22.000000 35.180000
23.000000 35.180000
24.000000 35.180000
25.000000 35.180000
26.000000 35.180000
27.000000 35.180000
28.000000 35.180000
29.000000 35.180000
30.000000 35.180000
31.000000 35.180000
32.000000 35.180000
33.000000 35.180000
34.000000 35.250000
35.000000 35.250000
36.000000 35.250000
37.000000 35.250000
38.000000 35.250000
39.000000 35.250000
40.000000 35.250000
41.000000 35.250000
42.000000 35.310000
43.000000 35.310000
44.000000 35.310000
45.000000 35.310000
46.000000 35.310000
47.000000 35.370000
48.000000 35.370000
49.000000 35.370000
50.000000 35.430000
51.000000 35.430000
52.000000 35.430000
53.000000 35.430000
54.000000 35.500000
55.000000 35.500000
56.000000 35.500000
57.000000 35.500000
58.000000 35.500000
59.000000 35.500000
60.000000 35.500000
61.000000 35.560000
62.000000 35.560000
63.000000 35.620000
64.000000 35.620000
65.000000 35.620000
66.000000 35.680000
67.000000 35.680000
68.000000 35.680000
69.000000 35.680000
70.000000 35.680000
71.000000 35.750000
72.000000 35.750000
73.000000 35.750000
74.000000 35.750000
75.000000 35.810000
76.000000 35.810000
77.000000 35.810000
78.000000 35.810000
79.000000 35.810000
80.000000 35.810000
81.000000 35.870000
82.000000 35.870000
83.000000 35.870000
84.000000 35.870000
85.000000 35.870000
86.000000 35.930000
87.000000 35.930000
88.000000 35.930000
89.000000 35.930000
90.000000 35.930000
91.000000 36.000000
92.000000 36.000000
93.000000 36.000000
94.000000 36.060000
95.000000 36.060000
96.000000 36.060000
97.000000 36.060000
98.000000 36.120000
99.000000 36.120000
100.000000 36.120000
101.000000 36.180000
102.000000 36.180000
103.000000 36.180000
104.000000 36.180000
105.000000 36.180000
106.000000 36.180000
107.000000 36.250000
108.000000 36.250000
109.000000 36.180000
110.000000 36.180000
111.000000 36.180000
112.000000 36.180000
113.000000 36.180000
114.000000 36.180000
115.000000 36.180000
116.000000 36.250000
117.000000 36.250000
118.000000 36.250000
119.000000 36.250000
120.000000 36.250000
121.000000 36.310000
122.000000 36.310000
123.000000 36.310000
124.000000 36.310000
125.000000 36.310000
126.000000 36.370000
127.000000 36.370000
128.000000 36.430000
129.000000 36.430000
130.000000 36.500000
131.000000 36.500000
132.000000 36.500000
133.000000 36.500000
134.000000 36.500000
135.000000 36.500000
136.000000 36.560000
137.000000 36.560000
138.000000 36.560000
139.000000 36.560000
140.000000 36.560000
141.000000 36.560000
142.000000 36.620000
143.000000 36.620000
144.000000 36.620000
145.000000 36.620000
146.000000 36.620000
147.000000 36.620000
148.000000 36.680000
149.000000 36.680000
150.000000 36.680000
151.000000 36.680000
152.000000 36.680000
153.000000 36.680000
154.000000 36.750000
155.000000 36.750000
156.000000 36.750000
157.000000 36.750000
158.000000 36.810000
159.000000 36.810000
160.000000 36.870000
161.000000 36.870000
162.000000 36.870000
163.000000 36.870000
164.000000 36.870000
165.000000 36.870000
166.000000 36.870000
167.000000 36.930000
168.000000 36.930000
169.000000 36.870000
170.000000 36.930000
171.000000 36.930000
172.000000 36.930000
173.000000 36.930000
174.000000 36.930000
175.000000 36.930000
176.000000 36.930000
177.000000 36.930000
178.000000 36.930000
179.000000 36.930000
180.000000 37.000000
181.000000 37.000000
182.000000 37.000000
183.000000 37.000000
184.000000 37.000000
185.000000 37.060000
186.000000 37.060000
187.000000 37.060000
188.000000 37.060000
189.000000 37.060000
190.000000 37.060000
191.000000 37.060000
192.000000 37.060000
193.000000 37.060000
194.000000 37.060000
195.000000 37.060000
196.000000 37.060000
197.000000 37.060000
198.000000 37.060000
199.000000 37.060000
200.000000 37.120000
201.000000 37.120000
202.000000 37.120000
203.000000 37.120000
204.000000 37.120000
205.000000 37.120000
206.000000 37.180000
207.000000 37.180000
208.000000 37.180000
209.000000 37.180000
210.000000 37.180000
211.000000 37.180000
212.000000 37.180000
213.000000 37.180000
214.000000 37.180000
215.000000 37.180000
216.000000 37.180000
217.000000 37.120000
218.000000 37.120000
219.000000 37.120000
220.000000 37.120000
221.000000 37.120000
222.000000 37.120000
223.000000 37.120000
224.000000 37.120000
225.000000 37.120000
226.000000 37.120000
227.000000 37.180000
228.000000 37.180000
229.000000 37.180000
230.000000 37.180000
231.000000 37.180000
232.000000 37.180000
233.000000 37.250000
234.000000 37.250000
235.000000 37.250000
236.000000 37.250000
237.000000 37.250000
238.000000 37.250000
239.000000 37.250000
240.000000 37.310000
241.000000 37.250000
242.000000 37.310000
243.000000 37.310000
244.000000 37.310000
245.000000 37.310000
246.000000 37.310000
247.000000 37.310000
248.000000 37.310000
249.000000 37.310000
250.000000 37.310000
251.000000 37.310000
252.000000 37.310000
253.000000 37.310000
254.000000 37.370000
255.000000 37.370000
256.000000 37.370000
257.000000 37.370000
258.000000 37.370000
259.000000 37.430000
260.000000 37.430000
261.000000 37.370000
262.000000 37.370000
263.000000 37.430000
264.000000 37.430000
265.000000 37.430000
266.000000 37.430000
267.000000 37.430000
268.000000 37.430000
269.000000 37.500000
270.000000 37.500000
271.000000 37.500000
272.000000 37.430000
273.000000 37.500000
274.000000 37.500000
275.000000 37.500000
276.000000 37.500000
277.000000 37.560000
278.000000 37.560000
279.000000 37.560000
280.000000 37.560000
281.000000 37.560000
282.000000 37.560000
283.000000 37.560000
284.000000 37.560000
285.000000 37.620000
286.000000 37.620000
287.000000 37.620000
288.000000 37.620000
289.000000 37.680000
290.000000 37.620000
291.000000 37.680000
292.000000 37.680000
293.000000 37.680000
294.000000 37.680000
295.000000 37.680000
296.000000 37.750000
297.000000 37.750000
298.000000 37.750000
299.000000 37.750000
300.000000 37.750000
301.000000 37.810000
302.000000 37.750000
303.000000 37.810000
304.000000 37.810000
305.000000 37.810000
306.000000 37.810000
307.000000 37.810000
308.000000 37.810000
309.000000 37.810000
310.000000 37.810000
311.000000 37.810000
312.000000 37.810000
313.000000 37.810000
314.000000 37.810000
315.000000 37.870000
316.000000 37.870000
317.000000 37.870000
318.000000 37.870000
319.000000 37.810000
320.000000 37.810000
321.000000 37.810000
322.000000 37.810000
323.000000 37.810000
324.000000 37.810000
325.000000 37.810000
326.000000 37.810000
327.000000 37.810000
328.000000 37.810000
329.000000 37.810000
330.000000 37.810000
331.000000 37.810000
332.000000 37.810000
333.000000 37.810000
334.000000 37.810000
335.000000 37.810000
336.000000 37.870000
337.000000 37.870000
338.000000 37.870000
339.000000 37.810000
340.000000 37.870000
341.000000 37.870000
342.000000 37.870000
343.000000 37.870000
344.000000 37.870000
345.000000 37.810000
346.000000 37.870000
347.000000 37.870000
348.000000 37.870000
349.000000 37.870000
350.000000 37.810000
351.000000 37.810000
352.000000 37.810000
353.000000 37.810000
354.000000 37.750000
355.000000 37.810000
356.000000 37.750000
357.000000 37.750000
358.000000 37.750000
359.000000 37.750000
360.000000 37.750000
361.000000 37.750000
362.000000 37.750000
363.000000 37.750000
364.000000 37.750000
365.000000 37.750000
366.000000 37.750000
367.000000 37.810000
368.000000 37.810000
369.000000 37.810000
370.000000 37.810000
371.000000 37.870000
372.000000 37.870000
373.000000 37.870000
374.000000 37.810000
375.000000 37.870000
376.000000 37.870000
377.000000 37.870000
378.000000 37.870000
379.000000 37.870000
380.000000 37.870000
381.000000 37.810000
382.000000 37.810000
383.000000 37.810000
384.000000 37.810000
385.000000 37.810000
386.000000 37.810000
387.000000 37.810000
388.000000 37.810000
389.000000 37.810000
390.000000 37.810000
391.000000 37.750000
392.000000 37.810000
393.000000 37.810000
394.000000 37.810000
395.000000 37.750000
396.000000 37.750000
397.000000 37.750000
398.000000 37.750000
399.000000 37.750000
400.000000 37.750000
