1.000000 0.000000
2.000000 0.000000
3.000000 0.000000
4.000000 0.000000
5.000000 0.000000
6.000000 0.000000
7.000000 0.000000
8.000000 0.000000
9.000000 0.000000
10.000000 0.000000
11.000000 0.000000
12.000000 0.000000
13.000000 0.000000
14.000000 0.000000
15.000000 1.000000
16.000000 1.000000
17.000000 1.000000
18.000000 1.000000
19.000000 1.000000
20.000000 1.000000
21.000000 1.000000
22.000000 1.000000
23.000000 1.000000
24.000000 1.000000
25.000000 1.000000
26.000000 0.988661
27.000000 0.963460
28.000000 0.932897
29.000000 0.897230
30.000000 0.856708
31.000000 0.811568
32.000000 0.762038
33.000000 0.708337
34.000000 0.650674
35.000000 0.589251
36.000000 0.524259
37.000000 0.456445
38.000000 0.387354
39.000000 0.318307
40.000000 0.250104
41.000000 0.183461
42.000000 0.119038
43.000000 0.057454
44.000000 -0.000707
45.000000 -0.054893
46.000000 -0.104579
47.000000 -0.149270
48.000000 -0.188527
49.000000 -0.222054
50.000000 -0.249744
51.000000 -0.271619
52.000000 -0.287775
53.000000 -0.298372
54.000000 -0.303627
55.000000 -0.303820
56.000000 -0.299287
57.000000 -0.290418
58.000000 -0.277659
59.000000 -0.261504
60.000000 -0.242482
61.000000 -0.221133
62.000000 -0.197989
63.000000 -0.173567
64.000000 -0.148370
65.000000 -0.122882
66.000000 -0.097562
67.000000 -0.072841
68.000000 -0.049115
69.000000 -0.026737
70.000000 -0.006015
71.000000 0.012791
72.000000 0.029475
73.000000 0.043874
74.000000 0.055876
75.000000 0.065407
76.000000 0.072439
77.000000 0.076985
78.000000 0.079097
79.000000 0.078865
80.000000 0.076410
81.000000 0.071882
82.000000 0.065454
83.000000 0.057320
84.000000 0.047687
85.000000 0.036775
86.000000 0.024813
87.000000 0.012031
88.000000 -0.001335
89.000000 -0.015057
90.000000 -0.028910
91.000000 -0.042682
92.000000 -0.056169
93.000000 -0.069186
94.000000 -0.081562
95.000000 -0.093143
96.000000 -0.103797
97.000000 -0.113410
98.000000 -0.121889
99.000000 -0.129165
100.000000 -0.135187
101.000000 -0.139928
102.000000 -0.143379
103.000000 -0.145553
104.000000 -0.146478
105.000000 -0.146202
106.000000 -0.144788
107.000000 -0.142310
108.000000 -0.138857
109.000000 -0.134528
110.000000 -0.129428
111.000000 -0.123671
112.000000 -0.117371
113.000000 -0.110649
114.000000 -0.103623
115.000000 -0.096410
116.000000 -0.089125
117.000000 -0.081875
118.000000 -0.074766
119.000000 -0.067891
120.000000 -0.061339
121.000000 -0.055186
122.000000 -0.049500
123.000000 -0.044338
124.000000 -0.039745
125.000000 -0.035755
126.000000 -0.032393
127.000000 -0.029670
128.000000 -0.027588
129.000000 -0.026140
130.000000 -0.025309
131.000000 -0.025068
132.000000 -0.025384
133.000000 -0.026216
134.000000 -0.027517
135.000000 -0.029238
136.000000 -0.031322
137.000000 -0.033712
138.000000 -0.036349
139.000000 -0.039173
140.000000 -0.042123
141.000000 -0.045142
142.000000 -0.048173
143.000000 -0.051161
144.000000 -0.054057
145.000000 -0.056814
146.000000 -0.059392
147.000000 -0.061752
148.000000 -0.063864
149.000000 -0.065702
150.000000 -0.067246
151.000000 -0.068480
152.000000 -0.069396
153.000000 -0.069990
154.000000 -0.070263
155.000000 -0.070221
156.000000 -0.069876
157.000000 -0.069242
158.000000 -0.068338
159.000000 -0.067185
160.000000 -0.065808
161.000000 -0.064234
162.000000 -0.062491
163.000000 -0.060609
164.000000 -0.058617
165.000000 -0.056545
166.000000 -0.054425
167.000000 -0.052284
168.000000 -0.050151
169.000000 -0.048051
170.000000 -0.046011
171.000000 -0.044051
172.000000 -0.042192
173.000000 -0.040451
174.000000 -0.038844
175.000000 -0.037382
176.000000 -0.036074
177.000000 -0.034928
178.000000 -0.033945
179.000000 -0.033128
180.000000 -0.032475
181.000000 -0.031981
182.000000 -0.031642
183.000000 -0.031448
184.000000 -0.031389
185.000000 -0.031456
186.000000 -0.031633
187.000000 -0.031909
188.000000 -0.032268
189.000000 -0.032696
190.000000 -0.033177
191.000000 -0.033697
192.000000 -0.034240
193.000000 -0.034792
194.000000 -0.035339
195.000000 -0.035869
196.000000 -0.036369
197.000000 -0.036828
198.000000 -0.037238
199.000000 -0.037589
200.000000 -0.037874
201.000000 -0.038089
202.000000 -0.038229
203.000000 -0.038291
204.000000 -0.038273
205.000000 -0.038177
206.000000 -0.038003
207.000000 -0.037753
208.000000 -0.037431
209.000000 -0.037041
210.000000 -0.036589
211.000000 -0.036080
212.000000 -0.035521
213.000000 -0.034920
214.000000 -0.034282
215.000000 -0.033617
216.000000 -0.032931
217.000000 -0.032233
218.000000 -0.031528
219.000000 -0.030826
220.000000 -0.030131
221.000000 -0.029452
222.000000 -0.028793
223.000000 -0.028159
224.000000 -0.027556
225.000000 -0.026987
226.000000 -0.026455
227.000000 -0.025964
228.000000 -0.025513
229.000000 -0.025106
230.000000 -0.024742
231.000000 -0.024421
232.000000 -0.024141
233.000000 -0.023903
234.000000 -0.023703
235.000000 -0.023540
236.000000 -0.023410
237.000000 -0.023310
238.000000 -0.023237
239.000000 -0.023188
240.000000 -0.023159
241.000000 -0.023145
242.000000 -0.023143
243.000000 -0.023149
244.000000 -0.023159
245.000000 -0.023171
246.000000 -0.023180
247.000000 -0.023183
248.000000 -0.023178
249.000000 -0.023162
250.000000 -0.023133
251.000000 -0.023089
252.000000 -0.023029
253.000000 -0.022951
254.000000 -0.022854
255.000000 -0.022739
256.000000 -0.022605
257.000000 -0.022452
258.000000 -0.022280
259.000000 -0.022091
260.000000 -0.021886
261.000000 -0.021666
262.000000 -0.021432
263.000000 -0.021185
264.000000 -0.020929
265.000000 -0.020664
266.000000 -0.020392
267.000000 -0.020116
268.000000 -0.019836
269.000000 -0.019556
270.000000 -0.019277
271.000000 -0.019000
272.000000 -0.018727
273.000000 -0.018460
274.000000 -0.018200
275.000000 -0.017948
276.000000 -0.017706
277.000000 -0.017473
278.000000 -0.017252
279.000000 -0.017041
280.000000 -0.016842
281.000000 -0.016655
282.000000 -0.016480
283.000000 -0.016316
284.000000 -0.016163
285.000000 -0.016021
286.000000 -0.015889
287.000000 -0.015767
288.000000 -0.015653
289.000000 -0.015547
290.000000 -0.015448
291.000000 -0.015355
292.000000 -0.015267
293.000000 -0.015183
294.000000 -0.015102
295.000000 -0.015023
296.000000 -0.014945
297.000000 -0.014868
298.000000 -0.014790
299.000000 -0.014711
300.000000 -0.014630
301.000000 -0.014546
302.000000 -0.014459
303.000000 -0.014370
304.000000 -0.014276
305.000000 -0.014178
306.000000 -0.014077
307.000000 -0.013971
308.000000 -0.013861
309.000000 -0.013747
310.000000 -0.013629
311.000000 -0.013508
312.000000 -0.013383
313.000000 -0.013255
314.000000 -0.013125
315.000000 -0.012993
316.000000 -0.012859
317.000000 -0.012724
318.000000 -0.012588
319.000000 -0.012451
320.000000 -0.012315
321.000000 -0.012180
322.000000 -0.012046
323.000000 -0.011913
324.000000 -0.011782
325.000000 -0.011654
326.000000 -0.011528
327.000000 -0.011405
328.000000 -0.011284
329.000000 -0.011167
330.000000 -0.011054
331.000000 -0.010944
332.000000 -0.010837
333.000000 -0.010734
334.000000 -0.010634
335.000000 -0.010537
336.000000 -0.010444
337.000000 -0.010354
338.000000 -0.010267
339.000000 -0.010182
340.000000 -0.010101
341.000000 -0.010021
342.000000 -0.009943
343.000000 -0.009867
344.000000 -0.009793
345.000000 -0.009720
346.000000 -0.009648
347.000000 -0.009577
348.000000 -0.009507
349.000000 -0.009437
350.000000 -0.009367
351.000000 -0.009297
352.000000 -0.009227
353.000000 -0.009156
354.000000 -0.009086
355.000000 -0.009014
356.000000 -0.008943
357.000000 -0.008870
358.000000 -0.008797
359.000000 -0.008723
360.000000 -0.008649
361.000000 -0.008574
362.000000 -0.008499
363.000000 -0.008423
364.000000 -0.008347
365.000000 -0.008270
366.000000 -0.008193
367.000000 -0.008116
368.000000 -0.008040
369.000000 -0.007963
370.000000 -0.007887
371.000000 -0.007811
372.000000 -0.007735
373.000000 -0.007661
374.000000 -0.007586
375.000000 -0.007513
376.000000 -0.007441
377.000000 -0.007369
378.000000 -0.007299
379.000000 -0.007230
380.000000 -0.007161
381.000000 -0.007094
382.000000 -0.007029
383.000000 -0.006964
384.000000 -0.006901
385.000000 -0.006838
386.000000 -0.006777
387.000000 -0.006718
388.000000 -0.006659
389.000000 -0.006601
390.000000 -0.006545
391.000000 -0.006489
392.000000 -0.006434
393.000000 -0.006380
394.000000 -0.006327
395.000000 -0.006274
396.000000 -0.006223
397.000000 -0.006171
398.000000 -0.006121
399.000000 -0.006070
400.000000 -0.006020
401.000000 -0.505971
402.000000 -0.505922
403.000000 -0.505873
404.000000 -0.505824
405.000000 -0.505775
406.000000 -0.505727
407.000000 -0.505678
408.000000 -0.505630
409.000000 -0.505582
410.000000 -0.505534
411.000000 -0.505486
412.000000 -0.482779
413.000000 -0.438611
414.000000 -0.395737
415.000000 -0.354096
416.000000 -0.313628
417.000000 -0.274276
418.000000 -0.235985
419.000000 -0.198703
420.000000 -0.162379
421.000000 -0.126964
422.000000 -0.092413
423.000000 -0.059741
424.000000 -0.030944
425.000000 -0.006826
426.000000 0.012902
427.000000 0.028482
428.000000 0.040129
429.000000 0.048040
430.000000 0.052398
431.000000 0.053377
432.000000 0.051142
433.000000 0.045848
434.000000 0.037693
435.000000 0.027011
436.000000 0.014251
437.000000 -0.000142
438.000000 -0.015767
439.000000 -0.032248
440.000000 -0.049236
441.000000 -0.066399
442.000000 -0.083424
443.000000 -0.100020
444.000000 -0.115913
445.000000 -0.130850
446.000000 -0.144604
447.000000 -0.156990
448.000000 -0.167860
449.000000 -0.177101
450.000000 -0.184630
451.000000 -0.190396
452.000000 -0.194378
453.000000 -0.196580
454.000000 -0.197037
455.000000 -0.195806
456.000000 -0.192965
457.000000 -0.188616
458.000000 -0.182875
459.000000 -0.175871
460.000000 -0.167748
461.000000 -0.158657
462.000000 -0.148757
463.000000 -0.138211
464.000000 -0.127185
465.000000 -0.115841
466.000000 -0.104342
467.000000 -0.092841
468.000000 -0.081485
469.000000 -0.070415
470.000000 -0.059757
471.000000 -0.049631
472.000000 -0.040138
473.000000 -0.031371
474.000000 -0.023405
475.000000 -0.016299
476.000000 -0.010099
477.000000 -0.004834
478.000000 -0.000521
479.000000 0.002841
480.000000 0.005264
481.000000 0.006774
482.000000 0.007410
483.000000 0.007220
484.000000 0.006263
485.000000 0.004606
486.000000 0.002323
487.000000 -0.000506
488.000000 -0.003798
489.000000 -0.007468
490.000000 -0.011428
491.000000 -0.015592
492.000000 -0.019874
493.000000 -0.024192
494.000000 -0.028468
495.000000 -0.032627
496.000000 -0.036603
497.000000 -0.040335
498.000000 -0.043768
499.000000 -0.046857
500.000000 -0.049562
501.000000 -0.051855
502.000000 -0.053712
503.000000 -0.055121
504.000000 -0.056075
505.000000 -0.056576
506.000000 -0.056632
507.000000 -0.056260
508.000000 -0.055480
509.000000 -0.054319
510.000000 -0.052808
511.000000 -0.050983
512.000000 -0.048883
513.000000 -0.046548
514.000000 -0.044020
515.000000 -0.041343
516.000000 -0.038560
517.000000 -0.035715
518.000000 -0.032850
519.000000 -0.030003
520.000000 -0.027214
521.000000 -0.024516
522.000000 -0.021942
523.000000 -0.019520
524.000000 -0.017276
525.000000 -0.015228
526.000000 -0.013395
527.000000 -0.011789
528.000000 -0.010418
529.000000 -0.009287
530.000000 -0.008396
531.000000 -0.007744
532.000000 -0.007323
533.000000 -0.007124
534.000000 -0.007136
535.000000 -0.007342
536.000000 -0.007727
537.000000 -0.008271
538.000000 -0.008955
539.000000 -0.009757
540.000000 -0.010656
541.000000 -0.011630
542.000000 -0.012657
543.000000 -0.013715
544.000000 -0.014783
545.000000 -0.015843
546.000000 -0.016874
547.000000 -0.017860
548.000000 -0.018786
549.000000 -0.019637
550.000000 -0.020402
551.000000 -0.021070
552.000000 -0.021635
553.000000 -0.022090
554.000000 -0.022431
555.000000 -0.022657
556.000000 -0.022768
557.000000 -0.022765
558.000000 -0.022652
559.000000 -0.022435
560.000000 -0.022119
561.000000 -0.021712
562.000000 -0.021224
563.000000 -0.020663
564.000000 -0.020039
565.000000 -0.019364
566.000000 -0.018647
567.000000 -0.017901
568.000000 -0.017135
569.000000 -0.016361
570.000000 -0.015589
571.000000 -0.014828
572.000000 -0.014088
573.000000 -0.013376
574.000000 -0.012701
575.000000 -0.012068
576.000000 -0.011483
577.000000 -0.010951
578.000000 -0.010475
579.000000 -0.010058
580.000000 -0.009702
581.000000 -0.009406
582.000000 -0.009170
583.000000 -0.008993
584.000000 -0.008873
585.000000 -0.008807
586.000000 -0.008792
587.000000 -0.008823
588.000000 -0.008896
589.000000 -0.009005
590.000000 -0.009147
591.000000 -0.009314
592.000000 -0.009502
593.000000 -0.009705
594.000000 -0.009918
595.000000 -0.010135
596.000000 -0.010352
597.000000 -0.010562
598.000000 -0.010763
599.000000 -0.010950
600.000000 -0.011119
601.000000 -0.011267
602.000000 -0.011392
603.000000 -0.011491
604.000000 -0.011563
605.000000 -0.011607
606.000000 -0.011622
607.000000 -0.011609
608.000000 -0.011566
609.000000 -0.011496
610.000000 -0.011400
611.000000 -0.011278
612.000000 -0.011133
613.000000 -0.010967
614.000000 -0.010783
615.000000 -0.010582
616.000000 -0.010368
617.000000 -0.010143
618.000000 -0.009910
619.000000 -0.009672
620.000000 -0.009431
621.000000 -0.009191
622.000000 -0.008953
623.000000 -0.008720
624.000000 -0.008494
625.000000 -0.008277
626.000000 -0.008070
627.000000 -0.007876
628.000000 -0.007695
629.000000 -0.007529
630.000000 -0.007377
631.000000 -0.007241
632.000000 -0.007121
633.000000 -0.007016
634.000000 -0.006926
635.000000 -0.006852
636.000000 -0.006791
637.000000 -0.006744
638.000000 -0.006710
639.000000 -0.006686
640.000000 -0.006672
641.000000 -0.006667
642.000000 -0.006670
643.000000 -0.006678
644.000000 -0.006691
645.000000 -0.006707
646.000000 -0.006724
647.000000 -0.006742
648.000000 -0.006760
649.000000 -0.006775
650.000000 -0.006787
651.000000 -0.006796
652.000000 -0.006799
653.000000 -0.006798
654.000000 -0.006790
655.000000 -0.006776
656.000000 -0.006755
657.000000 -0.006727
658.000000 -0.006692
659.000000 -0.006650
660.000000 -0.006601
661.000000 -0.006546
662.000000 -0.006484
663.000000 -0.006417
664.000000 -0.006345
665.000000 -0.006268
666.000000 -0.006187
667.000000 -0.006103
668.000000 -0.006016
669.000000 -0.005927
670.000000 -0.005837
671.000000 -0.005746
672.000000 -0.005656
673.000000 -0.005566
674.000000 -0.005478
675.000000 -0.005391
676.000000 -0.005307
677.000000 -0.005226
678.000000 -0.005148
679.000000 -0.005073
680.000000 -0.005003
681.000000 -0.004936
682.000000 -0.004873
683.000000 -0.004815
684.000000 -0.004761
685.000000 -0.004711
686.000000 -0.004665
687.000000 -0.004622
688.000000 -0.004584
689.000000 -0.004549
690.000000 -0.004517
691.000000 -0.004488
692.000000 -0.004461
693.000000 -0.004436
694.000000 -0.004414
695.000000 -0.004392
696.000000 -0.004372
697.000000 -0.004353
698.000000 -0.004334
699.000000 -0.004315
700.000000 -0.004296
701.000000 -0.004276
702.000000 -0.004256
703.000000 -0.004234
704.000000 -0.004212
705.000000 -0.004188
706.000000 -0.004163
707.000000 -0.004137
708.000000 -0.004108
709.000000 -0.004079
710.000000 -0.004047
711.000000 -0.004014
712.000000 -0.003980
713.000000 -0.003944
714.000000 -0.003907
715.000000 -0.003869
716.000000 -0.003830
717.000000 -0.003790
718.000000 -0.003749
719.000000 -0.003708
720.000000 -0.003666
721.000000 -0.003624
722.000000 -0.003582
723.000000 -0.003540
724.000000 -0.003499
725.000000 -0.003458
726.000000 -0.003418
727.000000 -0.003378
728.000000 -0.003339
729.000000 -0.003301
730.000000 -0.003265
731.000000 -0.003229
732.000000 -0.003194
733.000000 -0.003161
734.000000 -0.003129
735.000000 -0.003098
736.000000 -0.003068
737.000000 -0.003040
738.000000 -0.003012
739.000000 -0.002986
740.000000 -0.002961
741.000000 -0.002936
742.000000 -0.002913
743.000000 -0.002890
744.000000 -0.002868
745.000000 -0.002847
746.000000 -0.002826
747.000000 -0.002805
748.000000 -0.002785
749.000000 -0.002766
750.000000 -0.002746
751.000000 -0.002726
752.000000 -0.002707
753.000000 -0.002687
754.000000 -0.002668
755.000000 -0.002648
756.000000 -0.002628
757.000000 -0.002608
758.000000 -0.002587
759.000000 -0.002567
760.000000 -0.002546
761.000000 -0.002525
762.000000 -0.002503
763.000000 -0.002481
764.000000 -0.002459
765.000000 -0.002437
766.000000 -0.002415
767.000000 -0.002392
768.000000 -0.002369
769.000000 -0.002346
770.000000 -0.002324
771.000000 -0.002301
772.000000 -0.002278
773.000000 -0.002255
774.000000 -0.002233
775.000000 -0.002211
776.000000 -0.002188
777.000000 -0.002167
778.000000 -0.002145
779.000000 -0.002124
780.000000 -0.002103
781.000000 -0.002082
782.000000 -0.002062
783.000000 -0.002042
784.000000 -0.002022
785.000000 -0.002003
786.000000 -0.001985
787.000000 -0.001967
788.000000 -0.001949
789.000000 -0.001931
790.000000 -0.001914
791.000000 -0.001897
792.000000 -0.001881
793.000000 -0.001865
794.000000 -0.001849
795.000000 -0.001834
796.000000 -0.001818
797.000000 -0.001803
798.000000 -0.001788
799.000000 -0.001774
800.000000 -0.001759
801.000000 0.498255
802.000000 0.498269
803.000000 0.498284
804.000000 0.498298
805.000000 0.498312
806.000000 0.498326
807.000000 0.498340
808.000000 0.498353
809.000000 0.498367
810.000000 0.498381
811.000000 0.498395
812.000000 0.490736
813.000000 0.475209
814.000000 0.458909
815.000000 0.441875
816.000000 0.424144
817.000000 0.405753
818.000000 0.386736
819.000000 0.367127
820.000000 0.346956
821.000000 0.326255
822.000000 0.305053
823.000000 0.283339
824.000000 0.261207
825.000000 0.239000
826.000000 0.217056
827.000000 0.195563
828.000000 0.174640
829.000000 0.154370
830.000000 0.134821
831.000000 0.116050
832.000000 0.098110
833.000000 0.081048
834.000000 0.064965
835.000000 0.050072
836.000000 0.036590
837.000000 0.024615
838.000000 0.014151
839.000000 0.005180
840.000000 -0.002319
841.000000 -0.008368
842.000000 -0.012988
843.000000 -0.016203
844.000000 -0.018036
845.000000 -0.018525
846.000000 -0.017747
847.000000 -0.015834
848.000000 -0.012945
849.000000 -0.009234
850.000000 -0.004842
851.000000 0.000096
852.000000 0.005448
853.000000 0.011079
854.000000 0.016852
855.000000 0.022629
856.000000 0.028272
857.000000 0.033647
858.000000 0.038640
859.000000 0.043157
860.000000 0.047126
861.000000 0.050488
862.000000 0.053196
863.000000 0.055214
864.000000 0.056517
865.000000 0.057096
866.000000 0.056955
867.000000 0.056114
868.000000 0.054607
869.000000 0.052480
870.000000 0.049787
871.000000 0.046585
872.000000 0.042939
873.000000 0.038915
874.000000 0.034584
875.000000 0.030017
876.000000 0.025290
877.000000 0.020475
878.000000 0.015644
879.000000 0.010863
880.000000 0.006195
881.000000 0.001696
882.000000 -0.002582
883.000000 -0.006594
884.000000 -0.010301
885.000000 -0.013668
886.000000 -0.016670
887.000000 -0.019287
888.000000 -0.021506
889.000000 -0.023321
890.000000 -0.024733
891.000000 -0.025748
892.000000 -0.026377
893.000000 -0.026636
894.000000 -0.026544
895.000000 -0.026128
896.000000 -0.025413
897.000000 -0.024430
898.000000 -0.023213
899.000000 -0.021795
900.000000 -0.020211
901.000000 -0.018497
902.000000 -0.016688
903.000000 -0.014818
904.000000 -0.012921
905.000000 -0.011029
906.000000 -0.009172
907.000000 -0.007377
908.000000 -0.005672
909.000000 -0.004077
910.000000 -0.002613
911.000000 -0.001295
912.000000 -0.000139
913.000000 0.000847
914.000000 0.001656
915.000000 0.002283
916.000000 0.002727
917.000000 0.002991
918.000000 0.003080
919.000000 0.003000
920.000000 0.002762
921.000000 0.002375
922.000000 0.001855
923.000000 0.001215
924.000000 0.000472
925.000000 -0.000359
926.000000 -0.001260
927.000000 -0.002213
928.000000 -0.003202
929.000000 -0.004209
930.000000 -0.005217
931.000000 -0.006212
932.000000 -0.007178
933.000000 -0.008102
934.000000 -0.008971
935.000000 -0.009774
936.000000 -0.010503
937.000000 -0.011150
938.000000 -0.011708
939.000000 -0.012173
940.000000 -0.012543
941.000000 -0.012815
942.000000 -0.012992
943.000000 -0.013073
944.000000 -0.013063
945.000000 -0.012966
946.000000 -0.012786
947.000000 -0.012532
948.000000 -0.012209
949.000000 -0.011827
950.000000 -0.011392
951.000000 -0.010914
952.000000 -0.010402
953.000000 -0.009865
954.000000 -0.009312
955.000000 -0.008751
956.000000 -0.008191
957.000000 -0.007639
958.000000 -0.007103
959.000000 -0.006590
960.000000 -0.006105
961.000000 -0.005654
962.000000 -0.005242
963.000000 -0.004871
964.000000 -0.004545
965.000000 -0.004265
966.000000 -0.004033
967.000000 -0.003849
968.000000 -0.003712
969.000000 -0.003622
970.000000 -0.003577
971.000000 -0.003574
972.000000 -0.003611
973.000000 -0.003683
974.000000 -0.003788
975.000000 -0.003922
976.000000 -0.004079
977.000000 -0.004256
978.000000 -0.004449
979.000000 -0.004652
980.000000 -0.004862
981.000000 -0.005074
982.000000 -0.005284
983.000000 -0.005489
984.000000 -0.005684
985.000000 -0.005867
986.000000 -0.006034
987.000000 -0.006184
988.000000 -0.006315
989.000000 -0.006423
990.000000 -0.006510
991.000000 -0.006573
992.000000 -0.006612
993.000000 -0.006627
994.000000 -0.006619
995.000000 -0.006588
996.000000 -0.006535
997.000000 -0.006461
998.000000 -0.006369
999.000000 -0.006260
1000.000000 -0.006135
1001.000000 -0.005998
1002.000000 -0.005849
1003.000000 -0.005691
1004.000000 -0.005527
1005.000000 -0.005359
1006.000000 -0.005189
1007.000000 -0.005018
1008.000000 -0.004850
1009.000000 -0.004686
1010.000000 -0.004527
1011.000000 -0.004375
1012.000000 -0.004232
1013.000000 -0.004099
1014.000000 -0.003976
1015.000000 -0.003864
1016.000000 -0.003765
1017.000000 -0.003678
1018.000000 -0.003603
1019.000000 -0.003540
1020.000000 -0.003490
1021.000000 -0.003451
1022.000000 -0.003424
1023.000000 -0.003407
1024.000000 -0.003399
1025.000000 -0.003401
1026.000000 -0.003410
1027.000000 -0.003425
1028.000000 -0.003447
1029.000000 -0.003472
1030.000000 -0.003501
1031.000000 -0.003532
1032.000000 -0.003564
1033.000000 -0.003596
1034.000000 -0.003628
1035.000000 -0.003657
1036.000000 -0.003684
1037.000000 -0.003707
1038.000000 -0.003726
1039.000000 -0.003740
1040.000000 -0.003750
1041.000000 -0.003754
1042.000000 -0.003752
1043.000000 -0.003745
1044.000000 -0.003731
1045.000000 -0.003712
1046.000000 -0.003687
1047.000000 -0.003657
1048.000000 -0.003622
1049.000000 -0.003582
1050.000000 -0.003538
1051.000000 -0.003490
1052.000000 -0.003438
1053.000000 -0.003384
1054.000000 -0.003328
1055.000000 -0.003270
1056.000000 -0.003211
1057.000000 -0.003151
1058.000000 -0.003092
1059.000000 -0.003033
1060.000000 -0.002975
1061.000000 -0.002918
1062.000000 -0.002864
1063.000000 -0.002811
1064.000000 -0.002761
1065.000000 -0.002714
1066.000000 -0.002670
1067.000000 -0.002629
1068.000000 -0.002591
1069.000000 -0.002557
1070.000000 -0.002525
1071.000000 -0.002497
1072.000000 -0.002473
1073.000000 -0.002451
1074.000000 -0.002431
1075.000000 -0.002415
1076.000000 -0.002401
1077.000000 -0.002389
1078.000000 -0.002379
1079.000000 -0.002370
1080.000000 -0.002363
1081.000000 -0.002357
1082.000000 -0.002352
1083.000000 -0.002347
1084.000000 -0.002342
1085.000000 -0.002337
1086.000000 -0.002332
1087.000000 -0.002327
1088.000000 -0.002320
1089.000000 -0.002313
1090.000000 -0.002305
1091.000000 -0.002296
1092.000000 -0.002285
1093.000000 -0.002273
1094.000000 -0.002260
1095.000000 -0.002245
1096.000000 -0.002229
1097.000000 -0.002212
1098.000000 -0.002193
1099.000000 -0.002173
1100.000000 -0.002152
1101.000000 -0.002131
1102.000000 -0.002108
1103.000000 -0.002084
1104.000000 -0.002060
1105.000000 -0.002035
1106.000000 -0.002010
1107.000000 -0.001985
1108.000000 -0.001959
1109.000000 -0.001934
1110.000000 -0.001909
1111.000000 -0.001884
1112.000000 -0.001860
1113.000000 -0.001836
1114.000000 -0.001813
1115.000000 -0.001790
1116.000000 -0.001769
1117.000000 -0.001748
1118.000000 -0.001728
1119.000000 -0.001708
1120.000000 -0.001690
1121.000000 -0.001673
1122.000000 -0.001656
1123.000000 -0.001641
1124.000000 -0.001626
1125.000000 -0.001612
1126.000000 -0.001599
1127.000000 -0.001587
1128.000000 -0.001575
1129.000000 -0.001564
1130.000000 -0.001553
1131.000000 -0.001542
1132.000000 -0.001532
1133.000000 -0.001523
1134.000000 -0.001513
1135.000000 -0.001504
1136.000000 -0.001495
1137.000000 -0.001485
1138.000000 -0.001476
1139.000000 -0.001467
1140.000000 -0.001457
1141.000000 -0.001448
1142.000000 -0.001438
1143.000000 -0.001427
1144.000000 -0.001417
1145.000000 -0.001406
1146.000000 -0.001395
1147.000000 -0.001384
1148.000000 -0.001373
1149.000000 -0.001361
1150.000000 -0.001349
1151.000000 -0.001336
1152.000000 -0.001324
1153.000000 -0.001311
1154.000000 -0.001299
1155.000000 -0.001286
1156.000000 -0.001273
1157.000000 -0.001260
1158.000000 -0.001247
1159.000000 -0.001234
1160.000000 -0.001221
1161.000000 -0.001208
1162.000000 -0.001195
1163.000000 -0.001183
1164.000000 -0.001170
1165.000000 -0.001158
1166.000000 -0.001146
1167.000000 -0.001135
1168.000000 -0.001123
1169.000000 -0.001112
1170.000000 -0.001101
1171.000000 -0.001091
1172.000000 -0.001081
1173.000000 -0.001070
1174.000000 -0.001061
1175.000000 -0.001051
1176.000000 -0.001042
1177.000000 -0.001033
1178.000000 -0.001024
1179.000000 -0.001016
1180.000000 -0.001008
1181.000000 -0.000999
1182.000000 -0.000991
1183.000000 -0.000984
1184.000000 -0.000976
1185.000000 -0.000968
1186.000000 -0.000961
1187.000000 -0.000953
1188.000000 -0.000946
1189.000000 -0.000938
1190.000000 -0.000931
1191.000000 -0.000924
1192.000000 -0.000916
1193.000000 -0.000909
1194.000000 -0.000902
1195.000000 -0.000894
1196.000000 -0.000887
1197.000000 -0.000879
1198.000000 -0.000872
1199.000000 -0.000864
1200.000000 -0.000857
1201.000000 0.499151
1202.000000 0.499158
1203.000000 0.499166
1204.000000 0.499173
1205.000000 0.499181
1206.000000 0.499189
1207.000000 0.499196
1208.000000 0.499204
1209.000000 0.499211
1210.000000 0.499219
1211.000000 0.499226
1212.000000 0.494742
1213.000000 0.485803
1214.000000 0.476620
1215.000000 0.467210
1216.000000 0.457588
1217.000000 0.447769
1218.000000 0.437768
1219.000000 0.427599
1220.000000 0.417273
1221.000000 0.406805
1222.000000 0.396206
1223.000000 0.384902
1224.000000 0.372017
1225.000000 0.357616
1226.000000 0.342219
1227.000000 0.326053
1228.000000 0.309210
1229.000000 0.291723
1230.000000 0.273596
1231.000000 0.254824
1232.000000 0.235394
1233.000000 0.215291
1234.000000 0.194634
1235.000000 0.173844
1236.000000 0.153434
1237.000000 0.133709
1238.000000 0.114806
1239.000000 0.096830
1240.000000 0.079896
1241.000000 0.064130
1242.000000 0.049672
1243.000000 0.036672
1244.000000 0.025288
1245.000000 0.015660
1246.000000 0.007855
1247.000000 0.001829
1248.000000 -0.002525
1249.000000 -0.005317
1250.000000 -0.006638
1251.000000 -0.006585
1252.000000 -0.005263
1253.000000 -0.002795
1254.000000 0.000672
1255.000000 0.004971
1256.000000 0.009913
1257.000000 0.015304
1258.000000 0.020962
1259.000000 0.026731
1260.000000 0.032477
1261.000000 0.038075
1262.000000 0.043408
1263.000000 0.048364
1264.000000 0.052841
1265.000000 0.056756
1266.000000 0.060039
1267.000000 0.062646
1268.000000 0.064550
1269.000000 0.065746
1270.000000 0.066240
1271.000000 0.066044
1272.000000 0.065182
1273.000000 0.063684
1274.000000 0.061593
1275.000000 0.058957
1276.000000 0.055838
1277.000000 0.052298
1278.000000 0.048405
1279.000000 0.044226
1280.000000 0.039830
1281.000000 0.035281
1282.000000 0.030643
1283.000000 0.025979
1284.000000 0.021350
1285.000000 0.016813
1286.000000 0.012421
1287.000000 0.008222
1288.000000 0.004259
1289.000000 0.000567
1290.000000 -0.002823
1291.000000 -0.005887
1292.000000 -0.008604
1293.000000 -0.010960
1294.000000 -0.012947
1295.000000 -0.014562
1296.000000 -0.015805
1297.000000 -0.016686
1298.000000 -0.017215
1299.000000 -0.017410
1300.000000 -0.017289
1301.000000 -0.016875
1302.000000 -0.016194
1303.000000 -0.015274
1304.000000 -0.014146
1305.000000 -0.012839
1306.000000 -0.011387
1307.000000 -0.009823
1308.000000 -0.008178
1309.000000 -0.006485
1310.000000 -0.004775
1311.000000 -0.003077
1312.000000 -0.001419
1313.000000 0.000174
1314.000000 0.001678
1315.000000 0.003072
1316.000000 0.004339
1317.000000 0.005464
1318.000000 0.006434
1319.000000 0.007241
1320.000000 0.007879
1321.000000 0.008346
1322.000000 0.008640
1323.000000 0.008766
1324.000000 0.008727
1325.000000 0.008533
1326.000000 0.008191
1327.000000 0.007715
1328.000000 0.007118
1329.000000 0.006413
1330.000000 0.005616
1331.000000 0.004744
1332.000000 0.003813
1333.000000 0.002839
1334.000000 0.001839
1335.000000 0.000829
1336.000000 -0.000175
1337.000000 -0.001158
1338.000000 -0.002108
1339.000000 -0.003011
1340.000000 -0.003857
1341.000000 -0.004635
1342.000000 -0.005339
1343.000000 -0.005960
1344.000000 -0.006495
1345.000000 -0.006939
1346.000000 -0.007291
1347.000000 -0.007551
1348.000000 -0.007719
1349.000000 -0.007797
1350.000000 -0.007790
1351.000000 -0.007702
1352.000000 -0.007539
1353.000000 -0.007307
1354.000000 -0.007014
1355.000000 -0.006667
1356.000000 -0.006274
1357.000000 -0.005844
1358.000000 -0.005385
1359.000000 -0.004906
1360.000000 -0.004415
1361.000000 -0.003920
1362.000000 -0.003429
1363.000000 -0.002949
1364.000000 -0.002487
1365.000000 -0.002048
1366.000000 -0.001639
1367.000000 -0.001263
1368.000000 -0.000925
1369.000000 -0.000627
1370.000000 -0.000372
1371.000000 -0.000162
1372.000000 0.000004
1373.000000 0.000125
1374.000000 0.000201
1375.000000 0.000234
1376.000000 0.000227
1377.000000 0.000181
1378.000000 0.000099
1379.000000 -0.000015
1380.000000 -0.000158
1381.000000 -0.000325
1382.000000 -0.000513
1383.000000 -0.000718
1384.000000 -0.000935
1385.000000 -0.001160
1386.000000 -0.001388
1387.000000 -0.001618
1388.000000 -0.001843
1389.000000 -0.002061
1390.000000 -0.002269
1391.000000 -0.002464
1392.000000 -0.002643
1393.000000 -0.002804
1394.000000 -0.002945
1395.000000 -0.003065
1396.000000 -0.003164
1397.000000 -0.003239
1398.000000 -0.003292
1399.000000 -0.003323
1400.000000 -0.003331
1401.000000 -0.003317
1402.000000 -0.003284
1403.000000 -0.003231
1404.000000 -0.003161
1405.000000 -0.003075
1406.000000 -0.002976
1407.000000 -0.002864
1408.000000 -0.002743
1409.000000 -0.002615
1410.000000 -0.002481
1411.000000 -0.002344
1412.000000 -0.002205
1413.000000 -0.002067
1414.000000 -0.001932
1415.000000 -0.001801
1416.000000 -0.001676
1417.000000 -0.001557
1418.000000 -0.001448
1419.000000 -0.001347
1420.000000 -0.001257
1421.000000 -0.001178
1422.000000 -0.001110
1423.000000 -0.001054
1424.000000 -0.001009
1425.000000 -0.000975
1426.000000 -0.000953
1427.000000 -0.000942
1428.000000 -0.000940
1429.000000 -0.000948
1430.000000 -0.000964
1431.000000 -0.000989
1432.000000 -0.001019
1433.000000 -0.001056
1434.000000 -0.001097
1435.000000 -0.001141
1436.000000 -0.001188
1437.000000 -0.001237
1438.000000 -0.001286
1439.000000 -0.001334
1440.000000 -0.001381
1441.000000 -0.001426
1442.000000 -0.001467
1443.000000 -0.001505
1444.000000 -0.001538
1445.000000 -0.001567
1446.000000 -0.001591
1447.000000 -0.001609
1448.000000 -0.001622
1449.000000 -0.001629
1450.000000 -0.001630
1451.000000 -0.001626
1452.000000 -0.001616
1453.000000 -0.001602
1454.000000 -0.001582
1455.000000 -0.001558
1456.000000 -0.001530
1457.000000 -0.001499
1458.000000 -0.001464
1459.000000 -0.001427
1460.000000 -0.001389
1461.000000 -0.001348
1462.000000 -0.001307
1463.000000 -0.001265
1464.000000 -0.001224
1465.000000 -0.001183
1466.000000 -0.001143
1467.000000 -0.001104
1468.000000 -0.001068
1469.000000 -0.001033
1470.000000 -0.001001
1471.000000 -0.000971
1472.000000 -0.000944
1473.000000 -0.000920
1474.000000 -0.000899
1475.000000 -0.000881
1476.000000 -0.000866
1477.000000 -0.000854
1478.000000 -0.000845
1479.000000 -0.000838
1480.000000 -0.000834
1481.000000 -0.000832
1482.000000 -0.000832
1483.000000 -0.000834
1484.000000 -0.000837
1485.000000 -0.000842
1486.000000 -0.000848
1487.000000 -0.000854
1488.000000 -0.000861
1489.000000 -0.000869
1490.000000 -0.000876
1491.000000 -0.000883
1492.000000 -0.000889
1493.000000 -0.000895
1494.000000 -0.000900
1495.000000 -0.000904
1496.000000 -0.000907
1497.000000 -0.000908
1498.000000 -0.000908
1499.000000 -0.000907
1500.000000 -0.000905
1501.000000 -0.000901
1502.000000 -0.000896
1503.000000 -0.000889
1504.000000 -0.000882
1505.000000 -0.000873
1506.000000 -0.000863
1507.000000 -0.000851
1508.000000 -0.000839
1509.000000 -0.000827
1510.000000 -0.000813
1511.000000 -0.000800
1512.000000 -0.000785
1513.000000 -0.000771
1514.000000 -0.000756
1515.000000 -0.000742
1516.000000 -0.000727
1517.000000 -0.000713
1518.000000 -0.000700
1519.000000 -0.000686
1520.000000 -0.000674
1521.000000 -0.000662
1522.000000 -0.000650
1523.000000 -0.000640
1524.000000 -0.000630
1525.000000 -0.000621
1526.000000 -0.000612
1527.000000 -0.000605
1528.000000 -0.000598
1529.000000 -0.000592
1530.000000 -0.000587
1531.000000 -0.000582
1532.000000 -0.000578
1533.000000 -0.000574
1534.000000 -0.000571
1535.000000 -0.000569
1536.000000 -0.000567
1537.000000 -0.000565
1538.000000 -0.000563
1539.000000 -0.000562
1540.000000 -0.000561
1541.000000 -0.000559
1542.000000 -0.000558
1543.000000 -0.000557
1544.000000 -0.000555
1545.000000 -0.000553
1546.000000 -0.000551
1547.000000 -0.000549
1548.000000 -0.000547
1549.000000 -0.000544
1550.000000 -0.000541
1551.000000 -0.000538
1552.000000 -0.000534
1553.000000 -0.000530
1554.000000 -0.000526
1555.000000 -0.000521
1556.000000 -0.000516
1557.000000 -0.000511
1558.000000 -0.000505
1559.000000 -0.000500
1560.000000 -0.000494
1561.000000 -0.000488
1562.000000 -0.000482
1563.000000 -0.000476
1564.000000 -0.000470
1565.000000 -0.000464
1566.000000 -0.000458
1567.000000 -0.000451
1568.000000 -0.000445
1569.000000 -0.000440
1570.000000 -0.000434
1571.000000 -0.000428
1572.000000 -0.000423
1573.000000 -0.000417
1574.000000 -0.000412
1575.000000 -0.000408
1576.000000 -0.000403
1577.000000 -0.000399
1578.000000 -0.000394
1579.000000 -0.000390
1580.000000 -0.000387
1581.000000 -0.000383
1582.000000 -0.000380
1583.000000 -0.000377
1584.000000 -0.000374
1585.000000 -0.000371
1586.000000 -0.000368
1587.000000 -0.000365
1588.000000 -0.000363
1589.000000 -0.000360
1590.000000 -0.000358
1591.000000 -0.000356
1592.000000 -0.000354
1593.000000 -0.000351
1594.000000 -0.000349
1595.000000 -0.000347
1596.000000 -0.000344
1597.000000 -0.000342
1598.000000 -0.000340
1599.000000 -0.000337
1600.000000 -0.000335
