1.000000 -0.008636
2.000000 -0.008636
3.000000 -0.008636
4.000000 -0.008636
5.000000 -0.008636
6.000000 -0.008636
7.000000 -0.008636
8.000000 -0.008636
9.000000 -0.008636
10.000000 -0.005909
11.000000 -0.005909
12.000000 -0.008636
13.000000 -0.008636
14.000000 -0.005909
15.000000 -0.005909
16.000000 -0.005909
17.000000 -0.005909
18.000000 -0.005909
19.000000 -0.002727
20.000000 -0.002727
21.000000 -0.002727
22.000000 -0.002727
23.000000 0.000000
24.000000 0.000000
25.000000 0.002727
26.000000 0.005455
27.000000 0.005455
28.000000 0.008636
29.000000 0.011364
30.000000 0.016818
31.000000 0.016818
32.000000 0.020000
33.000000 0.025455
34.000000 0.028182
35.000000 0.031364
36.000000 0.034091
37.000000 0.036818
38.000000 0.039545
39.000000 0.045455
40.000000 0.045455
41.000000 0.050909
42.000000 0.054091
43.000000 0.056818
44.000000 0.059545
45.000000 0.062273
46.000000 0.065455
47.000000 0.068182
48.000000 0.070909
49.000000 0.073636
50.000000 0.076818
51.000000 0.079545
52.000000 0.085000
53.000000 0.085000
54.000000 0.090909
55.000000 0.093636
56.000000 0.093636
57.000000 0.096364
58.000000 0.099545
59.000000 0.099545
60.000000 0.102273
61.000000 0.102273
62.000000 0.105000
63.000000 0.107727
64.000000 0.110909
65.000000 0.110909
66.000000 0.113636
67.000000 0.116364
68.000000 0.116364
69.000000 0.119091
70.000000 0.122273
71.000000 0.122273
72.000000 0.125000
73.000000 0.127727
74.000000 0.127727
75.000000 0.130455
76.000000 0.133636
77.000000 0.133636
78.000000 0.133636
79.000000 0.136364
80.000000 0.139091
81.000000 0.139091
82.000000 0.141818
83.000000 0.141818
84.000000 0.145000
85.000000 0.147727
86.000000 0.147727
87.000000 0.150455
88.000000 0.150455
89.000000 0.153182
90.000000 0.156364
91.000000 0.159091
92.000000 0.159091
93.000000 0.159091
94.000000 0.161818
95.000000 0.164545
96.000000 0.164545
97.000000 0.167727
98.000000 0.167727
99.000000 0.170455
100.000000 0.170455
101.000000 0.173182
102.000000 0.173182
103.000000 0.173182
104.000000 0.175909
105.000000 0.179091
106.000000 0.179091
107.000000 0.179091
108.000000 0.181818
109.000000 0.181818
110.000000 0.184545
111.000000 0.184545
112.000000 0.187273
113.000000 0.187273
114.000000 0.190455
115.000000 0.190455
116.000000 0.190455
117.000000 0.193182
118.000000 0.193182
119.000000 0.195909
120.000000 0.195909
121.000000 0.195909
122.000000 0.198636
123.000000 0.198636
124.000000 0.198636
125.000000 0.201818
126.000000 0.201818
127.000000 0.201818
128.000000 0.201818
129.000000 0.201818
130.000000 0.204545
131.000000 0.204545
132.000000 0.204545
133.000000 0.207273
134.000000 0.207273
135.000000 0.207273
136.000000 0.210000
137.000000 0.210000
138.000000 0.210000
139.000000 0.213182
140.000000 0.213182
141.000000 0.213182
142.000000 0.215909
143.000000 0.215909
144.000000 0.215909
145.000000 0.215909
146.000000 0.215909
147.000000 0.218636
148.000000 0.218636
149.000000 0.218636
150.000000 0.218636
151.000000 0.221364
152.000000 0.221364
153.000000 0.221364
154.000000 0.221364
155.000000 0.224545
156.000000 0.224545
157.000000 0.224545
158.000000 0.227273
159.000000 0.227273
160.000000 0.227273
161.000000 0.227273
162.000000 0.230000
163.000000 0.230000
164.000000 0.230000
165.000000 0.230000
166.000000 0.232727
167.000000 0.232727
168.000000 0.232727
169.000000 0.232727
170.000000 0.235909
171.000000 0.235909
172.000000 0.235909
173.000000 0.235909
174.000000 0.235909
175.000000 0.235909
176.000000 0.238636
177.000000 0.238636
178.000000 0.238636
179.000000 0.238636
180.000000 0.238636
181.000000 0.238636
182.000000 0.238636
183.000000 0.238636
184.000000 0.238636
185.000000 0.238636
186.000000 0.238636
187.000000 0.238636
188.000000 0.238636
189.000000 0.241364
190.000000 0.241364
191.000000 0.241364
192.000000 0.241364
193.000000 0.241364
194.000000 0.241364
195.000000 0.241364
196.000000 0.241364
197.000000 0.241364
198.000000 0.244091
199.000000 0.244091
200.000000 0.244091
201.000000 0.244091
202.000000 0.241364
203.000000 0.241364
204.000000 0.241364
205.000000 0.241364
206.000000 0.244091
207.000000 0.244091
208.000000 0.244091
209.000000 0.244091
210.000000 0.244091
211.000000 0.244091
212.000000 0.244091
213.000000 0.244091
214.000000 0.244091
215.000000 0.244091
216.000000 0.244091
217.000000 0.244091
218.000000 0.244091
219.000000 0.244091
220.000000 0.244091
221.000000 0.244091
222.000000 0.244091
223.000000 0.244091
224.000000 0.244091
225.000000 0.244091
226.000000 0.244091
227.000000 0.244091
228.000000 0.244091
229.000000 0.247273
230.000000 0.247273
231.000000 0.250000
232.000000 0.250000
233.000000 0.250000
234.000000 0.250000
235.000000 0.252727
236.000000 0.252727
237.000000 0.250000
238.000000 0.252727
239.000000 0.252727
240.000000 0.252727
241.000000 0.252727
242.000000 0.252727
243.000000 0.252727
244.000000 0.255455
245.000000 0.255455
246.000000 0.255455
247.000000 0.255455
248.000000 0.255455
249.000000 0.255455
250.000000 0.255455
251.000000 0.252727
252.000000 0.252727
253.000000 0.252727
254.000000 0.252727
255.000000 0.252727
256.000000 0.252727
257.000000 0.252727
258.000000 0.252727
259.000000 0.252727
260.000000 0.252727
261.000000 0.252727
262.000000 0.252727
263.000000 0.252727
264.000000 0.252727
265.000000 0.252727
266.000000 0.252727
267.000000 0.252727
268.000000 0.252727
269.000000 0.252727
270.000000 0.252727
271.000000 0.252727
272.000000 0.252727
273.000000 0.255455
274.000000 0.255455
275.000000 0.255455
276.000000 0.255455
277.000000 0.255455
278.000000 0.255455
279.000000 0.255455
280.000000 0.255455
281.000000 0.252727
282.000000 0.252727
283.000000 0.255455
284.000000 0.255455
285.000000 0.255455
286.000000 0.255455
287.000000 0.255455
288.000000 0.255455
289.000000 0.255455
290.000000 0.255455
291.000000 0.255455
292.000000 0.258636
293.000000 0.258636
294.000000 0.258636
295.000000 0.258636
296.000000 0.258636
297.000000 0.261364
298.000000 0.261364
299.000000 0.261364
300.000000 0.261364
301.000000 0.258636
302.000000 0.258636
303.000000 0.258636
304.000000 0.261364
305.000000 0.261364
306.000000 0.261364
307.000000 0.261364
308.000000 0.261364
309.000000 0.261364
310.000000 0.261364
311.000000 0.261364
312.000000 0.261364
313.000000 0.264091
314.000000 0.264091
315.000000 0.264091
316.000000 0.264091
317.000000 0.264091
318.000000 0.264091
319.000000 0.261364
320.000000 0.261364
321.000000 0.261364
322.000000 0.261364
323.000000 0.258636
324.000000 0.258636
325.000000 0.258636
326.000000 0.258636
327.000000 0.261364
328.000000 0.261364
329.000000 0.258636
330.000000 0.261364
331.000000 0.261364
332.000000 0.261364
333.000000 0.261364
334.000000 0.261364
335.000000 0.261364
336.000000 0.261364
337.000000 0.264091
338.000000 0.261364
339.000000 0.264091
340.000000 0.264091
341.000000 0.264091
342.000000 0.261364
343.000000 0.261364
344.000000 0.261364
345.000000 0.261364
346.000000 0.261364
347.000000 0.261364
348.000000 0.261364
349.000000 0.261364
350.000000 0.261364
