1.000000 28.182788
2.000000 44.486663
3.000000 58.467948
4.000000 70.275911
5.000000 80.097570
6.000000 88.003864
7.000000 94.238628
8.000000 98.894305
9.000000 100.000000
10.000000 100.000000
11.000000 100.000000
12.000000 100.000000
13.000000 100.000000
14.000000 100.000000
15.000000 98.655824
16.000000 95.442087
17.000000 91.842102
18.000000 87.925637
19.000000 83.913829
20.000000 79.786038
21.000000 75.760246
22.000000 71.936904
23.000000 68.331705
24.000000 65.039047
25.000000 62.114394
26.000000 59.610867
27.000000 57.548610
28.000000 55.957970
29.000000 54.829398
30.000000 54.166445
31.000000 53.935856
32.000000 54.113044
33.000000 54.586576
34.000000 55.399245
35.000000 56.493007
36.000000 57.754402
37.000000 59.220100
38.000000 60.826608
39.000000 62.536541
40.000000 64.226553
41.000000 65.940343
42.000000 67.618552
43.000000 69.245910
44.000000 70.780701
45.000000 72.133651
46.000000 73.378742
47.000000 74.479933
48.000000 75.439035
49.000000 76.240384
50.000000 76.834919
51.000000 77.287848
52.000000 77.531157
53.000000 77.666082
54.000000 77.691263
55.000000 77.628057
56.000000 77.478416
57.000000 77.331159
58.000000 77.133054
59.000000 76.950560
60.000000 76.791255
61.000000 76.667651
62.000000 76.589185
63.000000 76.615298
64.000000 76.738979
65.000000 76.883746
66.000000 77.119498
67.000000 77.522111
68.000000 77.995179
69.000000 78.522609
70.000000 79.168230
71.000000 79.848363
72.000000 80.619354
73.000000 81.463759
74.000000 82.376012
75.000000 83.328398
76.000000 84.306869
77.000000 85.298718
78.000000 86.368688
79.000000 87.420459
80.000000 88.446344
81.000000 89.450894
82.000000 90.423599
83.000000 91.353045
84.000000 92.245122
85.000000 93.024479
86.000000 93.776635
87.000000 94.496900
88.000000 95.179148
89.000000 95.767738
90.000000 96.332185
91.000000 96.817508
92.000000 97.228373
93.000000 97.577299
94.000000 97.884174
95.000000 98.151035
96.000000 98.388793
97.000000 98.542388
98.000000 98.695171
99.000000 98.789688
100.000000 98.898954
101.000000 98.972279
102.000000 99.011652
103.000000 99.105912
104.000000 99.118718
105.000000 99.141005
106.000000 99.161820
107.000000 99.206828
108.000000 99.207794
109.000000 99.173323
110.000000 99.117477
111.000000 99.039965
112.000000 98.967450
113.000000 98.887010
114.000000 98.815826
115.000000 98.745406
116.000000 98.685215
117.000000 98.633913
118.000000 98.527197
119.000000 98.452600
120.000000 98.391003
121.000000 98.287783
122.000000 98.213041
123.000000 98.167724
124.000000 98.081336
125.000000 98.018563
126.000000 97.993741
127.000000 97.920249
128.000000 97.803549
129.000000 97.733633
130.000000 97.686386
131.000000 97.668110
132.000000 97.599247
133.000000 97.625694
134.000000 97.600223
135.000000 97.661006
136.000000 97.719835
137.000000 97.784253
138.000000 97.841260
139.000000 97.964163
140.000000 98.077294
141.000000 98.166702
142.000000 98.244422
143.000000 98.304724
144.000000 98.414685
145.000000 98.489711
146.000000 98.540907
147.000000 98.558754
148.000000 98.626614
149.000000 98.664056
150.000000 98.733449
151.000000 98.765389
152.000000 98.835483
153.000000 98.859831
154.000000 98.910063
155.000000 98.912663
156.000000 98.947793
157.000000 98.942818
158.000000 98.949971
159.000000 98.918812
160.000000 98.917011
161.000000 98.864428
162.000000 98.842542
163.000000 98.762273
164.000000 98.714777
165.000000 98.694973
166.000000 98.622112
167.000000 98.512072
168.000000 98.435764
169.000000 98.377516
170.000000 98.286749
171.000000 98.225298
172.000000 98.176872
173.000000 98.151153
174.000000 98.144326
175.000000 98.083496
176.000000 98.043768
177.000000 98.020470
178.000000 98.018311
179.000000 98.015228
180.000000 98.027582
181.000000 97.979537
182.000000 97.932086
183.000000 97.901646
184.000000 97.876518
185.000000 97.855960
186.000000 97.833908
187.000000 97.819647
188.000000 97.803660
189.000000 97.715499
190.000000 97.697887
191.000000 97.682166
192.000000 97.658629
193.000000 97.628453
194.000000 97.587425
195.000000 97.546627
196.000000 97.498180
197.000000 97.442433
198.000000 97.375642
199.000000 97.288082
200.000000 97.257368
201.000000 97.602227
202.000000 98.220237
203.000000 99.074038
204.000000 100.000000
205.000000 100.000000
206.000000 100.000000
207.000000 100.000000
208.000000 100.000000
209.000000 100.000000
210.000000 100.000000
211.000000 100.000000
212.000000 100.000000
213.000000 100.000000
214.000000 100.000000
215.000000 100.000000
216.000000 100.000000
217.000000 100.000000
218.000000 100.000000
219.000000 100.000000
220.000000 100.000000
221.000000 100.000000
222.000000 100.000000
223.000000 99.118098
224.000000 98.173569
225.000000 97.259769
226.000000 96.414887
227.000000 95.640164
228.000000 94.955949
229.000000 94.362475
230.000000 93.813514
231.000000 93.386043
232.000000 93.067137
233.000000 92.865239
234.000000 92.774036
235.000000 92.784567
236.000000 92.948740
237.000000 93.164327
238.000000 93.438908
239.000000 93.757709
240.000000 94.106563
241.000000 94.530412
242.000000 94.937466
243.000000 95.394591
244.000000 95.874799
245.000000 96.365393
246.000000 96.852050
247.000000 97.320510
248.000000 97.758933
249.000000 98.156387
250.000000 98.505816
251.000000 98.878385
252.000000 99.183155
253.000000 99.419202
254.000000 99.589413
255.000000 99.696836
256.000000 99.745455
257.000000 99.805746
258.000000 99.810798
259.000000 99.768549
260.000000 99.693587
261.000000 99.585957
262.000000 99.452770
263.000000 99.310810
264.000000 99.166522
265.000000 99.017666
266.000000 98.877509
267.000000 98.752035
268.000000 98.644408
269.000000 98.491447
270.000000 98.369983
271.000000 98.273018
272.000000 98.208920
273.000000 98.100828
274.000000 98.116576
275.000000 98.082540
276.000000 98.082422
277.000000 98.112328
278.000000 98.176269
279.000000 98.196249
280.000000 98.241779
281.000000 98.250624
282.000000 98.282821
283.000000 98.268066
284.000000 98.276026
285.000000 98.224352
286.000000 98.195449
287.000000 98.119817
288.000000 98.067399
289.000000 98.033035
290.000000 98.013391
291.000000 98.004613
292.000000 98.003341
293.000000 98.007040
294.000000 98.020840
295.000000 98.035233
296.000000 97.984226
297.000000 97.940249
298.000000 97.909620
299.000000 97.882789
300.000000 97.794593
301.000000 97.718291
302.000000 97.659237
303.000000 97.609718
304.000000 97.567317
305.000000 97.455677
306.000000 97.444490
307.000000 97.437203
308.000000 97.432522
309.000000 97.429688
310.000000 97.428167
311.000000 97.427499
312.000000 97.427871
313.000000 97.429057
314.000000 97.423336
315.000000 97.485206
316.000000 97.540303
317.000000 97.582379
318.000000 97.618685
319.000000 97.578189
320.000000 97.536593
321.000000 97.500453
322.000000 97.461992
323.000000 97.430516
324.000000 97.404555
325.000000 97.377199
326.000000 97.356706
327.000000 97.341296
328.000000 97.322782
329.000000 97.309772
330.000000 97.301976
331.000000 97.299262
332.000000 97.293274
333.000000 97.300142
334.000000 97.310037
335.000000 97.317193
336.000000 97.328746
337.000000 97.267659
338.000000 97.295321
339.000000 97.324944
340.000000 97.347513
341.000000 97.371132
342.000000 97.394772
343.000000 97.417519
344.000000 97.363617
345.000000 97.311487
346.000000 97.274311
347.000000 97.318342
348.000000 97.274691
349.000000 97.237208
350.000000 97.205831
351.000000 97.178993
352.000000 97.156895
353.000000 97.131348
354.000000 97.110396
355.000000 97.092604
356.000000 97.078267
357.000000 97.066229
358.000000 97.056392
359.000000 97.047815
360.000000 97.116927
361.000000 97.099995
362.000000 97.084676
363.000000 97.145591
364.000000 97.203638
365.000000 97.251848
366.000000 97.361756
367.000000 97.451246
368.000000 97.587752
369.000000 97.698985
370.000000 97.851663
371.000000 97.974288
372.000000 98.069595
373.000000 98.075206
374.000000 98.075651
375.000000 98.127377
376.000000 98.158517
377.000000 98.113101
378.000000 98.124996
379.000000 98.056428
380.000000 98.055928
381.000000 98.041581
382.000000 98.015683
383.000000 97.980898
384.000000 97.939350
385.000000 97.893076
