1.000000 18.393921
2.000000 22.732803
3.000000 26.815845
4.000000 30.628391
5.000000 34.203848
6.000000 37.508694
7.000000 40.576400
8.000000 43.394243
9.000000 45.974870
10.000000 48.327793
11.000000 50.467032
12.000000 52.380685
13.000000 54.099084
14.000000 55.613435
15.000000 56.936250
16.000000 58.057088
17.000000 59.008816
18.000000 59.780894
19.000000 60.408705
20.000000 60.886725
21.000000 61.246409
22.000000 61.478985
23.000000 61.598483
24.000000 61.613417
25.000000 61.539279
26.000000 61.366933
27.000000 61.105303
28.000000 60.769229
29.000000 60.366476
30.000000 59.910682
31.000000 59.408376
32.000000 58.848439
33.000000 58.245735
34.000000 57.604334
35.000000 56.933014
36.000000 56.241015
37.000000 55.537324
38.000000 54.825157
39.000000 54.110229
40.000000 53.399459
41.000000 52.699355
42.000000 51.990588
43.000000 51.298008
44.000000 50.624891
45.000000 49.975152
46.000000 49.372785
47.000000 48.794619
48.000000 48.241697
49.000000 47.718485
50.000000 47.243205
51.000000 46.816964
52.000000 46.416032
53.000000 46.058679
54.000000 45.746644
55.000000 45.474110
56.000000 45.242513
57.000000 45.044427
58.000000 44.902362
59.000000 44.811244
60.000000 44.743416
61.000000 44.720015
62.000000 44.757296
63.000000 44.828638
64.000000 44.930371
65.000000 45.080674
66.000000 45.249726
67.000000 45.456417
68.000000 45.697927
69.000000 45.949916
70.000000 46.228497
71.000000 46.531216
72.000000 46.853126
73.000000 47.190860
74.000000 47.541050
75.000000 47.901013
76.000000 48.268062
77.000000 48.639730
78.000000 49.012182
79.000000 49.384971
80.000000 49.756273
81.000000 50.124239
82.000000 50.507805
83.000000 50.884267
84.000000 51.276094
85.000000 51.658750
86.000000 52.029988
87.000000 52.409654
88.000000 52.775907
89.000000 53.150034
90.000000 53.509119
91.000000 53.874708
92.000000 54.225485
93.000000 54.561714
94.000000 54.907224
95.000000 55.237381
96.000000 55.552681
97.000000 55.855030
98.000000 56.143653
99.000000 56.420523
100.000000 56.661423
101.000000 56.893403
102.000000 57.117316
103.000000 57.332205
104.000000 57.521285
105.000000 57.705289
106.000000 57.864886
107.000000 58.021881
108.000000 58.158015
109.000000 58.295478
110.000000 58.410986
111.000000 58.510074
112.000000 58.614311
113.000000 58.704049
114.000000 58.780611
115.000000 58.842339
116.000000 58.873833
117.000000 58.898079
118.000000 58.914263
119.000000 58.925478
120.000000 58.912818
121.000000 58.876311
122.000000 58.840667
123.000000 58.782843
124.000000 58.730070
125.000000 58.661337
126.000000 58.594937
127.000000 58.516202
128.000000 58.423336
129.000000 58.339923
130.000000 58.246071
131.000000 58.139486
132.000000 58.026521
133.000000 57.901960
134.000000 57.793466
135.000000 57.674188
136.000000 57.550155
137.000000 57.418565
138.000000 57.283924
139.000000 57.141910
140.000000 56.998013
141.000000 56.849589
142.000000 56.700412
143.000000 56.571211
144.000000 56.435891
145.000000 56.299915
146.000000 56.159952
147.000000 56.020007
148.000000 55.895435
149.000000 55.769830
150.000000 55.662325
151.000000 55.549335
152.000000 55.453328
153.000000 55.374656
154.000000 55.287020
155.000000 55.215845
156.000000 55.158329
157.000000 55.111282
158.000000 55.055845
159.000000 55.013475
160.000000 54.978310
161.000000 54.954408
162.000000 54.939107
163.000000 54.909457
164.000000 54.887906
165.000000 54.873447
166.000000 54.866706
167.000000 54.863191
168.000000 54.864250
169.000000 54.869278
170.000000 54.898774
171.000000 54.929195
172.000000 54.956775
173.000000 54.984278
174.000000 55.011159
175.000000 55.058653
176.000000 55.103270
177.000000 55.141293
178.000000 55.196121
179.000000 55.246245
180.000000 55.311382
181.000000 55.371279
182.000000 55.424726
183.000000 55.491589
184.000000 55.547041
185.000000 55.594720
186.000000 55.655079
187.000000 55.726697
188.000000 55.788303
189.000000 55.861882
190.000000 55.923304
191.000000 55.994404
192.000000 56.050726
193.000000 56.096260
194.000000 56.151795
195.000000 56.216222
196.000000 56.268571
197.000000 56.309378
198.000000 56.359553
199.000000 56.394233
200.000000 56.436668
201.000000 56.604909
202.000000 56.893844
203.000000 57.257646
204.000000 57.697277
205.000000 58.172997
206.000000 58.688296
207.000000 59.203133
208.000000 59.730180
209.000000 60.255866
210.000000 60.751630
211.000000 61.229014
212.000000 61.681934
213.000000 62.083454
214.000000 62.451641
215.000000 62.762438
216.000000 63.009902
217.000000 63.199330
218.000000 63.351244
219.000000 63.426291
220.000000 63.444753
221.000000 63.414045
222.000000 63.337932
223.000000 63.220504
224.000000 63.062940
225.000000 62.873827
226.000000 62.677842
227.000000 62.438105
228.000000 62.177511
229.000000 61.904359
230.000000 61.624135
231.000000 61.339423
232.000000 61.050529
233.000000 60.763525
234.000000 60.481163
235.000000 60.205727
236.000000 59.934043
237.000000 59.652770
238.000000 59.384272
239.000000 59.125970
240.000000 58.881482
241.000000 58.629526
242.000000 58.389422
243.000000 58.162814
244.000000 57.928940
245.000000 57.704794
246.000000 57.493390
247.000000 57.293718
248.000000 57.104777
249.000000 56.922157
250.000000 56.748281
251.000000 56.580767
252.000000 56.419835
253.000000 56.261499
254.000000 56.108698
255.000000 55.960845
256.000000 55.817372
257.000000 55.673386
258.000000 55.533535
259.000000 55.397816
260.000000 55.286127
261.000000 55.177005
262.000000 55.067281
263.000000 54.980906
264.000000 54.916682
265.000000 54.853040
266.000000 54.810154
267.000000 54.787290
268.000000 54.783173
269.000000 54.797637
270.000000 54.828327
271.000000 54.853665
272.000000 54.893989
273.000000 54.949646
274.000000 55.036358
275.000000 55.134486
276.000000 55.241117
277.000000 55.354909
278.000000 55.495056
279.000000 55.640075
280.000000 55.787306
281.000000 55.960420
282.000000 56.132047
283.000000 56.302453
284.000000 56.469519
285.000000 56.633552
286.000000 56.792248
287.000000 56.946482
288.000000 57.094265
289.000000 57.234948
290.000000 57.368148
291.000000 57.493458
292.000000 57.610398
293.000000 57.718646
294.000000 57.838416
295.000000 57.948173
296.000000 58.049372
297.000000 58.140527
298.000000 58.242153
299.000000 58.332911
300.000000 58.414550
301.000000 58.486088
302.000000 58.568083
303.000000 58.639974
304.000000 58.701815
305.000000 58.755950
306.000000 58.823215
307.000000 58.880996
308.000000 58.929636
309.000000 58.969726
310.000000 59.001716
311.000000 59.026103
312.000000 59.043696
313.000000 59.055034
314.000000 59.037239
315.000000 59.014515
316.000000 58.988600
317.000000 58.939906
318.000000 58.890068
319.000000 58.820921
320.000000 58.732721
321.000000 58.646869
322.000000 58.540348
323.000000 58.438432
324.000000 58.341144
325.000000 58.228507
326.000000 58.122339
327.000000 58.022332
328.000000 57.908045
329.000000 57.801306
330.000000 57.702085
331.000000 57.610333
332.000000 57.505464
333.000000 57.429347
334.000000 57.360162
335.000000 57.277925
336.000000 57.203785
337.000000 57.138975
338.000000 57.079921
339.000000 57.028138
340.000000 56.959677
341.000000 56.899017
342.000000 56.845656
343.000000 56.799237
344.000000 56.761110
345.000000 56.708895
346.000000 56.683577
347.000000 56.661459
348.000000 56.625557
349.000000 56.595140
350.000000 56.570079
351.000000 56.549662
352.000000 56.533802
353.000000 56.501825
354.000000 56.474823
355.000000 56.452240
356.000000 56.433939
357.000000 56.419371
358.000000 56.408127
359.000000 56.399741
360.000000 56.392490
361.000000 56.389034
362.000000 56.387716
363.000000 56.386210
364.000000 56.406232
365.000000 56.426285
366.000000 56.464738
367.000000 56.501165
368.000000 56.534338
369.000000 56.565659
370.000000 56.593728
371.000000 56.619999
372.000000 56.644456
373.000000 56.668529
374.000000 56.714405
375.000000 56.755541
376.000000 56.793411
377.000000 56.849587
378.000000 56.900195
379.000000 56.947989
380.000000 57.010698
381.000000 57.067956
382.000000 57.119893
383.000000 57.166908
384.000000 57.209117
385.000000 57.246676
