1.000000 36.620000
2.000000 36.620000
3.000000 36.430000
4.000000 36.310000
5.000000 36.180000
6.000000 36.060000
7.000000 35.930000
8.000000 35.870000
9.000000 35.810000
10.000000 35.750000
11.000000 35.680000
12.000000 35.680000
13.000000 35.680000
14.000000 35.680000
15.000000 35.680000
16.000000 35.680000
17.000000 35.750000
18.000000 35.810000
19.000000 35.810000
20.000000 35.870000
21.000000 36.000000
22.000000 36.060000
23.000000 36.120000
24.000000 36.250000
25.000000 36.370000
26.000000 36.500000
27.000000 36.620000
28.000000 36.750000
29.000000 36.930000
30.000000 37.120000
31.000000 37.310000
32.000000 37.500000
33.000000 37.750000
34.000000 37.930000
35.000000 38.180000
36.000000 38.430000
37.000000 38.680000
38.000000 38.930000
39.000000 39.180000
40.000000 39.500000
41.000000 39.750000
42.000000 40.060000
43.000000 40.310000
44.000000 40.560000
45.000000 40.810000
46.000000 41.000000
47.000000 41.250000
48.000000 41.430000
49.000000 41.620000
50.000000 41.810000
51.000000 42.000000
52.000000 42.180000
53.000000 42.370000
54.000000 42.560000
55.000000 42.680000
56.000000 42.870000
57.000000 43.000000
58.000000 43.120000
59.000000 43.250000
60.000000 43.310000
61.000000 43.430000
62.000000 43.560000
63.000000 43.620000
64.000000 43.680000
65.000000 43.750000
66.000000 43.810000
67.000000 43.930000
68.000000 44.000000
69.000000 44.060000
70.000000 44.120000
71.000000 44.180000
72.000000 44.250000
73.000000 44.310000
74.000000 44.370000
75.000000 44.430000
76.000000 44.500000
77.000000 44.560000
78.000000 44.680000
79.000000 44.750000
80.000000 44.870000
81.000000 44.930000
82.000000 45.000000
83.000000 45.060000
84.000000 45.060000
85.000000 45.120000
86.000000 45.120000
87.000000 45.180000
88.000000 45.180000
89.000000 45.250000
90.000000 45.250000
91.000000 45.310000
92.000000 45.370000
93.000000 45.430000
94.000000 45.500000
95.000000 45.560000
96.000000 45.620000
97.000000 45.680000
98.000000 45.750000
99.000000 45.810000
100.000000 45.810000
101.000000 45.870000
102.000000 45.870000
103.000000 45.930000
104.000000 46.000000
105.000000 46.000000
106.000000 46.060000
107.000000 46.060000
108.000000 46.060000
109.000000 46.120000
110.000000 46.120000
111.000000 46.120000
112.000000 46.060000
113.000000 46.060000
114.000000 46.060000
115.000000 46.060000
116.000000 46.000000
117.000000 46.000000
118.000000 46.000000
119.000000 46.000000
120.000000 46.000000
121.000000 46.000000
122.000000 46.000000
123.000000 46.000000
124.000000 46.000000
125.000000 46.060000
126.000000 46.060000
127.000000 46.120000
128.000000 46.120000
129.000000 46.180000
130.000000 46.180000
131.000000 46.250000
132.000000 46.250000
133.000000 46.310000
134.000000 46.310000
135.000000 46.370000
136.000000 46.370000
137.000000 46.370000
138.000000 46.370000
139.000000 46.370000
140.000000 46.430000
141.000000 46.430000
142.000000 46.370000
143.000000 46.370000
144.000000 46.370000
145.000000 46.310000
146.000000 46.310000
147.000000 46.250000
148.000000 46.250000
149.000000 46.180000
150.000000 46.120000
151.000000 46.060000
152.000000 46.060000
153.000000 46.000000
154.000000 46.000000
155.000000 45.930000
156.000000 45.930000
157.000000 45.870000
158.000000 45.870000
159.000000 45.870000
160.000000 45.870000
161.000000 45.930000
162.000000 45.930000
163.000000 45.930000
164.000000 45.930000
165.000000 45.930000
166.000000 45.930000
167.000000 45.870000
168.000000 45.870000
169.000000 45.870000
170.000000 45.870000
171.000000 45.870000
172.000000 45.870000
173.000000 45.810000
174.000000 45.810000
175.000000 45.810000
176.000000 45.750000
177.000000 45.680000
178.000000 45.680000
179.000000 45.620000
180.000000 45.620000
181.000000 45.560000
182.000000 45.560000
183.000000 45.560000
184.000000 45.500000
185.000000 45.500000
186.000000 45.500000
187.000000 45.430000
188.000000 45.430000
189.000000 45.430000
190.000000 45.370000
191.000000 45.370000
192.000000 45.370000
193.000000 45.310000
194.000000 45.310000
195.000000 45.310000
196.000000 45.310000
197.000000 45.310000
198.000000 45.310000
199.000000 45.250000
200.000000 45.310000
201.000000 45.310000
202.000000 45.310000
203.000000 45.310000
204.000000 45.310000
205.000000 45.310000
206.000000 45.310000
207.000000 45.310000
208.000000 45.310000
209.000000 45.310000
210.000000 45.370000
211.000000 45.310000
212.000000 45.310000
213.000000 45.310000
214.000000 45.250000
215.000000 45.250000
216.000000 45.250000
217.000000 45.250000
218.000000 45.180000
219.000000 45.180000
220.000000 45.180000
221.000000 45.120000
222.000000 45.120000
223.000000 45.120000
224.000000 45.120000
225.000000 45.120000
226.000000 45.180000
227.000000 45.180000
228.000000 45.180000
229.000000 45.180000
230.000000 45.180000
231.000000 45.180000
232.000000 45.250000
233.000000 45.250000
234.000000 45.250000
235.000000 45.250000
236.000000 45.310000
237.000000 45.310000
238.000000 45.370000
239.000000 45.370000
240.000000 45.430000
241.000000 45.430000
242.000000 45.500000
243.000000 45.500000
244.000000 45.560000
245.000000 45.560000
246.000000 45.620000
247.000000 45.620000
248.000000 45.620000
249.000000 45.620000
250.000000 45.560000
251.000000 45.560000
252.000000 45.560000
253.000000 45.560000
254.000000 45.500000
255.000000 45.500000
256.000000 45.500000
257.000000 45.500000
258.000000 45.500000
259.000000 45.430000
260.000000 45.370000
261.000000 45.370000
262.000000 45.310000
263.000000 45.310000
264.000000 45.310000
265.000000 45.310000
266.000000 45.310000
267.000000 45.310000
268.000000 45.250000
269.000000 45.250000
270.000000 45.250000
271.000000 45.250000
272.000000 45.250000
273.000000 45.250000
274.000000 45.250000
275.000000 45.310000
276.000000 45.310000
277.000000 45.310000
278.000000 45.310000
279.000000 45.370000
280.000000 45.370000
281.000000 45.370000
282.000000 45.370000
283.000000 45.310000
284.000000 45.310000
285.000000 45.310000
286.000000 45.310000
287.000000 45.250000
288.000000 45.250000
289.000000 45.250000
290.000000 45.250000
291.000000 45.180000
292.000000 45.180000
293.000000 45.180000
294.000000 45.120000
295.000000 45.120000
296.000000 45.120000
297.000000 45.060000
298.000000 45.060000
299.000000 45.060000
300.000000 45.060000
301.000000 45.000000
302.000000 45.000000
303.000000 45.000000
304.000000 45.000000
305.000000 45.000000
306.000000 45.000000
307.000000 45.000000
308.000000 45.000000
309.000000 45.000000
310.000000 45.060000
311.000000 45.060000
312.000000 45.060000
313.000000 45.120000
314.000000 45.120000
315.000000 45.180000
316.000000 45.180000
317.000000 45.180000
318.000000 45.250000
319.000000 45.250000
320.000000 45.250000
321.000000 45.250000
322.000000 45.250000
323.000000 45.310000
324.000000 45.310000
325.000000 45.310000
326.000000 45.310000
327.000000 45.310000
328.000000 45.310000
329.000000 45.370000
330.000000 45.310000
331.000000 45.310000
332.000000 45.310000
333.000000 45.310000
334.000000 45.310000
335.000000 45.310000
336.000000 45.250000
337.000000 45.250000
338.000000 45.250000
339.000000 45.250000
340.000000 45.250000
341.000000 45.180000
342.000000 45.180000
343.000000 45.180000
344.000000 45.180000
345.000000 45.180000
346.000000 45.180000
347.000000 45.180000
348.000000 45.180000
349.000000 45.180000
350.000000 45.180000
351.000000 45.180000
352.000000 45.180000
353.000000 45.180000
354.000000 45.180000
355.000000 45.120000
356.000000 45.120000
357.000000 45.120000
358.000000 45.060000
359.000000 45.060000
360.000000 45.060000
361.000000 45.060000
362.000000 45.000000
363.000000 45.000000
364.000000 45.000000
365.000000 45.000000
366.000000 45.000000
367.000000 44.930000
368.000000 44.930000
369.000000 44.930000
370.000000 44.930000
371.000000 44.930000
372.000000 44.930000
373.000000 44.930000
374.000000 45.000000
375.000000 45.000000
376.000000 45.000000
377.000000 45.060000
378.000000 45.060000
379.000000 45.120000
380.000000 45.120000
381.000000 45.120000
382.000000 45.180000
383.000000 45.180000
384.000000 45.180000
385.000000 45.180000
386.000000 45.180000
387.000000 45.180000
388.000000 45.180000
389.000000 45.180000
390.000000 45.180000
391.000000 45.180000
392.000000 45.180000
393.000000 45.180000
394.000000 45.180000
395.000000 45.180000
396.000000 45.120000
397.000000 45.120000
398.000000 45.120000
399.000000 45.060000
400.000000 36.620000
