1.000000 0.019231
2.000000 0.017692
3.000000 0.017692
4.000000 0.019231
5.000000 0.019231
6.000000 0.019231
7.000000 0.019231
8.000000 0.019231
9.000000 0.019231
10.000000 0.019231
11.000000 0.019231
12.000000 0.019231
13.000000 0.019231
14.000000 0.019231
15.000000 0.019231
16.000000 0.021026
17.000000 0.021026
18.000000 0.021026
19.000000 0.022564
20.000000 0.022564
21.000000 0.024103
22.000000 0.025641
23.000000 0.025641
24.000000 0.027436
25.000000 0.028974
26.000000 0.030513
27.000000 0.033846
28.000000 0.035385
29.000000 0.036923
30.000000 0.038462
31.000000 0.040256
32.000000 0.043333
33.000000 0.044872
34.000000 0.048205
35.000000 0.049744
36.000000 0.053077
37.000000 0.054615
38.000000 0.057692
39.000000 0.061026
40.000000 0.062564
41.000000 0.065897
42.000000 0.068974
43.000000 0.070513
44.000000 0.073846
45.000000 0.075385
46.000000 0.078718
47.000000 0.081795
48.000000 0.083333
49.000000 0.086667
50.000000 0.088205
51.000000 0.091538
52.000000 0.094615
53.000000 0.096154
54.000000 0.099487
55.000000 0.101026
56.000000 0.104359
57.000000 0.105897
58.000000 0.108974
59.000000 0.110769
60.000000 0.113846
61.000000 0.115385
62.000000 0.117179
63.000000 0.118718
64.000000 0.121795
65.000000 0.123590
66.000000 0.125128
67.000000 0.126667
68.000000 0.130000
69.000000 0.131538
70.000000 0.133077
71.000000 0.134615
72.000000 0.136410
73.000000 0.137949
74.000000 0.141026
75.000000 0.142821
76.000000 0.145897
77.000000 0.145897
78.000000 0.149231
79.000000 0.150769
80.000000 0.152308
81.000000 0.155641
82.000000 0.157179
83.000000 0.160256
84.000000 0.162051
85.000000 0.163590
86.000000 0.166667
87.000000 0.168462
88.000000 0.170000
89.000000 0.171538
90.000000 0.173077
91.000000 0.174872
92.000000 0.176410
93.000000 0.177949
94.000000 0.179487
95.000000 0.179487
96.000000 0.181282
97.000000 0.182821
98.000000 0.184359
99.000000 0.184359
100.000000 0.185897
101.000000 0.187692
102.000000 0.189231
103.000000 0.190769
104.000000 0.190769
105.000000 0.192308
106.000000 0.192308
107.000000 0.194103
108.000000 0.195641
109.000000 0.197179
110.000000 0.197179
111.000000 0.198718
112.000000 0.200513
113.000000 0.200513
114.000000 0.200513
115.000000 0.200513
116.000000 0.202051
117.000000 0.202051
118.000000 0.202051
119.000000 0.203590
120.000000 0.205128
121.000000 0.205128
122.000000 0.208462
123.000000 0.208462
124.000000 0.210000
125.000000 0.211538
126.000000 0.211538
127.000000 0.211538
128.000000 0.213333
129.000000 0.214872
130.000000 0.214872
131.000000 0.214872
132.000000 0.216410
133.000000 0.216410
134.000000 0.217949
135.000000 0.217949
136.000000 0.219744
137.000000 0.221282
138.000000 0.222821
139.000000 0.222821
140.000000 0.224359
141.000000 0.226154
142.000000 0.226154
143.000000 0.227692
144.000000 0.229231
145.000000 0.229231
146.000000 0.230769
147.000000 0.230769
148.000000 0.232564
149.000000 0.232564
150.000000 0.234103
151.000000 0.235641
152.000000 0.235641
153.000000 0.237179
154.000000 0.237179
155.000000 0.238974
156.000000 0.238974
157.000000 0.238974
158.000000 0.238974
159.000000 0.238974
160.000000 0.240513
161.000000 0.240513
162.000000 0.242051
163.000000 0.242051
164.000000 0.242051
165.000000 0.242051
166.000000 0.243590
167.000000 0.243590
168.000000 0.243590
169.000000 0.243590
170.000000 0.243590
171.000000 0.243590
172.000000 0.243590
173.000000 0.243590
174.000000 0.243590
175.000000 0.245385
176.000000 0.245385
177.000000 0.245385
178.000000 0.246923
179.000000 0.246923
180.000000 0.248462
181.000000 0.248462
182.000000 0.248462
183.000000 0.250000
184.000000 0.250000
185.000000 0.250000
186.000000 0.250000
187.000000 0.251795
188.000000 0.250000
189.000000 0.251795
190.000000 0.250000
191.000000 0.250000
192.000000 0.251795
193.000000 0.251795
194.000000 0.250000
195.000000 0.251795
196.000000 0.251795
197.000000 0.251795
198.000000 0.251795
199.000000 0.250000
200.000000 0.250000
201.000000 0.250000
202.000000 0.250000
203.000000 0.250000
204.000000 0.250000
205.000000 0.250000
206.000000 0.251795
207.000000 0.251795
208.000000 0.251795
209.000000 0.251795
210.000000 0.251795
211.000000 0.251795
212.000000 0.253333
213.000000 0.253333
214.000000 0.253333
215.000000 0.253333
216.000000 0.251795
217.000000 0.251795
218.000000 0.251795
219.000000 0.253333
220.000000 0.253333
221.000000 0.253333
222.000000 0.253333
223.000000 0.254872
224.000000 0.254872
225.000000 0.254872
226.000000 0.254872
227.000000 0.254872
228.000000 0.256410
229.000000 0.256410
230.000000 0.256410
231.000000 0.256410
232.000000 0.256410
233.000000 0.258205
234.000000 0.258205
235.000000 0.258205
236.000000 0.258205
237.000000 0.258205
238.000000 0.258205
239.000000 0.258205
240.000000 0.259744
241.000000 0.259744
242.000000 0.259744
243.000000 0.259744
244.000000 0.259744
245.000000 0.259744
246.000000 0.259744
247.000000 0.261282
248.000000 0.261282
249.000000 0.261282
250.000000 0.261282
251.000000 0.261282
252.000000 0.261282
253.000000 0.261282
254.000000 0.261282
255.000000 0.261282
256.000000 0.261282
257.000000 0.261282
258.000000 0.261282
259.000000 0.261282
260.000000 0.261282
261.000000 0.261282
262.000000 0.262821
263.000000 0.262821
264.000000 0.262821
265.000000 0.262821
266.000000 0.262821
267.000000 0.262821
268.000000 0.262821
269.000000 0.262821
270.000000 0.262821
271.000000 0.262821
272.000000 0.262821
273.000000 0.262821
274.000000 0.262821
275.000000 0.262821
276.000000 0.262821
277.000000 0.262821
278.000000 0.262821
279.000000 0.264615
280.000000 0.264615
281.000000 0.264615
282.000000 0.264615
283.000000 0.264615
284.000000 0.264615
285.000000 0.264615
286.000000 0.264615
287.000000 0.264615
288.000000 0.264615
289.000000 0.264615
290.000000 0.264615
291.000000 0.264615
292.000000 0.262821
293.000000 0.262821
294.000000 0.262821
295.000000 0.261282
296.000000 0.261282
297.000000 0.261282
298.000000 0.259744
299.000000 0.259744
300.000000 0.259744
301.000000 0.259744
302.000000 0.258205
303.000000 0.259744
304.000000 0.259744
305.000000 0.259744
306.000000 0.259744
307.000000 0.259744
308.000000 0.259744
309.000000 0.261282
310.000000 0.259744
311.000000 0.259744
312.000000 0.259744
313.000000 0.261282
314.000000 0.261282
315.000000 0.261282
316.000000 0.261282
317.000000 0.261282
318.000000 0.262821
319.000000 0.261282
320.000000 0.261282
321.000000 0.261282
322.000000 0.261282
323.000000 0.261282
324.000000 0.259744
325.000000 0.259744
326.000000 0.259744
327.000000 0.259744
328.000000 0.259744
329.000000 0.259744
330.000000 0.258205
331.000000 0.258205
332.000000 0.258205
333.000000 0.258205
334.000000 0.256410
335.000000 0.256410
336.000000 0.256410
337.000000 0.256410
338.000000 0.256410
339.000000 0.256410
340.000000 0.256410
341.000000 0.256410
342.000000 0.256410
343.000000 0.256410
344.000000 0.256410
345.000000 0.256410
346.000000 0.256410
347.000000 0.258205
348.000000 0.258205
349.000000 0.258205
350.000000 0.258205
