1.000000 0.000000
2.000000 0.000000
3.000000 0.000000
4.000000 0.000000
5.000000 0.000000
6.000000 0.000000
7.000000 0.000000
8.000000 0.000000
9.000000 0.000000
10.000000 0.000000
11.000000 0.000000
12.000000 0.000000
13.000000 0.000000
14.000000 0.000000
15.000000 0.000000
16.000000 0.000000
17.000000 0.000000
18.000000 0.000000
19.000000 0.000000
20.000000 0.000000
21.000000 0.000000
22.000000 0.000000
23.000000 0.000000
24.000000 0.000000
25.000000 0.000000
26.000000 0.019922
27.000000 0.067821
28.000000 0.127904
29.000000 0.193019
30.000000 0.259932
31.000000 0.327179
32.000000 0.394106
33.000000 0.460421
34.000000 0.525998
35.000000 0.590784
36.000000 0.654764
37.000000 0.717241
38.000000 0.773985
39.000000 0.821561
40.000000 0.860703
41.000000 0.892805
42.000000 0.918997
43.000000 0.940037
44.000000 0.956397
45.000000 0.968368
46.000000 0.976136
47.000000 0.979826
48.000000 0.979625
49.000000 0.976320
50.000000 0.971413
51.000000 0.966204
52.000000 0.961316
53.000000 0.956980
54.000000 0.953288
55.000000 0.950319
56.000000 0.948186
57.000000 0.947040
58.000000 0.947067
59.000000 0.948455
60.000000 0.951304
61.000000 0.955482
62.000000 0.960642
63.000000 0.966410
64.000000 0.972504
65.000000 0.978737
66.000000 0.984982
67.000000 0.991129
68.000000 0.997068
69.000000 1.002670
70.000000 1.007789
71.000000 1.012277
72.000000 1.016021
73.000000 1.018983
74.000000 1.021201
75.000000 1.022751
76.000000 1.023711
77.000000 1.024153
78.000000 1.024136
79.000000 1.023719
80.000000 1.022967
81.000000 1.021954
82.000000 1.020770
83.000000 1.019510
84.000000 1.018260
85.000000 1.017089
86.000000 1.016039
87.000000 1.015135
88.000000 1.014391
89.000000 1.013816
90.000000 1.013416
91.000000 1.013194
92.000000 1.013144
93.000000 1.013254
94.000000 1.013502
95.000000 1.013858
96.000000 1.014289
97.000000 1.014764
98.000000 1.015257
99.000000 1.015745
100.000000 1.016211
101.000000 1.016639
102.000000 1.017013
103.000000 1.017321
104.000000 1.017554
105.000000 1.017706
106.000000 1.017776
107.000000 1.017768
108.000000 1.017689
109.000000 1.017548
110.000000 1.017352
111.000000 1.017113
112.000000 1.016840
113.000000 1.016541
114.000000 1.016227
115.000000 1.015906
116.000000 1.015589
117.000000 1.015283
118.000000 1.014993
119.000000 1.014724
120.000000 1.014479
121.000000 1.014260
122.000000 1.014065
123.000000 1.013895
124.000000 1.013749
125.000000 1.013624
126.000000 1.013518
127.000000 1.013428
128.000000 1.013349
129.000000 1.013279
130.000000 1.013214
131.000000 1.013151
132.000000 1.013086
133.000000 1.013019
134.000000 1.012946
135.000000 1.012867
136.000000 1.012780
137.000000 1.012685
138.000000 1.012582
139.000000 1.012471
140.000000 1.012352
141.000000 1.012227
142.000000 1.012096
143.000000 1.011961
144.000000 1.011823
145.000000 1.011684
146.000000 1.011543
147.000000 1.011403
148.000000 1.011265
149.000000 1.011129
150.000000 1.010996
151.000000 1.010867
152.000000 1.010741
153.000000 1.010620
154.000000 1.010503
155.000000 1.010391
156.000000 1.010282
157.000000 1.010177
158.000000 1.010075
159.000000 1.009976
160.000000 1.009879
161.000000 1.009785
162.000000 1.009692
163.000000 1.009600
164.000000 1.009509
165.000000 1.009419
166.000000 1.009329
167.000000 1.009239
168.000000 1.009149
169.000000 1.009058
170.000000 1.008968
171.000000 1.008877
172.000000 1.008786
173.000000 1.008696
174.000000 1.008605
175.000000 1.008515
176.000000 1.008425
177.000000 1.008335
178.000000 1.008247
179.000000 1.008159
180.000000 1.008071
181.000000 1.007985
182.000000 1.007901
183.000000 1.007817
184.000000 1.007734
185.000000 1.007653
186.000000 1.007573
187.000000 1.007494
188.000000 1.007416
189.000000 1.007339
190.000000 1.007264
191.000000 1.007189
192.000000 1.007116
193.000000 1.007043
194.000000 1.006971
195.000000 1.006900
196.000000 1.006829
197.000000 1.006760
198.000000 1.006691
199.000000 1.006622
200.000000 1.006554
201.000000 1.006487
202.000000 1.006420
203.000000 1.006354
204.000000 1.006289
205.000000 1.006223
206.000000 1.006159
207.000000 1.006095
208.000000 1.006032
209.000000 1.005969
210.000000 1.005907
211.000000 1.005846
212.000000 1.005785
213.000000 1.005725
214.000000 1.005665
215.000000 1.005606
216.000000 1.005548
217.000000 1.005490
218.000000 1.005433
219.000000 1.005377
220.000000 1.005321
221.000000 1.005266
222.000000 1.005212
223.000000 1.005158
224.000000 1.005105
225.000000 1.005052
226.000000 1.005000
227.000000 1.004948
228.000000 1.004897
229.000000 1.004847
230.000000 1.004797
231.000000 1.004747
232.000000 1.004698
233.000000 1.004649
234.000000 1.004601
235.000000 1.004554
236.000000 1.004507
237.000000 1.004460
238.000000 1.004414
239.000000 1.004368
240.000000 1.004323
241.000000 1.004278
242.000000 1.004234
243.000000 1.004190
244.000000 1.004147
245.000000 1.004104
246.000000 1.004061
247.000000 1.004019
248.000000 1.003978
249.000000 1.003936
250.000000 1.003896
251.000000 1.003855
252.000000 1.003815
253.000000 1.003776
254.000000 1.003737
255.000000 1.003698
256.000000 1.003660
257.000000 1.003622
258.000000 1.003585
259.000000 1.003548
260.000000 1.003511
261.000000 1.003475
262.000000 1.003439
263.000000 1.003403
264.000000 1.003368
265.000000 1.003333
266.000000 1.003298
267.000000 1.003264
268.000000 1.003231
269.000000 1.003197
270.000000 1.003164
271.000000 1.003131
272.000000 1.003099
273.000000 1.003067
274.000000 1.003035
275.000000 1.003004
276.000000 1.002973
277.000000 1.002942
278.000000 1.002911
279.000000 1.002881
280.000000 1.002851
281.000000 1.002822
282.000000 1.002793
283.000000 1.002764
284.000000 1.002735
285.000000 1.002707
286.000000 1.002679
287.000000 1.002651
288.000000 1.002624
289.000000 1.002597
290.000000 1.002570
291.000000 1.002543
292.000000 1.002517
293.000000 1.002491
294.000000 1.002465
295.000000 1.002440
296.000000 1.002414
297.000000 1.002389
298.000000 1.002365
299.000000 1.002340
300.000000 1.002316
301.000000 1.002292
302.000000 1.002268
303.000000 1.002245
304.000000 1.002222
305.000000 1.002199
306.000000 1.002176
307.000000 1.002153
308.000000 1.002131
309.000000 1.002109
310.000000 1.002087
311.000000 1.002066
312.000000 1.002044
313.000000 1.002023
314.000000 1.002002
315.000000 1.001981
316.000000 1.001961
317.000000 1.001941
318.000000 1.001920
319.000000 1.001901
320.000000 1.001881
321.000000 1.001861
322.000000 1.001842
323.000000 1.001823
324.000000 1.001804
325.000000 1.001786
326.000000 1.001767
327.000000 1.001749
328.000000 1.001731
329.000000 1.001713
330.000000 1.001695
331.000000 1.001678
332.000000 1.001660
333.000000 1.001643
334.000000 1.001626
335.000000 1.001609
336.000000 1.001593
337.000000 1.001576
338.000000 1.001560
339.000000 1.001544
340.000000 1.001528
341.000000 1.001512
342.000000 1.001496
343.000000 1.001481
344.000000 1.001465
345.000000 1.001450
346.000000 1.001435
347.000000 1.001420
348.000000 1.001406
349.000000 1.001391
350.000000 1.001377
351.000000 1.001363
352.000000 1.001348
353.000000 1.001334
354.000000 1.001321
355.000000 1.001307
356.000000 1.001293
357.000000 1.001280
358.000000 1.001267
359.000000 1.001254
360.000000 1.001241
361.000000 1.001228
362.000000 1.001215
363.000000 1.001203
364.000000 1.001190
365.000000 1.001178
366.000000 1.001166
367.000000 1.001154
368.000000 1.001142
369.000000 1.001130
370.000000 1.001118
371.000000 1.001107
372.000000 1.001095
373.000000 1.001084
374.000000 1.001073
375.000000 1.001062
376.000000 1.001051
377.000000 1.001040
378.000000 1.001029
379.000000 1.001018
380.000000 1.001008
381.000000 1.000997
382.000000 1.000987
383.000000 1.000977
384.000000 1.000967
385.000000 1.000957
386.000000 1.000947
387.000000 1.000937
388.000000 1.000927
389.000000 1.000918
390.000000 1.000908
391.000000 1.000899
392.000000 1.000889
393.000000 1.000880
394.000000 1.000871
395.000000 1.000862
396.000000 1.000853
397.000000 1.000844
398.000000 1.000836
399.000000 1.000827
400.000000 1.000818
401.000000 1.000810
402.000000 1.000802
403.000000 1.000793
404.000000 1.000785
405.000000 1.000777
406.000000 1.000769
407.000000 1.000761
408.000000 1.000753
409.000000 1.000745
410.000000 1.000738
411.000000 1.000730
412.000000 1.017079
413.000000 1.056396
414.000000 1.105716
415.000000 1.159169
416.000000 1.214097
417.000000 1.269300
418.000000 1.324240
419.000000 1.378677
420.000000 1.432508
421.000000 1.485691
422.000000 1.538212
423.000000 1.590068
424.000000 1.641264
425.000000 1.690015
426.000000 1.734254
427.000000 1.773777
428.000000 1.808901
429.000000 1.839972
430.000000 1.867254
431.000000 1.890929
432.000000 1.911123
433.000000 1.927930
434.000000 1.941420
435.000000 1.951654
436.000000 1.958926
437.000000 1.963939
438.000000 1.967435
439.000000 1.969903
440.000000 1.971643
441.000000 1.972866
442.000000 1.973751
443.000000 1.974474
444.000000 1.975214
445.000000 1.976156
446.000000 1.977487
447.000000 1.979365
448.000000 1.981839
449.000000 1.984837
450.000000 1.988232
451.000000 1.991907
452.000000 1.995777
453.000000 1.999772
454.000000 2.003831
455.000000 2.007887
456.000000 2.011866
457.000000 2.015681
458.000000 2.019237
459.000000 2.022447
460.000000 2.025256
461.000000 2.027645
462.000000 2.029621
463.000000 2.031203
464.000000 2.032412
465.000000 2.033270
466.000000 2.033799
467.000000 2.034029
468.000000 2.033997
469.000000 2.033746
470.000000 2.033330
471.000000 2.032803
472.000000 2.032212
473.000000 2.031596
474.000000 2.030983
475.000000 2.030397
476.000000 2.029856
477.000000 2.029375
478.000000 2.028968
479.000000 2.028643
480.000000 2.028403
481.000000 2.028246
482.000000 2.028162
483.000000 2.028142
484.000000 2.028169
485.000000 2.028233
486.000000 2.028319
487.000000 2.028417
488.000000 2.028515
489.000000 2.028603
490.000000 2.028672
491.000000 2.028713
492.000000 2.028718
493.000000 2.028683
494.000000 2.028606
495.000000 2.028488
496.000000 2.028330
497.000000 2.028134
498.000000 2.027905
499.000000 2.027646
500.000000 2.027362
501.000000 2.027058
502.000000 2.026740
503.000000 2.026412
504.000000 2.026080
505.000000 2.025749
506.000000 2.025423
507.000000 2.025104
508.000000 2.024796
509.000000 2.024500
510.000000 2.024217
511.000000 2.023947
512.000000 2.023692
513.000000 2.023449
514.000000 2.023219
515.000000 2.023001
516.000000 2.022791
517.000000 2.022590
518.000000 2.022394
519.000000 2.022203
520.000000 2.022014
521.000000 2.021827
522.000000 2.021640
523.000000 2.021452
524.000000 2.021262
525.000000 2.021070
526.000000 2.020875
527.000000 2.020677
528.000000 2.020477
529.000000 2.020274
530.000000 2.020069
531.000000 2.019862
532.000000 2.019654
533.000000 2.019446
534.000000 2.019238
535.000000 2.019031
536.000000 2.018825
537.000000 2.018621
538.000000 2.018419
539.000000 2.018220
540.000000 2.018024
541.000000 2.017831
542.000000 2.017642
543.000000 2.017456
544.000000 2.017273
545.000000 2.017094
546.000000 2.016918
547.000000 2.016744
548.000000 2.016574
549.000000 2.016406
550.000000 2.016240
551.000000 2.016077
552.000000 2.015915
553.000000 2.015755
554.000000 2.015596
555.000000 2.015439
556.000000 2.015283
557.000000 2.015128
558.000000 2.014974
559.000000 2.014821
560.000000 2.014669
561.000000 2.014518
562.000000 2.014368
563.000000 2.014219
564.000000 2.014072
565.000000 2.013926
566.000000 2.013780
567.000000 2.013637
568.000000 2.013494
569.000000 2.013354
570.000000 2.013214
571.000000 2.013076
572.000000 2.012940
573.000000 2.012805
574.000000 2.012672
575.000000 2.012540
576.000000 2.012410
577.000000 2.012282
578.000000 2.012155
579.000000 2.012029
580.000000 2.011905
581.000000 2.011782
582.000000 2.011661
583.000000 2.011540
584.000000 2.011422
585.000000 2.011304
586.000000 2.011187
587.000000 2.011072
588.000000 2.010958
589.000000 2.010845
590.000000 2.010733
591.000000 2.010622
592.000000 2.010512
593.000000 2.010404
594.000000 2.010296
595.000000 2.010190
596.000000 2.010084
597.000000 2.009980
598.000000 2.009876
599.000000 2.009774
600.000000 2.009673
601.000000 2.009572
602.000000 2.009473
603.000000 2.009375
604.000000 2.009278
605.000000 2.009182
606.000000 2.009087
607.000000 2.008993
608.000000 2.008899
609.000000 2.008807
610.000000 2.008716
611.000000 2.008626
612.000000 2.008537
613.000000 2.008449
614.000000 2.008361
615.000000 2.008275
616.000000 2.008189
617.000000 2.008104
618.000000 2.008021
619.000000 2.007938
620.000000 2.007856
621.000000 2.007774
622.000000 2.007694
623.000000 2.007614
624.000000 2.007536
625.000000 2.007458
626.000000 2.007380
627.000000 2.007304
628.000000 2.007229
629.000000 2.007154
630.000000 2.007080
631.000000 2.007006
632.000000 2.006934
633.000000 2.006862
634.000000 2.006791
635.000000 2.006721
636.000000 2.006651
637.000000 2.006582
638.000000 2.006514
639.000000 2.006447
640.000000 2.006380
641.000000 2.006314
642.000000 2.006249
643.000000 2.006184
644.000000 2.006120
645.000000 2.006057
646.000000 2.005994
647.000000 2.005932
648.000000 2.005871
649.000000 2.005810
650.000000 2.005750
651.000000 2.005690
652.000000 2.005632
653.000000 2.005573
654.000000 2.005516
655.000000 2.005459
656.000000 2.005402
657.000000 2.005346
658.000000 2.005291
659.000000 2.005236
660.000000 2.005182
661.000000 2.005128
662.000000 2.005075
663.000000 2.005023
664.000000 2.004971
665.000000 2.004919
666.000000 2.004868
667.000000 2.004818
668.000000 2.004768
669.000000 2.004719
670.000000 2.004670
671.000000 2.004622
672.000000 2.004574
673.000000 2.004527
674.000000 2.004480
675.000000 2.004433
676.000000 2.004387
677.000000 2.004342
678.000000 2.004297
679.000000 2.004253
680.000000 2.004209
681.000000 2.004165
682.000000 2.004122
683.000000 2.004079
684.000000 2.004037
685.000000 2.003995
686.000000 2.003954
687.000000 2.003913
688.000000 2.003873
689.000000 2.003833
690.000000 2.003793
691.000000 2.003754
692.000000 2.003715
693.000000 2.003676
694.000000 2.003638
695.000000 2.003601
696.000000 2.003563
697.000000 2.003527
698.000000 2.003490
699.000000 2.003454
700.000000 2.003418
701.000000 2.003383
702.000000 2.003348
703.000000 2.003313
704.000000 2.003279
705.000000 2.003245
706.000000 2.003211
707.000000 2.003178
708.000000 2.003145
709.000000 2.003113
710.000000 2.003081
711.000000 2.003049
712.000000 2.003017
713.000000 2.002986
714.000000 2.002955
715.000000 2.002924
716.000000 2.002894
717.000000 2.002864
718.000000 2.002835
719.000000 2.002805
720.000000 2.002776
721.000000 2.002747
722.000000 2.002719
723.000000 2.002691
724.000000 2.002663
725.000000 2.002636
726.000000 2.002608
727.000000 2.002581
728.000000 2.002555
729.000000 2.002528
730.000000 2.002502
731.000000 2.002476
732.000000 2.002450
733.000000 2.002425
734.000000 2.002400
735.000000 2.002375
736.000000 2.002351
737.000000 2.002326
738.000000 2.002302
739.000000 2.002278
740.000000 2.002255
741.000000 2.002231
742.000000 2.002208
743.000000 2.002186
744.000000 2.002163
745.000000 2.002141
746.000000 2.002118
747.000000 2.002096
748.000000 2.002075
749.000000 2.002053
750.000000 2.002032
751.000000 2.002011
752.000000 2.001990
753.000000 2.001970
754.000000 2.001949
755.000000 2.001929
756.000000 2.001909
757.000000 2.001889
758.000000 2.001870
759.000000 2.001850
760.000000 2.001831
761.000000 2.001812
762.000000 2.001794
763.000000 2.001775
764.000000 2.001757
765.000000 2.001738
766.000000 2.001721
767.000000 2.001703
768.000000 2.001685
769.000000 2.001668
770.000000 2.001650
771.000000 2.001633
772.000000 2.001616
773.000000 2.001600
774.000000 2.001583
775.000000 2.001567
776.000000 2.001551
777.000000 2.001534
778.000000 2.001519
779.000000 2.001503
780.000000 2.001487
781.000000 2.001472
782.000000 2.001457
783.000000 2.001442
784.000000 2.001427
785.000000 2.001412
786.000000 2.001397
787.000000 2.001383
788.000000 2.001369
789.000000 2.001354
790.000000 2.001340
791.000000 2.001327
792.000000 2.001313
793.000000 2.001299
794.000000 2.001286
795.000000 2.001272
796.000000 2.001259
797.000000 2.001246
798.000000 2.001233
799.000000 2.001221
800.000000 2.001208
801.000000 2.001196
802.000000 2.001183
803.000000 2.001171
804.000000 2.001159
805.000000 2.001147
806.000000 2.001135
807.000000 2.001123
808.000000 2.001112
809.000000 2.001100
810.000000 2.001089
811.000000 2.001077
812.000000 1.933960
813.000000 1.829752
814.000000 1.764649
815.000000 1.717308
816.000000 1.678054
817.000000 1.642499
818.000000 1.608653
819.000000 1.575616
820.000000 1.542977
821.000000 1.510551
822.000000 1.478252
823.000000 1.455049
824.000000 1.450879
825.000000 1.457989
826.000000 1.465804
827.000000 1.472576
828.000000 1.478888
829.000000 1.485628
830.000000 1.493477
831.000000 1.502868
832.000000 1.514053
833.000000 1.527167
834.000000 1.541072
835.000000 1.552586
836.000000 1.559516
837.000000 1.562749
838.000000 1.564079
839.000000 1.564475
840.000000 1.564207
841.000000 1.563195
842.000000 1.561227
843.000000 1.558071
844.000000 1.553513
845.000000 1.547523
846.000000 1.540617
847.000000 1.533763
848.000000 1.527693
849.000000 1.522531
850.000000 1.518070
851.000000 1.514105
852.000000 1.510550
853.000000 1.507427
854.000000 1.504836
855.000000 1.502921
856.000000 1.501822
857.000000 1.501590
858.000000 1.502092
859.000000 1.503059
860.000000 1.504243
861.000000 1.505510
862.000000 1.506828
863.000000 1.508196
864.000000 1.509607
865.000000 1.511026
866.000000 1.512386
867.000000 1.513600
868.000000 1.514575
869.000000 1.515250
870.000000 1.515623
871.000000 1.515739
872.000000 1.515657
873.000000 1.515420
874.000000 1.515049
875.000000 1.514554
876.000000 1.513943
877.000000 1.513232
878.000000 1.512451
879.000000 1.511639
880.000000 1.510843
881.000000 1.510101
882.000000 1.509436
883.000000 1.508855
884.000000 1.508354
885.000000 1.507932
886.000000 1.507587
887.000000 1.507322
888.000000 1.507139
889.000000 1.507037
890.000000 1.507009
891.000000 1.507042
892.000000 1.507120
893.000000 1.507226
894.000000 1.507345
895.000000 1.507469
896.000000 1.507590
897.000000 1.507704
898.000000 1.507805
899.000000 1.507886
900.000000 1.507943
901.000000 1.507971
902.000000 1.507967
903.000000 1.507933
904.000000 1.507871
905.000000 1.507785
906.000000 1.507679
907.000000 1.507557
908.000000 1.507423
909.000000 1.507279
910.000000 1.507129
911.000000 1.506977
912.000000 1.506826
913.000000 1.506680
914.000000 1.506542
915.000000 1.506413
916.000000 1.506296
917.000000 1.506189
918.000000 1.506094
919.000000 1.506010
920.000000 1.505936
921.000000 1.505872
922.000000 1.505817
923.000000 1.505769
924.000000 1.505728
925.000000 1.505691
926.000000 1.505657
927.000000 1.505624
928.000000 1.505591
929.000000 1.505558
930.000000 1.505523
931.000000 1.505486
932.000000 1.505447
933.000000 1.505404
934.000000 1.505359
935.000000 1.505310
936.000000 1.505258
937.000000 1.505204
938.000000 1.505147
939.000000 1.505089
940.000000 1.505030
941.000000 1.504969
942.000000 1.504909
943.000000 1.504849
944.000000 1.504789
945.000000 1.504730
946.000000 1.504673
947.000000 1.504617
948.000000 1.504563
949.000000 1.504511
950.000000 1.504460
951.000000 1.504412
952.000000 1.504364
953.000000 1.504319
954.000000 1.504275
955.000000 1.504232
956.000000 1.504191
957.000000 1.504150
958.000000 1.504110
959.000000 1.504071
960.000000 1.504032
961.000000 1.503993
962.000000 1.503955
963.000000 1.503917
964.000000 1.503878
965.000000 1.503840
966.000000 1.503801
967.000000 1.503763
968.000000 1.503724
969.000000 1.503686
970.000000 1.503648
971.000000 1.503609
972.000000 1.503571
973.000000 1.503533
974.000000 1.503495
975.000000 1.503458
976.000000 1.503421
977.000000 1.503385
978.000000 1.503349
979.000000 1.503313
980.000000 1.503278
981.000000 1.503243
982.000000 1.503209
983.000000 1.503176
984.000000 1.503143
985.000000 1.503110
986.000000 1.503078
987.000000 1.503046
988.000000 1.503015
989.000000 1.502984
990.000000 1.502954
991.000000 1.502924
992.000000 1.502894
993.000000 1.502864
994.000000 1.502835
995.000000 1.502806
996.000000 1.502777
997.000000 1.502749
998.000000 1.502720
999.000000 1.502692
1000.000000 1.502665
1001.000000 1.502637
1002.000000 1.502610
1003.000000 1.502583
1004.000000 1.502556
1005.000000 1.502529
1006.000000 1.502503
1007.000000 1.502477
1008.000000 1.502451
1009.000000 1.502426
1010.000000 1.502400
1011.000000 1.502375
1012.000000 1.502351
1013.000000 1.502326
1014.000000 1.502302
1015.000000 1.502278
1016.000000 1.502255
1017.000000 1.502231
1018.000000 1.502208
1019.000000 1.502186
1020.000000 1.502163
1021.000000 1.502141
1022.000000 1.502119
1023.000000 1.502097
1024.000000 1.502075
1025.000000 1.502054
1026.000000 1.502032
1027.000000 1.502011
1028.000000 1.501991
1029.000000 1.501970
1030.000000 1.501950
1031.000000 1.501930
1032.000000 1.501910
1033.000000 1.501890
1034.000000 1.501870
1035.000000 1.501851
1036.000000 1.501832
1037.000000 1.501813
1038.000000 1.501794
1039.000000 1.501775
1040.000000 1.501757
1041.000000 1.501739
1042.000000 1.501721
1043.000000 1.501703
1044.000000 1.501685
1045.000000 1.501668
1046.000000 1.501651
1047.000000 1.501634
1048.000000 1.501617
1049.000000 1.501600
1050.000000 1.501583
1051.000000 1.501567
1052.000000 1.501551
1053.000000 1.501535
1054.000000 1.501519
1055.000000 1.501503
1056.000000 1.501488
1057.000000 1.501472
1058.000000 1.501457
1059.000000 1.501442
1060.000000 1.501427
1061.000000 1.501412
1062.000000 1.501398
1063.000000 1.501383
1064.000000 1.501369
1065.000000 1.501355
1066.000000 1.501341
1067.000000 1.501327
1068.000000 1.501313
1069.000000 1.501299
1070.000000 1.501286
1071.000000 1.501273
1072.000000 1.501260
1073.000000 1.501246
1074.000000 1.501234
1075.000000 1.501221
1076.000000 1.501208
1077.000000 1.501196
1078.000000 1.501183
1079.000000 1.501171
1080.000000 1.501159
1081.000000 1.501147
1082.000000 1.501135
1083.000000 1.501123
1084.000000 1.501112
1085.000000 1.501100
1086.000000 1.501089
1087.000000 1.501078
1088.000000 1.501066
1089.000000 1.501055
1090.000000 1.501044
1091.000000 1.501034
1092.000000 1.501023
1093.000000 1.501012
1094.000000 1.501002
1095.000000 1.500992
1096.000000 1.500981
1097.000000 1.500971
1098.000000 1.500961
1099.000000 1.500951
1100.000000 1.500941
1101.000000 1.500932
1102.000000 1.500922
1103.000000 1.500912
1104.000000 1.500903
1105.000000 1.500894
1106.000000 1.500884
1107.000000 1.500875
1108.000000 1.500866
1109.000000 1.500857
1110.000000 1.500848
1111.000000 1.500840
1112.000000 1.500831
1113.000000 1.500822
1114.000000 1.500814
1115.000000 1.500805
1116.000000 1.500797
1117.000000 1.500789
1118.000000 1.500781
1119.000000 1.500772
1120.000000 1.500765
1121.000000 1.500757
1122.000000 1.500749
1123.000000 1.500741
1124.000000 1.500733
1125.000000 1.500726
1126.000000 1.500718
1127.000000 1.500711
1128.000000 1.500703
1129.000000 1.500696
1130.000000 1.500689
1131.000000 1.500682
1132.000000 1.500675
1133.000000 1.500668
1134.000000 1.500661
1135.000000 1.500654
1136.000000 1.500647
1137.000000 1.500641
1138.000000 1.500634
1139.000000 1.500627
1140.000000 1.500621
1141.000000 1.500614
1142.000000 1.500608
1143.000000 1.500602
1144.000000 1.500596
1145.000000 1.500589
1146.000000 1.500583
1147.000000 1.500577
1148.000000 1.500571
1149.000000 1.500565
1150.000000 1.500560
1151.000000 1.500554
1152.000000 1.500548
1153.000000 1.500542
1154.000000 1.500537
1155.000000 1.500531
1156.000000 1.500526
1157.000000 1.500520
1158.000000 1.500515
1159.000000 1.500510
1160.000000 1.500504
1161.000000 1.500499
1162.000000 1.500494
1163.000000 1.500489
1164.000000 1.500484
1165.000000 1.500479
1166.000000 1.500474
1167.000000 1.500469
1168.000000 1.500464
1169.000000 1.500459
1170.000000 1.500454
1171.000000 1.500450
1172.000000 1.500445
1173.000000 1.500441
1174.000000 1.500436
1175.000000 1.500431
1176.000000 1.500427
1177.000000 1.500423
1178.000000 1.500418
1179.000000 1.500414
1180.000000 1.500410
1181.000000 1.500405
1182.000000 1.500401
1183.000000 1.500397
1184.000000 1.500393
1185.000000 1.500389
1186.000000 1.500385
1187.000000 1.500381
1188.000000 1.500377
1189.000000 1.500373
1190.000000 1.500369
1191.000000 1.500365
1192.000000 1.500362
1193.000000 1.500358
1194.000000 1.500354
1195.000000 1.500350
1196.000000 1.500347
1197.000000 1.500343
1198.000000 1.500340
1199.000000 1.500336
1200.000000 1.500333
1201.000000 1.500329
1202.000000 1.500326
1203.000000 1.500322
1204.000000 1.500319
1205.000000 1.500316
1206.000000 1.500313
1207.000000 1.500309
1208.000000 1.500306
1209.000000 1.500303
1210.000000 1.500300
1211.000000 1.500297
1212.000000 1.366080
1213.000000 1.157685
1214.000000 1.027497
1215.000000 0.932834
1216.000000 0.854344
1217.000000 0.783251
1218.000000 0.715579
1219.000000 0.649522
1220.000000 0.584263
1221.000000 0.519427
1222.000000 0.454847
1223.000000 0.408458
1224.000000 0.400135
1225.000000 0.414371
1226.000000 0.430019
1227.000000 0.443579
1228.000000 0.456219
1229.000000 0.469715
1230.000000 0.485428
1231.000000 0.504227
1232.000000 0.526612
1233.000000 0.552857
1234.000000 0.580681
1235.000000 0.603725
1236.000000 0.617600
1237.000000 0.624080
1238.000000 0.626755
1239.000000 0.627560
1240.000000 0.627040
1241.000000 0.625030
1242.000000 0.621108
1243.000000 0.614811
1244.000000 0.605707
1245.000000 0.593742
1246.000000 0.579942
1247.000000 0.566249
1248.000000 0.554122
1249.000000 0.543810
1250.000000 0.534901
1251.000000 0.526985
1252.000000 0.519887
1253.000000 0.513653
1254.000000 0.508485
1255.000000 0.504665
1256.000000 0.502480
1257.000000 0.502029
1258.000000 0.503045
1259.000000 0.504991
1260.000000 0.507369
1261.000000 0.509916
1262.000000 0.512562
1263.000000 0.515310
1264.000000 0.518143
1265.000000 0.520992
1266.000000 0.523724
1267.000000 0.526163
1268.000000 0.528123
1269.000000 0.529484
1270.000000 0.530241
1271.000000 0.530483
1272.000000 0.530329
1273.000000 0.529865
1274.000000 0.529134
1275.000000 0.528154
1276.000000 0.526941
1277.000000 0.525530
1278.000000 0.523976
1279.000000 0.522362
1280.000000 0.520779
1281.000000 0.519305
1282.000000 0.517985
1283.000000 0.516831
1284.000000 0.515839
1285.000000 0.515003
1286.000000 0.514323
1287.000000 0.513802
1288.000000 0.513445
1289.000000 0.513249
1290.000000 0.513201
1291.000000 0.513276
1292.000000 0.513440
1293.000000 0.513659
1294.000000 0.513907
1295.000000 0.514162
1296.000000 0.514413
1297.000000 0.514649
1298.000000 0.514858
1299.000000 0.515029
1300.000000 0.515150
1301.000000 0.515213
1302.000000 0.515213
1303.000000 0.515152
1304.000000 0.515035
1305.000000 0.514870
1306.000000 0.514666
1307.000000 0.514430
1308.000000 0.514169
1309.000000 0.513888
1310.000000 0.513595
1311.000000 0.513298
1312.000000 0.513002
1313.000000 0.512717
1314.000000 0.512447
1315.000000 0.512197
1316.000000 0.511968
1317.000000 0.511762
1318.000000 0.511578
1319.000000 0.511416
1320.000000 0.511275
1321.000000 0.511153
1322.000000 0.511048
1323.000000 0.510959
1324.000000 0.510882
1325.000000 0.510814
1326.000000 0.510751
1327.000000 0.510692
1328.000000 0.510632
1329.000000 0.510571
1330.000000 0.510507
1331.000000 0.510439
1332.000000 0.510366
1333.000000 0.510286
1334.000000 0.510200
1335.000000 0.510108
1336.000000 0.510010
1337.000000 0.509907
1338.000000 0.509799
1339.000000 0.509687
1340.000000 0.509573
1341.000000 0.509458
1342.000000 0.509342
1343.000000 0.509227
1344.000000 0.509112
1345.000000 0.509000
1346.000000 0.508890
1347.000000 0.508783
1348.000000 0.508679
1349.000000 0.508579
1350.000000 0.508483
1351.000000 0.508390
1352.000000 0.508300
1353.000000 0.508214
1354.000000 0.508130
1355.000000 0.508049
1356.000000 0.507970
1357.000000 0.507893
1358.000000 0.507818
1359.000000 0.507743
1360.000000 0.507670
1361.000000 0.507596
1362.000000 0.507524
1363.000000 0.507451
1364.000000 0.507378
1365.000000 0.507305
1366.000000 0.507232
1367.000000 0.507159
1368.000000 0.507086
1369.000000 0.507013
1370.000000 0.506940
1371.000000 0.506867
1372.000000 0.506794
1373.000000 0.506722
1374.000000 0.506650
1375.000000 0.506579
1376.000000 0.506508
1377.000000 0.506439
1378.000000 0.506370
1379.000000 0.506302
1380.000000 0.506236
1381.000000 0.506170
1382.000000 0.506105
1383.000000 0.506041
1384.000000 0.505978
1385.000000 0.505916
1386.000000 0.505855
1387.000000 0.505795
1388.000000 0.505736
1389.000000 0.505677
1390.000000 0.505619
1391.000000 0.505562
1392.000000 0.505505
1393.000000 0.505449
1394.000000 0.505393
1395.000000 0.505338
1396.000000 0.505283
1397.000000 0.505229
1398.000000 0.505175
1399.000000 0.505122
1400.000000 0.505069
1401.000000 0.505017
1402.000000 0.504965
1403.000000 0.504913
1404.000000 0.504862
1405.000000 0.504812
1406.000000 0.504761
1407.000000 0.504712
1408.000000 0.504663
1409.000000 0.504614
1410.000000 0.504566
1411.000000 0.504519
1412.000000 0.504472
1413.000000 0.504425
1414.000000 0.504380
1415.000000 0.504334
1416.000000 0.504289
1417.000000 0.504245
1418.000000 0.504201
1419.000000 0.504158
1420.000000 0.504115
1421.000000 0.504072
1422.000000 0.504030
1423.000000 0.503988
1424.000000 0.503947
1425.000000 0.503907
1426.000000 0.503866
1427.000000 0.503826
1428.000000 0.503787
1429.000000 0.503748
1430.000000 0.503709
1431.000000 0.503671
1432.000000 0.503633
1433.000000 0.503595
1434.000000 0.503558
1435.000000 0.503521
1436.000000 0.503484
1437.000000 0.503448
1438.000000 0.503413
1439.000000 0.503377
1440.000000 0.503342
1441.000000 0.503308
1442.000000 0.503273
1443.000000 0.503240
1444.000000 0.503206
1445.000000 0.503173
1446.000000 0.503140
1447.000000 0.503107
1448.000000 0.503075
1449.000000 0.503044
1450.000000 0.503012
1451.000000 0.502981
1452.000000 0.502950
1453.000000 0.502920
1454.000000 0.502889
1455.000000 0.502859
1456.000000 0.502830
1457.000000 0.502801
1458.000000 0.502772
1459.000000 0.502743
1460.000000 0.502715
1461.000000 0.502686
1462.000000 0.502659
1463.000000 0.502631
1464.000000 0.502604
1465.000000 0.502577
1466.000000 0.502550
1467.000000 0.502524
1468.000000 0.502498
1469.000000 0.502472
1470.000000 0.502446
1471.000000 0.502421
1472.000000 0.502396
1473.000000 0.502371
1474.000000 0.502347
1475.000000 0.502322
1476.000000 0.502298
1477.000000 0.502275
1478.000000 0.502251
1479.000000 0.502228
1480.000000 0.502205
1481.000000 0.502182
1482.000000 0.502159
1483.000000 0.502137
1484.000000 0.502115
1485.000000 0.502093
1486.000000 0.502071
1487.000000 0.502050
1488.000000 0.502029
1489.000000 0.502008
1490.000000 0.501987
1491.000000 0.501966
1492.000000 0.501946
1493.000000 0.501926
1494.000000 0.501906
1495.000000 0.501886
1496.000000 0.501867
1497.000000 0.501847
1498.000000 0.501828
1499.000000 0.501809
1500.000000 0.501791
1501.000000 0.501772
1502.000000 0.501754
1503.000000 0.501736
1504.000000 0.501718
1505.000000 0.501700
1506.000000 0.501682
1507.000000 0.501665
1508.000000 0.501648
1509.000000 0.501631
1510.000000 0.501614
1511.000000 0.501597
1512.000000 0.501581
1513.000000 0.501564
1514.000000 0.501548
1515.000000 0.501532
1516.000000 0.501516
1517.000000 0.501500
1518.000000 0.501485
1519.000000 0.501470
1520.000000 0.501454
1521.000000 0.501439
1522.000000 0.501424
1523.000000 0.501410
1524.000000 0.501395
1525.000000 0.501381
1526.000000 0.501366
1527.000000 0.501352
1528.000000 0.501338
1529.000000 0.501324
1530.000000 0.501311
1531.000000 0.501297
1532.000000 0.501284
1533.000000 0.501270
1534.000000 0.501257
1535.000000 0.501244
1536.000000 0.501231
1537.000000 0.501219
1538.000000 0.501206
1539.000000 0.501194
1540.000000 0.501181
1541.000000 0.501169
1542.000000 0.501157
1543.000000 0.501145
1544.000000 0.501133
1545.000000 0.501121
1546.000000 0.501110
1547.000000 0.501098
1548.000000 0.501087
1549.000000 0.501076
1550.000000 0.501064
1551.000000 0.501053
1552.000000 0.501043
1553.000000 0.501032
1554.000000 0.501021
1555.000000 0.501011
1556.000000 0.501000
1557.000000 0.500990
1558.000000 0.500979
1559.000000 0.500969
1560.000000 0.500959
1561.000000 0.500949
1562.000000 0.500940
1563.000000 0.500930
1564.000000 0.500920
1565.000000 0.500911
1566.000000 0.500901
1567.000000 0.500892
1568.000000 0.500883
1569.000000 0.500874
1570.000000 0.500865
1571.000000 0.500856
1572.000000 0.500847
1573.000000 0.500838
1574.000000 0.500829
1575.000000 0.500821
1576.000000 0.500812
1577.000000 0.500804
1578.000000 0.500796
1579.000000 0.500787
1580.000000 0.500779
1581.000000 0.500771
1582.000000 0.500763
1583.000000 0.500755
1584.000000 0.500747
1585.000000 0.500740
1586.000000 0.500732
1587.000000 0.500724
1588.000000 0.500717
1589.000000 0.500710
1590.000000 0.500702
1591.000000 0.500695
1592.000000 0.500688
1593.000000 0.500681
1594.000000 0.500674
1595.000000 0.500667
1596.000000 0.500660
1597.000000 0.500653
1598.000000 0.500646
1599.000000 0.500639
1600.000000 0.500633
