1.000000 35.000000
2.000000 35.000000
3.000000 36.999726
4.000000 37.440179
5.000000 37.915185
6.000000 38.390191
7.000000 38.865197
8.000000 39.340203
9.000000 39.815209
10.000000 40.270218
11.000000 40.740819
12.000000 41.211075
13.000000 41.661334
14.000000 42.127185
15.000000 42.572694
16.000000 43.033795
17.000000 43.471221
18.000000 43.906841
19.000000 44.337653
20.000000 44.763715
21.000000 48.514572
22.000000 49.664488
23.000000 50.867185
24.000000 52.065132
25.000000 53.234999
26.000000 54.398310
27.000000 55.568727
28.000000 56.716651
29.000000 57.852030
30.000000 59.000504
31.000000 60.123828
32.000000 61.234665
33.000000 62.338600
34.000000 63.429645
35.000000 64.513788
36.000000 65.585041
37.000000 66.649392
38.000000 67.700853
39.000000 68.745412
40.000000 69.777081
41.000000 70.778519
42.000000 71.788590
43.000000 72.785425
44.000000 73.755362
45.000000 74.728000
46.000000 75.670062
47.000000 76.620758
48.000000 77.538220
49.000000 78.441043
50.000000 79.332158
51.000000 80.205631
52.000000 81.064121
53.000000 81.907569
54.000000 82.739307
55.000000 83.553405
56.000000 84.372516
57.000000 85.140995
58.000000 85.913704
59.000000 86.668426
60.000000 87.408164
61.000000 88.112863
62.000000 88.818113
63.000000 89.487978
64.000000 90.161727
65.000000 90.817489
66.000000 91.438270
67.000000 92.059603
68.000000 92.665547
69.000000 93.259783
70.000000 93.836378
71.000000 94.377991
72.000000 94.920156
73.000000 95.426935
74.000000 95.914269
75.000000 96.401807
76.000000 96.853961
77.000000 97.286669
78.000000 97.699585
79.000000 98.116039
80.000000 98.494509
81.000000 98.873588
82.000000 99.217282
83.000000 99.561528
84.000000 99.870388
85.000000 100.000000
86.000000 100.000000
87.000000 100.000000
88.000000 100.000000
89.000000 100.000000
90.000000 100.000000
91.000000 100.000000
92.000000 100.000000
93.000000 100.000000
94.000000 100.000000
95.000000 100.000000
96.000000 100.000000
97.000000 100.000000
98.000000 100.000000
99.000000 100.000000
100.000000 100.000000
101.000000 100.000000
102.000000 100.000000
103.000000 100.000000
104.000000 100.000000
105.000000 99.982838
106.000000 99.970688
107.000000 99.931237
108.000000 99.874490
109.000000 99.782763
110.000000 99.691586
111.000000 99.585021
112.000000 99.466748
113.000000 99.330834
114.000000 99.179936
115.000000 99.013995
116.000000 98.836346
117.000000 98.641057
118.000000 98.450780
119.000000 98.253199
120.000000 98.022730
121.000000 97.800952
122.000000 97.565938
123.000000 97.324023
124.000000 97.069217
125.000000 96.807510
126.000000 96.512916
127.000000 96.223679
128.000000 95.927138
129.000000 95.617707
130.000000 95.301374
131.000000 94.995481
132.000000 94.661162
133.000000 94.340285
134.000000 94.014254
135.000000 93.680141
136.000000 93.323879
137.000000 92.978402
138.000000 92.624496
139.000000 92.268439
140.000000 91.887578
141.000000 91.514226
142.000000 91.138377
143.000000 90.757721
144.000000 90.372315
145.000000 89.978825
146.000000 89.583185
147.000000 89.182737
148.000000 88.777538
149.000000 88.364257
150.000000 87.928827
151.000000 87.504183
152.000000 87.071110
153.000000 86.635885
154.000000 86.195853
155.000000 85.751071
156.000000 85.298206
157.000000 84.863187
158.000000 84.407768
159.000000 83.947944
160.000000 83.483370
161.000000 83.010713
162.000000 82.535904
163.000000 82.056288
164.000000 81.571923
165.000000 81.079474
166.000000 80.584873
167.000000 80.085466
168.000000 79.581308
169.000000 79.049070
170.000000 78.530273
171.000000 78.006323
172.000000 77.497621
173.000000 76.965243
174.000000 76.451056
175.000000 75.936466
176.000000 75.401879
177.000000 74.882885
178.000000 74.363545
179.000000 73.844205
180.000000 73.324865
181.000000 72.805525
182.000000 72.266188
183.000000 71.722446
184.000000 71.170621
185.000000 70.616646
186.000000 70.057862
187.000000 69.514326
188.000000 68.970444
189.000000 68.426562
190.000000 67.882680
191.000000 67.338798
192.000000 66.814914
193.000000 66.275436
194.000000 65.736304
195.000000 65.197173
196.000000 64.658041
197.000000 64.138906
198.000000 63.604179
199.000000 63.069797
200.000000 62.535415
201.000000 62.001034
202.000000 61.446655
203.000000 60.927866
204.000000 60.393138
205.000000 59.858757
206.000000 59.347705
207.000000 58.818462
208.000000 58.309619
209.000000 57.785183
210.000000 57.281091
211.000000 56.781403
212.000000 56.289797
213.000000 55.800343
214.000000 55.315697
215.000000 54.835801
216.000000 54.340657
217.000000 53.869190
218.000000 53.419525
219.000000 52.959075
220.000000 52.507054
221.000000 52.057183
222.000000 51.612121
223.000000 51.171809
224.000000 50.739579
225.000000 50.309501
226.000000 49.904228
227.000000 49.491444
228.000000 49.101155
229.000000 48.723411
230.000000 48.332572
231.000000 47.946885
232.000000 47.589278
233.000000 47.218230
234.000000 46.872333
235.000000 46.518925
236.000000 46.188012
237.000000 45.869644
238.000000 45.558177
239.000000 45.216273
240.000000 44.918388
241.000000 44.606716
242.000000 44.280199
243.000000 43.974026
244.000000 43.672257
245.000000 43.378571
246.000000 43.107033
247.000000 42.824711
248.000000 42.570814
249.000000 42.303475
250.000000 42.041290
251.000000 41.787188
252.000000 41.535237
253.000000 41.288094
254.000000 41.045701
255.000000 40.811390
256.000000 40.579231
257.000000 40.371877
258.000000 40.157013
259.000000 39.984641
260.000000 39.809220
261.000000 39.621050
262.000000 39.461362
263.000000 39.308231
264.000000 39.144660
265.000000 38.989517
266.000000 38.836525
267.000000 38.708339
268.000000 38.572643
269.000000 38.439443
270.000000 38.311051
271.000000 38.187410
272.000000 38.071851
273.000000 37.958443
274.000000 37.869841
275.000000 37.773728
276.000000 37.700110
277.000000 37.639037
278.000000 37.564867
279.000000 37.495851
280.000000 37.454916
281.000000 37.400538
282.000000 37.351314
283.000000 37.306840
284.000000 37.270449
285.000000 37.236209
286.000000 37.226774
287.000000 37.209829
288.000000 37.215379
289.000000 37.210143
290.000000 37.213335
291.000000 37.218679
292.000000 37.248828
293.000000 37.271467
294.000000 37.316601
295.000000 37.350949
296.000000 37.393725
297.000000 37.438653
298.000000 37.488388
299.000000 37.542874
300.000000 37.605442
301.000000 37.670162
302.000000 37.719692
303.000000 37.789565
304.000000 37.863842
305.000000 37.922873
306.000000 38.005578
307.000000 38.090090
308.000000 38.179409
309.000000 38.273479
310.000000 38.395628
311.000000 38.504336
312.000000 38.618198
313.000000 38.760139
314.000000 38.888639
315.000000 39.022292
316.000000 39.164028
317.000000 39.307916
318.000000 39.476608
319.000000 39.614460
320.000000 39.776334
321.000000 39.940013
322.000000 40.108500
323.000000 40.261740
324.000000 40.435322
325.000000 40.593312
326.000000 40.751648
327.000000 40.933313
328.000000 41.096787
329.000000 41.280661
330.000000 41.448943
331.000000 41.617570
332.000000 41.806194
333.000000 41.979226
334.000000 42.172601
335.000000 42.350382
336.000000 42.551840
337.000000 42.755103
338.000000 42.963174
339.000000 43.199325
340.000000 43.422034
341.000000 43.649897
342.000000 43.905840
343.000000 44.148341
344.000000 44.395996
345.000000 44.648400
346.000000 44.885558
347.000000 45.146391
348.000000 45.389033
349.000000 45.652075
350.000000 45.919521
351.000000 46.191718
352.000000 46.471997
353.000000 46.754428
354.000000 47.021669
355.000000 47.309253
356.000000 47.581245
357.000000 47.853581
358.000000 48.125918
359.000000 48.398255
360.000000 48.670592
361.000000 48.922931
362.000000 49.210861
363.000000 49.462855
364.000000 49.730787
365.000000 49.978376
366.000000 50.241559
367.000000 50.481065
368.000000 50.738763
369.000000 50.996058
370.000000 51.253353
371.000000 51.490651
372.000000 51.743541
373.000000 51.976089
374.000000 52.204232
375.000000 52.424292
376.000000 52.642201
377.000000 52.855302
378.000000 53.083650
379.000000 53.268326
380.000000 53.486785
381.000000 53.684499
382.000000 53.897806
383.000000 54.090770
384.000000 54.279329
385.000000 54.483135
386.000000 54.686596
387.000000 54.890057
388.000000 55.093518
389.000000 55.273649
390.000000 55.471971
391.000000 55.669890
392.000000 55.847812
393.000000 56.021330
394.000000 56.210094
395.000000 56.378516
396.000000 56.562530
397.000000 56.746199
398.000000 56.929868
399.000000 57.133535
400.000000 57.321608
401.000000 57.510027
402.000000 57.718444
403.000000 57.911267
404.000000 58.104436
405.000000 58.297605
406.000000 58.490774
407.000000 58.663946
408.000000 58.832714
409.000000 58.993398
410.000000 59.151931
411.000000 59.305657
412.000000 59.474629
413.000000 59.623259
414.000000 59.787482
415.000000 59.928029
416.000000 60.066770
417.000000 60.200703
418.000000 60.329887
419.000000 60.450987
420.000000 60.549939
421.000000 60.659677
422.000000 60.760985
423.000000 60.860143
424.000000 60.954492
425.000000 61.044092
426.000000 61.125609
427.000000 61.204974
428.000000 61.299529
429.000000 61.373741
430.000000 61.443549
431.000000 61.528604
432.000000 61.589983
433.000000 61.649557
434.000000 61.704323
435.000000 61.754339
436.000000 61.819602
437.000000 61.861189
438.000000 61.900971
439.000000 61.935944
440.000000 61.966168
441.000000 62.011639
442.000000 62.033435
443.000000 62.053425
444.000000 62.068607
445.000000 62.079039
446.000000 62.104718
447.000000 62.106721
448.000000 62.126916
449.000000 62.146708
450.000000 62.146503
451.000000 62.161890
452.000000 62.176932
453.000000 62.191974
454.000000 62.207016
455.000000 62.242055
456.000000 62.261501
457.000000 62.261296
458.000000 62.276683
459.000000 62.291725
460.000000 62.306767
461.000000 62.321809
462.000000 62.336851
463.000000 62.331895
464.000000 62.342533
465.000000 62.352825
466.000000 62.343119
467.000000 62.349006
468.000000 62.354548
469.000000 62.336760
470.000000 62.337163
471.000000 62.360493
472.000000 62.365632
473.000000 62.371173
474.000000 62.396712
475.000000 62.406659
476.000000 62.436948
477.000000 62.451644
478.000000 62.466686
479.000000 62.461730
480.000000 62.472368
481.000000 62.462662
482.000000 62.468550
483.000000 62.474091
484.000000 62.456303
485.000000 62.456706
486.000000 62.456706
487.000000 62.456706
488.000000 62.456706
489.000000 62.456706
490.000000 62.456706
491.000000 62.456706
492.000000 62.456706
493.000000 62.436709
494.000000 62.412307
495.000000 62.403152
496.000000 62.373655
497.000000 62.359750
498.000000 62.345500
499.000000 62.307920
500.000000 62.288531
501.000000 62.268739
502.000000 62.228950
503.000000 62.204754
504.000000 62.160214
505.000000 62.131268
506.000000 62.101976
507.000000 62.072684
508.000000 62.023394
509.000000 61.966368
510.000000 61.907190
511.000000 61.863201
512.000000 61.798870
513.000000 61.750132
514.000000 61.681051
515.000000 61.584235
516.000000 61.500860
517.000000 61.412333
518.000000 61.315722
519.000000 61.216960
520.000000 61.113391
521.000000 61.005071
522.000000 60.888669
523.000000 60.770115
524.000000 60.666751
525.000000 60.543044
526.000000 60.414933
527.000000 60.302068
528.000000 60.165529
529.000000 60.047180
530.000000 59.928429
531.000000 59.809677
532.000000 59.690926
533.000000 59.572174
534.000000 59.453423
535.000000 59.334671
536.000000 59.215920
537.000000 59.097168
538.000000 58.978417
539.000000 58.859665
540.000000 58.740914
541.000000 58.622162
542.000000 58.483413
543.000000 58.360257
544.000000 58.236756
545.000000 58.093257
546.000000 57.965351
547.000000 57.837099
548.000000 57.708848
549.000000 57.580596
550.000000 57.432347
551.000000 57.319688
552.000000 57.191091
553.000000 57.062839
554.000000 56.934588
555.000000 56.806336
556.000000 56.678085
557.000000 56.549833
558.000000 56.421581
559.000000 56.293330
560.000000 56.185075
561.000000 56.061228
562.000000 55.957724
563.000000 55.861957
564.000000 55.748344
565.000000 55.655132
566.000000 55.546326
567.000000 55.437867
568.000000 55.329407
569.000000 55.220947
570.000000 55.112488
571.000000 54.984031
572.000000 54.871166
573.000000 54.734627
574.000000 54.616278
575.000000 54.497527
576.000000 54.358778
577.000000 54.235622
578.000000 54.112120
579.000000 53.968621
580.000000 53.840715
581.000000 53.712464
582.000000 53.584212
583.000000 53.455961
584.000000 53.327709
585.000000 53.199457
586.000000 53.071206
587.000000 52.942954
588.000000 52.834700
589.000000 52.710853
590.000000 52.587351
591.000000 52.463849
592.000000 52.340348
593.000000 52.216846
594.000000 52.093345
595.000000 51.989840
596.000000 51.870743
597.000000 51.751992
598.000000 51.656571
599.000000 51.562955
600.000000 51.454150
601.000000 51.365687
602.000000 51.261632
603.000000 51.177920
604.000000 51.078615
605.000000 50.979655
606.000000 50.880695
607.000000 50.805066
608.000000 50.711245
609.000000 50.637824
610.000000 50.548811
611.000000 50.480141
612.000000 50.439205
613.000000 50.384827
614.000000 50.335603
615.000000 50.314459
616.000000 50.299871
617.000000 50.274843
618.000000 50.278242
619.000000 50.268198
620.000000 50.286638
621.000000 50.291636
622.000000 50.301788
623.000000 50.316690
624.000000 50.339674
625.000000 50.344813
626.000000 50.370352
627.000000 50.380298
628.000000 50.390590
629.000000 50.420879
630.000000 50.455573
631.000000 50.475019
632.000000 50.518141
633.000000 50.563069
634.000000 50.592807
635.000000 50.642888
636.000000 50.677376
637.000000 50.712210
638.000000 50.767041
639.000000 50.829610
640.000000 50.874332
641.000000 50.939455
642.000000 50.988985
643.000000 51.058858
644.000000 51.113138
645.000000 51.187761
646.000000 51.246791
647.000000 51.329497
648.000000 51.394011
649.000000 51.478926
650.000000 51.568245
651.000000 51.642317
652.000000 51.736732
653.000000 51.815554
654.000000 51.918052
655.000000 52.002359
656.000000 52.087068
657.000000 52.171777
658.000000 52.256487
659.000000 52.341196
660.000000 52.445903
661.000000 52.535017
662.000000 52.624476
663.000000 52.733933
664.000000 52.827797
665.000000 52.922006
666.000000 53.036213
667.000000 53.134827
668.000000 53.233787
669.000000 53.332747
670.000000 53.431706
671.000000 53.530666
672.000000 53.629625
673.000000 53.728585
674.000000 53.827544
675.000000 53.926504
676.000000 54.025464
677.000000 54.124423
678.000000 54.203386
679.000000 54.297941
680.000000 54.372153
681.000000 54.441961
682.000000 54.503685
683.000000 54.583256
684.000000 54.662424
685.000000 54.741591
686.000000 54.820759
687.000000 54.899927
688.000000 54.979094
689.000000 55.058262
690.000000 55.137430
691.000000 55.216597
692.000000 55.275768
693.000000 55.350531
694.000000 55.404951
695.000000 55.454967
696.000000 55.520230
697.000000 55.561818
698.000000 55.601599
699.000000 55.636573
700.000000 55.686794
701.000000 55.716673
702.000000 55.738814
703.000000 55.778801
704.000000 55.818384
705.000000 55.857968
706.000000 55.897552
707.000000 55.937136
708.000000 55.976720
709.000000 56.016304
710.000000 56.055887
711.000000 56.095471
712.000000 56.135055
713.000000 56.174639
714.000000 56.214223
715.000000 56.253807
716.000000 56.316721
717.000000 56.381440
718.000000 56.430970
719.000000 56.500843
720.000000 56.575121
721.000000 56.634151
722.000000 56.716857
723.000000 56.781371
724.000000 56.866286
725.000000 56.935608
726.000000 57.005275
727.000000 57.054946
728.000000 57.120209
729.000000 57.185126
730.000000 57.250044
731.000000 57.314961
732.000000 57.379879
733.000000 57.444796
734.000000 57.509714
735.000000 57.574631
736.000000 57.639549
737.000000 57.704466
738.000000 57.746054
739.000000 57.805832
740.000000 57.865208
741.000000 57.904587
742.000000 57.959558
743.000000 58.014184
744.000000 58.048812
745.000000 58.099033
746.000000 58.128912
747.000000 58.174383
748.000000 58.219508
749.000000 58.241304
750.000000 58.281291
751.000000 58.300877
752.000000 58.336056
753.000000 58.370890
754.000000 58.385727
755.000000 58.416156
756.000000 58.426242
757.000000 58.451922
758.000000 58.477255
759.000000 58.479259
760.000000 58.499454
761.000000 58.499248
762.000000 58.494639
763.000000 58.485279
764.000000 58.491166
765.000000 58.473378
766.000000 58.473781
767.000000 58.473781
768.000000 58.453783
769.000000 58.449379
770.000000 58.424632
771.000000 58.415477
772.000000 58.385980
773.000000 58.348745
774.000000 58.329356
775.000000 58.289567
776.000000 58.265370
777.000000 58.240828
778.000000 58.196289
779.000000 58.187340
780.000000 58.162452
781.000000 58.137910
782.000000 58.133366
783.000000 58.113228
784.000000 58.093436
785.000000 58.096975
786.000000 58.082321
787.000000 58.088068
788.000000 58.078223
789.000000 58.088720
790.000000 58.083624
791.000000 58.098871
792.000000 58.098526
793.000000 58.121856
794.000000 58.126995
795.000000 58.132536
796.000000 58.138078
797.000000 58.143620
798.000000 58.149162
799.000000 58.154703
800.000000 58.160245
801.000000 52.833183
802.000000 51.664185
803.000000 50.379713
804.000000 49.113434
805.000000 47.846751
806.000000 46.580069
807.000000 45.313386
808.000000 44.046703
809.000000 42.780020
810.000000 41.513338
811.000000 40.246655
812.000000 38.979972
813.000000 37.713290
814.000000 36.446607
815.000000 35.179924
816.000000 33.913242
817.000000 32.646559
818.000000 31.379876
819.000000 30.113194
820.000000 28.869841
821.000000 27.608297
822.000000 26.367153
823.000000 25.130414
824.000000 23.878428
825.000000 22.646784
826.000000 21.422878
827.000000 20.201123
828.000000 18.984176
829.000000 17.751981
830.000000 16.563460
831.000000 15.361151
832.000000 14.163996
833.000000 12.971591
834.000000 11.787269
835.000000 10.605097
836.000000 9.447731
837.000000 8.282855
838.000000 7.140473
839.000000 6.010637
840.000000 4.867704
841.000000 3.749922
842.000000 2.644627
843.000000 1.546233
844.000000 0.460730
845.000000 0.000000
846.000000 0.000000
847.000000 0.000000
848.000000 0.000000
849.000000 0.000000
850.000000 0.000000
851.000000 0.000000
852.000000 0.000000
853.000000 0.000000
854.000000 0.000000
855.000000 0.000000
856.000000 0.000000
857.000000 0.000000
858.000000 0.000000
859.000000 0.000000
860.000000 0.000000
861.000000 0.000000
862.000000 0.000000
863.000000 0.000000
864.000000 0.000000
865.000000 0.000000
866.000000 0.000000
867.000000 0.000000
868.000000 0.000000
869.000000 0.000000
870.000000 0.000000
871.000000 0.000000
872.000000 0.000000
873.000000 0.000000
874.000000 0.000000
875.000000 0.000000
876.000000 0.000000
877.000000 0.000000
878.000000 0.000000
879.000000 0.000000
880.000000 0.000000
881.000000 0.000000
882.000000 0.000000
883.000000 0.000000
884.000000 0.000000
885.000000 0.000000
886.000000 0.000000
887.000000 0.000000
888.000000 0.000000
889.000000 0.000000
890.000000 0.000000
891.000000 0.000000
892.000000 0.000000
893.000000 0.000000
894.000000 0.000000
895.000000 0.000000
896.000000 0.000000
897.000000 0.000000
898.000000 0.000000
899.000000 0.000000
900.000000 0.000000
901.000000 0.000000
902.000000 0.000000
903.000000 0.000000
904.000000 0.000000
905.000000 0.000000
906.000000 0.000000
907.000000 0.000000
908.000000 0.000000
909.000000 0.000000
910.000000 0.000000
911.000000 0.000000
912.000000 0.000000
913.000000 0.000000
914.000000 0.000000
915.000000 0.000000
916.000000 0.000000
917.000000 0.000000
918.000000 0.000000
919.000000 0.000000
920.000000 0.000000
921.000000 0.000000
922.000000 0.000000
923.000000 0.000000
924.000000 0.000000
925.000000 0.000000
926.000000 0.000000
927.000000 0.000000
928.000000 0.000000
929.000000 0.000000
930.000000 0.000000
931.000000 0.000000
932.000000 0.000000
933.000000 0.000000
934.000000 0.000000
935.000000 0.000000
936.000000 0.000000
937.000000 0.000000
938.000000 0.000000
939.000000 0.000000
940.000000 0.000000
941.000000 0.000000
942.000000 0.000000
943.000000 0.000000
944.000000 0.000000
945.000000 0.000000
946.000000 0.000000
947.000000 0.000000
948.000000 0.000000
949.000000 0.000000
950.000000 0.000000
951.000000 0.000000
952.000000 0.000000
953.000000 0.000000
954.000000 0.000000
955.000000 0.000000
956.000000 0.000000
957.000000 0.000000
958.000000 0.000000
959.000000 0.000000
960.000000 0.000000
961.000000 0.000000
962.000000 0.000000
963.000000 0.000000
964.000000 0.000000
965.000000 0.000000
966.000000 0.000000
967.000000 0.000000
968.000000 0.000000
969.000000 0.000000
970.000000 0.000000
971.000000 0.000000
972.000000 0.000000
973.000000 0.000000
974.000000 0.000000
975.000000 0.000000
976.000000 0.000000
977.000000 0.000000
978.000000 0.000000
979.000000 0.000000
980.000000 0.000000
981.000000 0.000000
982.000000 0.000000
983.000000 0.000000
984.000000 0.000000
985.000000 0.000000
986.000000 0.000000
987.000000 0.000000
988.000000 0.000000
989.000000 0.000000
990.000000 0.000000
991.000000 0.000000
992.000000 0.000000
993.000000 0.000000
994.000000 0.000000
995.000000 0.000000
996.000000 0.000000
997.000000 0.000000
998.000000 0.000000
999.000000 0.003538
1000.000000 0.000000
1001.000000 0.005747
1002.000000 0.000000
1003.000000 0.000000
1004.000000 0.010497
1005.000000 0.005402
1006.000000 0.020649
1007.000000 0.020303
1008.000000 0.020303
1009.000000 0.043633
1010.000000 0.048772
1011.000000 0.054314
1012.000000 0.079853
1013.000000 0.089799
1014.000000 0.100091
1015.000000 0.130380
1016.000000 0.145076
1017.000000 0.180115
1018.000000 0.199562
1019.000000 0.219354
1020.000000 0.262476
1021.000000 0.287406
1022.000000 0.312740
1023.000000 0.358071
1024.000000 0.387809
1025.000000 0.417893
1026.000000 0.467974
1027.000000 0.502462
1028.000000 0.557293
1029.000000 0.596531
1030.000000 0.636115
1031.000000 0.675699
1032.000000 0.738613
1033.000000 0.783335
1034.000000 0.828461
1035.000000 0.893584
1036.000000 0.943114
1037.000000 0.992989
1038.000000 1.062862
1039.000000 1.117142
1040.000000 1.171768
1041.000000 1.226394
1042.000000 1.301017
1043.000000 1.360047
1044.000000 1.419423
1045.000000 1.478799
1046.000000 1.561504
1047.000000 1.626019
1048.000000 1.690936
1049.000000 1.775851
1050.000000 1.845173
