1.000000 34.750000
2.000000 34.750000
3.000000 34.750000
4.000000 34.750000
5.000000 34.750000
6.000000 34.810000
7.000000 34.810000
8.000000 34.810000
9.000000 34.810000
10.000000 34.810000
11.000000 34.810000
12.000000 34.810000
13.000000 34.810000
14.000000 34.810000
15.000000 34.810000
16.000000 34.810000
17.000000 34.810000
18.000000 34.810000
19.000000 34.810000
20.000000 34.870000
21.000000 34.930000
22.000000 34.930000
23.000000 35.000000
24.000000 35.060000
25.000000 35.120000
26.000000 35.250000
27.000000 35.370000
28.000000 35.430000
29.000000 35.560000
30.000000 35.620000
31.000000 35.750000
32.000000 35.870000
33.000000 36.000000
34.000000 36.120000
35.000000 36.310000
36.000000 36.430000
37.000000 36.560000
38.000000 36.750000
39.000000 36.930000
40.000000 37.060000
41.000000 37.250000
42.000000 37.370000
43.000000 37.560000
44.000000 37.680000
45.000000 37.870000
46.000000 38.000000
47.000000 38.180000
48.000000 38.310000
49.000000 38.500000
50.000000 38.620000
51.000000 38.810000
52.000000 38.930000
53.000000 39.060000
54.000000 39.250000
55.000000 39.370000
56.000000 39.560000
57.000000 39.680000
58.000000 39.810000
59.000000 40.000000
60.000000 40.180000
61.000000 40.310000
62.000000 40.430000
63.000000 40.620000
64.000000 40.750000
65.000000 40.870000
66.000000 41.000000
67.000000 41.120000
68.000000 41.250000
69.000000 41.370000
70.000000 41.500000
71.000000 41.620000
72.000000 41.750000
73.000000 41.870000
74.000000 42.000000
75.000000 42.120000
76.000000 42.250000
77.000000 42.370000
78.000000 42.500000
79.000000 42.620000
80.000000 42.750000
81.000000 42.870000
82.000000 43.000000
83.000000 43.120000
84.000000 43.250000
85.000000 43.310000
86.000000 43.430000
87.000000 43.560000
88.000000 43.620000
89.000000 43.680000
90.000000 43.810000
91.000000 43.870000
92.000000 44.000000
93.000000 44.060000
94.000000 44.120000
95.000000 44.180000
96.000000 44.310000
97.000000 44.370000
98.000000 44.430000
99.000000 44.500000
100.000000 44.560000
101.000000 44.620000
102.000000 44.680000
103.000000 44.750000
104.000000 44.810000
105.000000 44.870000
106.000000 44.930000
107.000000 45.000000
108.000000 45.120000
109.000000 45.180000
110.000000 45.250000
111.000000 45.310000
112.000000 45.430000
113.000000 45.430000
114.000000 45.500000
115.000000 45.560000
116.000000 45.620000
117.000000 45.680000
118.000000 45.810000
119.000000 45.870000
120.000000 45.930000
121.000000 46.000000
122.000000 46.060000
123.000000 46.120000
124.000000 46.180000
125.000000 46.250000
126.000000 46.310000
127.000000 46.370000
128.000000 46.430000
129.000000 46.500000
130.000000 46.560000
131.000000 46.620000
132.000000 46.620000
133.000000 46.680000
134.000000 46.750000
135.000000 46.750000
136.000000 46.810000
137.000000 46.810000
138.000000 46.870000
139.000000 46.870000
140.000000 46.930000
141.000000 47.000000
142.000000 47.060000
143.000000 47.120000
144.000000 47.180000
145.000000 47.180000
146.000000 47.250000
147.000000 47.250000
148.000000 47.310000
149.000000 47.310000
150.000000 47.370000
151.000000 47.370000
152.000000 47.430000
153.000000 47.430000
154.000000 47.500000
155.000000 47.500000
156.000000 47.500000
157.000000 47.560000
158.000000 47.560000
159.000000 47.620000
160.000000 47.680000
161.000000 47.680000
162.000000 47.750000
163.000000 47.750000
164.000000 47.810000
165.000000 47.870000
166.000000 47.870000
167.000000 47.930000
168.000000 48.000000
169.000000 48.060000
170.000000 48.120000
171.000000 48.180000
172.000000 48.250000
173.000000 48.310000
174.000000 48.310000
175.000000 48.370000
176.000000 48.370000
177.000000 48.430000
178.000000 48.430000
179.000000 48.430000
180.000000 48.430000
181.000000 48.430000
182.000000 48.430000
183.000000 48.430000
184.000000 48.430000
185.000000 48.430000
186.000000 48.430000
187.000000 48.430000
188.000000 48.500000
189.000000 48.500000
190.000000 48.560000
191.000000 48.560000
192.000000 48.560000
193.000000 48.560000
194.000000 48.560000
195.000000 48.620000
196.000000 48.620000
197.000000 48.620000
198.000000 48.620000
199.000000 48.620000
200.000000 48.620000
201.000000 48.680000
202.000000 48.680000
203.000000 48.750000
204.000000 48.810000
205.000000 48.870000
206.000000 48.870000
207.000000 48.930000
208.000000 48.930000
209.000000 49.000000
210.000000 49.000000
211.000000 49.060000
212.000000 49.120000
213.000000 49.120000
214.000000 49.180000
215.000000 49.180000
216.000000 49.180000
217.000000 49.180000
218.000000 49.250000
219.000000 49.250000
220.000000 49.250000
221.000000 49.250000
222.000000 49.250000
223.000000 49.250000
224.000000 49.250000
225.000000 49.250000
226.000000 49.180000
227.000000 49.180000
228.000000 49.250000
229.000000 49.310000
230.000000 49.310000
231.000000 49.370000
232.000000 49.370000
233.000000 49.430000
234.000000 49.430000
235.000000 49.500000
236.000000 49.500000
237.000000 49.560000
238.000000 49.560000
239.000000 49.620000
240.000000 49.620000
241.000000 49.620000
242.000000 49.620000
243.000000 49.620000
244.000000 49.620000
245.000000 49.620000
246.000000 49.620000
247.000000 49.620000
248.000000 49.620000
249.000000 49.680000
250.000000 49.680000
251.000000 49.750000
252.000000 49.750000
253.000000 49.810000
254.000000 49.810000
255.000000 49.870000
256.000000 49.930000
257.000000 49.870000
258.000000 49.870000
259.000000 49.870000
260.000000 49.870000
261.000000 49.870000
262.000000 49.870000
263.000000 49.870000
264.000000 49.870000
265.000000 49.870000
266.000000 49.930000
267.000000 49.930000
268.000000 49.930000
269.000000 49.930000
270.000000 49.930000
271.000000 49.930000
272.000000 49.930000
273.000000 49.930000
274.000000 49.930000
275.000000 49.930000
276.000000 50.000000
277.000000 50.000000
278.000000 50.060000
279.000000 50.060000
280.000000 50.060000
281.000000 50.120000
282.000000 50.120000
283.000000 50.180000
284.000000 50.180000
285.000000 50.180000
286.000000 50.180000
287.000000 50.250000
288.000000 50.250000
289.000000 50.310000
290.000000 50.310000
291.000000 50.310000
292.000000 50.310000
293.000000 50.310000
294.000000 50.310000
295.000000 50.310000
296.000000 50.310000
297.000000 50.370000
298.000000 50.370000
299.000000 50.370000
300.000000 50.370000
301.000000 50.370000
302.000000 50.310000
303.000000 50.310000
304.000000 50.310000
305.000000 50.310000
306.000000 50.310000
307.000000 50.310000
308.000000 50.310000
309.000000 50.310000
310.000000 50.310000
311.000000 50.310000
312.000000 50.370000
313.000000 50.370000
314.000000 50.430000
315.000000 50.430000
316.000000 50.500000
317.000000 50.500000
318.000000 50.560000
319.000000 50.560000
320.000000 50.560000
321.000000 50.560000
322.000000 50.560000
323.000000 50.500000
324.000000 50.500000
325.000000 50.500000
326.000000 50.500000
327.000000 50.500000
328.000000 50.430000
329.000000 50.430000
330.000000 50.430000
331.000000 50.430000
332.000000 50.430000
333.000000 50.430000
334.000000 50.430000
335.000000 50.430000
336.000000 50.430000
337.000000 50.430000
338.000000 50.500000
339.000000 50.500000
340.000000 50.560000
341.000000 50.620000
342.000000 50.680000
343.000000 50.750000
344.000000 50.750000
345.000000 50.810000
346.000000 50.810000
347.000000 50.810000
348.000000 50.870000
349.000000 50.930000
350.000000 50.930000
351.000000 51.000000
352.000000 51.000000
353.000000 51.060000
354.000000 51.060000
355.000000 51.120000
356.000000 51.060000
357.000000 51.060000
358.000000 51.060000
359.000000 51.000000
360.000000 51.000000
361.000000 51.000000
362.000000 51.000000
363.000000 51.000000
364.000000 51.000000
365.000000 51.000000
366.000000 51.000000
367.000000 50.930000
368.000000 50.930000
369.000000 50.930000
370.000000 50.930000
371.000000 50.930000
372.000000 50.870000
373.000000 50.870000
374.000000 50.870000
375.000000 50.870000
376.000000 50.870000
377.000000 50.870000
378.000000 50.930000
379.000000 50.870000
380.000000 50.870000
381.000000 50.870000
382.000000 50.870000
383.000000 50.810000
384.000000 50.810000
385.000000 50.810000
386.000000 50.810000
387.000000 50.810000
388.000000 50.810000
389.000000 50.810000
390.000000 50.810000
391.000000 50.750000
392.000000 50.750000
393.000000 50.750000
394.000000 50.750000
395.000000 50.750000
396.000000 50.810000
397.000000 50.810000
398.000000 50.810000
399.000000 50.810000
400.000000 50.870000
