1.000000 30.870000
2.000000 30.870000
3.000000 30.870000
4.000000 30.870000
5.000000 30.870000
6.000000 30.870000
7.000000 30.870000
8.000000 30.870000
9.000000 30.870000
10.000000 30.870000
11.000000 30.870000
12.000000 30.870000
13.000000 30.870000
14.000000 30.870000
15.000000 30.870000
16.000000 30.870000
17.000000 30.870000
18.000000 30.870000
19.000000 30.870000
20.000000 30.870000
21.000000 30.870000
22.000000 30.870000
23.000000 30.870000
24.000000 34.896898
25.000000 34.014075
26.000000 34.627449
27.000000 35.206951
28.000000 35.786853
29.000000 36.366746
30.000000 36.946640
31.000000 37.526533
32.000000 38.106426
33.000000 38.686319
34.000000 39.266212
35.000000 38.069993
36.000000 39.428646
37.000000 39.382102
38.000000 39.569423
39.000000 39.708632
40.000000 39.811270
41.000000 39.877069
42.000000 39.906037
43.000000 39.898173
44.000000 39.853477
45.000000 39.771949
46.000000 40.436965
47.000000 39.766551
48.000000 40.045450
49.000000 39.989585
50.000000 39.985774
51.000000 39.980623
52.000000 39.979530
53.000000 39.984732
54.000000 39.998573
55.000000 40.023390
56.000000 40.061525
57.000000 39.769798
58.000000 40.144578
59.000000 39.926544
60.000000 39.995467
61.000000 39.987807
62.000000 39.990590
63.000000 39.991489
64.000000 39.990338
65.000000 39.986040
66.000000 39.977383
67.000000 39.963003
68.000000 40.093784
69.000000 39.896228
70.000000 40.044326
71.000000 39.982275
72.000000 39.997799
73.000000 39.995857
74.000000 39.996535
75.000000 39.997716
76.000000 40.000038
77.000000 40.004059
78.000000 40.010467
79.000000 39.952862
80.000000 40.055044
81.000000 39.964184
82.000000 40.013194
83.000000 39.996980
84.000000 40.000698
85.000000 40.000291
86.000000 40.000106
87.000000 39.999414
88.000000 39.998006
89.000000 39.995557
90.000000 40.021312
91.000000 39.969985
92.000000 40.023146
93.000000 39.988870
94.000000 40.003373
95.000000 39.999144
96.000000 39.999936
97.000000 39.999920
98.000000 40.000191
99.000000 40.000739
100.000000 40.001722
101.000000 39.990258
102.000000 40.015678
103.000000 39.985819
104.000000 40.008173
105.000000 39.996795
106.000000 40.000897
107.000000 39.999870
108.000000 40.000024
109.000000 39.999904
110.000000 39.999694
111.000000 39.999300
112.000000 40.004403
113.000000 39.991969
114.000000 40.008258
115.000000 39.994422
116.000000 40.002613
117.000000 39.999101
118.000000 40.000197
119.000000 39.999957
120.000000 40.000037
121.000000 40.000116
122.000000 40.000276
123.000000 39.998008
124.000000 40.004031
125.000000 39.995346
126.000000 40.003579
127.000000 39.998044
128.000000 40.000791
129.000000 39.999771
130.000000 40.000053
131.000000 39.999978
132.000000 39.999955
133.000000 39.999889
134.000000 40.000897
135.000000 39.998003
136.000000 40.002551
137.000000 39.997802
138.000000 40.001367
139.000000 39.999362
140.000000 40.000223
141.000000 39.999939
142.000000 40.000018
143.000000 40.000016
144.000000 40.000045
145.000000 39.999597
146.000000 40.000978
147.000000 39.998632
148.000000 40.001304
149.000000 39.999093
150.000000 40.000479
151.000000 39.999806
152.000000 40.000062
153.000000 39.999982
154.000000 39.999996
155.000000 39.999982
156.000000 40.000181
157.000000 39.999525
158.000000 40.000721
159.000000 39.999249
160.000000 40.000577
161.000000 39.999660
162.000000 40.000157
163.000000 39.999943
164.000000 40.000018
165.000000 39.999999
166.000000 40.000008
167.000000 39.999919
168.000000 40.000229
169.000000 39.999626
170.000000 40.000423
171.000000 39.999644
172.000000 40.000231
173.000000 39.999881
174.000000 40.000049
175.000000 39.999983
176.000000 40.000003
177.000000 39.999996
178.000000 40.000036
179.000000 39.999891
180.000000 40.000192
181.000000 39.999766
182.000000 40.000213
183.000000 39.999849
184.000000 40.000085
185.000000 39.999961
186.000000 40.000015
187.000000 39.999996
188.000000 40.000002
189.000000 39.999984
190.000000 40.000052
191.000000 39.999903
192.000000 40.000127
193.000000 39.999876
194.000000 40.000096
195.000000 39.999941
196.000000 40.000030
197.000000 39.999988
198.000000 40.000004
199.000000 39.999998
200.000000 40.000007
201.000000 39.999975
202.000000 40.000049
203.000000 39.999932
204.000000 40.000071
205.000000 39.999941
206.000000 40.000039
207.000000 39.999978
208.000000 40.000010
209.000000 39.999996
210.000000 40.000001
211.000000 39.999996
212.000000 40.000012
213.000000 39.999976
214.000000 40.000036
215.000000 39.999960
216.000000 40.000036
217.000000 39.999975
218.000000 40.000015
219.000000 39.999992
220.000000 40.000003
221.000000 39.999999
222.000000 40.000002
223.000000 39.999994
224.000000 40.000012
225.000000 39.999981
226.000000 40.000022
227.000000 39.999979
228.000000 40.000016
229.000000 39.999990
230.000000 40.000006
231.000000 39.999998
232.000000 40.000001
233.000000 39.999999
234.000000 40.000003
235.000000 39.999994
236.000000 40.000010
237.000000 39.999988
238.000000 40.000012
239.000000 39.999990
240.000000 40.000007
241.000000 39.999996
242.000000 40.000002
243.000000 39.999999
244.000000 40.000001
245.000000 39.999999
246.000000 40.000003
247.000000 39.999995
248.000000 40.000007
249.000000 39.999993
250.000000 40.000006
251.000000 39.999996
252.000000 40.000003
253.000000 39.999999
254.000000 40.000001
255.000000 40.000000
256.000000 40.000001
257.000000 39.999999
258.000000 40.000003
259.000000 39.999996
260.000000 40.000004
261.000000 39.999996
262.000000 40.000003
263.000000 39.999998
264.000000 40.000001
265.000000 40.000000
266.000000 40.000000
267.000000 40.000000
268.000000 40.000001
269.000000 39.999999
270.000000 40.000002
271.000000 39.999998
272.000000 40.000002
273.000000 39.999998
274.000000 40.000001
275.000000 39.999999
276.000000 40.000000
277.000000 40.000000
278.000000 40.000000
279.000000 40.000000
280.000000 40.000001
281.000000 39.999999
282.000000 40.000001
283.000000 39.999999
284.000000 40.000001
285.000000 39.999999
286.000000 40.000000
287.000000 40.000000
288.000000 40.000000
289.000000 40.000000
290.000000 40.000000
291.000000 40.000000
292.000000 40.000001
293.000000 39.999999
294.000000 40.000001
295.000000 39.999999
296.000000 40.000000
297.000000 40.000000
298.000000 40.000000
299.000000 40.000000
300.000000 40.000000
301.000000 40.000000
302.000000 40.000000
303.000000 40.000000
304.000000 40.000000
305.000000 40.000000
306.000000 40.000000
307.000000 40.000000
308.000000 40.000000
309.000000 40.000000
310.000000 40.000000
311.000000 40.000000
312.000000 40.000000
313.000000 40.000000
314.000000 40.000000
315.000000 40.000000
316.000000 40.000000
317.000000 40.000000
318.000000 40.000000
319.000000 40.000000
320.000000 40.000000
321.000000 40.000000
322.000000 40.000000
323.000000 40.000000
324.000000 40.000000
325.000000 40.000000
326.000000 40.000000
327.000000 40.000000
328.000000 40.000000
329.000000 40.000000
330.000000 40.000000
331.000000 40.000000
332.000000 40.000000
333.000000 40.000000
334.000000 40.000000
335.000000 40.000000
336.000000 40.000000
337.000000 40.000000
338.000000 40.000000
339.000000 40.000000
340.000000 40.000000
341.000000 40.000000
342.000000 40.000000
343.000000 40.000000
344.000000 40.000000
345.000000 40.000000
346.000000 40.000000
347.000000 40.000000
348.000000 40.000000
349.000000 40.000000
350.000000 40.000000
351.000000 40.000000
352.000000 40.000000
353.000000 40.000000
354.000000 40.000000
355.000000 40.000000
356.000000 40.000000
357.000000 40.000000
358.000000 40.000000
359.000000 40.000000
360.000000 40.000000
361.000000 40.000000
362.000000 40.000000
363.000000 40.000000
364.000000 40.000000
365.000000 40.000000
366.000000 40.000000
367.000000 40.000000
368.000000 40.000000
369.000000 40.000000
370.000000 40.000000
371.000000 40.000000
372.000000 40.000000
373.000000 40.000000
374.000000 40.000000
375.000000 40.000000
376.000000 40.000000
377.000000 40.000000
378.000000 40.000000
379.000000 40.000000
380.000000 40.000000
381.000000 40.000000
382.000000 40.000000
383.000000 40.000000
384.000000 40.000000
385.000000 40.000000
386.000000 40.000000
387.000000 40.000000
388.000000 40.000000
389.000000 40.000000
390.000000 40.000000
391.000000 40.000000
392.000000 40.000000
393.000000 40.000000
394.000000 40.000000
395.000000 40.000000
396.000000 40.000000
397.000000 40.000000
398.000000 40.000000
399.000000 40.000000
400.000000 40.000000
401.000000 40.000000
402.000000 40.000000
403.000000 40.000000
404.000000 40.000000
405.000000 40.000000
406.000000 40.000000
407.000000 40.000000
408.000000 40.000000
409.000000 40.000000
410.000000 40.000000
411.000000 40.000000
412.000000 40.000000
413.000000 40.000000
414.000000 40.000000
415.000000 40.000000
416.000000 40.000000
417.000000 40.000000
418.000000 40.000000
419.000000 40.000000
420.000000 40.000000
421.000000 40.000000
422.000000 40.000000
423.000000 40.000000
424.000000 40.000000
425.000000 40.000000
426.000000 40.000000
427.000000 40.000000
428.000000 40.000000
429.000000 40.000000
430.000000 40.000000
431.000000 40.000000
432.000000 40.000000
433.000000 40.000000
434.000000 40.000000
435.000000 40.000000
436.000000 40.000000
437.000000 40.000000
438.000000 40.000000
439.000000 40.000000
440.000000 40.000000
441.000000 40.000000
442.000000 40.000000
443.000000 40.000000
444.000000 40.000000
445.000000 40.000000
446.000000 40.000000
447.000000 40.000000
448.000000 40.000000
449.000000 40.000000
450.000000 40.000000
451.000000 40.000000
452.000000 40.000000
453.000000 40.000000
454.000000 40.000000
455.000000 40.000000
456.000000 40.000000
457.000000 40.000000
458.000000 40.000000
459.000000 40.000000
460.000000 40.000000
461.000000 40.000000
462.000000 40.000000
463.000000 40.000000
464.000000 40.000000
465.000000 40.000000
466.000000 40.000000
467.000000 40.000000
468.000000 40.000000
469.000000 40.000000
470.000000 40.000000
471.000000 40.000000
472.000000 40.000000
473.000000 40.000000
474.000000 40.000000
475.000000 40.000000
476.000000 40.000000
477.000000 40.000000
478.000000 40.000000
479.000000 40.000000
480.000000 40.000000
481.000000 40.000000
482.000000 40.000000
483.000000 40.000000
484.000000 40.000000
485.000000 40.000000
486.000000 40.000000
487.000000 40.000000
488.000000 40.000000
489.000000 40.000000
490.000000 40.000000
491.000000 40.000000
492.000000 40.000000
493.000000 40.000000
494.000000 40.000000
495.000000 40.000000
496.000000 40.000000
497.000000 40.000000
498.000000 40.000000
499.000000 40.000000
500.000000 40.000000
501.000000 40.000000
502.000000 40.000000
503.000000 40.000000
504.000000 40.000000
505.000000 40.000000
506.000000 40.000000
507.000000 40.000000
508.000000 40.000000
509.000000 40.000000
510.000000 40.000000
511.000000 40.000000
512.000000 36.471502
513.000000 37.245060
514.000000 36.707602
515.000000 36.199824
516.000000 35.691695
517.000000 35.183574
518.000000 34.675453
519.000000 34.167332
520.000000 33.659211
521.000000 33.151089
522.000000 32.642968
523.000000 33.691134
524.000000 32.500639
525.000000 32.541422
526.000000 32.377286
527.000000 32.255306
528.000000 32.165372
529.000000 32.107716
530.000000 32.082333
531.000000 32.089224
532.000000 32.128388
533.000000 32.199825
534.000000 31.617117
535.000000 32.204555
536.000000 31.960175
537.000000 32.009126
538.000000 32.012465
539.000000 32.016979
540.000000 32.017937
541.000000 32.013378
542.000000 32.001251
543.000000 31.979505
544.000000 31.946090
545.000000 32.201710
546.000000 31.873316
547.000000 32.064364
548.000000 32.003972
549.000000 32.010684
550.000000 32.008246
551.000000 32.007458
552.000000 32.008466
553.000000 32.012232
554.000000 32.019818
555.000000 32.032418
556.000000 31.917823
557.000000 32.090928
558.000000 31.961160
559.000000 32.015532
560.000000 32.001929
561.000000 32.003631
562.000000 32.003036
563.000000 32.002001
564.000000 31.999967
565.000000 31.996444
566.000000 31.990829
567.000000 32.041304
568.000000 31.951769
569.000000 32.031383
570.000000 31.988439
571.000000 32.002646
572.000000 31.999389
573.000000 31.999745
574.000000 31.999907
575.000000 32.000514
576.000000 32.001747
577.000000 32.003893
578.000000 31.981326
579.000000 32.026300
580.000000 31.979719
581.000000 32.009752
582.000000 31.997044
583.000000 32.000750
584.000000 32.000056
585.000000 32.000070
586.000000 31.999833
587.000000 31.999353
588.000000 31.998491
589.000000 32.008536
590.000000 31.986263
591.000000 32.012426
592.000000 31.992839
593.000000 32.002809
594.000000 31.999214
595.000000 32.000114
596.000000 31.999979
597.000000 32.000084
598.000000 32.000268
599.000000 32.000613
600.000000 31.996142
601.000000 32.007037
602.000000 31.992764
603.000000 32.004888
604.000000 31.997710
605.000000 32.000788
606.000000 31.999827
607.000000 32.000038
608.000000 31.999967
609.000000 31.999898
610.000000 31.999758
611.000000 32.001746
612.000000 31.996468
613.000000 32.004078
614.000000 31.996864
615.000000 32.001714
616.000000 31.999307
617.000000 32.000201
618.000000 31.999953
619.000000 32.000019
620.000000 32.000040
621.000000 32.000097
622.000000 31.999214
623.000000 32.001750
624.000000 31.997765
625.000000 32.001926
626.000000 31.998802
627.000000 32.000559
628.000000 31.999805
629.000000 32.000053
630.000000 31.999984
631.000000 31.999986
632.000000 31.999961
633.000000 32.000353
634.000000 31.999143
635.000000 32.001199
636.000000 31.998858
637.000000 32.000795
638.000000 31.999580
639.000000 32.000170
640.000000 31.999946
641.000000 32.000015
642.000000 32.000004
643.000000 32.000016
644.000000 31.999841
645.000000 32.000416
646.000000 31.999368
647.000000 32.000658
648.000000 31.999494
649.000000 32.000298
650.000000 31.999863
651.000000 32.000050
652.000000 31.999985
653.000000 32.000001
654.000000 31.999993
655.000000 32.000071
656.000000 31.999800
657.000000 32.000328
658.000000 31.999629
659.000000 32.000312
660.000000 31.999798
661.000000 32.000104
662.000000 31.999957
663.000000 32.000015
664.000000 31.999997
665.000000 32.000003
666.000000 31.999968
667.000000 32.000096
668.000000 31.999832
669.000000 32.000205
670.000000 31.999813
671.000000 32.000132
672.000000 31.999925
673.000000 32.000034
674.000000 31.999987
675.000000 32.000004
676.000000 31.999998
677.000000 32.000014
678.000000 31.999954
679.000000 32.000085
680.000000 31.999889
681.000000 32.000109
682.000000 31.999916
683.000000 32.000052
684.000000 31.999974
685.000000 32.000011
686.000000 31.999996
687.000000 32.000001
688.000000 31.999993
689.000000 32.000022
690.000000 31.999957
691.000000 32.000060
692.000000 31.999937
693.000000 32.000052
694.000000 31.999966
695.000000 32.000019
696.000000 31.999991
697.000000 32.000003
698.000000 31.999999
699.000000 32.000003
700.000000 31.999990
701.000000 32.000021
702.000000 31.999968
703.000000 32.000035
704.000000 31.999969
705.000000 32.000022
706.000000 31.999987
707.000000 32.000007
708.000000 31.999997
709.000000 32.000001
710.000000 31.999998
711.000000 32.000005
712.000000 31.999989
713.000000 32.000016
714.000000 31.999980
715.000000 32.000018
716.000000 31.999986
717.000000 32.000009
718.000000 31.999995
719.000000 32.000002
720.000000 31.999999
721.000000 32.000001
722.000000 31.999998
723.000000 32.000005
724.000000 31.999991
725.000000 32.000011
726.000000 31.999989
727.000000 32.000009
728.000000 31.999994
729.000000 32.000003
730.000000 31.999998
731.000000 32.000001
732.000000 31.999999
733.000000 32.000001
734.000000 31.999997
735.000000 32.000004
736.000000 31.999994
737.000000 32.000006
738.000000 31.999995
739.000000 32.000004
740.000000 31.999998
741.000000 32.000001
742.000000 31.999999
743.000000 32.000000
744.000000 31.999999
745.000000 32.000001
746.000000 31.999998
747.000000 32.000003
748.000000 31.999997
749.000000 32.000003
750.000000 31.999998
751.000000 32.000002
752.000000 31.999999
753.000000 32.000000
754.000000 32.000000
755.000000 32.000000
756.000000 31.999999
757.000000 32.000001
758.000000 31.999998
759.000000 32.000002
760.000000 31.999998
761.000000 32.000001
762.000000 31.999999
763.000000 32.000001
764.000000 32.000000
765.000000 32.000000
766.000000 32.000000
767.000000 32.000000
768.000000 31.999999
769.000000 32.000001
770.000000 31.999999
771.000000 32.000001
772.000000 31.999999
773.000000 32.000001
774.000000 32.000000
775.000000 32.000000
776.000000 32.000000
777.000000 32.000000
778.000000 32.000000
779.000000 32.000000
780.000000 32.000000
781.000000 32.000001
782.000000 31.999999
783.000000 32.000001
784.000000 32.000000
785.000000 32.000000
786.000000 32.000000
787.000000 32.000000
788.000000 32.000000
789.000000 32.000000
790.000000 32.000000
791.000000 32.000000
792.000000 32.000000
793.000000 32.000000
794.000000 32.000000
795.000000 32.000000
796.000000 32.000000
797.000000 32.000000
798.000000 32.000000
799.000000 32.000000
800.000000 32.000000
801.000000 32.000000
802.000000 32.000000
803.000000 32.000000
804.000000 32.000000
805.000000 32.000000
806.000000 32.000000
807.000000 32.000000
808.000000 32.000000
809.000000 32.000000
810.000000 32.000000
811.000000 32.000000
812.000000 32.000000
813.000000 32.000000
814.000000 32.000000
815.000000 32.000000
816.000000 32.000000
817.000000 32.000000
818.000000 32.000000
819.000000 32.000000
820.000000 32.000000
821.000000 32.000000
822.000000 32.000000
823.000000 32.000000
824.000000 32.000000
825.000000 32.000000
826.000000 32.000000
827.000000 32.000000
828.000000 32.000000
829.000000 32.000000
830.000000 32.000000
831.000000 32.000000
832.000000 32.000000
833.000000 32.000000
834.000000 32.000000
835.000000 32.000000
836.000000 32.000000
837.000000 32.000000
838.000000 32.000000
839.000000 32.000000
840.000000 32.000000
841.000000 32.000000
842.000000 32.000000
843.000000 32.000000
844.000000 32.000000
845.000000 32.000000
846.000000 32.000000
847.000000 32.000000
848.000000 32.000000
849.000000 32.000000
850.000000 32.000000
851.000000 32.000000
852.000000 32.000000
853.000000 32.000000
854.000000 32.000000
855.000000 32.000000
856.000000 32.000000
857.000000 32.000000
858.000000 32.000000
859.000000 32.000000
860.000000 32.000000
861.000000 32.000000
862.000000 32.000000
863.000000 32.000000
864.000000 32.000000
865.000000 32.000000
866.000000 32.000000
867.000000 32.000000
868.000000 32.000000
869.000000 32.000000
870.000000 32.000000
871.000000 32.000000
872.000000 32.000000
873.000000 32.000000
874.000000 32.000000
875.000000 32.000000
876.000000 32.000000
877.000000 32.000000
878.000000 32.000000
879.000000 32.000000
880.000000 32.000000
881.000000 32.000000
882.000000 32.000000
883.000000 32.000000
884.000000 32.000000
885.000000 32.000000
886.000000 32.000000
887.000000 32.000000
888.000000 32.000000
889.000000 32.000000
890.000000 32.000000
891.000000 32.000000
892.000000 32.000000
893.000000 32.000000
894.000000 32.000000
895.000000 32.000000
896.000000 32.000000
897.000000 32.000000
898.000000 32.000000
899.000000 32.000000
900.000000 32.000000
901.000000 32.000000
902.000000 32.000000
903.000000 32.000000
904.000000 32.000000
905.000000 32.000000
906.000000 32.000000
907.000000 32.000000
908.000000 32.000000
909.000000 32.000000
910.000000 32.000000
911.000000 32.000000
912.000000 32.000000
913.000000 32.000000
914.000000 32.000000
915.000000 32.000000
916.000000 32.000000
917.000000 32.000000
918.000000 32.000000
919.000000 32.000000
920.000000 32.000000
921.000000 32.000000
922.000000 32.000000
923.000000 32.000000
924.000000 32.000000
925.000000 32.000000
926.000000 32.000000
927.000000 32.000000
928.000000 32.000000
929.000000 32.000000
930.000000 32.000000
931.000000 32.000000
932.000000 32.000000
933.000000 32.000000
934.000000 32.000000
935.000000 32.000000
936.000000 32.000000
937.000000 32.000000
938.000000 32.000000
939.000000 32.000000
940.000000 32.000000
941.000000 32.000000
942.000000 32.000000
943.000000 32.000000
944.000000 32.000000
945.000000 32.000000
946.000000 32.000000
947.000000 32.000000
948.000000 32.000000
949.000000 32.000000
950.000000 32.000000
951.000000 32.000000
952.000000 32.000000
953.000000 32.000000
954.000000 32.000000
955.000000 32.000000
956.000000 32.000000
957.000000 32.000000
958.000000 32.000000
959.000000 32.000000
960.000000 32.000000
961.000000 32.000000
962.000000 32.000000
963.000000 32.000000
964.000000 32.000000
965.000000 32.000000
966.000000 32.000000
967.000000 32.000000
968.000000 32.000000
969.000000 32.000000
970.000000 32.000000
971.000000 32.000000
972.000000 32.000000
973.000000 32.000000
974.000000 32.000000
975.000000 32.000000
976.000000 32.000000
977.000000 32.000000
978.000000 32.000000
979.000000 32.000000
980.000000 32.000000
981.000000 32.000000
982.000000 32.000000
983.000000 32.000000
984.000000 32.000000
985.000000 32.000000
986.000000 32.000000
987.000000 32.000000
988.000000 32.000000
989.000000 32.000000
990.000000 32.000000
991.000000 32.000000
992.000000 32.000000
993.000000 32.000000
994.000000 32.000000
995.000000 32.000000
996.000000 32.000000
997.000000 32.000000
998.000000 32.000000
999.000000 32.000000
1000.000000 32.000000
