-0.500000	-0.500000	-1.557730	-1.557730\\ 
-0.500000	-0.475000	-1.530088	-1.530088\\ 
-0.500000	-0.450000	-1.502446	-1.502446\\ 
-0.500000	-0.425000	-1.474804	-1.474804\\ 
-0.500000	-0.400000	-1.447162	-1.447162\\ 
-0.500000	-0.375000	-1.419521	-1.419521\\ 
-0.500000	-0.350000	-1.391879	-1.391879\\ 
-0.500000	-0.325000	-1.364237	-1.364237\\ 
-0.500000	-0.300000	-1.336595	-1.336595\\ 
-0.500000	-0.275000	-1.308953	-1.308953\\ 
-0.500000	-0.250000	-1.281312	-1.281312\\ 
-0.500000	-0.225000	-1.253670	-1.253670\\ 
-0.500000	-0.200000	-1.226028	-1.226028\\ 
-0.500000	-0.175000	-1.198386	-1.198386\\ 
-0.500000	-0.150000	-1.170744	-1.170744\\ 
-0.500000	-0.125000	-1.143103	-1.143103\\ 
-0.500000	-0.100000	-1.115461	-1.115461\\ 
-0.500000	-0.075000	-1.087819	-1.087819\\ 
-0.500000	-0.050000	-1.060177	-1.060177\\ 
-0.500000	-0.025000	-1.032536	-1.032536\\ 
-0.500000	0.000000	-1.004894	-1.004894\\ 
-0.500000	0.025000	-0.977252	-0.977252\\ 
-0.500000	0.050000	-0.949610	-0.949610\\ 
-0.500000	0.075000	-0.921968	-0.921968\\ 
-0.500000	0.100000	-0.894327	-0.894327\\ 
-0.500000	0.125000	-0.866685	-0.866685\\ 
-0.500000	0.150000	-0.839043	-0.839043\\ 
-0.500000	0.175000	-0.811401	-0.811401\\ 
-0.500000	0.200000	-0.783759	-0.783759\\ 
-0.500000	0.225000	-0.756118	-0.756118\\ 
-0.500000	0.250000	-0.728476	-0.728476\\ 
-0.500000	0.275000	-0.700834	-0.700834\\ 
-0.500000	0.300000	-0.673192	-0.673192\\ 
-0.500000	0.325000	-0.645551	-0.645551\\ 
-0.500000	0.350000	-0.617909	-0.617909\\ 
-0.500000	0.375000	-0.590267	-0.590267\\ 
-0.500000	0.400000	-0.562625	-0.562625\\ 
-0.500000	0.425000	-0.534983	-0.534983\\ 
-0.500000	0.450000	-0.507342	-0.507342\\ 
-0.500000	0.475000	-0.479700	-0.479700\\ 
-0.500000	0.500000	-0.452058	-0.452058\\ 
-0.475000	-0.500000	-1.507561	-1.507561\\ 
-0.475000	-0.475000	-1.479919	-1.479919\\ 
-0.475000	-0.450000	-1.452277	-1.452277\\ 
-0.475000	-0.425000	-1.424635	-1.424635\\ 
-0.475000	-0.400000	-1.396994	-1.396994\\ 
-0.475000	-0.375000	-1.369352	-1.369352\\ 
-0.475000	-0.350000	-1.341710	-1.341710\\ 
-0.475000	-0.325000	-1.314068	-1.314068\\ 
-0.475000	-0.300000	-1.286426	-1.286426\\ 
-0.475000	-0.275000	-1.258785	-1.258785\\ 
-0.475000	-0.250000	-1.231143	-1.231143\\ 
-0.475000	-0.225000	-1.203501	-1.203501\\ 
-0.475000	-0.200000	-1.175859	-1.175859\\ 
-0.475000	-0.175000	-1.148217	-1.148217\\ 
-0.475000	-0.150000	-1.120576	-1.120576\\ 
-0.475000	-0.125000	-1.092934	-1.092934\\ 
-0.475000	-0.100000	-1.065292	-1.065292\\ 
-0.475000	-0.075000	-1.037650	-1.037650\\ 
-0.475000	-0.050000	-1.010008	-1.010008\\ 
-0.475000	-0.025000	-0.982367	-0.982367\\ 
-0.475000	0.000000	-0.954725	-0.954725\\ 
-0.475000	0.025000	-0.927083	-0.927083\\ 
-0.475000	0.050000	-0.899441	-0.899441\\ 
-0.475000	0.075000	-0.871800	-0.871800\\ 
-0.475000	0.100000	-0.844158	-0.844158\\ 
-0.475000	0.125000	-0.816516	-0.816516\\ 
-0.475000	0.150000	-0.788874	-0.788874\\ 
-0.475000	0.175000	-0.761232	-0.761232\\ 
-0.475000	0.200000	-0.733591	-0.733591\\ 
-0.475000	0.225000	-0.705949	-0.705949\\ 
-0.475000	0.250000	-0.678307	-0.678307\\ 
-0.475000	0.275000	-0.650665	-0.650665\\ 
-0.475000	0.300000	-0.623023	-0.623023\\ 
-0.475000	0.325000	-0.595382	-0.595382\\ 
-0.475000	0.350000	-0.567740	-0.567740\\ 
-0.475000	0.375000	-0.540098	-0.540098\\ 
-0.475000	0.400000	-0.512456	-0.512456\\ 
-0.475000	0.425000	-0.484815	-0.484815\\ 
-0.475000	0.450000	-0.457173	-0.457173\\ 
-0.475000	0.475000	-0.429531	-0.429531\\ 
-0.475000	0.500000	-0.401889	-0.401889\\ 
-0.450000	-0.500000	-1.457392	-1.457392\\ 
-0.450000	-0.475000	-1.429750	-1.429750\\ 
-0.450000	-0.450000	-1.402108	-1.402108\\ 
-0.450000	-0.425000	-1.374466	-1.374466\\ 
-0.450000	-0.400000	-1.346825	-1.346825\\ 
-0.450000	-0.375000	-1.319183	-1.319183\\ 
-0.450000	-0.350000	-1.291541	-1.291541\\ 
-0.450000	-0.325000	-1.263899	-1.263899\\ 
-0.450000	-0.300000	-1.236258	-1.236258\\ 
-0.450000	-0.275000	-1.208616	-1.208616\\ 
-0.450000	-0.250000	-1.180974	-1.180974\\ 
-0.450000	-0.225000	-1.153332	-1.153332\\ 
-0.450000	-0.200000	-1.125690	-1.125690\\ 
-0.450000	-0.175000	-1.098049	-1.098049\\ 
-0.450000	-0.150000	-1.070407	-1.070407\\ 
-0.450000	-0.125000	-1.042765	-1.042765\\ 
-0.450000	-0.100000	-1.015123	-1.015123\\ 
-0.450000	-0.075000	-0.987481	-0.987481\\ 
-0.450000	-0.050000	-0.959840	-0.959840\\ 
-0.450000	-0.025000	-0.932198	-0.932198\\ 
-0.450000	0.000000	-0.904556	-0.904556\\ 
-0.450000	0.025000	-0.876914	-0.876914\\ 
-0.450000	0.050000	-0.849272	-0.849272\\ 
-0.450000	0.075000	-0.821631	-0.821631\\ 
-0.450000	0.100000	-0.793989	-0.793989\\ 
-0.450000	0.125000	-0.766347	-0.766347\\ 
-0.450000	0.150000	-0.738705	-0.738705\\ 
-0.450000	0.175000	-0.711064	-0.711064\\ 
-0.450000	0.200000	-0.683422	-0.683422\\ 
-0.450000	0.225000	-0.655780	-0.655780\\ 
-0.450000	0.250000	-0.628138	-0.628138\\ 
-0.450000	0.275000	-0.600496	-0.600496\\ 
-0.450000	0.300000	-0.572855	-0.572855\\ 
-0.450000	0.325000	-0.545213	-0.545213\\ 
-0.450000	0.350000	-0.517571	-0.517571\\ 
-0.450000	0.375000	-0.489929	-0.489929\\ 
-0.450000	0.400000	-0.462287	-0.462287\\ 
-0.450000	0.425000	-0.434646	-0.434646\\ 
-0.450000	0.450000	-0.407004	-0.407004\\ 
-0.450000	0.475000	-0.379362	-0.379362\\ 
-0.450000	0.500000	-0.351720	-0.351720\\ 
-0.425000	-0.500000	-1.407223	-1.407223\\ 
-0.425000	-0.475000	-1.379581	-1.379581\\ 
-0.425000	-0.450000	-1.351939	-1.351939\\ 
-0.425000	-0.425000	-1.324298	-1.324298\\ 
-0.425000	-0.400000	-1.296656	-1.296656\\ 
-0.425000	-0.375000	-1.269014	-1.269014\\ 
-0.425000	-0.350000	-1.241372	-1.241372\\ 
-0.425000	-0.325000	-1.213730	-1.213730\\ 
-0.425000	-0.300000	-1.186089	-1.186089\\ 
-0.425000	-0.275000	-1.158447	-1.158447\\ 
-0.425000	-0.250000	-1.130805	-1.130805\\ 
-0.425000	-0.225000	-1.103163	-1.103163\\ 
-0.425000	-0.200000	-1.075522	-1.075522\\ 
-0.425000	-0.175000	-1.047880	-1.047880\\ 
-0.425000	-0.150000	-1.020238	-1.020238\\ 
-0.425000	-0.125000	-0.992596	-0.992596\\ 
-0.425000	-0.100000	-0.964954	-0.964954\\ 
-0.425000	-0.075000	-0.937313	-0.937313\\ 
-0.425000	-0.050000	-0.909671	-0.909671\\ 
-0.425000	-0.025000	-0.882029	-0.882029\\ 
-0.425000	0.000000	-0.854387	-0.854387\\ 
-0.425000	0.025000	-0.826745	-0.826745\\ 
-0.425000	0.050000	-0.799104	-0.799104\\ 
-0.425000	0.075000	-0.771462	-0.771462\\ 
-0.425000	0.100000	-0.743820	-0.743820\\ 
-0.425000	0.125000	-0.716178	-0.716178\\ 
-0.425000	0.150000	-0.688536	-0.688536\\ 
-0.425000	0.175000	-0.660895	-0.660895\\ 
-0.425000	0.200000	-0.633253	-0.633253\\ 
-0.425000	0.225000	-0.605611	-0.605611\\ 
-0.425000	0.250000	-0.577969	-0.577969\\ 
-0.425000	0.275000	-0.550328	-0.550328\\ 
-0.425000	0.300000	-0.522686	-0.522686\\ 
-0.425000	0.325000	-0.495044	-0.495044\\ 
-0.425000	0.350000	-0.467402	-0.467402\\ 
-0.425000	0.375000	-0.439760	-0.439760\\ 
-0.425000	0.400000	-0.412119	-0.412119\\ 
-0.425000	0.425000	-0.384477	-0.384477\\ 
-0.425000	0.450000	-0.356835	-0.356835\\ 
-0.425000	0.475000	-0.329193	-0.329193\\ 
-0.425000	0.500000	-0.301551	-0.301551\\ 
-0.400000	-0.500000	-1.357054	-1.357054\\ 
-0.400000	-0.475000	-1.329412	-1.329412\\ 
-0.400000	-0.450000	-1.301771	-1.301771\\ 
-0.400000	-0.425000	-1.274129	-1.274129\\ 
-0.400000	-0.400000	-1.246487	-1.246487\\ 
-0.400000	-0.375000	-1.218845	-1.218845\\ 
-0.400000	-0.350000	-1.191203	-1.191203\\ 
-0.400000	-0.325000	-1.163562	-1.163562\\ 
-0.400000	-0.300000	-1.135920	-1.135920\\ 
-0.400000	-0.275000	-1.108278	-1.108278\\ 
-0.400000	-0.250000	-1.080636	-1.080636\\ 
-0.400000	-0.225000	-1.052994	-1.052994\\ 
-0.400000	-0.200000	-1.025353	-1.025353\\ 
-0.400000	-0.175000	-0.997711	-0.997711\\ 
-0.400000	-0.150000	-0.970069	-0.970069\\ 
-0.400000	-0.125000	-0.942427	-0.942427\\ 
-0.400000	-0.100000	-0.914786	-0.914786\\ 
-0.400000	-0.075000	-0.887144	-0.887144\\ 
-0.400000	-0.050000	-0.859502	-0.859502\\ 
-0.400000	-0.025000	-0.831860	-0.831860\\ 
-0.400000	0.000000	-0.804218	-0.804218\\ 
-0.400000	0.025000	-0.776577	-0.776577\\ 
-0.400000	0.050000	-0.748935	-0.748935\\ 
-0.400000	0.075000	-0.721293	-0.721293\\ 
-0.400000	0.100000	-0.693651	-0.693651\\ 
-0.400000	0.125000	-0.666009	-0.666009\\ 
-0.400000	0.150000	-0.638368	-0.638368\\ 
-0.400000	0.175000	-0.610726	-0.610726\\ 
-0.400000	0.200000	-0.583084	-0.583084\\ 
-0.400000	0.225000	-0.555442	-0.555442\\ 
-0.400000	0.250000	-0.527800	-0.527800\\ 
-0.400000	0.275000	-0.500159	-0.500159\\ 
-0.400000	0.300000	-0.472517	-0.472517\\ 
-0.400000	0.325000	-0.444875	-0.444875\\ 
-0.400000	0.350000	-0.417233	-0.417233\\ 
-0.400000	0.375000	-0.389592	-0.389592\\ 
-0.400000	0.400000	-0.361950	-0.361950\\ 
-0.400000	0.425000	-0.334308	-0.334308\\ 
-0.400000	0.450000	-0.306666	-0.306666\\ 
-0.400000	0.475000	-0.279024	-0.279024\\ 
-0.400000	0.500000	-0.251383	-0.251383\\ 
-0.375000	-0.500000	-1.306885	-1.306885\\ 
-0.375000	-0.475000	-1.279243	-1.279243\\ 
-0.375000	-0.450000	-1.251602	-1.251602\\ 
-0.375000	-0.425000	-1.223960	-1.223960\\ 
-0.375000	-0.400000	-1.196318	-1.196318\\ 
-0.375000	-0.375000	-1.168676	-1.168676\\ 
-0.375000	-0.350000	-1.141035	-1.141035\\ 
-0.375000	-0.325000	-1.113393	-1.113393\\ 
-0.375000	-0.300000	-1.085751	-1.085751\\ 
-0.375000	-0.275000	-1.058109	-1.058109\\ 
-0.375000	-0.250000	-1.030467	-1.030467\\ 
-0.375000	-0.225000	-1.002826	-1.002826\\ 
-0.375000	-0.200000	-0.975184	-0.975184\\ 
-0.375000	-0.175000	-0.947542	-0.947542\\ 
-0.375000	-0.150000	-0.919900	-0.919900\\ 
-0.375000	-0.125000	-0.892258	-0.892258\\ 
-0.375000	-0.100000	-0.864617	-0.864617\\ 
-0.375000	-0.075000	-0.836975	-0.836975\\ 
-0.375000	-0.050000	-0.809333	-0.809333\\ 
-0.375000	-0.025000	-0.781691	-0.781691\\ 
-0.375000	0.000000	-0.754050	-0.754050\\ 
-0.375000	0.025000	-0.726408	-0.726408\\ 
-0.375000	0.050000	-0.698766	-0.698766\\ 
-0.375000	0.075000	-0.671124	-0.671124\\ 
-0.375000	0.100000	-0.643482	-0.643482\\ 
-0.375000	0.125000	-0.615841	-0.615841\\ 
-0.375000	0.150000	-0.588199	-0.588199\\ 
-0.375000	0.175000	-0.560557	-0.560557\\ 
-0.375000	0.200000	-0.532915	-0.532915\\ 
-0.375000	0.225000	-0.505273	-0.505273\\ 
-0.375000	0.250000	-0.477632	-0.477632\\ 
-0.375000	0.275000	-0.449990	-0.449990\\ 
-0.375000	0.300000	-0.422348	-0.422348\\ 
-0.375000	0.325000	-0.394706	-0.394706\\ 
-0.375000	0.350000	-0.367064	-0.367064\\ 
-0.375000	0.375000	-0.339423	-0.339423\\ 
-0.375000	0.400000	-0.311781	-0.311781\\ 
-0.375000	0.425000	-0.284139	-0.284139\\ 
-0.375000	0.450000	-0.256497	-0.256497\\ 
-0.375000	0.475000	-0.228856	-0.228856\\ 
-0.375000	0.500000	-0.201214	-0.201214\\ 
-0.350000	-0.500000	-1.256716	-1.256716\\ 
-0.350000	-0.475000	-1.229075	-1.229075\\ 
-0.350000	-0.450000	-1.201433	-1.201433\\ 
-0.350000	-0.425000	-1.173791	-1.173791\\ 
-0.350000	-0.400000	-1.146149	-1.146149\\ 
-0.350000	-0.375000	-1.118507	-1.118507\\ 
-0.350000	-0.350000	-1.090866	-1.090866\\ 
-0.350000	-0.325000	-1.063224	-1.063224\\ 
-0.350000	-0.300000	-1.035582	-1.035582\\ 
-0.350000	-0.275000	-1.007940	-1.007940\\ 
-0.350000	-0.250000	-0.980299	-0.980299\\ 
-0.350000	-0.225000	-0.952657	-0.952657\\ 
-0.350000	-0.200000	-0.925015	-0.925015\\ 
-0.350000	-0.175000	-0.897373	-0.897373\\ 
-0.350000	-0.150000	-0.869731	-0.869731\\ 
-0.350000	-0.125000	-0.842090	-0.842090\\ 
-0.350000	-0.100000	-0.814448	-0.814448\\ 
-0.350000	-0.075000	-0.786806	-0.786806\\ 
-0.350000	-0.050000	-0.759164	-0.759164\\ 
-0.350000	-0.025000	-0.731522	-0.731522\\ 
-0.350000	0.000000	-0.703881	-0.703881\\ 
-0.350000	0.025000	-0.676239	-0.676239\\ 
-0.350000	0.050000	-0.648597	-0.648597\\ 
-0.350000	0.075000	-0.620955	-0.620955\\ 
-0.350000	0.100000	-0.593314	-0.593314\\ 
-0.350000	0.125000	-0.565672	-0.565672\\ 
-0.350000	0.150000	-0.538030	-0.538030\\ 
-0.350000	0.175000	-0.510388	-0.510388\\ 
-0.350000	0.200000	-0.482746	-0.482746\\ 
-0.350000	0.225000	-0.455105	-0.455105\\ 
-0.350000	0.250000	-0.427463	-0.427463\\ 
-0.350000	0.275000	-0.399821	-0.399821\\ 
-0.350000	0.300000	-0.372179	-0.372179\\ 
-0.350000	0.325000	-0.344537	-0.344537\\ 
-0.350000	0.350000	-0.316896	-0.316896\\ 
-0.350000	0.375000	-0.289254	-0.289254\\ 
-0.350000	0.400000	-0.261612	-0.261612\\ 
-0.350000	0.425000	-0.233970	-0.233970\\ 
-0.350000	0.450000	-0.206328	-0.206328\\ 
-0.350000	0.475000	-0.178687	-0.178687\\ 
-0.350000	0.500000	-0.151045	-0.151045\\ 
-0.325000	-0.500000	-1.206548	-1.206548\\ 
-0.325000	-0.475000	-1.178906	-1.178906\\ 
-0.325000	-0.450000	-1.151264	-1.151264\\ 
-0.325000	-0.425000	-1.123622	-1.123622\\ 
-0.325000	-0.400000	-1.095980	-1.095980\\ 
-0.325000	-0.375000	-1.068339	-1.068339\\ 
-0.325000	-0.350000	-1.040697	-1.040697\\ 
-0.325000	-0.325000	-1.013055	-1.013055\\ 
-0.325000	-0.300000	-0.985413	-0.985413\\ 
-0.325000	-0.275000	-0.957771	-0.957771\\ 
-0.325000	-0.250000	-0.930130	-0.930130\\ 
-0.325000	-0.225000	-0.902488	-0.902488\\ 
-0.325000	-0.200000	-0.874846	-0.874846\\ 
-0.325000	-0.175000	-0.847204	-0.847204\\ 
-0.325000	-0.150000	-0.819563	-0.819563\\ 
-0.325000	-0.125000	-0.791921	-0.791921\\ 
-0.325000	-0.100000	-0.764279	-0.764279\\ 
-0.325000	-0.075000	-0.736637	-0.736637\\ 
-0.325000	-0.050000	-0.708995	-0.708995\\ 
-0.325000	-0.025000	-0.681354	-0.681354\\ 
-0.325000	0.000000	-0.653712	-0.653712\\ 
-0.325000	0.025000	-0.626070	-0.626070\\ 
-0.325000	0.050000	-0.598428	-0.598428\\ 
-0.325000	0.075000	-0.570786	-0.570786\\ 
-0.325000	0.100000	-0.543145	-0.543145\\ 
-0.325000	0.125000	-0.515503	-0.515503\\ 
-0.325000	0.150000	-0.487861	-0.487861\\ 
-0.325000	0.175000	-0.460219	-0.460219\\ 
-0.325000	0.200000	-0.432578	-0.432578\\ 
-0.325000	0.225000	-0.404936	-0.404936\\ 
-0.325000	0.250000	-0.377294	-0.377294\\ 
-0.325000	0.275000	-0.349652	-0.349652\\ 
-0.325000	0.300000	-0.322010	-0.322010\\ 
-0.325000	0.325000	-0.294369	-0.294369\\ 
-0.325000	0.350000	-0.266727	-0.266727\\ 
-0.325000	0.375000	-0.239085	-0.239085\\ 
-0.325000	0.400000	-0.211443	-0.211443\\ 
-0.325000	0.425000	-0.183801	-0.183801\\ 
-0.325000	0.450000	-0.156160	-0.156160\\ 
-0.325000	0.475000	-0.128518	-0.128518\\ 
-0.325000	0.500000	-0.100876	-0.100876\\ 
-0.300000	-0.500000	-1.156379	-1.156379\\ 
-0.300000	-0.475000	-1.128737	-1.128737\\ 
-0.300000	-0.450000	-1.101095	-1.101095\\ 
-0.300000	-0.425000	-1.073453	-1.073453\\ 
-0.300000	-0.400000	-1.045812	-1.045812\\ 
-0.300000	-0.375000	-1.018170	-1.018170\\ 
-0.300000	-0.350000	-0.990528	-0.990528\\ 
-0.300000	-0.325000	-0.962886	-0.962886\\ 
-0.300000	-0.300000	-0.935244	-0.935244\\ 
-0.300000	-0.275000	-0.907603	-0.907603\\ 
-0.300000	-0.250000	-0.879961	-0.879961\\ 
-0.300000	-0.225000	-0.852319	-0.852319\\ 
-0.300000	-0.200000	-0.824677	-0.824677\\ 
-0.300000	-0.175000	-0.797035	-0.797035\\ 
-0.300000	-0.150000	-0.769394	-0.769394\\ 
-0.300000	-0.125000	-0.741752	-0.741752\\ 
-0.300000	-0.100000	-0.714110	-0.714110\\ 
-0.300000	-0.075000	-0.686468	-0.686468\\ 
-0.300000	-0.050000	-0.658827	-0.658827\\ 
-0.300000	-0.025000	-0.631185	-0.631185\\ 
-0.300000	0.000000	-0.603543	-0.603543\\ 
-0.300000	0.025000	-0.575901	-0.575901\\ 
-0.300000	0.050000	-0.548259	-0.548259\\ 
-0.300000	0.075000	-0.520618	-0.520618\\ 
-0.300000	0.100000	-0.492976	-0.492976\\ 
-0.300000	0.125000	-0.465334	-0.465334\\ 
-0.300000	0.150000	-0.437692	-0.437692\\ 
-0.300000	0.175000	-0.410050	-0.410050\\ 
-0.300000	0.200000	-0.382409	-0.382409\\ 
-0.300000	0.225000	-0.354767	-0.354767\\ 
-0.300000	0.250000	-0.327125	-0.327125\\ 
-0.300000	0.275000	-0.299483	-0.299483\\ 
-0.300000	0.300000	-0.271842	-0.271842\\ 
-0.300000	0.325000	-0.244200	-0.244200\\ 
-0.300000	0.350000	-0.216558	-0.216558\\ 
-0.300000	0.375000	-0.188916	-0.188916\\ 
-0.300000	0.400000	-0.161274	-0.161274\\ 
-0.300000	0.425000	-0.133633	-0.133633\\ 
-0.300000	0.450000	-0.105991	-0.105991\\ 
-0.300000	0.475000	-0.078349	-0.078349\\ 
-0.300000	0.500000	-0.050707	-0.050707\\ 
-0.275000	-0.500000	-1.106210	-1.106210\\ 
-0.275000	-0.475000	-1.078568	-1.078568\\ 
-0.275000	-0.450000	-1.050926	-1.050926\\ 
-0.275000	-0.425000	-1.023285	-1.023285\\ 
-0.275000	-0.400000	-0.995643	-0.995643\\ 
-0.275000	-0.375000	-0.968001	-0.968001\\ 
-0.275000	-0.350000	-0.940359	-0.940359\\ 
-0.275000	-0.325000	-0.912717	-0.912717\\ 
-0.275000	-0.300000	-0.885076	-0.885076\\ 
-0.275000	-0.275000	-0.857434	-0.857434\\ 
-0.275000	-0.250000	-0.829792	-0.829792\\ 
-0.275000	-0.225000	-0.802150	-0.802150\\ 
-0.275000	-0.200000	-0.774508	-0.774508\\ 
-0.275000	-0.175000	-0.746867	-0.746867\\ 
-0.275000	-0.150000	-0.719225	-0.719225\\ 
-0.275000	-0.125000	-0.691583	-0.691583\\ 
-0.275000	-0.100000	-0.663941	-0.663941\\ 
-0.275000	-0.075000	-0.636299	-0.636299\\ 
-0.275000	-0.050000	-0.608658	-0.608658\\ 
-0.275000	-0.025000	-0.581016	-0.581016\\ 
-0.275000	0.000000	-0.553374	-0.553374\\ 
-0.275000	0.025000	-0.525732	-0.525732\\ 
-0.275000	0.050000	-0.498091	-0.498091\\ 
-0.275000	0.075000	-0.470449	-0.470449\\ 
-0.275000	0.100000	-0.442807	-0.442807\\ 
-0.275000	0.125000	-0.415165	-0.415165\\ 
-0.275000	0.150000	-0.387523	-0.387523\\ 
-0.275000	0.175000	-0.359882	-0.359882\\ 
-0.275000	0.200000	-0.332240	-0.332240\\ 
-0.275000	0.225000	-0.304598	-0.304598\\ 
-0.275000	0.250000	-0.276956	-0.276956\\ 
-0.275000	0.275000	-0.249314	-0.249314\\ 
-0.275000	0.300000	-0.221673	-0.221673\\ 
-0.275000	0.325000	-0.194031	-0.194031\\ 
-0.275000	0.350000	-0.166389	-0.166389\\ 
-0.275000	0.375000	-0.138747	-0.138747\\ 
-0.275000	0.400000	-0.111106	-0.111106\\ 
-0.275000	0.425000	-0.083464	-0.083464\\ 
-0.275000	0.450000	-0.055822	-0.055822\\ 
-0.275000	0.475000	-0.028180	-0.028180\\ 
-0.275000	0.500000	-0.000538	-0.000538\\ 
-0.250000	-0.500000	-1.056041	-1.056041\\ 
-0.250000	-0.475000	-1.028399	-1.028399\\ 
-0.250000	-0.450000	-1.000757	-1.000757\\ 
-0.250000	-0.425000	-0.973116	-0.973116\\ 
-0.250000	-0.400000	-0.945474	-0.945474\\ 
-0.250000	-0.375000	-0.917832	-0.917832\\ 
-0.250000	-0.350000	-0.890190	-0.890190\\ 
-0.250000	-0.325000	-0.862549	-0.862549\\ 
-0.250000	-0.300000	-0.834907	-0.834907\\ 
-0.250000	-0.275000	-0.807265	-0.807265\\ 
-0.250000	-0.250000	-0.779623	-0.779623\\ 
-0.250000	-0.225000	-0.751981	-0.751981\\ 
-0.250000	-0.200000	-0.724340	-0.724340\\ 
-0.250000	-0.175000	-0.696698	-0.696698\\ 
-0.250000	-0.150000	-0.669056	-0.669056\\ 
-0.250000	-0.125000	-0.641414	-0.641414\\ 
-0.250000	-0.100000	-0.613772	-0.613772\\ 
-0.250000	-0.075000	-0.586131	-0.586131\\ 
-0.250000	-0.050000	-0.558489	-0.558489\\ 
-0.250000	-0.025000	-0.530847	-0.530847\\ 
-0.250000	0.000000	-0.503205	-0.503205\\ 
-0.250000	0.025000	-0.475563	-0.475563\\ 
-0.250000	0.050000	-0.447922	-0.447922\\ 
-0.250000	0.075000	-0.420280	-0.420280\\ 
-0.250000	0.100000	-0.392638	-0.392638\\ 
-0.250000	0.125000	-0.364996	-0.364996\\ 
-0.250000	0.150000	-0.337355	-0.337355\\ 
-0.250000	0.175000	-0.309713	-0.309713\\ 
-0.250000	0.200000	-0.282071	-0.282071\\ 
-0.250000	0.225000	-0.254429	-0.254429\\ 
-0.250000	0.250000	-0.226787	-0.226787\\ 
-0.250000	0.275000	-0.199146	-0.199146\\ 
-0.250000	0.300000	-0.171504	-0.171504\\ 
-0.250000	0.325000	-0.143862	-0.143862\\ 
-0.250000	0.350000	-0.116220	-0.116220\\ 
-0.250000	0.375000	-0.088578	-0.088578\\ 
-0.250000	0.400000	-0.060937	-0.060937\\ 
-0.250000	0.425000	-0.033295	-0.033295\\ 
-0.250000	0.450000	-0.005653	-0.005653\\ 
-0.250000	0.475000	0.021989	0.021989\\ 
-0.250000	0.500000	0.049630	0.049630\\ 
-0.225000	-0.500000	-1.005872	-1.005872\\ 
-0.225000	-0.475000	-0.978230	-0.978230\\ 
-0.225000	-0.450000	-0.950589	-0.950589\\ 
-0.225000	-0.425000	-0.922947	-0.922947\\ 
-0.225000	-0.400000	-0.895305	-0.895305\\ 
-0.225000	-0.375000	-0.867663	-0.867663\\ 
-0.225000	-0.350000	-0.840021	-0.840021\\ 
-0.225000	-0.325000	-0.812380	-0.812380\\ 
-0.225000	-0.300000	-0.784738	-0.784738\\ 
-0.225000	-0.275000	-0.757096	-0.757096\\ 
-0.225000	-0.250000	-0.729454	-0.729454\\ 
-0.225000	-0.225000	-0.701813	-0.701813\\ 
-0.225000	-0.200000	-0.674171	-0.674171\\ 
-0.225000	-0.175000	-0.646529	-0.646529\\ 
-0.225000	-0.150000	-0.618887	-0.618887\\ 
-0.225000	-0.125000	-0.591245	-0.591245\\ 
-0.225000	-0.100000	-0.563604	-0.563604\\ 
-0.225000	-0.075000	-0.535962	-0.535962\\ 
-0.225000	-0.050000	-0.508320	-0.508320\\ 
-0.225000	-0.025000	-0.480678	-0.480678\\ 
-0.225000	0.000000	-0.453036	-0.453036\\ 
-0.225000	0.025000	-0.425395	-0.425395\\ 
-0.225000	0.050000	-0.397753	-0.397753\\ 
-0.225000	0.075000	-0.370111	-0.370111\\ 
-0.225000	0.100000	-0.342469	-0.342469\\ 
-0.225000	0.125000	-0.314827	-0.314827\\ 
-0.225000	0.150000	-0.287186	-0.287186\\ 
-0.225000	0.175000	-0.259544	-0.259544\\ 
-0.225000	0.200000	-0.231902	-0.231902\\ 
-0.225000	0.225000	-0.204260	-0.204260\\ 
-0.225000	0.250000	-0.176619	-0.176619\\ 
-0.225000	0.275000	-0.148977	-0.148977\\ 
-0.225000	0.300000	-0.121335	-0.121335\\ 
-0.225000	0.325000	-0.093693	-0.093693\\ 
-0.225000	0.350000	-0.066051	-0.066051\\ 
-0.225000	0.375000	-0.038410	-0.038410\\ 
-0.225000	0.400000	-0.010768	-0.010768\\ 
-0.225000	0.425000	0.016874	0.016874\\ 
-0.225000	0.450000	0.044516	0.044516\\ 
-0.225000	0.475000	0.072158	0.072158\\ 
-0.225000	0.500000	0.099799	0.099799\\ 
-0.200000	-0.500000	-0.955703	-0.955703\\ 
-0.200000	-0.475000	-0.928062	-0.928062\\ 
-0.200000	-0.450000	-0.900420	-0.900420\\ 
-0.200000	-0.425000	-0.872778	-0.872778\\ 
-0.200000	-0.400000	-0.845136	-0.845136\\ 
-0.200000	-0.375000	-0.817494	-0.817494\\ 
-0.200000	-0.350000	-0.789853	-0.789853\\ 
-0.200000	-0.325000	-0.762211	-0.762211\\ 
-0.200000	-0.300000	-0.734569	-0.734569\\ 
-0.200000	-0.275000	-0.706927	-0.706927\\ 
-0.200000	-0.250000	-0.679285	-0.679285\\ 
-0.200000	-0.225000	-0.651644	-0.651644\\ 
-0.200000	-0.200000	-0.624002	-0.624002\\ 
-0.200000	-0.175000	-0.596360	-0.596360\\ 
-0.200000	-0.150000	-0.568718	-0.568718\\ 
-0.200000	-0.125000	-0.541077	-0.541077\\ 
-0.200000	-0.100000	-0.513435	-0.513435\\ 
-0.200000	-0.075000	-0.485793	-0.485793\\ 
-0.200000	-0.050000	-0.458151	-0.458151\\ 
-0.200000	-0.025000	-0.430509	-0.430509\\ 
-0.200000	0.000000	-0.402868	-0.402868\\ 
-0.200000	0.025000	-0.375226	-0.375226\\ 
-0.200000	0.050000	-0.347584	-0.347584\\ 
-0.200000	0.075000	-0.319942	-0.319942\\ 
-0.200000	0.100000	-0.292300	-0.292300\\ 
-0.200000	0.125000	-0.264659	-0.264659\\ 
-0.200000	0.150000	-0.237017	-0.237017\\ 
-0.200000	0.175000	-0.209375	-0.209375\\ 
-0.200000	0.200000	-0.181733	-0.181733\\ 
-0.200000	0.225000	-0.154091	-0.154091\\ 
-0.200000	0.250000	-0.126450	-0.126450\\ 
-0.200000	0.275000	-0.098808	-0.098808\\ 
-0.200000	0.300000	-0.071166	-0.071166\\ 
-0.200000	0.325000	-0.043524	-0.043524\\ 
-0.200000	0.350000	-0.015883	-0.015883\\ 
-0.200000	0.375000	0.011759	0.011759\\ 
-0.200000	0.400000	0.039401	0.039401\\ 
-0.200000	0.425000	0.067043	0.067043\\ 
-0.200000	0.450000	0.094685	0.094685\\ 
-0.200000	0.475000	0.122326	0.122326\\ 
-0.200000	0.500000	0.149968	0.149968\\ 
-0.175000	-0.500000	-0.905534	-0.905534\\ 
-0.175000	-0.475000	-0.877893	-0.877893\\ 
-0.175000	-0.450000	-0.850251	-0.850251\\ 
-0.175000	-0.425000	-0.822609	-0.822609\\ 
-0.175000	-0.400000	-0.794967	-0.794967\\ 
-0.175000	-0.375000	-0.767326	-0.767326\\ 
-0.175000	-0.350000	-0.739684	-0.739684\\ 
-0.175000	-0.325000	-0.712042	-0.712042\\ 
-0.175000	-0.300000	-0.684400	-0.684400\\ 
-0.175000	-0.275000	-0.656758	-0.656758\\ 
-0.175000	-0.250000	-0.629117	-0.629117\\ 
-0.175000	-0.225000	-0.601475	-0.601475\\ 
-0.175000	-0.200000	-0.573833	-0.573833\\ 
-0.175000	-0.175000	-0.546191	-0.546191\\ 
-0.175000	-0.150000	-0.518549	-0.518549\\ 
-0.175000	-0.125000	-0.490908	-0.490908\\ 
-0.175000	-0.100000	-0.463266	-0.463266\\ 
-0.175000	-0.075000	-0.435624	-0.435624\\ 
-0.175000	-0.050000	-0.407982	-0.407982\\ 
-0.175000	-0.025000	-0.380341	-0.380341\\ 
-0.175000	0.000000	-0.352699	-0.352699\\ 
-0.175000	0.025000	-0.325057	-0.325057\\ 
-0.175000	0.050000	-0.297415	-0.297415\\ 
-0.175000	0.075000	-0.269773	-0.269773\\ 
-0.175000	0.100000	-0.242132	-0.242132\\ 
-0.175000	0.125000	-0.214490	-0.214490\\ 
-0.175000	0.150000	-0.186848	-0.186848\\ 
-0.175000	0.175000	-0.159206	-0.159206\\ 
-0.175000	0.200000	-0.131564	-0.131564\\ 
-0.175000	0.225000	-0.103923	-0.103923\\ 
-0.175000	0.250000	-0.076281	-0.076281\\ 
-0.175000	0.275000	-0.048639	-0.048639\\ 
-0.175000	0.300000	-0.020997	-0.020997\\ 
-0.175000	0.325000	0.006645	0.006645\\ 
-0.175000	0.350000	0.034286	0.034286\\ 
-0.175000	0.375000	0.061928	0.061928\\ 
-0.175000	0.400000	0.089570	0.089570\\ 
-0.175000	0.425000	0.117212	0.117212\\ 
-0.175000	0.450000	0.144853	0.144853\\ 
-0.175000	0.475000	0.172495	0.172495\\ 
-0.175000	0.500000	0.200137	0.200137\\ 
-0.150000	-0.500000	-0.855366	-0.855366\\ 
-0.150000	-0.475000	-0.827724	-0.827724\\ 
-0.150000	-0.450000	-0.800082	-0.800082\\ 
-0.150000	-0.425000	-0.772440	-0.772440\\ 
-0.150000	-0.400000	-0.744798	-0.744798\\ 
-0.150000	-0.375000	-0.717157	-0.717157\\ 
-0.150000	-0.350000	-0.689515	-0.689515\\ 
-0.150000	-0.325000	-0.661873	-0.661873\\ 
-0.150000	-0.300000	-0.634231	-0.634231\\ 
-0.150000	-0.275000	-0.606590	-0.606590\\ 
-0.150000	-0.250000	-0.578948	-0.578948\\ 
-0.150000	-0.225000	-0.551306	-0.551306\\ 
-0.150000	-0.200000	-0.523664	-0.523664\\ 
-0.150000	-0.175000	-0.496022	-0.496022\\ 
-0.150000	-0.150000	-0.468381	-0.468381\\ 
-0.150000	-0.125000	-0.440739	-0.440739\\ 
-0.150000	-0.100000	-0.413097	-0.413097\\ 
-0.150000	-0.075000	-0.385455	-0.385455\\ 
-0.150000	-0.050000	-0.357813	-0.357813\\ 
-0.150000	-0.025000	-0.330172	-0.330172\\ 
-0.150000	0.000000	-0.302530	-0.302530\\ 
-0.150000	0.025000	-0.274888	-0.274888\\ 
-0.150000	0.050000	-0.247246	-0.247246\\ 
-0.150000	0.075000	-0.219605	-0.219605\\ 
-0.150000	0.100000	-0.191963	-0.191963\\ 
-0.150000	0.125000	-0.164321	-0.164321\\ 
-0.150000	0.150000	-0.136679	-0.136679\\ 
-0.150000	0.175000	-0.109037	-0.109037\\ 
-0.150000	0.200000	-0.081396	-0.081396\\ 
-0.150000	0.225000	-0.053754	-0.053754\\ 
-0.150000	0.250000	-0.026112	-0.026112\\ 
-0.150000	0.275000	0.001530	0.001530\\ 
-0.150000	0.300000	0.029172	0.029172\\ 
-0.150000	0.325000	0.056813	0.056813\\ 
-0.150000	0.350000	0.084455	0.084455\\ 
-0.150000	0.375000	0.112097	0.112097\\ 
-0.150000	0.400000	0.139739	0.139739\\ 
-0.150000	0.425000	0.167381	0.167381\\ 
-0.150000	0.450000	0.195022	0.195022\\ 
-0.150000	0.475000	0.222664	0.222664\\ 
-0.150000	0.500000	0.250306	0.250306\\ 
-0.125000	-0.500000	-0.805197	-0.805197\\ 
-0.125000	-0.475000	-0.777555	-0.777555\\ 
-0.125000	-0.450000	-0.749913	-0.749913\\ 
-0.125000	-0.425000	-0.722271	-0.722271\\ 
-0.125000	-0.400000	-0.694630	-0.694630\\ 
-0.125000	-0.375000	-0.666988	-0.666988\\ 
-0.125000	-0.350000	-0.639346	-0.639346\\ 
-0.125000	-0.325000	-0.611704	-0.611704\\ 
-0.125000	-0.300000	-0.584062	-0.584062\\ 
-0.125000	-0.275000	-0.556421	-0.556421\\ 
-0.125000	-0.250000	-0.528779	-0.528779\\ 
-0.125000	-0.225000	-0.501137	-0.501137\\ 
-0.125000	-0.200000	-0.473495	-0.473495\\ 
-0.125000	-0.175000	-0.445854	-0.445854\\ 
-0.125000	-0.150000	-0.418212	-0.418212\\ 
-0.125000	-0.125000	-0.390570	-0.390570\\ 
-0.125000	-0.100000	-0.362928	-0.362928\\ 
-0.125000	-0.075000	-0.335286	-0.335286\\ 
-0.125000	-0.050000	-0.307645	-0.307645\\ 
-0.125000	-0.025000	-0.280003	-0.280003\\ 
-0.125000	0.000000	-0.252361	-0.252361\\ 
-0.125000	0.025000	-0.224719	-0.224719\\ 
-0.125000	0.050000	-0.197077	-0.197077\\ 
-0.125000	0.075000	-0.169436	-0.169436\\ 
-0.125000	0.100000	-0.141794	-0.141794\\ 
-0.125000	0.125000	-0.114152	-0.114152\\ 
-0.125000	0.150000	-0.086510	-0.086510\\ 
-0.125000	0.175000	-0.058869	-0.058869\\ 
-0.125000	0.200000	-0.031227	-0.031227\\ 
-0.125000	0.225000	-0.003585	-0.003585\\ 
-0.125000	0.250000	0.024057	0.024057\\ 
-0.125000	0.275000	0.051699	0.051699\\ 
-0.125000	0.300000	0.079340	0.079340\\ 
-0.125000	0.325000	0.106982	0.106982\\ 
-0.125000	0.350000	0.134624	0.134624\\ 
-0.125000	0.375000	0.162266	0.162266\\ 
-0.125000	0.400000	0.189908	0.189908\\ 
-0.125000	0.425000	0.217549	0.217549\\ 
-0.125000	0.450000	0.245191	0.245191\\ 
-0.125000	0.475000	0.272833	0.272833\\ 
-0.125000	0.500000	0.300475	0.300475\\ 
-0.100000	-0.500000	-0.755028	-0.755028\\ 
-0.100000	-0.475000	-0.727386	-0.727386\\ 
-0.100000	-0.450000	-0.699744	-0.699744\\ 
-0.100000	-0.425000	-0.672103	-0.672103\\ 
-0.100000	-0.400000	-0.644461	-0.644461\\ 
-0.100000	-0.375000	-0.616819	-0.616819\\ 
-0.100000	-0.350000	-0.589177	-0.589177\\ 
-0.100000	-0.325000	-0.561535	-0.561535\\ 
-0.100000	-0.300000	-0.533894	-0.533894\\ 
-0.100000	-0.275000	-0.506252	-0.506252\\ 
-0.100000	-0.250000	-0.478610	-0.478610\\ 
-0.100000	-0.225000	-0.450968	-0.450968\\ 
-0.100000	-0.200000	-0.423326	-0.423326\\ 
-0.100000	-0.175000	-0.395685	-0.395685\\ 
-0.100000	-0.150000	-0.368043	-0.368043\\ 
-0.100000	-0.125000	-0.340401	-0.340401\\ 
-0.100000	-0.100000	-0.312759	-0.312759\\ 
-0.100000	-0.075000	-0.285118	-0.285118\\ 
-0.100000	-0.050000	-0.257476	-0.257476\\ 
-0.100000	-0.025000	-0.229834	-0.229834\\ 
-0.100000	0.000000	-0.202192	-0.202192\\ 
-0.100000	0.025000	-0.174550	-0.174550\\ 
-0.100000	0.050000	-0.146909	-0.146909\\ 
-0.100000	0.075000	-0.119267	-0.119267\\ 
-0.100000	0.100000	-0.091625	-0.091625\\ 
-0.100000	0.125000	-0.063983	-0.063983\\ 
-0.100000	0.150000	-0.036341	-0.036341\\ 
-0.100000	0.175000	-0.008700	-0.008700\\ 
-0.100000	0.200000	0.018942	0.018942\\ 
-0.100000	0.225000	0.046584	0.046584\\ 
-0.100000	0.250000	0.074226	0.074226\\ 
-0.100000	0.275000	0.101867	0.101867\\ 
-0.100000	0.300000	0.129509	0.129509\\ 
-0.100000	0.325000	0.157151	0.157151\\ 
-0.100000	0.350000	0.184793	0.184793\\ 
-0.100000	0.375000	0.212435	0.212435\\ 
-0.100000	0.400000	0.240076	0.240076\\ 
-0.100000	0.425000	0.267718	0.267718\\ 
-0.100000	0.450000	0.295360	0.295360\\ 
-0.100000	0.475000	0.323002	0.323002\\ 
-0.100000	0.500000	0.350644	0.350644\\ 
-0.075000	-0.500000	-0.704859	-0.704859\\ 
-0.075000	-0.475000	-0.677217	-0.677217\\ 
-0.075000	-0.450000	-0.649575	-0.649575\\ 
-0.075000	-0.425000	-0.621934	-0.621934\\ 
-0.075000	-0.400000	-0.594292	-0.594292\\ 
-0.075000	-0.375000	-0.566650	-0.566650\\ 
-0.075000	-0.350000	-0.539008	-0.539008\\ 
-0.075000	-0.325000	-0.511367	-0.511367\\ 
-0.075000	-0.300000	-0.483725	-0.483725\\ 
-0.075000	-0.275000	-0.456083	-0.456083\\ 
-0.075000	-0.250000	-0.428441	-0.428441\\ 
-0.075000	-0.225000	-0.400799	-0.400799\\ 
-0.075000	-0.200000	-0.373158	-0.373158\\ 
-0.075000	-0.175000	-0.345516	-0.345516\\ 
-0.075000	-0.150000	-0.317874	-0.317874\\ 
-0.075000	-0.125000	-0.290232	-0.290232\\ 
-0.075000	-0.100000	-0.262590	-0.262590\\ 
-0.075000	-0.075000	-0.234949	-0.234949\\ 
-0.075000	-0.050000	-0.207307	-0.207307\\ 
-0.075000	-0.025000	-0.179665	-0.179665\\ 
-0.075000	0.000000	-0.152023	-0.152023\\ 
-0.075000	0.025000	-0.124382	-0.124382\\ 
-0.075000	0.050000	-0.096740	-0.096740\\ 
-0.075000	0.075000	-0.069098	-0.069098\\ 
-0.075000	0.100000	-0.041456	-0.041456\\ 
-0.075000	0.125000	-0.013814	-0.013814\\ 
-0.075000	0.150000	0.013827	0.013827\\ 
-0.075000	0.175000	0.041469	0.041469\\ 
-0.075000	0.200000	0.069111	0.069111\\ 
-0.075000	0.225000	0.096753	0.096753\\ 
-0.075000	0.250000	0.124395	0.124395\\ 
-0.075000	0.275000	0.152036	0.152036\\ 
-0.075000	0.300000	0.179678	0.179678\\ 
-0.075000	0.325000	0.207320	0.207320\\ 
-0.075000	0.350000	0.234962	0.234962\\ 
-0.075000	0.375000	0.262604	0.262604\\ 
-0.075000	0.400000	0.290245	0.290245\\ 
-0.075000	0.425000	0.317887	0.317887\\ 
-0.075000	0.450000	0.345529	0.345529\\ 
-0.075000	0.475000	0.373171	0.373171\\ 
-0.075000	0.500000	0.400812	0.400812\\ 
-0.050000	-0.500000	-0.654690	-0.654690\\ 
-0.050000	-0.475000	-0.627048	-0.627048\\ 
-0.050000	-0.450000	-0.599407	-0.599407\\ 
-0.050000	-0.425000	-0.571765	-0.571765\\ 
-0.050000	-0.400000	-0.544123	-0.544123\\ 
-0.050000	-0.375000	-0.516481	-0.516481\\ 
-0.050000	-0.350000	-0.488839	-0.488839\\ 
-0.050000	-0.325000	-0.461198	-0.461198\\ 
-0.050000	-0.300000	-0.433556	-0.433556\\ 
-0.050000	-0.275000	-0.405914	-0.405914\\ 
-0.050000	-0.250000	-0.378272	-0.378272\\ 
-0.050000	-0.225000	-0.350631	-0.350631\\ 
-0.050000	-0.200000	-0.322989	-0.322989\\ 
-0.050000	-0.175000	-0.295347	-0.295347\\ 
-0.050000	-0.150000	-0.267705	-0.267705\\ 
-0.050000	-0.125000	-0.240063	-0.240063\\ 
-0.050000	-0.100000	-0.212422	-0.212422\\ 
-0.050000	-0.075000	-0.184780	-0.184780\\ 
-0.050000	-0.050000	-0.157138	-0.157138\\ 
-0.050000	-0.025000	-0.129496	-0.129496\\ 
-0.050000	0.000000	-0.101854	-0.101854\\ 
-0.050000	0.025000	-0.074213	-0.074213\\ 
-0.050000	0.050000	-0.046571	-0.046571\\ 
-0.050000	0.075000	-0.018929	-0.018929\\ 
-0.050000	0.100000	0.008713	0.008713\\ 
-0.050000	0.125000	0.036354	0.036354\\ 
-0.050000	0.150000	0.063996	0.063996\\ 
-0.050000	0.175000	0.091638	0.091638\\ 
-0.050000	0.200000	0.119280	0.119280\\ 
-0.050000	0.225000	0.146922	0.146922\\ 
-0.050000	0.250000	0.174563	0.174563\\ 
-0.050000	0.275000	0.202205	0.202205\\ 
-0.050000	0.300000	0.229847	0.229847\\ 
-0.050000	0.325000	0.257489	0.257489\\ 
-0.050000	0.350000	0.285131	0.285131\\ 
-0.050000	0.375000	0.312772	0.312772\\ 
-0.050000	0.400000	0.340414	0.340414\\ 
-0.050000	0.425000	0.368056	0.368056\\ 
-0.050000	0.450000	0.395698	0.395698\\ 
-0.050000	0.475000	0.423340	0.423340\\ 
-0.050000	0.500000	0.450981	0.450981\\ 
-0.025000	-0.500000	-0.604521	-0.604521\\ 
-0.025000	-0.475000	-0.576880	-0.576880\\ 
-0.025000	-0.450000	-0.549238	-0.549238\\ 
-0.025000	-0.425000	-0.521596	-0.521596\\ 
-0.025000	-0.400000	-0.493954	-0.493954\\ 
-0.025000	-0.375000	-0.466312	-0.466312\\ 
-0.025000	-0.350000	-0.438671	-0.438671\\ 
-0.025000	-0.325000	-0.411029	-0.411029\\ 
-0.025000	-0.300000	-0.383387	-0.383387\\ 
-0.025000	-0.275000	-0.355745	-0.355745\\ 
-0.025000	-0.250000	-0.328103	-0.328103\\ 
-0.025000	-0.225000	-0.300462	-0.300462\\ 
-0.025000	-0.200000	-0.272820	-0.272820\\ 
-0.025000	-0.175000	-0.245178	-0.245178\\ 
-0.025000	-0.150000	-0.217536	-0.217536\\ 
-0.025000	-0.125000	-0.189895	-0.189895\\ 
-0.025000	-0.100000	-0.162253	-0.162253\\ 
-0.025000	-0.075000	-0.134611	-0.134611\\ 
-0.025000	-0.050000	-0.106969	-0.106969\\ 
-0.025000	-0.025000	-0.079327	-0.079327\\ 
-0.025000	0.000000	-0.051686	-0.051686\\ 
-0.025000	0.025000	-0.024044	-0.024044\\ 
-0.025000	0.050000	0.003598	0.003598\\ 
-0.025000	0.075000	0.031240	0.031240\\ 
-0.025000	0.100000	0.058882	0.058882\\ 
-0.025000	0.125000	0.086523	0.086523\\ 
-0.025000	0.150000	0.114165	0.114165\\ 
-0.025000	0.175000	0.141807	0.141807\\ 
-0.025000	0.200000	0.169449	0.169449\\ 
-0.025000	0.225000	0.197090	0.197090\\ 
-0.025000	0.250000	0.224732	0.224732\\ 
-0.025000	0.275000	0.252374	0.252374\\ 
-0.025000	0.300000	0.280016	0.280016\\ 
-0.025000	0.325000	0.307658	0.307658\\ 
-0.025000	0.350000	0.335299	0.335299\\ 
-0.025000	0.375000	0.362941	0.362941\\ 
-0.025000	0.400000	0.390583	0.390583\\ 
-0.025000	0.425000	0.418225	0.418225\\ 
-0.025000	0.450000	0.445867	0.445867\\ 
-0.025000	0.475000	0.473508	0.473508\\ 
-0.025000	0.500000	0.501150	0.501150\\ 
0.000000	-0.500000	-0.554353	-0.554353\\ 
0.000000	-0.475000	-0.526711	-0.526711\\ 
0.000000	-0.450000	-0.499069	-0.499069\\ 
0.000000	-0.425000	-0.471427	-0.471427\\ 
0.000000	-0.400000	-0.443785	-0.443785\\ 
0.000000	-0.375000	-0.416144	-0.416144\\ 
0.000000	-0.350000	-0.388502	-0.388502\\ 
0.000000	-0.325000	-0.360860	-0.360860\\ 
0.000000	-0.300000	-0.333218	-0.333218\\ 
0.000000	-0.275000	-0.305576	-0.305576\\ 
0.000000	-0.250000	-0.277935	-0.277935\\ 
0.000000	-0.225000	-0.250293	-0.250293\\ 
0.000000	-0.200000	-0.222651	-0.222651\\ 
0.000000	-0.175000	-0.195009	-0.195009\\ 
0.000000	-0.150000	-0.167367	-0.167367\\ 
0.000000	-0.125000	-0.139726	-0.139726\\ 
0.000000	-0.100000	-0.112084	-0.112084\\ 
0.000000	-0.075000	-0.084442	-0.084442\\ 
0.000000	-0.050000	-0.056800	-0.056800\\ 
0.000000	-0.025000	-0.029159	-0.029159\\ 
0.000000	0.000000	-0.001517	-0.001517\\ 
0.000000	0.025000	0.026125	0.026125\\ 
0.000000	0.050000	0.053767	0.053767\\ 
0.000000	0.075000	0.081409	0.081409\\ 
0.000000	0.100000	0.109050	0.109050\\ 
0.000000	0.125000	0.136692	0.136692\\ 
0.000000	0.150000	0.164334	0.164334\\ 
0.000000	0.175000	0.191976	0.191976\\ 
0.000000	0.200000	0.219618	0.219618\\ 
0.000000	0.225000	0.247259	0.247259\\ 
0.000000	0.250000	0.274901	0.274901\\ 
0.000000	0.275000	0.302543	0.302543\\ 
0.000000	0.300000	0.330185	0.330185\\ 
0.000000	0.325000	0.357826	0.357826\\ 
0.000000	0.350000	0.385468	0.385468\\ 
0.000000	0.375000	0.413110	0.413110\\ 
0.000000	0.400000	0.440752	0.440752\\ 
0.000000	0.425000	0.468394	0.468394\\ 
0.000000	0.450000	0.496035	0.496035\\ 
0.000000	0.475000	0.523677	0.523677\\ 
0.000000	0.500000	0.551319	0.551319\\ 
0.025000	-0.500000	-0.504184	-0.504184\\ 
0.025000	-0.475000	-0.476542	-0.476542\\ 
0.025000	-0.450000	-0.448900	-0.448900\\ 
0.025000	-0.425000	-0.421258	-0.421258\\ 
0.025000	-0.400000	-0.393617	-0.393617\\ 
0.025000	-0.375000	-0.365975	-0.365975\\ 
0.025000	-0.350000	-0.338333	-0.338333\\ 
0.025000	-0.325000	-0.310691	-0.310691\\ 
0.025000	-0.300000	-0.283049	-0.283049\\ 
0.025000	-0.275000	-0.255408	-0.255408\\ 
0.025000	-0.250000	-0.227766	-0.227766\\ 
0.025000	-0.225000	-0.200124	-0.200124\\ 
0.025000	-0.200000	-0.172482	-0.172482\\ 
0.025000	-0.175000	-0.144840	-0.144840\\ 
0.025000	-0.150000	-0.117199	-0.117199\\ 
0.025000	-0.125000	-0.089557	-0.089557\\ 
0.025000	-0.100000	-0.061915	-0.061915\\ 
0.025000	-0.075000	-0.034273	-0.034273\\ 
0.025000	-0.050000	-0.006631	-0.006631\\ 
0.025000	-0.025000	0.021010	0.021010\\ 
0.025000	0.000000	0.048652	0.048652\\ 
0.025000	0.025000	0.076294	0.076294\\ 
0.025000	0.050000	0.103936	0.103936\\ 
0.025000	0.075000	0.131577	0.131577\\ 
0.025000	0.100000	0.159219	0.159219\\ 
0.025000	0.125000	0.186861	0.186861\\ 
0.025000	0.150000	0.214503	0.214503\\ 
0.025000	0.175000	0.242145	0.242145\\ 
0.025000	0.200000	0.269786	0.269786\\ 
0.025000	0.225000	0.297428	0.297428\\ 
0.025000	0.250000	0.325070	0.325070\\ 
0.025000	0.275000	0.352712	0.352712\\ 
0.025000	0.300000	0.380354	0.380354\\ 
0.025000	0.325000	0.407995	0.407995\\ 
0.025000	0.350000	0.435637	0.435637\\ 
0.025000	0.375000	0.463279	0.463279\\ 
0.025000	0.400000	0.490921	0.490921\\ 
0.025000	0.425000	0.518562	0.518562\\ 
0.025000	0.450000	0.546204	0.546204\\ 
0.025000	0.475000	0.573846	0.573846\\ 
0.025000	0.500000	0.601488	0.601488\\ 
0.050000	-0.500000	-0.454015	-0.454015\\ 
0.050000	-0.475000	-0.426373	-0.426373\\ 
0.050000	-0.450000	-0.398731	-0.398731\\ 
0.050000	-0.425000	-0.371089	-0.371089\\ 
0.050000	-0.400000	-0.343448	-0.343448\\ 
0.050000	-0.375000	-0.315806	-0.315806\\ 
0.050000	-0.350000	-0.288164	-0.288164\\ 
0.050000	-0.325000	-0.260522	-0.260522\\ 
0.050000	-0.300000	-0.232881	-0.232881\\ 
0.050000	-0.275000	-0.205239	-0.205239\\ 
0.050000	-0.250000	-0.177597	-0.177597\\ 
0.050000	-0.225000	-0.149955	-0.149955\\ 
0.050000	-0.200000	-0.122313	-0.122313\\ 
0.050000	-0.175000	-0.094672	-0.094672\\ 
0.050000	-0.150000	-0.067030	-0.067030\\ 
0.050000	-0.125000	-0.039388	-0.039388\\ 
0.050000	-0.100000	-0.011746	-0.011746\\ 
0.050000	-0.075000	0.015896	0.015896\\ 
0.050000	-0.050000	0.043537	0.043537\\ 
0.050000	-0.025000	0.071179	0.071179\\ 
0.050000	0.000000	0.098821	0.098821\\ 
0.050000	0.025000	0.126463	0.126463\\ 
0.050000	0.050000	0.154105	0.154105\\ 
0.050000	0.075000	0.181746	0.181746\\ 
0.050000	0.100000	0.209388	0.209388\\ 
0.050000	0.125000	0.237030	0.237030\\ 
0.050000	0.150000	0.264672	0.264672\\ 
0.050000	0.175000	0.292313	0.292313\\ 
0.050000	0.200000	0.319955	0.319955\\ 
0.050000	0.225000	0.347597	0.347597\\ 
0.050000	0.250000	0.375239	0.375239\\ 
0.050000	0.275000	0.402881	0.402881\\ 
0.050000	0.300000	0.430522	0.430522\\ 
0.050000	0.325000	0.458164	0.458164\\ 
0.050000	0.350000	0.485806	0.485806\\ 
0.050000	0.375000	0.513448	0.513448\\ 
0.050000	0.400000	0.541090	0.541090\\ 
0.050000	0.425000	0.568731	0.568731\\ 
0.050000	0.450000	0.596373	0.596373\\ 
0.050000	0.475000	0.624015	0.624015\\ 
0.050000	0.500000	0.651657	0.651657\\ 
0.075000	-0.500000	-0.403846	-0.403846\\ 
0.075000	-0.475000	-0.376204	-0.376204\\ 
0.075000	-0.450000	-0.348562	-0.348562\\ 
0.075000	-0.425000	-0.320921	-0.320921\\ 
0.075000	-0.400000	-0.293279	-0.293279\\ 
0.075000	-0.375000	-0.265637	-0.265637\\ 
0.075000	-0.350000	-0.237995	-0.237995\\ 
0.075000	-0.325000	-0.210353	-0.210353\\ 
0.075000	-0.300000	-0.182712	-0.182712\\ 
0.075000	-0.275000	-0.155070	-0.155070\\ 
0.075000	-0.250000	-0.127428	-0.127428\\ 
0.075000	-0.225000	-0.099786	-0.099786\\ 
0.075000	-0.200000	-0.072145	-0.072145\\ 
0.075000	-0.175000	-0.044503	-0.044503\\ 
0.075000	-0.150000	-0.016861	-0.016861\\ 
0.075000	-0.125000	0.010781	0.010781\\ 
0.075000	-0.100000	0.038423	0.038423\\ 
0.075000	-0.075000	0.066064	0.066064\\ 
0.075000	-0.050000	0.093706	0.093706\\ 
0.075000	-0.025000	0.121348	0.121348\\ 
0.075000	0.000000	0.148990	0.148990\\ 
0.075000	0.025000	0.176632	0.176632\\ 
0.075000	0.050000	0.204273	0.204273\\ 
0.075000	0.075000	0.231915	0.231915\\ 
0.075000	0.100000	0.259557	0.259557\\ 
0.075000	0.125000	0.287199	0.287199\\ 
0.075000	0.150000	0.314841	0.314841\\ 
0.075000	0.175000	0.342482	0.342482\\ 
0.075000	0.200000	0.370124	0.370124\\ 
0.075000	0.225000	0.397766	0.397766\\ 
0.075000	0.250000	0.425408	0.425408\\ 
0.075000	0.275000	0.453049	0.453049\\ 
0.075000	0.300000	0.480691	0.480691\\ 
0.075000	0.325000	0.508333	0.508333\\ 
0.075000	0.350000	0.535975	0.535975\\ 
0.075000	0.375000	0.563617	0.563617\\ 
0.075000	0.400000	0.591258	0.591258\\ 
0.075000	0.425000	0.618900	0.618900\\ 
0.075000	0.450000	0.646542	0.646542\\ 
0.075000	0.475000	0.674184	0.674184\\ 
0.075000	0.500000	0.701826	0.701826\\ 
0.100000	-0.500000	-0.353677	-0.353677\\ 
0.100000	-0.475000	-0.326035	-0.326035\\ 
0.100000	-0.450000	-0.298394	-0.298394\\ 
0.100000	-0.425000	-0.270752	-0.270752\\ 
0.100000	-0.400000	-0.243110	-0.243110\\ 
0.100000	-0.375000	-0.215468	-0.215468\\ 
0.100000	-0.350000	-0.187826	-0.187826\\ 
0.100000	-0.325000	-0.160185	-0.160185\\ 
0.100000	-0.300000	-0.132543	-0.132543\\ 
0.100000	-0.275000	-0.104901	-0.104901\\ 
0.100000	-0.250000	-0.077259	-0.077259\\ 
0.100000	-0.225000	-0.049617	-0.049617\\ 
0.100000	-0.200000	-0.021976	-0.021976\\ 
0.100000	-0.175000	0.005666	0.005666\\ 
0.100000	-0.150000	0.033308	0.033308\\ 
0.100000	-0.125000	0.060950	0.060950\\ 
0.100000	-0.100000	0.088591	0.088591\\ 
0.100000	-0.075000	0.116233	0.116233\\ 
0.100000	-0.050000	0.143875	0.143875\\ 
0.100000	-0.025000	0.171517	0.171517\\ 
0.100000	0.000000	0.199159	0.199159\\ 
0.100000	0.025000	0.226800	0.226800\\ 
0.100000	0.050000	0.254442	0.254442\\ 
0.100000	0.075000	0.282084	0.282084\\ 
0.100000	0.100000	0.309726	0.309726\\ 
0.100000	0.125000	0.337368	0.337368\\ 
0.100000	0.150000	0.365009	0.365009\\ 
0.100000	0.175000	0.392651	0.392651\\ 
0.100000	0.200000	0.420293	0.420293\\ 
0.100000	0.225000	0.447935	0.447935\\ 
0.100000	0.250000	0.475577	0.475577\\ 
0.100000	0.275000	0.503218	0.503218\\ 
0.100000	0.300000	0.530860	0.530860\\ 
0.100000	0.325000	0.558502	0.558502\\ 
0.100000	0.350000	0.586144	0.586144\\ 
0.100000	0.375000	0.613785	0.613785\\ 
0.100000	0.400000	0.641427	0.641427\\ 
0.100000	0.425000	0.669069	0.669069\\ 
0.100000	0.450000	0.696711	0.696711\\ 
0.100000	0.475000	0.724353	0.724353\\ 
0.100000	0.500000	0.751994	0.751994\\ 
0.125000	-0.500000	-0.303508	-0.303508\\ 
0.125000	-0.475000	-0.275866	-0.275866\\ 
0.125000	-0.450000	-0.248225	-0.248225\\ 
0.125000	-0.425000	-0.220583	-0.220583\\ 
0.125000	-0.400000	-0.192941	-0.192941\\ 
0.125000	-0.375000	-0.165299	-0.165299\\ 
0.125000	-0.350000	-0.137658	-0.137658\\ 
0.125000	-0.325000	-0.110016	-0.110016\\ 
0.125000	-0.300000	-0.082374	-0.082374\\ 
0.125000	-0.275000	-0.054732	-0.054732\\ 
0.125000	-0.250000	-0.027090	-0.027090\\ 
0.125000	-0.225000	0.000551	0.000551\\ 
0.125000	-0.200000	0.028193	0.028193\\ 
0.125000	-0.175000	0.055835	0.055835\\ 
0.125000	-0.150000	0.083477	0.083477\\ 
0.125000	-0.125000	0.111119	0.111119\\ 
0.125000	-0.100000	0.138760	0.138760\\ 
0.125000	-0.075000	0.166402	0.166402\\ 
0.125000	-0.050000	0.194044	0.194044\\ 
0.125000	-0.025000	0.221686	0.221686\\ 
0.125000	0.000000	0.249327	0.249327\\ 
0.125000	0.025000	0.276969	0.276969\\ 
0.125000	0.050000	0.304611	0.304611\\ 
0.125000	0.075000	0.332253	0.332253\\ 
0.125000	0.100000	0.359895	0.359895\\ 
0.125000	0.125000	0.387536	0.387536\\ 
0.125000	0.150000	0.415178	0.415178\\ 
0.125000	0.175000	0.442820	0.442820\\ 
0.125000	0.200000	0.470462	0.470462\\ 
0.125000	0.225000	0.498104	0.498104\\ 
0.125000	0.250000	0.525745	0.525745\\ 
0.125000	0.275000	0.553387	0.553387\\ 
0.125000	0.300000	0.581029	0.581029\\ 
0.125000	0.325000	0.608671	0.608671\\ 
0.125000	0.350000	0.636313	0.636313\\ 
0.125000	0.375000	0.663954	0.663954\\ 
0.125000	0.400000	0.691596	0.691596\\ 
0.125000	0.425000	0.719238	0.719238\\ 
0.125000	0.450000	0.746880	0.746880\\ 
0.125000	0.475000	0.774521	0.774521\\ 
0.125000	0.500000	0.802163	0.802163\\ 
0.150000	-0.500000	-0.253339	-0.253339\\ 
0.150000	-0.475000	-0.225698	-0.225698\\ 
0.150000	-0.450000	-0.198056	-0.198056\\ 
0.150000	-0.425000	-0.170414	-0.170414\\ 
0.150000	-0.400000	-0.142772	-0.142772\\ 
0.150000	-0.375000	-0.115130	-0.115130\\ 
0.150000	-0.350000	-0.087489	-0.087489\\ 
0.150000	-0.325000	-0.059847	-0.059847\\ 
0.150000	-0.300000	-0.032205	-0.032205\\ 
0.150000	-0.275000	-0.004563	-0.004563\\ 
0.150000	-0.250000	0.023078	0.023078\\ 
0.150000	-0.225000	0.050720	0.050720\\ 
0.150000	-0.200000	0.078362	0.078362\\ 
0.150000	-0.175000	0.106004	0.106004\\ 
0.150000	-0.150000	0.133646	0.133646\\ 
0.150000	-0.125000	0.161287	0.161287\\ 
0.150000	-0.100000	0.188929	0.188929\\ 
0.150000	-0.075000	0.216571	0.216571\\ 
0.150000	-0.050000	0.244213	0.244213\\ 
0.150000	-0.025000	0.271855	0.271855\\ 
0.150000	0.000000	0.299496	0.299496\\ 
0.150000	0.025000	0.327138	0.327138\\ 
0.150000	0.050000	0.354780	0.354780\\ 
0.150000	0.075000	0.382422	0.382422\\ 
0.150000	0.100000	0.410063	0.410063\\ 
0.150000	0.125000	0.437705	0.437705\\ 
0.150000	0.150000	0.465347	0.465347\\ 
0.150000	0.175000	0.492989	0.492989\\ 
0.150000	0.200000	0.520631	0.520631\\ 
0.150000	0.225000	0.548272	0.548272\\ 
0.150000	0.250000	0.575914	0.575914\\ 
0.150000	0.275000	0.603556	0.603556\\ 
0.150000	0.300000	0.631198	0.631198\\ 
0.150000	0.325000	0.658840	0.658840\\ 
0.150000	0.350000	0.686481	0.686481\\ 
0.150000	0.375000	0.714123	0.714123\\ 
0.150000	0.400000	0.741765	0.741765\\ 
0.150000	0.425000	0.769407	0.769407\\ 
0.150000	0.450000	0.797049	0.797049\\ 
0.150000	0.475000	0.824690	0.824690\\ 
0.150000	0.500000	0.852332	0.852332\\ 
0.175000	-0.500000	-0.203171	-0.203171\\ 
0.175000	-0.475000	-0.175529	-0.175529\\ 
0.175000	-0.450000	-0.147887	-0.147887\\ 
0.175000	-0.425000	-0.120245	-0.120245\\ 
0.175000	-0.400000	-0.092603	-0.092603\\ 
0.175000	-0.375000	-0.064962	-0.064962\\ 
0.175000	-0.350000	-0.037320	-0.037320\\ 
0.175000	-0.325000	-0.009678	-0.009678\\ 
0.175000	-0.300000	0.017964	0.017964\\ 
0.175000	-0.275000	0.045606	0.045606\\ 
0.175000	-0.250000	0.073247	0.073247\\ 
0.175000	-0.225000	0.100889	0.100889\\ 
0.175000	-0.200000	0.128531	0.128531\\ 
0.175000	-0.175000	0.156173	0.156173\\ 
0.175000	-0.150000	0.183814	0.183814\\ 
0.175000	-0.125000	0.211456	0.211456\\ 
0.175000	-0.100000	0.239098	0.239098\\ 
0.175000	-0.075000	0.266740	0.266740\\ 
0.175000	-0.050000	0.294382	0.294382\\ 
0.175000	-0.025000	0.322023	0.322023\\ 
0.175000	0.000000	0.349665	0.349665\\ 
0.175000	0.025000	0.377307	0.377307\\ 
0.175000	0.050000	0.404949	0.404949\\ 
0.175000	0.075000	0.432591	0.432591\\ 
0.175000	0.100000	0.460232	0.460232\\ 
0.175000	0.125000	0.487874	0.487874\\ 
0.175000	0.150000	0.515516	0.515516\\ 
0.175000	0.175000	0.543158	0.543158\\ 
0.175000	0.200000	0.570799	0.570799\\ 
0.175000	0.225000	0.598441	0.598441\\ 
0.175000	0.250000	0.626083	0.626083\\ 
0.175000	0.275000	0.653725	0.653725\\ 
0.175000	0.300000	0.681367	0.681367\\ 
0.175000	0.325000	0.709008	0.709008\\ 
0.175000	0.350000	0.736650	0.736650\\ 
0.175000	0.375000	0.764292	0.764292\\ 
0.175000	0.400000	0.791934	0.791934\\ 
0.175000	0.425000	0.819576	0.819576\\ 
0.175000	0.450000	0.847217	0.847217\\ 
0.175000	0.475000	0.874859	0.874859\\ 
0.175000	0.500000	0.902501	0.902501\\ 
0.200000	-0.500000	-0.153002	-0.153002\\ 
0.200000	-0.475000	-0.125360	-0.125360\\ 
0.200000	-0.450000	-0.097718	-0.097718\\ 
0.200000	-0.425000	-0.070076	-0.070076\\ 
0.200000	-0.400000	-0.042435	-0.042435\\ 
0.200000	-0.375000	-0.014793	-0.014793\\ 
0.200000	-0.350000	0.012849	0.012849\\ 
0.200000	-0.325000	0.040491	0.040491\\ 
0.200000	-0.300000	0.068133	0.068133\\ 
0.200000	-0.275000	0.095774	0.095774\\ 
0.200000	-0.250000	0.123416	0.123416\\ 
0.200000	-0.225000	0.151058	0.151058\\ 
0.200000	-0.200000	0.178700	0.178700\\ 
0.200000	-0.175000	0.206342	0.206342\\ 
0.200000	-0.150000	0.233983	0.233983\\ 
0.200000	-0.125000	0.261625	0.261625\\ 
0.200000	-0.100000	0.289267	0.289267\\ 
0.200000	-0.075000	0.316909	0.316909\\ 
0.200000	-0.050000	0.344550	0.344550\\ 
0.200000	-0.025000	0.372192	0.372192\\ 
0.200000	0.000000	0.399834	0.399834\\ 
0.200000	0.025000	0.427476	0.427476\\ 
0.200000	0.050000	0.455118	0.455118\\ 
0.200000	0.075000	0.482759	0.482759\\ 
0.200000	0.100000	0.510401	0.510401\\ 
0.200000	0.125000	0.538043	0.538043\\ 
0.200000	0.150000	0.565685	0.565685\\ 
0.200000	0.175000	0.593327	0.593327\\ 
0.200000	0.200000	0.620968	0.620968\\ 
0.200000	0.225000	0.648610	0.648610\\ 
0.200000	0.250000	0.676252	0.676252\\ 
0.200000	0.275000	0.703894	0.703894\\ 
0.200000	0.300000	0.731535	0.731535\\ 
0.200000	0.325000	0.759177	0.759177\\ 
0.200000	0.350000	0.786819	0.786819\\ 
0.200000	0.375000	0.814461	0.814461\\ 
0.200000	0.400000	0.842103	0.842103\\ 
0.200000	0.425000	0.869744	0.869744\\ 
0.200000	0.450000	0.897386	0.897386\\ 
0.200000	0.475000	0.925028	0.925028\\ 
0.200000	0.500000	0.952670	0.952670\\ 
0.225000	-0.500000	-0.102833	-0.102833\\ 
0.225000	-0.475000	-0.075191	-0.075191\\ 
0.225000	-0.450000	-0.047549	-0.047549\\ 
0.225000	-0.425000	-0.019908	-0.019908\\ 
0.225000	-0.400000	0.007734	0.007734\\ 
0.225000	-0.375000	0.035376	0.035376\\ 
0.225000	-0.350000	0.063018	0.063018\\ 
0.225000	-0.325000	0.090660	0.090660\\ 
0.225000	-0.300000	0.118301	0.118301\\ 
0.225000	-0.275000	0.145943	0.145943\\ 
0.225000	-0.250000	0.173585	0.173585\\ 
0.225000	-0.225000	0.201227	0.201227\\ 
0.225000	-0.200000	0.228869	0.228869\\ 
0.225000	-0.175000	0.256510	0.256510\\ 
0.225000	-0.150000	0.284152	0.284152\\ 
0.225000	-0.125000	0.311794	0.311794\\ 
0.225000	-0.100000	0.339436	0.339436\\ 
0.225000	-0.075000	0.367078	0.367078\\ 
0.225000	-0.050000	0.394719	0.394719\\ 
0.225000	-0.025000	0.422361	0.422361\\ 
0.225000	0.000000	0.450003	0.450003\\ 
0.225000	0.025000	0.477645	0.477645\\ 
0.225000	0.050000	0.505286	0.505286\\ 
0.225000	0.075000	0.532928	0.532928\\ 
0.225000	0.100000	0.560570	0.560570\\ 
0.225000	0.125000	0.588212	0.588212\\ 
0.225000	0.150000	0.615854	0.615854\\ 
0.225000	0.175000	0.643495	0.643495\\ 
0.225000	0.200000	0.671137	0.671137\\ 
0.225000	0.225000	0.698779	0.698779\\ 
0.225000	0.250000	0.726421	0.726421\\ 
0.225000	0.275000	0.754063	0.754063\\ 
0.225000	0.300000	0.781704	0.781704\\ 
0.225000	0.325000	0.809346	0.809346\\ 
0.225000	0.350000	0.836988	0.836988\\ 
0.225000	0.375000	0.864630	0.864630\\ 
0.225000	0.400000	0.892271	0.892271\\ 
0.225000	0.425000	0.919913	0.919913\\ 
0.225000	0.450000	0.947555	0.947555\\ 
0.225000	0.475000	0.975197	0.975197\\ 
0.225000	0.500000	1.002839	1.002839\\ 
0.250000	-0.500000	-0.052664	-0.052664\\ 
0.250000	-0.475000	-0.025022	-0.025022\\ 
0.250000	-0.450000	0.002620	0.002620\\ 
0.250000	-0.425000	0.030261	0.030261\\ 
0.250000	-0.400000	0.057903	0.057903\\ 
0.250000	-0.375000	0.085545	0.085545\\ 
0.250000	-0.350000	0.113187	0.113187\\ 
0.250000	-0.325000	0.140828	0.140828\\ 
0.250000	-0.300000	0.168470	0.168470\\ 
0.250000	-0.275000	0.196112	0.196112\\ 
0.250000	-0.250000	0.223754	0.223754\\ 
0.250000	-0.225000	0.251396	0.251396\\ 
0.250000	-0.200000	0.279037	0.279037\\ 
0.250000	-0.175000	0.306679	0.306679\\ 
0.250000	-0.150000	0.334321	0.334321\\ 
0.250000	-0.125000	0.361963	0.361963\\ 
0.250000	-0.100000	0.389605	0.389605\\ 
0.250000	-0.075000	0.417246	0.417246\\ 
0.250000	-0.050000	0.444888	0.444888\\ 
0.250000	-0.025000	0.472530	0.472530\\ 
0.250000	0.000000	0.500172	0.500172\\ 
0.250000	0.025000	0.527814	0.527814\\ 
0.250000	0.050000	0.555455	0.555455\\ 
0.250000	0.075000	0.583097	0.583097\\ 
0.250000	0.100000	0.610739	0.610739\\ 
0.250000	0.125000	0.638381	0.638381\\ 
0.250000	0.150000	0.666022	0.666022\\ 
0.250000	0.175000	0.693664	0.693664\\ 
0.250000	0.200000	0.721306	0.721306\\ 
0.250000	0.225000	0.748948	0.748948\\ 
0.250000	0.250000	0.776590	0.776590\\ 
0.250000	0.275000	0.804231	0.804231\\ 
0.250000	0.300000	0.831873	0.831873\\ 
0.250000	0.325000	0.859515	0.859515\\ 
0.250000	0.350000	0.887157	0.887157\\ 
0.250000	0.375000	0.914799	0.914799\\ 
0.250000	0.400000	0.942440	0.942440\\ 
0.250000	0.425000	0.970082	0.970082\\ 
0.250000	0.450000	0.997724	0.997724\\ 
0.250000	0.475000	1.025366	1.025366\\ 
0.250000	0.500000	1.053007	1.053007\\ 
0.275000	-0.500000	-0.002495	-0.002495\\ 
0.275000	-0.475000	0.025147	0.025147\\ 
0.275000	-0.450000	0.052788	0.052788\\ 
0.275000	-0.425000	0.080430	0.080430\\ 
0.275000	-0.400000	0.108072	0.108072\\ 
0.275000	-0.375000	0.135714	0.135714\\ 
0.275000	-0.350000	0.163356	0.163356\\ 
0.275000	-0.325000	0.190997	0.190997\\ 
0.275000	-0.300000	0.218639	0.218639\\ 
0.275000	-0.275000	0.246281	0.246281\\ 
0.275000	-0.250000	0.273923	0.273923\\ 
0.275000	-0.225000	0.301564	0.301564\\ 
0.275000	-0.200000	0.329206	0.329206\\ 
0.275000	-0.175000	0.356848	0.356848\\ 
0.275000	-0.150000	0.384490	0.384490\\ 
0.275000	-0.125000	0.412132	0.412132\\ 
0.275000	-0.100000	0.439773	0.439773\\ 
0.275000	-0.075000	0.467415	0.467415\\ 
0.275000	-0.050000	0.495057	0.495057\\ 
0.275000	-0.025000	0.522699	0.522699\\ 
0.275000	0.000000	0.550341	0.550341\\ 
0.275000	0.025000	0.577982	0.577982\\ 
0.275000	0.050000	0.605624	0.605624\\ 
0.275000	0.075000	0.633266	0.633266\\ 
0.275000	0.100000	0.660908	0.660908\\ 
0.275000	0.125000	0.688550	0.688550\\ 
0.275000	0.150000	0.716191	0.716191\\ 
0.275000	0.175000	0.743833	0.743833\\ 
0.275000	0.200000	0.771475	0.771475\\ 
0.275000	0.225000	0.799117	0.799117\\ 
0.275000	0.250000	0.826758	0.826758\\ 
0.275000	0.275000	0.854400	0.854400\\ 
0.275000	0.300000	0.882042	0.882042\\ 
0.275000	0.325000	0.909684	0.909684\\ 
0.275000	0.350000	0.937326	0.937326\\ 
0.275000	0.375000	0.964967	0.964967\\ 
0.275000	0.400000	0.992609	0.992609\\ 
0.275000	0.425000	1.020251	1.020251\\ 
0.275000	0.450000	1.047893	1.047893\\ 
0.275000	0.475000	1.075535	1.075535\\ 
0.275000	0.500000	1.103176	1.103176\\ 
0.300000	-0.500000	0.047674	0.047674\\ 
0.300000	-0.475000	0.075315	0.075315\\ 
0.300000	-0.450000	0.102957	0.102957\\ 
0.300000	-0.425000	0.130599	0.130599\\ 
0.300000	-0.400000	0.158241	0.158241\\ 
0.300000	-0.375000	0.185883	0.185883\\ 
0.300000	-0.350000	0.213524	0.213524\\ 
0.300000	-0.325000	0.241166	0.241166\\ 
0.300000	-0.300000	0.268808	0.268808\\ 
0.300000	-0.275000	0.296450	0.296450\\ 
0.300000	-0.250000	0.324092	0.324092\\ 
0.300000	-0.225000	0.351733	0.351733\\ 
0.300000	-0.200000	0.379375	0.379375\\ 
0.300000	-0.175000	0.407017	0.407017\\ 
0.300000	-0.150000	0.434659	0.434659\\ 
0.300000	-0.125000	0.462300	0.462300\\ 
0.300000	-0.100000	0.489942	0.489942\\ 
0.300000	-0.075000	0.517584	0.517584\\ 
0.300000	-0.050000	0.545226	0.545226\\ 
0.300000	-0.025000	0.572868	0.572868\\ 
0.300000	0.000000	0.600509	0.600509\\ 
0.300000	0.025000	0.628151	0.628151\\ 
0.300000	0.050000	0.655793	0.655793\\ 
0.300000	0.075000	0.683435	0.683435\\ 
0.300000	0.100000	0.711077	0.711077\\ 
0.300000	0.125000	0.738718	0.738718\\ 
0.300000	0.150000	0.766360	0.766360\\ 
0.300000	0.175000	0.794002	0.794002\\ 
0.300000	0.200000	0.821644	0.821644\\ 
0.300000	0.225000	0.849286	0.849286\\ 
0.300000	0.250000	0.876927	0.876927\\ 
0.300000	0.275000	0.904569	0.904569\\ 
0.300000	0.300000	0.932211	0.932211\\ 
0.300000	0.325000	0.959853	0.959853\\ 
0.300000	0.350000	0.987494	0.987494\\ 
0.300000	0.375000	1.015136	1.015136\\ 
0.300000	0.400000	1.042778	1.042778\\ 
0.300000	0.425000	1.070420	1.070420\\ 
0.300000	0.450000	1.098062	1.098062\\ 
0.300000	0.475000	1.125703	1.125703\\ 
0.300000	0.500000	1.153345	1.153345\\ 
0.325000	-0.500000	0.097843	0.097843\\ 
0.325000	-0.475000	0.125484	0.125484\\ 
0.325000	-0.450000	0.153126	0.153126\\ 
0.325000	-0.425000	0.180768	0.180768\\ 
0.325000	-0.400000	0.208410	0.208410\\ 
0.325000	-0.375000	0.236051	0.236051\\ 
0.325000	-0.350000	0.263693	0.263693\\ 
0.325000	-0.325000	0.291335	0.291335\\ 
0.325000	-0.300000	0.318977	0.318977\\ 
0.325000	-0.275000	0.346619	0.346619\\ 
0.325000	-0.250000	0.374260	0.374260\\ 
0.325000	-0.225000	0.401902	0.401902\\ 
0.325000	-0.200000	0.429544	0.429544\\ 
0.325000	-0.175000	0.457186	0.457186\\ 
0.325000	-0.150000	0.484828	0.484828\\ 
0.325000	-0.125000	0.512469	0.512469\\ 
0.325000	-0.100000	0.540111	0.540111\\ 
0.325000	-0.075000	0.567753	0.567753\\ 
0.325000	-0.050000	0.595395	0.595395\\ 
0.325000	-0.025000	0.623036	0.623036\\ 
0.325000	0.000000	0.650678	0.650678\\ 
0.325000	0.025000	0.678320	0.678320\\ 
0.325000	0.050000	0.705962	0.705962\\ 
0.325000	0.075000	0.733604	0.733604\\ 
0.325000	0.100000	0.761245	0.761245\\ 
0.325000	0.125000	0.788887	0.788887\\ 
0.325000	0.150000	0.816529	0.816529\\ 
0.325000	0.175000	0.844171	0.844171\\ 
0.325000	0.200000	0.871813	0.871813\\ 
0.325000	0.225000	0.899454	0.899454\\ 
0.325000	0.250000	0.927096	0.927096\\ 
0.325000	0.275000	0.954738	0.954738\\ 
0.325000	0.300000	0.982380	0.982380\\ 
0.325000	0.325000	1.010022	1.010022\\ 
0.325000	0.350000	1.037663	1.037663\\ 
0.325000	0.375000	1.065305	1.065305\\ 
0.325000	0.400000	1.092947	1.092947\\ 
0.325000	0.425000	1.120589	1.120589\\ 
0.325000	0.450000	1.148230	1.148230\\ 
0.325000	0.475000	1.175872	1.175872\\ 
0.325000	0.500000	1.203514	1.203514\\ 
0.350000	-0.500000	0.148011	0.148011\\ 
0.350000	-0.475000	0.175653	0.175653\\ 
0.350000	-0.450000	0.203295	0.203295\\ 
0.350000	-0.425000	0.230937	0.230937\\ 
0.350000	-0.400000	0.258579	0.258579\\ 
0.350000	-0.375000	0.286220	0.286220\\ 
0.350000	-0.350000	0.313862	0.313862\\ 
0.350000	-0.325000	0.341504	0.341504\\ 
0.350000	-0.300000	0.369146	0.369146\\ 
0.350000	-0.275000	0.396787	0.396787\\ 
0.350000	-0.250000	0.424429	0.424429\\ 
0.350000	-0.225000	0.452071	0.452071\\ 
0.350000	-0.200000	0.479713	0.479713\\ 
0.350000	-0.175000	0.507355	0.507355\\ 
0.350000	-0.150000	0.534996	0.534996\\ 
0.350000	-0.125000	0.562638	0.562638\\ 
0.350000	-0.100000	0.590280	0.590280\\ 
0.350000	-0.075000	0.617922	0.617922\\ 
0.350000	-0.050000	0.645564	0.645564\\ 
0.350000	-0.025000	0.673205	0.673205\\ 
0.350000	0.000000	0.700847	0.700847\\ 
0.350000	0.025000	0.728489	0.728489\\ 
0.350000	0.050000	0.756131	0.756131\\ 
0.350000	0.075000	0.783772	0.783772\\ 
0.350000	0.100000	0.811414	0.811414\\ 
0.350000	0.125000	0.839056	0.839056\\ 
0.350000	0.150000	0.866698	0.866698\\ 
0.350000	0.175000	0.894340	0.894340\\ 
0.350000	0.200000	0.921981	0.921981\\ 
0.350000	0.225000	0.949623	0.949623\\ 
0.350000	0.250000	0.977265	0.977265\\ 
0.350000	0.275000	1.004907	1.004907\\ 
0.350000	0.300000	1.032549	1.032549\\ 
0.350000	0.325000	1.060190	1.060190\\ 
0.350000	0.350000	1.087832	1.087832\\ 
0.350000	0.375000	1.115474	1.115474\\ 
0.350000	0.400000	1.143116	1.143116\\ 
0.350000	0.425000	1.170758	1.170758\\ 
0.350000	0.450000	1.198399	1.198399\\ 
0.350000	0.475000	1.226041	1.226041\\ 
0.350000	0.500000	1.253683	1.253683\\ 
0.375000	-0.500000	0.198180	0.198180\\ 
0.375000	-0.475000	0.225822	0.225822\\ 
0.375000	-0.450000	0.253464	0.253464\\ 
0.375000	-0.425000	0.281106	0.281106\\ 
0.375000	-0.400000	0.308747	0.308747\\ 
0.375000	-0.375000	0.336389	0.336389\\ 
0.375000	-0.350000	0.364031	0.364031\\ 
0.375000	-0.325000	0.391673	0.391673\\ 
0.375000	-0.300000	0.419315	0.419315\\ 
0.375000	-0.275000	0.446956	0.446956\\ 
0.375000	-0.250000	0.474598	0.474598\\ 
0.375000	-0.225000	0.502240	0.502240\\ 
0.375000	-0.200000	0.529882	0.529882\\ 
0.375000	-0.175000	0.557523	0.557523\\ 
0.375000	-0.150000	0.585165	0.585165\\ 
0.375000	-0.125000	0.612807	0.612807\\ 
0.375000	-0.100000	0.640449	0.640449\\ 
0.375000	-0.075000	0.668091	0.668091\\ 
0.375000	-0.050000	0.695732	0.695732\\ 
0.375000	-0.025000	0.723374	0.723374\\ 
0.375000	0.000000	0.751016	0.751016\\ 
0.375000	0.025000	0.778658	0.778658\\ 
0.375000	0.050000	0.806300	0.806300\\ 
0.375000	0.075000	0.833941	0.833941\\ 
0.375000	0.100000	0.861583	0.861583\\ 
0.375000	0.125000	0.889225	0.889225\\ 
0.375000	0.150000	0.916867	0.916867\\ 
0.375000	0.175000	0.944508	0.944508\\ 
0.375000	0.200000	0.972150	0.972150\\ 
0.375000	0.225000	0.999792	0.999792\\ 
0.375000	0.250000	1.027434	1.027434\\ 
0.375000	0.275000	1.055076	1.055076\\ 
0.375000	0.300000	1.082717	1.082717\\ 
0.375000	0.325000	1.110359	1.110359\\ 
0.375000	0.350000	1.138001	1.138001\\ 
0.375000	0.375000	1.165643	1.165643\\ 
0.375000	0.400000	1.193285	1.193285\\ 
0.375000	0.425000	1.220926	1.220926\\ 
0.375000	0.450000	1.248568	1.248568\\ 
0.375000	0.475000	1.276210	1.276210\\ 
0.375000	0.500000	1.303852	1.303852\\ 
0.400000	-0.500000	0.248349	0.248349\\ 
0.400000	-0.475000	0.275991	0.275991\\ 
0.400000	-0.450000	0.303633	0.303633\\ 
0.400000	-0.425000	0.331274	0.331274\\ 
0.400000	-0.400000	0.358916	0.358916\\ 
0.400000	-0.375000	0.386558	0.386558\\ 
0.400000	-0.350000	0.414200	0.414200\\ 
0.400000	-0.325000	0.441842	0.441842\\ 
0.400000	-0.300000	0.469483	0.469483\\ 
0.400000	-0.275000	0.497125	0.497125\\ 
0.400000	-0.250000	0.524767	0.524767\\ 
0.400000	-0.225000	0.552409	0.552409\\ 
0.400000	-0.200000	0.580051	0.580051\\ 
0.400000	-0.175000	0.607692	0.607692\\ 
0.400000	-0.150000	0.635334	0.635334\\ 
0.400000	-0.125000	0.662976	0.662976\\ 
0.400000	-0.100000	0.690618	0.690618\\ 
0.400000	-0.075000	0.718259	0.718259\\ 
0.400000	-0.050000	0.745901	0.745901\\ 
0.400000	-0.025000	0.773543	0.773543\\ 
0.400000	0.000000	0.801185	0.801185\\ 
0.400000	0.025000	0.828827	0.828827\\ 
0.400000	0.050000	0.856468	0.856468\\ 
0.400000	0.075000	0.884110	0.884110\\ 
0.400000	0.100000	0.911752	0.911752\\ 
0.400000	0.125000	0.939394	0.939394\\ 
0.400000	0.150000	0.967036	0.967036\\ 
0.400000	0.175000	0.994677	0.994677\\ 
0.400000	0.200000	1.022319	1.022319\\ 
0.400000	0.225000	1.049961	1.049961\\ 
0.400000	0.250000	1.077603	1.077603\\ 
0.400000	0.275000	1.105244	1.105244\\ 
0.400000	0.300000	1.132886	1.132886\\ 
0.400000	0.325000	1.160528	1.160528\\ 
0.400000	0.350000	1.188170	1.188170\\ 
0.400000	0.375000	1.215812	1.215812\\ 
0.400000	0.400000	1.243453	1.243453\\ 
0.400000	0.425000	1.271095	1.271095\\ 
0.400000	0.450000	1.298737	1.298737\\ 
0.400000	0.475000	1.326379	1.326379\\ 
0.400000	0.500000	1.354021	1.354021\\ 
0.425000	-0.500000	0.298518	0.298518\\ 
0.425000	-0.475000	0.326160	0.326160\\ 
0.425000	-0.450000	0.353801	0.353801\\ 
0.425000	-0.425000	0.381443	0.381443\\ 
0.425000	-0.400000	0.409085	0.409085\\ 
0.425000	-0.375000	0.436727	0.436727\\ 
0.425000	-0.350000	0.464369	0.464369\\ 
0.425000	-0.325000	0.492010	0.492010\\ 
0.425000	-0.300000	0.519652	0.519652\\ 
0.425000	-0.275000	0.547294	0.547294\\ 
0.425000	-0.250000	0.574936	0.574936\\ 
0.425000	-0.225000	0.602578	0.602578\\ 
0.425000	-0.200000	0.630219	0.630219\\ 
0.425000	-0.175000	0.657861	0.657861\\ 
0.425000	-0.150000	0.685503	0.685503\\ 
0.425000	-0.125000	0.713145	0.713145\\ 
0.425000	-0.100000	0.740787	0.740787\\ 
0.425000	-0.075000	0.768428	0.768428\\ 
0.425000	-0.050000	0.796070	0.796070\\ 
0.425000	-0.025000	0.823712	0.823712\\ 
0.425000	0.000000	0.851354	0.851354\\ 
0.425000	0.025000	0.878995	0.878995\\ 
0.425000	0.050000	0.906637	0.906637\\ 
0.425000	0.075000	0.934279	0.934279\\ 
0.425000	0.100000	0.961921	0.961921\\ 
0.425000	0.125000	0.989563	0.989563\\ 
0.425000	0.150000	1.017204	1.017204\\ 
0.425000	0.175000	1.044846	1.044846\\ 
0.425000	0.200000	1.072488	1.072488\\ 
0.425000	0.225000	1.100130	1.100130\\ 
0.425000	0.250000	1.127772	1.127772\\ 
0.425000	0.275000	1.155413	1.155413\\ 
0.425000	0.300000	1.183055	1.183055\\ 
0.425000	0.325000	1.210697	1.210697\\ 
0.425000	0.350000	1.238339	1.238339\\ 
0.425000	0.375000	1.265980	1.265980\\ 
0.425000	0.400000	1.293622	1.293622\\ 
0.425000	0.425000	1.321264	1.321264\\ 
0.425000	0.450000	1.348906	1.348906\\ 
0.425000	0.475000	1.376548	1.376548\\ 
0.425000	0.500000	1.404189	1.404189\\ 
0.450000	-0.500000	0.348687	0.348687\\ 
0.450000	-0.475000	0.376329	0.376329\\ 
0.450000	-0.450000	0.403970	0.403970\\ 
0.450000	-0.425000	0.431612	0.431612\\ 
0.450000	-0.400000	0.459254	0.459254\\ 
0.450000	-0.375000	0.486896	0.486896\\ 
0.450000	-0.350000	0.514538	0.514538\\ 
0.450000	-0.325000	0.542179	0.542179\\ 
0.450000	-0.300000	0.569821	0.569821\\ 
0.450000	-0.275000	0.597463	0.597463\\ 
0.450000	-0.250000	0.625105	0.625105\\ 
0.450000	-0.225000	0.652746	0.652746\\ 
0.450000	-0.200000	0.680388	0.680388\\ 
0.450000	-0.175000	0.708030	0.708030\\ 
0.450000	-0.150000	0.735672	0.735672\\ 
0.450000	-0.125000	0.763314	0.763314\\ 
0.450000	-0.100000	0.790955	0.790955\\ 
0.450000	-0.075000	0.818597	0.818597\\ 
0.450000	-0.050000	0.846239	0.846239\\ 
0.450000	-0.025000	0.873881	0.873881\\ 
0.450000	0.000000	0.901523	0.901523\\ 
0.450000	0.025000	0.929164	0.929164\\ 
0.450000	0.050000	0.956806	0.956806\\ 
0.450000	0.075000	0.984448	0.984448\\ 
0.450000	0.100000	1.012090	1.012090\\ 
0.450000	0.125000	1.039731	1.039731\\ 
0.450000	0.150000	1.067373	1.067373\\ 
0.450000	0.175000	1.095015	1.095015\\ 
0.450000	0.200000	1.122657	1.122657\\ 
0.450000	0.225000	1.150299	1.150299\\ 
0.450000	0.250000	1.177940	1.177940\\ 
0.450000	0.275000	1.205582	1.205582\\ 
0.450000	0.300000	1.233224	1.233224\\ 
0.450000	0.325000	1.260866	1.260866\\ 
0.450000	0.350000	1.288508	1.288508\\ 
0.450000	0.375000	1.316149	1.316149\\ 
0.450000	0.400000	1.343791	1.343791\\ 
0.450000	0.425000	1.371433	1.371433\\ 
0.450000	0.450000	1.399075	1.399075\\ 
0.450000	0.475000	1.426716	1.426716\\ 
0.450000	0.500000	1.454358	1.454358\\ 
0.475000	-0.500000	0.398856	0.398856\\ 
0.475000	-0.475000	0.426497	0.426497\\ 
0.475000	-0.450000	0.454139	0.454139\\ 
0.475000	-0.425000	0.481781	0.481781\\ 
0.475000	-0.400000	0.509423	0.509423\\ 
0.475000	-0.375000	0.537065	0.537065\\ 
0.475000	-0.350000	0.564706	0.564706\\ 
0.475000	-0.325000	0.592348	0.592348\\ 
0.475000	-0.300000	0.619990	0.619990\\ 
0.475000	-0.275000	0.647632	0.647632\\ 
0.475000	-0.250000	0.675274	0.675274\\ 
0.475000	-0.225000	0.702915	0.702915\\ 
0.475000	-0.200000	0.730557	0.730557\\ 
0.475000	-0.175000	0.758199	0.758199\\ 
0.475000	-0.150000	0.785841	0.785841\\ 
0.475000	-0.125000	0.813482	0.813482\\ 
0.475000	-0.100000	0.841124	0.841124\\ 
0.475000	-0.075000	0.868766	0.868766\\ 
0.475000	-0.050000	0.896408	0.896408\\ 
0.475000	-0.025000	0.924050	0.924050\\ 
0.475000	0.000000	0.951691	0.951691\\ 
0.475000	0.025000	0.979333	0.979333\\ 
0.475000	0.050000	1.006975	1.006975\\ 
0.475000	0.075000	1.034617	1.034617\\ 
0.475000	0.100000	1.062259	1.062259\\ 
0.475000	0.125000	1.089900	1.089900\\ 
0.475000	0.150000	1.117542	1.117542\\ 
0.475000	0.175000	1.145184	1.145184\\ 
0.475000	0.200000	1.172826	1.172826\\ 
0.475000	0.225000	1.200467	1.200467\\ 
0.475000	0.250000	1.228109	1.228109\\ 
0.475000	0.275000	1.255751	1.255751\\ 
0.475000	0.300000	1.283393	1.283393\\ 
0.475000	0.325000	1.311035	1.311035\\ 
0.475000	0.350000	1.338676	1.338676\\ 
0.475000	0.375000	1.366318	1.366318\\ 
0.475000	0.400000	1.393960	1.393960\\ 
0.475000	0.425000	1.421602	1.421602\\ 
0.475000	0.450000	1.449244	1.449244\\ 
0.475000	0.475000	1.476885	1.476885\\ 
0.475000	0.500000	1.504527	1.504527\\ 
0.500000	-0.500000	0.449024	0.449024\\ 
0.500000	-0.475000	0.476666	0.476666\\ 
0.500000	-0.450000	0.504308	0.504308\\ 
0.500000	-0.425000	0.531950	0.531950\\ 
0.500000	-0.400000	0.559592	0.559592\\ 
0.500000	-0.375000	0.587233	0.587233\\ 
0.500000	-0.350000	0.614875	0.614875\\ 
0.500000	-0.325000	0.642517	0.642517\\ 
0.500000	-0.300000	0.670159	0.670159\\ 
0.500000	-0.275000	0.697801	0.697801\\ 
0.500000	-0.250000	0.725442	0.725442\\ 
0.500000	-0.225000	0.753084	0.753084\\ 
0.500000	-0.200000	0.780726	0.780726\\ 
0.500000	-0.175000	0.808368	0.808368\\ 
0.500000	-0.150000	0.836010	0.836010\\ 
0.500000	-0.125000	0.863651	0.863651\\ 
0.500000	-0.100000	0.891293	0.891293\\ 
0.500000	-0.075000	0.918935	0.918935\\ 
0.500000	-0.050000	0.946577	0.946577\\ 
0.500000	-0.025000	0.974218	0.974218\\ 
0.500000	0.000000	1.001860	1.001860\\ 
0.500000	0.025000	1.029502	1.029502\\ 
0.500000	0.050000	1.057144	1.057144\\ 
0.500000	0.075000	1.084786	1.084786\\ 
0.500000	0.100000	1.112427	1.112427\\ 
0.500000	0.125000	1.140069	1.140069\\ 
0.500000	0.150000	1.167711	1.167711\\ 
0.500000	0.175000	1.195353	1.195353\\ 
0.500000	0.200000	1.222995	1.222995\\ 
0.500000	0.225000	1.250636	1.250636\\ 
0.500000	0.250000	1.278278	1.278278\\ 
0.500000	0.275000	1.305920	1.305920\\ 
0.500000	0.300000	1.333562	1.333562\\ 
0.500000	0.325000	1.361203	1.361203\\ 
0.500000	0.350000	1.388845	1.388845\\ 
0.500000	0.375000	1.416487	1.416487\\ 
0.500000	0.400000	1.444129	1.444129\\ 
0.500000	0.425000	1.471771	1.471771\\ 
0.500000	0.450000	1.499412	1.499412\\ 
0.500000	0.475000	1.527054	1.527054\\ 
0.500000	0.500000	1.554696	1.554696\\ 
