1.000000 0.000000
2.000000 0.000000
3.000000 0.000000
4.000000 0.000000
5.000000 0.000000
6.000000 0.000000
7.000000 0.000000
8.000000 0.000000
9.000000 0.000000
10.000000 0.000000
11.000000 0.000000
12.000000 0.008757
13.000000 0.024257
14.000000 0.044872
15.000000 0.069289
16.000000 0.096452
17.000000 0.125515
18.000000 0.155802
19.000000 0.186775
20.000000 0.218010
21.000000 0.249175
22.000000 0.280010
23.000000 0.310317
24.000000 0.339947
25.000000 0.368788
26.000000 0.396761
27.000000 0.423812
28.000000 0.449907
29.000000 0.475027
30.000000 0.499167
31.000000 0.522332
32.000000 0.544534
33.000000 0.565789
34.000000 0.586121
35.000000 0.605555
36.000000 0.624118
37.000000 0.641839
38.000000 0.658750
39.000000 0.674880
40.000000 0.690259
41.000000 0.704920
42.000000 0.718892
43.000000 0.732203
44.000000 0.744884
45.000000 0.756962
46.000000 0.768464
47.000000 0.779416
48.000000 0.789844
49.000000 0.799771
50.000000 0.809222
51.000000 0.818218
52.000000 0.826780
53.000000 0.834930
54.000000 0.842687
55.000000 0.850069
56.000000 0.857095
57.000000 0.863781
58.000000 0.870144
59.000000 0.876200
60.000000 0.881962
61.000000 0.887445
62.000000 0.892663
63.000000 0.897628
64.000000 0.902353
65.000000 0.906849
66.000000 0.911127
67.000000 0.915198
68.000000 0.919072
69.000000 0.922758
70.000000 0.926266
71.000000 0.929603
72.000000 0.932779
73.000000 0.935800
74.000000 0.938676
75.000000 0.941412
76.000000 0.944015
77.000000 0.946492
78.000000 0.948849
79.000000 0.951092
80.000000 0.953226
81.000000 0.955257
82.000000 0.957189
83.000000 0.959027
84.000000 0.960777
85.000000 0.962441
86.000000 0.964025
87.000000 0.965533
88.000000 0.966967
89.000000 0.968331
90.000000 0.969630
91.000000 0.970865
92.000000 0.972041
93.000000 0.973159
94.000000 0.974223
95.000000 0.975236
96.000000 0.976200
97.000000 0.977117
98.000000 0.977989
99.000000 0.978819
100.000000 0.979609
101.000000 0.980361
102.000000 0.981076
103.000000 0.981757
104.000000 0.982404
105.000000 0.983020
106.000000 0.983607
107.000000 0.984164
108.000000 0.984695
109.000000 0.985200
110.000000 0.985681
111.000000 0.986138
112.000000 0.986573
113.000000 0.986987
114.000000 0.987381
115.000000 0.987756
116.000000 0.988113
117.000000 0.988452
118.000000 0.988775
119.000000 0.989083
120.000000 0.989375
121.000000 0.989653
122.000000 0.989918
123.000000 0.990170
124.000000 0.990409
125.000000 0.990637
126.000000 0.990854
127.000000 0.991061
128.000000 0.991257
129.000000 0.991444
130.000000 0.991622
131.000000 0.991791
132.000000 0.991953
133.000000 0.992106
134.000000 0.992252
135.000000 0.992390
136.000000 0.992522
137.000000 0.992648
138.000000 0.992768
139.000000 0.992881
140.000000 0.992990
141.000000 0.993092
142.000000 0.993190
143.000000 0.993284
144.000000 0.993372
145.000000 0.993457
146.000000 0.993537
147.000000 0.993614
148.000000 0.993686
149.000000 0.993755
150.000000 0.993821
