1.000000 0.000000
2.000000 0.000000
3.000000 0.000000
4.000000 0.000000
5.000000 0.000000
6.000000 0.000000
7.000000 0.000000
8.000000 0.000000
9.000000 0.000000
10.000000 0.000000
11.000000 0.000000
12.000000 0.000000
13.000000 0.000000
14.000000 0.000000
15.000000 0.000000
16.000000 0.000000
17.000000 0.000000
18.000000 0.000000
19.000000 0.000000
20.000000 0.000000
21.000000 1.797740
22.000000 2.748653
23.000000 3.580933
24.000000 3.581518
25.000000 3.096154
26.000000 2.347925
27.000000 1.807390
28.000000 1.815642
29.000000 1.379057
30.000000 0.649338
31.000000 0.289103
32.000000 -0.420356
33.000000 0.486064
34.000000 0.973269
35.000000 0.857477
36.000000 1.260447
37.000000 0.610243
38.000000 0.502042
39.000000 0.562453
40.000000 1.051286
41.000000 0.926286
42.000000 0.583620
43.000000 0.490827
44.000000 0.741317
45.000000 0.893192
46.000000 0.461546
47.000000 0.286439
48.000000 0.397005
49.000000 1.233319
50.000000 2.168518
51.000000 2.056244
52.000000 1.820941
53.000000 1.265230
54.000000 0.901640
55.000000 0.144251
56.000000 0.090589
57.000000 -0.639768
58.000000 -0.249692
59.000000 0.064376
60.000000 1.193165
61.000000 1.549294
62.000000 2.249105
63.000000 1.799672
64.000000 0.978424
65.000000 0.042702
66.000000 0.449004
67.000000 0.966664
68.000000 0.514077
69.000000 0.292410
70.000000 0.553158
71.000000 0.383632
72.000000 0.552892
73.000000 0.395353
74.000000 0.730252
75.000000 1.119677
76.000000 0.730700
77.000000 0.435640
78.000000 0.093990
79.000000 0.673955
80.000000 1.097715
81.000000 1.093005
82.000000 1.356059
83.000000 1.114042
84.000000 1.367535
85.000000 1.179738
86.000000 1.422795
87.000000 1.647393
88.000000 0.986404
89.000000 0.667632
90.000000 0.520290
91.000000 0.315306
92.000000 0.312552
93.000000 -0.245431
94.000000 0.176765
95.000000 -0.025546
96.000000 0.715246
97.000000 1.209647
98.000000 1.902372
99.000000 1.466849
100.000000 1.035245
101.000000 0.234994
102.000000 -0.476381
103.000000 -0.491252
104.000000 -0.000651
105.000000 0.339722
106.000000 0.989631
107.000000 1.502363
108.000000 1.998756
109.000000 1.706715
110.000000 1.463459
111.000000 1.618453
112.000000 1.059934
113.000000 0.506173
114.000000 0.372708
115.000000 0.369720
116.000000 0.397692
117.000000 0.816933
118.000000 1.130553
119.000000 0.637892
120.000000 0.426024
121.000000 0.195922
122.000000 0.830234
123.000000 0.655711
124.000000 0.613973
125.000000 0.595219
126.000000 1.046565
127.000000 1.241006
128.000000 0.600615
129.000000 0.714976
130.000000 1.452612
131.000000 1.527001
132.000000 2.047179
133.000000 1.192222
134.000000 1.201655
135.000000 0.777457
136.000000 0.336729
137.000000 0.098626
138.000000 0.557771
139.000000 0.767146
140.000000 1.041025
141.000000 0.975792
142.000000 0.107931
143.000000 0.164576
144.000000 0.786125
145.000000 0.592942
146.000000 0.828286
147.000000 0.452424
148.000000 0.832249
149.000000 0.883704
150.000000 0.503639
151.000000 0.585436
152.000000 0.281553
153.000000 0.781351
154.000000 1.030871
155.000000 1.043848
156.000000 1.299194
157.000000 1.110014
158.000000 0.938585
159.000000 1.030770
160.000000 1.266800
161.000000 0.156913
162.000000 -0.602779
163.000000 -1.557449
164.000000 -1.713609
165.000000 -1.913885
166.000000 -1.205108
167.000000 -0.888939
168.000000 -0.561859
169.000000 -0.169885
170.000000 0.587671
171.000000 0.653077
172.000000 0.962884
173.000000 0.779094
174.000000 0.783788
175.000000 0.160499
176.000000 0.623637
177.000000 0.189599
178.000000 0.090772
179.000000 0.247575
180.000000 -0.006788
181.000000 0.107187
182.000000 -0.404291
183.000000 0.423265
184.000000 0.185967
185.000000 0.025387
186.000000 0.726208
187.000000 0.167115
188.000000 -0.215865
189.000000 -0.480614
190.000000 -0.773574
191.000000 -0.402645
192.000000 0.731379
193.000000 1.243889
194.000000 0.708288
195.000000 0.722557
196.000000 0.918161
197.000000 1.395683
198.000000 1.142827
199.000000 0.622128
200.000000 -0.220329
201.000000 -0.746973
202.000000 -1.348074
203.000000 -1.323960
204.000000 -0.472436
205.000000 0.017993
206.000000 0.386687
207.000000 0.510320
208.000000 1.199840
209.000000 1.387038
210.000000 1.198160
211.000000 0.757435
212.000000 -0.273417
213.000000 -0.423608
214.000000 -0.049675
215.000000 -0.031440
216.000000 0.075759
217.000000 0.178199
218.000000 -0.158164
219.000000 -0.512760
220.000000 -0.119632
221.000000 0.197462
222.000000 1.002626
223.000000 0.633749
224.000000 1.015955
225.000000 0.736967
226.000000 0.529968
227.000000 0.407439
228.000000 0.034638
229.000000 0.024148
230.000000 -0.725676
231.000000 -0.824369
232.000000 -1.004186
233.000000 -0.462268
234.000000 0.323118
235.000000 0.862675
236.000000 1.206715
237.000000 1.027144
238.000000 1.222565
239.000000 0.947587
240.000000 1.031660
241.000000 0.289933
242.000000 0.300550
243.000000 0.535722
244.000000 0.362018
245.000000 0.314917
246.000000 0.291105
247.000000 0.264923
248.000000 -0.181944
249.000000 -0.251394
250.000000 0.263170
251.000000 -0.350863
252.000000 -0.261275
253.000000 -0.444270
254.000000 0.317870
255.000000 0.478021
256.000000 0.106972
257.000000 0.622608
258.000000 0.371460
259.000000 -0.095545
260.000000 0.246459
261.000000 0.938904
262.000000 1.457899
263.000000 0.903118
264.000000 -0.116396
265.000000 -0.199647
266.000000 -0.243629
267.000000 0.338036
268.000000 -0.050765
269.000000 -0.135855
270.000000 -0.330177
271.000000 0.124916
272.000000 -0.283211
273.000000 0.043689
274.000000 0.770611
275.000000 0.806745
276.000000 0.236477
277.000000 0.005004
278.000000 0.704955
279.000000 -0.027036
280.000000 -0.109190
281.000000 -0.108156
282.000000 0.167238
283.000000 0.453399
284.000000 0.534341
285.000000 0.882346
286.000000 0.295690
287.000000 0.320390
288.000000 -0.143175
289.000000 -0.206939
290.000000 -0.058199
291.000000 -0.017687
292.000000 0.571849
293.000000 0.414145
294.000000 -0.023552
295.000000 -0.215443
296.000000 0.012969
297.000000 0.219654
298.000000 0.503805
299.000000 0.980518
300.000000 1.165535
301.000000 1.243976
302.000000 0.945354
303.000000 0.130263
304.000000 -0.470424
305.000000 -0.950263
306.000000 -0.808724
307.000000 -0.761441
308.000000 0.523457
309.000000 0.729137
310.000000 1.828365
311.000000 0.953992
312.000000 0.949647
313.000000 0.120529
314.000000 -0.356772
315.000000 -0.205981
316.000000 0.044844
317.000000 0.206203
318.000000 0.236669
319.000000 0.169748
320.000000 0.305150
321.000000 0.118687
322.000000 0.516553
323.000000 0.389617
324.000000 0.416029
325.000000 0.291101
326.000000 0.370220
327.000000 0.378466
328.000000 0.100899
329.000000 -0.124543
330.000000 -0.366535
331.000000 -0.125901
332.000000 -0.194214
333.000000 -0.067764
334.000000 0.328704
335.000000 0.649914
336.000000 0.459398
337.000000 1.250457
338.000000 0.461349
339.000000 0.161752
340.000000 0.390797
341.000000 -0.480310
342.000000 -0.177515
343.000000 -0.524466
344.000000 -1.034698
345.000000 -0.027209
346.000000 0.363158
347.000000 1.920110
348.000000 1.936855
349.000000 1.642160
350.000000 0.634970
351.000000 0.307664
352.000000 -0.177627
353.000000 -0.359804
354.000000 -0.747162
355.000000 -1.488074
356.000000 -0.760618
357.000000 0.140158
358.000000 0.816687
359.000000 1.145372
360.000000 1.238378
361.000000 0.310677
362.000000 0.301419
363.000000 0.124327
364.000000 0.443074
365.000000 0.478857
366.000000 0.035461
367.000000 0.039849
368.000000 -0.220136
369.000000 -0.016678
370.000000 0.315310
371.000000 -0.138605
372.000000 0.114852
373.000000 -0.627867
374.000000 -0.366657
375.000000 0.659338
376.000000 1.279387
377.000000 1.590203
378.000000 1.281707
379.000000 0.850983
380.000000 0.188597
381.000000 -0.594843
382.000000 -0.620291
383.000000 -0.478621
384.000000 0.119828
385.000000 0.225543
386.000000 0.302797
387.000000 0.302040
388.000000 -0.040264
389.000000 0.620687
390.000000 0.380819
391.000000 0.949472
392.000000 0.236662
393.000000 -0.638637
394.000000 -0.623723
395.000000 0.236794
396.000000 0.497886
397.000000 0.779270
398.000000 1.166625
399.000000 1.273589
400.000000 1.549565
401.000000 0.975863
402.000000 -0.096429
403.000000 -0.624934
404.000000 0.055166
405.000000 -0.593958
406.000000 -0.811564
407.000000 -0.239739
408.000000 0.235223
409.000000 0.300351
410.000000 0.736924
411.000000 0.910609
412.000000 1.016623
413.000000 0.349630
414.000000 -0.018720
415.000000 -0.023790
416.000000 0.218930
417.000000 0.118237
418.000000 0.241745
419.000000 -0.440422
420.000000 0.372099
421.000000 0.385740
422.000000 0.737342
423.000000 -0.093830
424.000000 -0.403517
425.000000 -0.003541
426.000000 0.173686
427.000000 0.062270
428.000000 -0.015016
429.000000 1.038438
430.000000 1.463795
431.000000 1.106757
432.000000 0.037350
433.000000 -0.444200
434.000000 -0.149099
435.000000 -0.449341
436.000000 -0.127698
437.000000 0.258795
438.000000 0.261339
439.000000 0.446729
440.000000 0.353572
441.000000 0.624386
442.000000 0.382692
443.000000 0.438124
444.000000 0.533159
445.000000 -0.100185
446.000000 -0.153571
447.000000 0.196371
448.000000 -0.320720
449.000000 0.128823
450.000000 0.037245
451.000000 0.598549
452.000000 -0.168440
453.000000 -0.639427
454.000000 -0.213667
455.000000 0.429187
456.000000 0.372364
457.000000 0.428699
458.000000 0.593839
459.000000 0.199335
460.000000 0.032510
461.000000 0.188564
462.000000 0.247256
463.000000 0.533503
464.000000 0.497703
465.000000 0.360845
466.000000 0.123660
467.000000 0.643488
468.000000 0.622620
469.000000 0.404769
470.000000 0.822127
471.000000 0.638658
472.000000 0.733758
473.000000 0.462379
474.000000 0.092715
475.000000 0.196038
476.000000 -0.299252
477.000000 -0.280696
478.000000 -0.742909
479.000000 -0.298533
480.000000 0.140497
481.000000 0.342533
482.000000 0.363396
483.000000 0.125054
484.000000 0.776498
485.000000 0.559038
486.000000 1.040433
487.000000 0.462128
488.000000 0.739821
489.000000 0.411501
490.000000 -0.337473
491.000000 -0.343190
492.000000 -0.049450
493.000000 0.316721
494.000000 0.292589
495.000000 0.096459
496.000000 0.453591
497.000000 0.270336
498.000000 0.542536
499.000000 0.342588
500.000000 0.172936
501.000000 0.239768
502.000000 0.173729
503.000000 -0.108139
504.000000 0.081551
505.000000 0.840113
506.000000 0.438836
507.000000 0.708115
508.000000 0.192648
509.000000 0.297226
510.000000 -0.264723
511.000000 0.255649
512.000000 0.334556
513.000000 0.096073
514.000000 -0.182810
515.000000 -0.113060
516.000000 0.220542
517.000000 0.653150
518.000000 0.438157
519.000000 0.759175
520.000000 -0.320830
521.000000 -0.074076
522.000000 -0.272587
523.000000 -0.219656
524.000000 -0.232787
525.000000 0.235274
526.000000 -0.063152
527.000000 0.274037
528.000000 0.445583
529.000000 0.611910
530.000000 0.362484
531.000000 0.100183
532.000000 0.423810
533.000000 1.246330
534.000000 1.334829
535.000000 1.515308
536.000000 1.279430
537.000000 0.410912
538.000000 0.162428
539.000000 -0.874561
540.000000 -1.095159
541.000000 -0.721653
542.000000 -0.443995
543.000000 -0.388695
544.000000 -0.101890
545.000000 0.536796
546.000000 0.195789
547.000000 0.412081
548.000000 -0.089122
549.000000 -0.078777
550.000000 0.244049
551.000000 0.629728
552.000000 1.143761
553.000000 0.528023
554.000000 0.127615
555.000000 0.236585
556.000000 0.560326
557.000000 0.532581
558.000000 0.692682
559.000000 0.643609
560.000000 0.591973
561.000000 0.312850
562.000000 0.135380
563.000000 -0.352005
564.000000 0.048474
565.000000 -0.359403
566.000000 -0.458842
567.000000 -0.319078
568.000000 0.005522
569.000000 0.865804
570.000000 0.624584
571.000000 0.706414
572.000000 0.765891
573.000000 0.434312
574.000000 0.146332
575.000000 -0.630421
576.000000 -0.331784
577.000000 0.535850
578.000000 1.168079
579.000000 1.389669
580.000000 1.321816
581.000000 0.918407
582.000000 0.006150
583.000000 -0.166673
584.000000 -0.243887
585.000000 0.150131
586.000000 -0.283233
587.000000 -0.373910
588.000000 -0.204410
589.000000 -0.081832
590.000000 0.219934
591.000000 -0.007987
592.000000 -0.578153
593.000000 -0.314037
594.000000 -0.309952
595.000000 0.085173
596.000000 0.442122
597.000000 0.001050
598.000000 1.109959
599.000000 1.258514
600.000000 0.757892
601.000000 0.721824
602.000000 0.304452
603.000000 0.509334
604.000000 -0.178593
605.000000 -0.370780
606.000000 0.053465
607.000000 0.347250
608.000000 0.718695
609.000000 0.378061
610.000000 1.212407
611.000000 0.523858
612.000000 0.926225
613.000000 1.068353
614.000000 0.534681
615.000000 -0.409307
616.000000 -1.266855
617.000000 -1.449220
618.000000 -0.385239
619.000000 -0.336715
620.000000 0.376125
621.000000 1.438336
622.000000 0.918247
623.000000 1.237667
624.000000 1.095088
625.000000 1.202257
626.000000 0.584082
627.000000 -0.547054
628.000000 -0.261610
629.000000 -1.136574
630.000000 -0.593677
631.000000 -0.386125
632.000000 -0.207048
633.000000 -0.350587
634.000000 0.376601
635.000000 0.039093
636.000000 0.317718
637.000000 1.010373
638.000000 1.508331
639.000000 1.479303
640.000000 1.093670
641.000000 -0.128468
642.000000 0.236217
643.000000 -1.128272
644.000000 0.191005
645.000000 0.090305
646.000000 0.355833
647.000000 0.205330
648.000000 0.010784
649.000000 0.490300
650.000000 0.211652
651.000000 0.810810
652.000000 0.759536
653.000000 -0.047248
654.000000 -0.423573
655.000000 -0.021812
656.000000 -0.432930
657.000000 -0.056168
658.000000 0.052744
659.000000 0.193819
660.000000 0.390558
661.000000 -0.282536
662.000000 0.156507
663.000000 0.360255
664.000000 0.751436
665.000000 1.277632
666.000000 0.859186
667.000000 0.515430
668.000000 0.111685
669.000000 -0.137862
670.000000 -0.389296
671.000000 0.082597
672.000000 0.026856
673.000000 0.084128
674.000000 0.441632
675.000000 0.557191
676.000000 0.913106
677.000000 0.563501
678.000000 0.557029
679.000000 -0.302137
680.000000 -0.310770
681.000000 -0.044503
682.000000 0.390778
683.000000 1.352350
684.000000 0.845076
685.000000 0.847151
686.000000 0.268460
687.000000 0.516787
688.000000 -0.188434
689.000000 -0.153177
690.000000 -0.471205
691.000000 -0.114606
692.000000 -0.054799
693.000000 -0.398851
694.000000 -0.142369
695.000000 -0.031856
696.000000 -0.123614
697.000000 0.367507
698.000000 0.363463
699.000000 0.256181
700.000000 0.067838
701.000000 0.134657
702.000000 -0.440050
703.000000 0.574440
704.000000 1.038781
705.000000 1.037869
706.000000 1.078811
707.000000 0.613178
708.000000 0.989940
709.000000 0.516239
710.000000 -0.074103
711.000000 0.116686
712.000000 0.048618
713.000000 0.718309
714.000000 0.586697
715.000000 0.141487
716.000000 -0.518866
717.000000 -0.894932
718.000000 -0.627811
719.000000 -0.056290
720.000000 0.709615
721.000000 0.448670
722.000000 0.412436
723.000000 0.616627
724.000000 0.640700
725.000000 0.477029
726.000000 0.511287
727.000000 0.509154
728.000000 0.377801
729.000000 0.315679
730.000000 -0.412289
731.000000 -0.398499
732.000000 -0.471586
733.000000 -0.865355
734.000000 -0.145609
735.000000 0.346484
736.000000 1.198439
737.000000 0.967640
738.000000 1.034309
739.000000 1.027750
740.000000 0.443469
741.000000 0.660220
742.000000 1.036381
743.000000 -0.117313
744.000000 -0.780059
745.000000 -1.032157
746.000000 0.009104
747.000000 0.286763
748.000000 -0.449387
749.000000 -0.378200
750.000000 0.283147
751.000000 0.829659
752.000000 0.963084
753.000000 0.853700
754.000000 0.994917
755.000000 -0.017204
756.000000 -0.373430
757.000000 -0.460291
758.000000 -0.686049
759.000000 0.154239
760.000000 0.339796
761.000000 0.622048
762.000000 1.114509
763.000000 0.714213
764.000000 0.727496
765.000000 0.008695
766.000000 -0.189121
767.000000 0.106678
768.000000 -0.329566
769.000000 -0.383239
770.000000 -0.345942
771.000000 -0.099444
772.000000 0.569209
773.000000 1.302862
774.000000 1.012376
775.000000 0.616561
776.000000 0.149696
777.000000 0.573136
778.000000 0.634271
779.000000 0.150386
780.000000 -0.180952
781.000000 -0.390802
782.000000 0.224208
783.000000 0.029932
784.000000 0.107108
785.000000 0.018968
786.000000 1.135063
787.000000 1.261432
788.000000 0.390402
789.000000 -0.200561
790.000000 0.354856
791.000000 0.525053
792.000000 1.110382
793.000000 0.409165
794.000000 0.130399
795.000000 0.084492
796.000000 0.139388
797.000000 0.190927
798.000000 0.457485
799.000000 0.551667
800.000000 -0.039228
801.000000 -0.368461
802.000000 0.196423
803.000000 0.853365
804.000000 1.694920
805.000000 2.228419
806.000000 2.837928
807.000000 2.776357
808.000000 2.295027
809.000000 1.748914
810.000000 1.703981
811.000000 1.241983
812.000000 0.951675
813.000000 0.203938
814.000000 -0.014995
815.000000 0.118663
816.000000 0.513374
817.000000 0.856993
818.000000 1.506190
819.000000 0.667497
820.000000 0.923221
821.000000 1.444355
822.000000 1.130958
823.000000 0.517433
824.000000 0.444373
825.000000 0.369836
826.000000 0.307153
827.000000 0.233408
828.000000 -0.056864
829.000000 0.826240
830.000000 0.485117
831.000000 0.322079
832.000000 0.452118
833.000000 1.158010
834.000000 1.788420
835.000000 1.759647
836.000000 1.588338
837.000000 1.098530
838.000000 0.516810
839.000000 0.081255
840.000000 -0.169272
841.000000 0.202008
842.000000 0.604161
843.000000 0.876147
844.000000 0.965042
845.000000 1.498916
846.000000 1.221229
847.000000 1.221448
848.000000 1.628632
849.000000 1.444415
850.000000 1.029010
851.000000 0.447555
852.000000 0.076244
853.000000 0.033079
854.000000 -0.055991
855.000000 0.218457
856.000000 0.720930
857.000000 0.649956
858.000000 0.983160
859.000000 1.164210
860.000000 1.675552
861.000000 1.204421
862.000000 1.320959
863.000000 0.720091
864.000000 1.104340
865.000000 0.738046
866.000000 0.746893
867.000000 0.618411
868.000000 1.016866
869.000000 1.018392
870.000000 0.454912
871.000000 -0.365959
872.000000 -0.254062
873.000000 0.868047
874.000000 1.220124
875.000000 1.124347
876.000000 1.305045
877.000000 0.505758
878.000000 0.758036
879.000000 0.288342
880.000000 0.491958
881.000000 0.702775
882.000000 0.304313
883.000000 1.190758
884.000000 1.414722
885.000000 2.016143
886.000000 1.511639
887.000000 1.009971
888.000000 0.576384
889.000000 0.090173
890.000000 0.661926
891.000000 0.100651
892.000000 1.043424
893.000000 0.757096
894.000000 1.563097
895.000000 0.982318
896.000000 0.774982
897.000000 0.253204
898.000000 0.128576
899.000000 -0.035163
900.000000 0.564259
901.000000 1.392553
902.000000 2.089574
903.000000 1.037470
904.000000 0.537231
905.000000 0.253094
906.000000 0.311259
907.000000 0.882365
908.000000 0.822288
909.000000 1.054385
910.000000 0.892549
911.000000 1.155941
912.000000 0.232424
913.000000 0.914102
914.000000 0.608254
915.000000 0.624424
916.000000 0.858142
917.000000 -0.109829
918.000000 0.661668
919.000000 0.922150
920.000000 0.526060
921.000000 0.366382
922.000000 1.290831
923.000000 1.179176
924.000000 1.277009
925.000000 1.053857
926.000000 1.355942
927.000000 1.760094
928.000000 1.849618
929.000000 1.700718
930.000000 1.231601
931.000000 1.044176
932.000000 0.095433
933.000000 -0.217071
934.000000 -0.358221
935.000000 0.282168
936.000000 0.167631
937.000000 1.284774
938.000000 1.336264
939.000000 1.005369
940.000000 0.142504
941.000000 0.387233
942.000000 0.237866
943.000000 -0.235272
944.000000 0.473738
945.000000 1.062287
946.000000 0.624849
947.000000 0.970982
948.000000 0.758597
949.000000 1.102760
950.000000 1.018994
951.000000 0.954747
952.000000 1.001611
953.000000 2.072207
954.000000 1.907743
955.000000 1.640915
956.000000 1.331439
957.000000 1.053448
958.000000 0.762114
959.000000 0.672031
960.000000 0.221397
961.000000 0.314589
962.000000 0.399233
963.000000 0.864116
964.000000 0.319071
965.000000 0.928005
966.000000 0.384015
967.000000 0.449231
968.000000 0.190980
969.000000 0.563719
970.000000 0.502256
971.000000 0.343556
972.000000 0.538796
973.000000 0.739146
974.000000 1.003219
975.000000 1.158589
976.000000 1.126181
977.000000 1.256801
978.000000 1.717527
979.000000 0.973456
980.000000 1.010312
981.000000 0.703178
982.000000 0.656055
983.000000 0.322636
984.000000 -0.175559
985.000000 0.921978
986.000000 0.817906
987.000000 1.120452
988.000000 1.430891
989.000000 1.301676
990.000000 1.142910
991.000000 0.001203
992.000000 0.617065
993.000000 -0.135667
994.000000 0.261584
995.000000 0.183062
996.000000 0.770399
997.000000 1.450188
998.000000 1.205308
999.000000 0.995205
1000.000000 0.660366
1001.000000 0.682043
1002.000000 0.279199
1003.000000 0.448459
1004.000000 0.063983
1005.000000 0.354202
1006.000000 0.694465
1007.000000 1.462566
1008.000000 0.558451
1009.000000 0.464539
1010.000000 0.709357
1011.000000 0.790255
1012.000000 0.993260
1013.000000 1.055978
1014.000000 1.235317
1015.000000 1.523652
1016.000000 0.574809
1017.000000 0.104962
1018.000000 0.107459
1019.000000 0.353815
1020.000000 0.122505
1021.000000 0.934236
1022.000000 1.839478
1023.000000 1.763214
1024.000000 1.515322
1025.000000 0.288581
1026.000000 0.343336
1027.000000 0.603331
1028.000000 0.783334
1029.000000 0.532318
1030.000000 -0.058708
1031.000000 0.821480
1032.000000 0.692860
1033.000000 0.769311
1034.000000 -0.006682
1035.000000 -0.682131
1036.000000 -0.411596
1037.000000 -0.186880
1038.000000 0.667445
1039.000000 1.341352
1040.000000 1.501914
1041.000000 0.178509
1042.000000 -1.228703
1043.000000 -1.559126
1044.000000 -1.165434
1045.000000 -0.673709
1046.000000 -0.234418
1047.000000 -0.440909
1048.000000 -0.342713
1049.000000 -0.199891
1050.000000 -0.175950
1051.000000 0.035768
1052.000000 0.288576
1053.000000 0.163449
1054.000000 0.007362
1055.000000 0.405343
1056.000000 1.103044
1057.000000 0.916645
1058.000000 0.799812
1059.000000 0.454450
1060.000000 -0.394638
1061.000000 -0.370878
1062.000000 -0.608307
1063.000000 -1.540892
1064.000000 -1.036032
1065.000000 -0.219205
1066.000000 0.227310
1067.000000 1.016312
1068.000000 1.131640
1069.000000 1.155740
1070.000000 0.725571
1071.000000 -0.120620
1072.000000 -0.329096
1073.000000 -0.348238
1074.000000 -0.352893
1075.000000 0.184299
1076.000000 0.013282
1077.000000 0.377608
1078.000000 0.139490
1079.000000 0.316010
1080.000000 0.555247
1081.000000 0.931716
1082.000000 0.470441
1083.000000 -0.039023
1084.000000 -0.058436
1085.000000 0.249809
1086.000000 0.410738
1087.000000 -0.307069
1088.000000 -0.138072
1089.000000 -0.337367
1090.000000 -0.201673
1091.000000 -0.496823
1092.000000 -0.080668
1093.000000 0.098415
1094.000000 -0.306720
1095.000000 -0.218522
1096.000000 -0.641635
1097.000000 -0.037239
1098.000000 0.170391
1099.000000 0.251030
1100.000000 0.331107
1101.000000 0.987679
1102.000000 1.775344
1103.000000 1.187609
1104.000000 1.073944
1105.000000 -0.249911
1106.000000 -0.459258
1107.000000 -0.716641
1108.000000 -0.725818
1109.000000 -0.709187
1110.000000 -0.099887
1111.000000 0.386489
1112.000000 0.628299
1113.000000 0.406114
1114.000000 0.388082
1115.000000 0.679234
1116.000000 0.301149
1117.000000 0.228287
1118.000000 0.515963
1119.000000 0.400256
1120.000000 0.697706
1121.000000 0.585700
1122.000000 0.078208
1123.000000 0.539200
1124.000000 0.572449
1125.000000 -0.306370
1126.000000 -0.640267
1127.000000 -0.901899
1128.000000 -0.904388
1129.000000 -0.896411
1130.000000 -0.440623
1131.000000 -0.132974
1132.000000 0.708178
1133.000000 1.029329
1134.000000 1.177433
1135.000000 1.199151
1136.000000 0.977742
1137.000000 0.379791
1138.000000 0.081128
1139.000000 -0.276652
1140.000000 -0.232828
1141.000000 -0.326237
1142.000000 -0.592989
1143.000000 0.248449
1144.000000 -0.226865
1145.000000 -0.120867
1146.000000 -0.464244
1147.000000 -0.390923
1148.000000 0.527495
1149.000000 0.675670
1150.000000 0.928319
1151.000000 1.199777
1152.000000 0.277131
1153.000000 0.294081
1154.000000 0.058109
1155.000000 -0.343468
1156.000000 -0.246238
1157.000000 -0.192170
1158.000000 -0.148671
1159.000000 -0.188600
1160.000000 -0.231169
1161.000000 -0.084090
1162.000000 -0.040204
1163.000000 0.441542
1164.000000 1.177304
1165.000000 0.326760
1166.000000 0.579045
1167.000000 -0.192318
1168.000000 -0.491323
1169.000000 -0.526545
1170.000000 -0.393776
1171.000000 0.073462
1172.000000 0.483729
1173.000000 0.876242
1174.000000 1.118842
1175.000000 1.115682
1176.000000 0.187257
1177.000000 0.755091
1178.000000 0.356698
1179.000000 0.250316
1180.000000 -0.442988
1181.000000 -0.592166
1182.000000 -0.110762
1183.000000 -0.524982
1184.000000 -0.762599
1185.000000 -0.462142
1186.000000 0.003575
1187.000000 0.321512
1188.000000 0.704501
1189.000000 0.292700
1190.000000 1.131865
1191.000000 0.355701
1192.000000 0.641323
1193.000000 0.601351
1194.000000 0.282878
1195.000000 -0.004856
1196.000000 -0.387443
1197.000000 -0.482283
1198.000000 0.167443
1199.000000 -0.068825
1200.000000 -0.122432
1201.000000 -0.222874
1202.000000 1.078950
1203.000000 1.823109
1204.000000 2.719450
1205.000000 2.768398
1206.000000 2.299404
1207.000000 2.532339
1208.000000 1.981458
1209.000000 1.812042
1210.000000 0.510794
1211.000000 0.007694
1212.000000 -0.539905
1213.000000 -0.107620
1214.000000 0.022196
1215.000000 0.248516
1216.000000 0.372066
1217.000000 0.802969
1218.000000 1.032486
1219.000000 1.854716
1220.000000 1.266177
1221.000000 1.403229
1222.000000 1.330898
1223.000000 1.605835
1224.000000 1.041251
1225.000000 0.534505
1226.000000 0.111733
1227.000000 -0.167796
1228.000000 0.090914
1229.000000 -0.144004
1230.000000 0.409025
1231.000000 1.058357
1232.000000 1.280092
1233.000000 1.437166
1234.000000 1.058687
1235.000000 0.708576
1236.000000 0.917541
1237.000000 0.520633
1238.000000 0.590164
1239.000000 0.085678
1240.000000 0.464247
1241.000000 0.521921
1242.000000 0.770456
1243.000000 0.826921
1244.000000 0.580576
1245.000000 0.886000
1246.000000 1.227861
1247.000000 1.308281
1248.000000 1.357849
1249.000000 0.639049
1250.000000 0.283754
1251.000000 -0.165537
1252.000000 0.189825
1253.000000 0.120651
1254.000000 0.507778
1255.000000 0.397762
1256.000000 0.439790
1257.000000 0.618558
1258.000000 0.160760
1259.000000 0.960547
1260.000000 1.106933
1261.000000 1.222704
1262.000000 1.069514
1263.000000 0.706300
1264.000000 0.291954
1265.000000 0.689622
1266.000000 0.693878
1267.000000 1.504904
1268.000000 1.763532
1269.000000 1.277387
1270.000000 0.870479
1271.000000 0.667905
1272.000000 0.919010
1273.000000 0.605191
1274.000000 -0.114643
1275.000000 -0.265945
1276.000000 0.190258
1277.000000 0.390065
1278.000000 0.171218
1279.000000 0.187505
1280.000000 1.323784
1281.000000 1.228626
1282.000000 0.917229
1283.000000 0.820647
1284.000000 1.142318
1285.000000 0.935717
1286.000000 0.553410
1287.000000 0.574442
1288.000000 0.617600
1289.000000 0.606497
1290.000000 0.391422
1291.000000 0.325125
1292.000000 0.274196
1293.000000 0.625494
1294.000000 1.059787
1295.000000 0.775762
1296.000000 0.624851
1297.000000 0.998785
1298.000000 0.807302
1299.000000 0.626732
1300.000000 0.828199
1301.000000 0.327859
1302.000000 0.518479
1303.000000 1.070419
1304.000000 0.930888
1305.000000 0.552769
1306.000000 0.817216
1307.000000 0.897713
1308.000000 0.446404
1309.000000 0.249835
1310.000000 0.509882
1311.000000 0.885261
1312.000000 0.821356
1313.000000 0.700450
1314.000000 0.682316
1315.000000 1.056970
1316.000000 0.983103
1317.000000 0.731809
1318.000000 0.191286
1319.000000 -0.051104
1320.000000 0.395794
1321.000000 0.793819
1322.000000 1.121855
1323.000000 0.510992
1324.000000 0.425962
1325.000000 0.127566
1326.000000 0.614333
1327.000000 0.705196
1328.000000 1.626297
1329.000000 2.002435
1330.000000 1.660745
1331.000000 1.587932
1332.000000 1.530257
1333.000000 0.990053
1334.000000 0.062350
1335.000000 -0.048962
1336.000000 -0.072202
1337.000000 -0.744775
1338.000000 -0.876680
1339.000000 0.067533
1340.000000 0.714400
1341.000000 1.965723
1342.000000 1.606584
1343.000000 1.483029
1344.000000 1.070231
1345.000000 0.399938
1346.000000 0.210739
1347.000000 0.701058
1348.000000 1.226568
1349.000000 0.948059
1350.000000 0.955571
1351.000000 1.010981
1352.000000 1.518213
1353.000000 1.181025
1354.000000 0.303038
1355.000000 0.211077
1356.000000 -0.007916
1357.000000 0.244569
1358.000000 0.083851
1359.000000 0.232321
1360.000000 -0.016774
1361.000000 0.708707
1362.000000 0.699687
1363.000000 0.829214
1364.000000 1.465980
1365.000000 1.120769
1366.000000 1.367602
1367.000000 1.359860
1368.000000 0.932660
1369.000000 0.160142
1370.000000 -0.178413
1371.000000 -0.569202
1372.000000 0.030955
1373.000000 0.365410
1374.000000 0.581686
1375.000000 0.624700
1376.000000 1.192400
1377.000000 1.469894
1378.000000 1.439174
1379.000000 1.229565
1380.000000 0.866107
1381.000000 0.585830
1382.000000 0.620009
1383.000000 0.453733
1384.000000 0.186424
1385.000000 0.753847
1386.000000 0.934081
1387.000000 1.737445
1388.000000 0.822790
1389.000000 0.318936
1390.000000 0.414146
1391.000000 0.567739
1392.000000 -0.147920
1393.000000 0.010768
1394.000000 0.846123
1395.000000 0.621776
1396.000000 0.728550
1397.000000 0.363657
1398.000000 0.301996
1399.000000 1.515107
1400.000000 1.469761
1401.000000 0.573789
1402.000000 0.595194
1403.000000 0.838243
1404.000000 0.944714
1405.000000 0.411435
1406.000000 0.517258
1407.000000 0.141222
1408.000000 0.825732
1409.000000 1.349026
1410.000000 1.508926
1411.000000 1.447146
1412.000000 0.964803
1413.000000 0.060587
1414.000000 0.543780
1415.000000 1.017047
1416.000000 1.082888
1417.000000 1.283259
1418.000000 0.685879
1419.000000 0.482444
1420.000000 0.515218
1421.000000 0.073406
1422.000000 0.552251
1423.000000 0.420566
1424.000000 0.336300
1425.000000 0.416711
1426.000000 0.402316
1427.000000 0.688427
1428.000000 0.864566
1429.000000 0.893342
1430.000000 0.786893
1431.000000 0.871955
1432.000000 0.699396
1433.000000 0.318082
1434.000000 1.092043
1435.000000 1.000912
1436.000000 0.818288
1437.000000 0.585861
1438.000000 -0.179318
1439.000000 -0.181367
1440.000000 -0.070016
1441.000000 0.164604
1442.000000 1.012655
1443.000000 0.980874
1444.000000 1.360602
1445.000000 1.980112
1446.000000 2.342038
1447.000000 1.391741
1448.000000 0.975451
1449.000000 0.374304
1450.000000 0.208565
1451.000000 0.314260
1452.000000 0.251851
1453.000000 0.052270
1454.000000 0.876436
1455.000000 0.583375
1456.000000 0.894808
1457.000000 0.307350
1458.000000 0.370120
1459.000000 0.457083
1460.000000 0.814439
1461.000000 1.126290
1462.000000 0.495804
1463.000000 0.860780
1464.000000 0.312810
1465.000000 0.098670
1466.000000 0.232790
1467.000000 0.277953
1468.000000 0.789928
1469.000000 1.091435
1470.000000 0.716367
1471.000000 1.772474
1472.000000 1.529515
1473.000000 1.333707
1474.000000 1.087461
1475.000000 0.147681
1476.000000 0.148624
1477.000000 -0.139333
1478.000000 0.250251
1479.000000 0.297188
1480.000000 1.356452
1481.000000 0.788049
1482.000000 0.612517
1483.000000 0.848634
1484.000000 0.490419
1485.000000 0.313283
1486.000000 0.819914
1487.000000 0.620309
1488.000000 0.707712
1489.000000 0.900020
1490.000000 0.942544
1491.000000 0.322604
1492.000000 0.542633
1493.000000 0.886152
1494.000000 0.764151
1495.000000 0.473186
1496.000000 0.605442
1497.000000 0.860927
1498.000000 0.598131
1499.000000 0.167978
1500.000000 0.563731
1501.000000 1.832877
1502.000000 3.451442
1503.000000 3.722454
1504.000000 3.667830
1505.000000 3.520734
1506.000000 2.646114
1507.000000 2.098754
1508.000000 1.507450
1509.000000 0.437011
1510.000000 0.181088
1511.000000 -0.242986
1512.000000 0.127952
1513.000000 0.013149
1514.000000 0.604331
1515.000000 1.126108
1516.000000 1.483837
1517.000000 2.319542
1518.000000 2.752115
1519.000000 2.204146
1520.000000 1.656047
1521.000000 1.702731
1522.000000 1.498075
1523.000000 1.284203
1524.000000 0.833292
1525.000000 0.728476
1526.000000 1.378517
1527.000000 0.996415
1528.000000 1.102500
1529.000000 1.051755
1530.000000 1.125103
1531.000000 1.220841
1532.000000 1.372970
1533.000000 1.756498
1534.000000 1.706858
1535.000000 1.653667
1536.000000 1.085653
1537.000000 0.197509
1538.000000 0.741797
1539.000000 0.640553
1540.000000 0.942254
1541.000000 1.167389
1542.000000 1.213859
1543.000000 1.430269
1544.000000 1.578072
1545.000000 2.146551
1546.000000 2.219949
1547.000000 1.410140
1548.000000 0.968865
1549.000000 0.756047
1550.000000 0.476972
1551.000000 0.647964
1552.000000 0.938744
1553.000000 1.433839
1554.000000 1.833126
1555.000000 1.872227
1556.000000 2.296297
1557.000000 1.983862
1558.000000 1.125513
1559.000000 0.958035
1560.000000 0.727192
1561.000000 0.717400
1562.000000 0.052756
1563.000000 0.879842
1564.000000 1.643863
1565.000000 1.573597
1566.000000 1.344711
1567.000000 1.533332
1568.000000 1.874475
1569.000000 1.746618
1570.000000 1.666161
1571.000000 1.123898
1572.000000 0.926826
1573.000000 1.965737
1574.000000 1.421237
1575.000000 1.486602
1576.000000 1.216928
1577.000000 0.854325
1578.000000 0.939152
1579.000000 1.139408
1580.000000 1.021932
1581.000000 1.136293
1582.000000 1.084473
1583.000000 1.556916
1584.000000 0.936835
1585.000000 0.940922
1586.000000 0.785965
1587.000000 1.275440
1588.000000 1.245510
1589.000000 0.723021
1590.000000 0.901338
1591.000000 0.650848
1592.000000 0.859257
1593.000000 1.085334
1594.000000 1.372201
1595.000000 1.717666
1596.000000 1.432076
1597.000000 1.387503
1598.000000 1.912016
1599.000000 1.303861
1600.000000 1.362821
1601.000000 1.003504
1602.000000 1.009742
1603.000000 0.771388
1604.000000 1.381180
1605.000000 1.578074
1606.000000 1.767856
1607.000000 1.176195
1608.000000 0.492850
1609.000000 1.020181
1610.000000 1.128461
1611.000000 1.940309
1612.000000 1.859920
1613.000000 2.091004
1614.000000 1.636905
1615.000000 0.719205
1616.000000 0.801022
1617.000000 0.706553
1618.000000 0.651173
1619.000000 1.264314
1620.000000 1.928749
1621.000000 1.907061
1622.000000 2.002241
1623.000000 1.140006
1624.000000 0.599957
1625.000000 0.909076
1626.000000 0.520090
1627.000000 1.318645
1628.000000 1.161661
1629.000000 1.358821
1630.000000 1.436436
1631.000000 1.633332
1632.000000 1.918955
1633.000000 1.698645
1634.000000 1.228508
1635.000000 0.913887
1636.000000 0.501157
1637.000000 0.905266
1638.000000 1.289456
1639.000000 1.258699
1640.000000 1.440178
1641.000000 -0.028515
1642.000000 0.026143
1643.000000 -0.458021
1644.000000 -0.756702
1645.000000 -0.642701
1646.000000 -0.311149
1647.000000 -0.488092
1648.000000 -0.459053
1649.000000 -0.607294
1650.000000 -0.104812
1651.000000 0.720742
1652.000000 1.201982
1653.000000 1.268160
1654.000000 0.898434
1655.000000 1.079837
1656.000000 1.614181
1657.000000 1.626290
1658.000000 0.916972
1659.000000 0.541793
1660.000000 0.004252
1661.000000 -0.045063
1662.000000 0.564977
1663.000000 0.141237
1664.000000 0.868365
1665.000000 0.841594
1666.000000 0.893119
1667.000000 0.709122
1668.000000 0.179672
1669.000000 0.088169
1670.000000 0.714728
1671.000000 1.198571
1672.000000 0.836705
1673.000000 0.646997
1674.000000 0.660222
1675.000000 0.828496
1676.000000 0.667417
1677.000000 0.867049
1678.000000 0.122100
1679.000000 0.490403
1680.000000 0.678049
1681.000000 1.033220
1682.000000 0.998760
1683.000000 0.927181
1684.000000 1.249207
1685.000000 0.747981
1686.000000 0.949038
1687.000000 1.012566
1688.000000 0.651680
1689.000000 0.703567
1690.000000 0.586828
1691.000000 1.026443
1692.000000 0.951913
1693.000000 0.448752
1694.000000 0.394520
1695.000000 0.311777
1696.000000 0.705073
1697.000000 1.135131
1698.000000 1.107420
1699.000000 0.958784
1700.000000 0.725515
1701.000000 0.070885
1702.000000 0.140752
1703.000000 -0.336090
1704.000000 -0.499037
1705.000000 -0.032539
1706.000000 0.674982
1707.000000 1.065338
1708.000000 1.413922
1709.000000 1.483333
1710.000000 1.147232
1711.000000 0.776021
1712.000000 1.133929
1713.000000 1.282166
1714.000000 0.544095
1715.000000 0.579333
1716.000000 0.604686
1717.000000 0.087905
1718.000000 -0.011977
1719.000000 -0.217723
1720.000000 0.519467
1721.000000 0.301719
1722.000000 0.947851
1723.000000 1.115288
1724.000000 1.604778
1725.000000 1.435383
1726.000000 1.313587
1727.000000 0.877746
1728.000000 1.072354
1729.000000 1.131152
1730.000000 1.048031
1731.000000 0.857808
1732.000000 0.717472
1733.000000 0.550123
1734.000000 0.778851
1735.000000 0.658419
1736.000000 1.008244
1737.000000 1.009306
1738.000000 0.308620
1739.000000 0.367542
1740.000000 0.030899
1741.000000 0.210489
1742.000000 -0.215409
1743.000000 0.707899
1744.000000 0.565780
1745.000000 0.063977
1746.000000 -0.090841
1747.000000 -0.017440
1748.000000 0.638043
1749.000000 -0.266560
1750.000000 0.463771
1751.000000 0.558861
1752.000000 0.632032
1753.000000 1.260373
1754.000000 1.452141
1755.000000 1.804963
1756.000000 1.980514
1757.000000 1.345141
1758.000000 1.103667
1759.000000 1.375096
1760.000000 0.913765
1761.000000 0.182224
1762.000000 0.061318
1763.000000 -0.068478
1764.000000 0.246017
1765.000000 1.064078
1766.000000 1.121193
1767.000000 1.073801
1768.000000 1.313202
1769.000000 1.546976
1770.000000 0.711327
1771.000000 0.145641
1772.000000 0.147363
1773.000000 0.635717
1774.000000 0.059217
1775.000000 -0.260185
1776.000000 0.149303
1777.000000 0.456097
1778.000000 0.559270
1779.000000 0.779086
1780.000000 0.830335
1781.000000 0.341029
1782.000000 0.619217
1783.000000 0.346841
1784.000000 0.440940
1785.000000 1.018682
1786.000000 0.733979
1787.000000 1.261274
1788.000000 1.057320
1789.000000 1.153385
1790.000000 1.193474
1791.000000 0.628146
1792.000000 0.501949
1793.000000 0.567693
1794.000000 0.384216
1795.000000 0.370108
1796.000000 0.315991
1797.000000 0.665699
1798.000000 1.539114
1799.000000 1.283374
1800.000000 0.780507
1801.000000 0.846010
1802.000000 0.972987
1803.000000 0.896500
1804.000000 0.483095
1805.000000 0.293378
1806.000000 0.523157
1807.000000 0.065086
1808.000000 0.793281
1809.000000 1.234011
1810.000000 0.313354
1811.000000 0.389356
1812.000000 0.098451
1813.000000 0.849035
1814.000000 0.988259
1815.000000 0.414985
1816.000000 0.704804
1817.000000 0.996911
1818.000000 1.100964
1819.000000 1.774659
1820.000000 0.985319
1821.000000 1.023878
1822.000000 0.974290
1823.000000 0.812276
1824.000000 0.612860
1825.000000 0.500795
1826.000000 0.982453
1827.000000 0.865245
1828.000000 0.522574
1829.000000 0.541994
1830.000000 0.458127
1831.000000 0.412578
1832.000000 0.163832
1833.000000 0.102737
1834.000000 0.404033
1835.000000 0.852852
1836.000000 1.176271
1837.000000 0.773057
1838.000000 0.772939
1839.000000 0.356579
1840.000000 0.185023
1841.000000 -0.065011
1842.000000 -0.015850
1843.000000 0.480260
1844.000000 0.751682
1845.000000 0.910276
1846.000000 1.087386
1847.000000 1.486761
1848.000000 1.488007
1849.000000 0.581018
1850.000000 0.669688
1851.000000 0.937666
1852.000000 0.780306
1853.000000 0.766129
1854.000000 0.005544
1855.000000 0.055515
1856.000000 0.142457
1857.000000 0.717599
1858.000000 0.565410
1859.000000 1.089968
1860.000000 0.716765
1861.000000 1.678953
1862.000000 0.865782
1863.000000 1.093885
1864.000000 0.872000
1865.000000 0.771255
1866.000000 0.538098
1867.000000 0.300333
1868.000000 -0.166078
1869.000000 0.188771
1870.000000 0.385417
1871.000000 0.546266
1872.000000 0.745620
1873.000000 1.050928
1874.000000 0.990185
1875.000000 1.384286
1876.000000 1.325991
1877.000000 0.947542
1878.000000 0.746184
1879.000000 0.354199
1880.000000 0.578644
1881.000000 0.796371
1882.000000 0.693955
1883.000000 0.710663
1884.000000 1.102368
1885.000000 0.894773
1886.000000 0.733884
1887.000000 1.009581
1888.000000 1.381325
1889.000000 1.055603
1890.000000 -0.028135
1891.000000 -0.315476
1892.000000 -0.893334
1893.000000 0.020748
1894.000000 0.296242
1895.000000 1.087278
1896.000000 0.616706
1897.000000 1.326889
1898.000000 1.213389
1899.000000 1.011887
1900.000000 1.241032
1901.000000 0.526829
1902.000000 0.803758
1903.000000 1.037103
1904.000000 0.785176
1905.000000 0.710975
1906.000000 0.464194
1907.000000 0.618547
1908.000000 0.166253
1909.000000 0.262858
1910.000000 0.188480
1911.000000 0.979644
1912.000000 0.589166
1913.000000 0.943730
1914.000000 0.479024
1915.000000 1.058976
1916.000000 0.948248
1917.000000 1.721548
1918.000000 1.457322
1919.000000 0.731076
1920.000000 0.334784
1921.000000 -0.248102
1922.000000 -0.191688
1923.000000 0.452396
1924.000000 0.440955
1925.000000 0.717975
1926.000000 0.204278
1927.000000 0.441130
1928.000000 0.431494
1929.000000 0.655757
1930.000000 1.114625
1931.000000 0.978865
1932.000000 0.893637
1933.000000 0.674986
1934.000000 0.957512
1935.000000 1.513558
1936.000000 1.084568
1937.000000 1.137297
1938.000000 0.435535
1939.000000 0.671138
1940.000000 0.111005
1941.000000 -0.292594
1942.000000 0.475228
1943.000000 0.533169
1944.000000 0.614713
1945.000000 0.736809
1946.000000 1.307011
1947.000000 1.829816
1948.000000 1.097012
1949.000000 0.789382
1950.000000 1.134992
1951.000000 1.254017
1952.000000 0.523560
1953.000000 0.465607
1954.000000 -0.054364
1955.000000 -0.179764
1956.000000 0.332870
1957.000000 0.109078
1958.000000 0.274719
1959.000000 1.121481
1960.000000 1.114723
1961.000000 0.949247
1962.000000 0.579031
1963.000000 0.867535
1964.000000 0.602499
1965.000000 1.155806
1966.000000 1.313079
1967.000000 1.054016
1968.000000 0.890066
1969.000000 0.768336
1970.000000 0.282444
1971.000000 0.002267
1972.000000 0.327904
1973.000000 0.671339
1974.000000 0.322202
1975.000000 0.351455
1976.000000 0.738366
1977.000000 1.374559
1978.000000 1.178897
1979.000000 1.177993
1980.000000 1.272927
1981.000000 0.978389
1982.000000 0.668062
1983.000000 0.314627
1984.000000 0.428689
1985.000000 0.303915
1986.000000 0.297331
1987.000000 0.377421
1988.000000 0.454509
1989.000000 0.725354
1990.000000 0.304908
1991.000000 0.361852
1992.000000 0.850611
1993.000000 0.446685
1994.000000 1.361031
1995.000000 1.306980
1996.000000 0.943289
1997.000000 0.211988
1998.000000 0.506061
1999.000000 -0.078012
2000.000000 -0.181087
2001.000000 -0.029201
2002.000000 1.737899
2003.000000 2.822726
2004.000000 2.928090
2005.000000 2.899647
2006.000000 3.004415
2007.000000 2.989617
2008.000000 2.188353
2009.000000 1.741862
2010.000000 1.582968
2011.000000 1.486793
2012.000000 1.274278
2013.000000 1.479418
2014.000000 1.600570
2015.000000 1.820061
2016.000000 1.471699
2017.000000 1.376412
2018.000000 1.048157
2019.000000 1.436734
2020.000000 1.478322
2021.000000 0.930738
2022.000000 0.790772
2023.000000 0.326243
2024.000000 0.372512
2025.000000 0.806817
2026.000000 1.025294
2027.000000 1.485061
2028.000000 1.796835
2029.000000 2.214614
2030.000000 1.810125
2031.000000 1.385965
2032.000000 1.320166
2033.000000 1.251301
2034.000000 1.107850
2035.000000 0.756922
2036.000000 1.317502
2037.000000 1.337152
2038.000000 1.177958
2039.000000 0.979567
2040.000000 0.812366
2041.000000 0.987758
2042.000000 1.288781
2043.000000 1.604403
2044.000000 1.147014
2045.000000 1.072024
2046.000000 0.904287
2047.000000 0.744265
2048.000000 1.098736
2049.000000 1.482261
2050.000000 1.629343
2051.000000 1.522785
2052.000000 2.191737
2053.000000 1.652319
2054.000000 2.119832
2055.000000 1.620642
2056.000000 1.377302
2057.000000 1.688400
2058.000000 1.294132
2059.000000 0.799606
2060.000000 0.252977
2061.000000 0.675418
2062.000000 1.207991
2063.000000 0.696014
2064.000000 0.830372
2065.000000 1.163552
2066.000000 1.456190
2067.000000 1.678162
2068.000000 1.371148
2069.000000 1.084727
2070.000000 1.649149
2071.000000 2.075773
2072.000000 1.659162
2073.000000 1.346845
2074.000000 0.469139
2075.000000 0.614584
2076.000000 0.730092
2077.000000 1.193143
2078.000000 0.684669
2079.000000 0.552540
2080.000000 1.040545
2081.000000 1.472660
2082.000000 1.403596
2083.000000 1.891139
2084.000000 1.907564
2085.000000 1.956089
2086.000000 1.628456
2087.000000 0.439209
2088.000000 1.022681
2089.000000 1.449941
2090.000000 0.843574
2091.000000 0.950925
2092.000000 0.747085
2093.000000 1.504306
2094.000000 1.754809
2095.000000 1.553138
2096.000000 1.585029
2097.000000 0.845403
2098.000000 0.802323
2099.000000 1.042724
2100.000000 1.382333
2101.000000 1.540536
2102.000000 1.194045
2103.000000 1.046335
2104.000000 0.879733
2105.000000 1.487234
2106.000000 1.589627
2107.000000 1.146474
2108.000000 1.696828
2109.000000 1.341297
2110.000000 1.714266
2111.000000 1.097271
2112.000000 1.155951
2113.000000 0.482028
2114.000000 0.800207
2115.000000 0.765198
2116.000000 1.471676
2117.000000 1.681313
2118.000000 1.543218
2119.000000 2.378797
2120.000000 1.872162
2121.000000 1.789972
2122.000000 1.345839
2123.000000 0.871545
2124.000000 0.057773
2125.000000 0.592896
2126.000000 0.803810
2127.000000 1.217191
2128.000000 1.394215
2129.000000 1.263609
2130.000000 1.086318
2131.000000 1.133227
2132.000000 1.550090
2133.000000 1.714204
2134.000000 1.245386
2135.000000 1.201825
2136.000000 1.005503
2137.000000 0.768369
2138.000000 0.697373
2139.000000 1.457175
2140.000000 1.235723
2141.000000 1.591902
2142.000000 1.299874
2143.000000 1.605092
2144.000000 1.406801
2145.000000 1.767822
2146.000000 0.975978
2147.000000 1.505195
2148.000000 1.761679
2149.000000 1.836362
2150.000000 1.412924
2151.000000 0.705370
2152.000000 0.655945
2153.000000 0.567532
2154.000000 1.057246
2155.000000 1.176271
2156.000000 1.046438
2157.000000 0.401883
2158.000000 1.007720
2159.000000 1.799455
2160.000000 2.200379
2161.000000 1.733988
2162.000000 1.103181
2163.000000 0.635894
2164.000000 0.453696
2165.000000 0.675663
2166.000000 0.599158
2167.000000 0.881811
2168.000000 1.247855
2169.000000 1.377583
2170.000000 2.103323
2171.000000 2.378266
2172.000000 2.210587
2173.000000 2.033185
2174.000000 1.836444
2175.000000 1.033055
2176.000000 0.967972
2177.000000 0.507866
2178.000000 1.243805
2179.000000 0.827428
2180.000000 1.158135
2181.000000 1.897536
2182.000000 1.835350
2183.000000 1.639136
2184.000000 0.814012
2185.000000 0.591821
2186.000000 0.812008
2187.000000 0.776060
2188.000000 0.995255
2189.000000 1.081586
2190.000000 0.959984
2191.000000 0.956846
2192.000000 1.702307
2193.000000 1.240277
2194.000000 1.055268
2195.000000 1.186580
2196.000000 1.650126
2197.000000 1.732401
2198.000000 1.487579
2199.000000 1.861382
2200.000000 1.691709
2201.000000 1.415951
2202.000000 0.874416
2203.000000 0.443858
2204.000000 0.214053
2205.000000 -0.000673
2206.000000 0.940172
2207.000000 1.712663
2208.000000 1.501563
2209.000000 2.219705
2210.000000 2.282045
2211.000000 1.705352
2212.000000 1.962862
2213.000000 1.147260
2214.000000 0.666439
2215.000000 0.962856
2216.000000 0.599227
2217.000000 1.455486
2218.000000 1.486012
2219.000000 1.433126
2220.000000 1.395603
2221.000000 1.079022
2222.000000 1.022332
2223.000000 0.669346
2224.000000 1.228775
2225.000000 1.380584
2226.000000 0.893916
2227.000000 0.881669
2228.000000 0.950478
2229.000000 1.256562
2230.000000 0.908632
2231.000000 0.482936
2232.000000 1.433252
2233.000000 1.597229
2234.000000 1.429205
2235.000000 1.404132
2236.000000 2.448051
2237.000000 2.470522
2238.000000 2.163697
2239.000000 1.595112
2240.000000 0.690112
2241.000000 -0.082500
2242.000000 -0.030905
2243.000000 0.078853
2244.000000 0.320744
2245.000000 1.197227
2246.000000 1.929214
2247.000000 2.165447
2248.000000 1.989531
2249.000000 2.293502
2250.000000 1.694319
2251.000000 1.545808
2252.000000 1.383772
2253.000000 0.775661
2254.000000 0.752844
2255.000000 0.861625
2256.000000 1.113450
2257.000000 1.306507
2258.000000 0.951607
2259.000000 1.727122
2260.000000 1.710749
2261.000000 2.217788
2262.000000 1.313560
2263.000000 1.509228
2264.000000 1.349472
2265.000000 1.330959
2266.000000 0.565574
2267.000000 0.452126
2268.000000 0.589679
2269.000000 0.949702
2270.000000 0.752042
2271.000000 1.420010
2272.000000 1.630359
2273.000000 1.387131
2274.000000 1.855211
2275.000000 1.478659
2276.000000 1.482999
2277.000000 0.545461
2278.000000 0.240937
2279.000000 0.535180
2280.000000 0.766868
2281.000000 1.268705
2282.000000 0.405514
2283.000000 1.161691
2284.000000 2.233218
2285.000000 2.505862
2286.000000 2.420758
2287.000000 2.413581
2288.000000 1.742449
2289.000000 0.805224
2290.000000 0.692671
2291.000000 -0.087956
2292.000000 -0.508101
2293.000000 -1.239382
2294.000000 -1.307030
2295.000000 -0.431922
2296.000000 -0.536243
2297.000000 -0.390019
2298.000000 0.525298
2299.000000 0.607641
2300.000000 0.529003
2301.000000 0.331795
2302.000000 0.624271
2303.000000 0.421849
2304.000000 1.007432
2305.000000 1.531968
2306.000000 0.869389
2307.000000 0.665602
2308.000000 0.191559
2309.000000 0.604539
2310.000000 -0.011688
2311.000000 0.407184
2312.000000 0.285503
2313.000000 0.990850
2314.000000 1.355193
2315.000000 1.489798
2316.000000 1.273589
2317.000000 0.733189
2318.000000 0.173897
2319.000000 -0.191188
2320.000000 -0.186584
2321.000000 -0.029888
2322.000000 0.504550
2323.000000 1.048484
2324.000000 1.255826
2325.000000 1.113931
2326.000000 1.299327
2327.000000 0.568395
2328.000000 0.126201
2329.000000 0.053189
2330.000000 0.248055
2331.000000 0.979851
2332.000000 1.931433
2333.000000 1.949896
2334.000000 1.985512
2335.000000 1.002201
2336.000000 0.020478
2337.000000 -0.227330
2338.000000 -0.062881
2339.000000 0.455405
2340.000000 0.664771
2341.000000 0.454971
2342.000000 0.620946
2343.000000 0.079769
2344.000000 0.752344
2345.000000 1.718162
2346.000000 1.393223
2347.000000 1.461466
2348.000000 0.704540
2349.000000 0.468108
2350.000000 -0.241646
2351.000000 0.496017
2352.000000 0.283382
2353.000000 0.222729
2354.000000 0.838954
2355.000000 0.489685
2356.000000 0.024745
2357.000000 0.275499
2358.000000 0.289961
2359.000000 0.765318
2360.000000 1.529344
2361.000000 1.311161
2362.000000 1.505585
2363.000000 1.327496
2364.000000 0.922703
2365.000000 0.452119
2366.000000 0.898944
2367.000000 0.134981
2368.000000 0.056125
2369.000000 0.269052
2370.000000 0.208224
2371.000000 0.941453
2372.000000 0.941610
2373.000000 0.779270
2374.000000 0.993548
2375.000000 1.033063
2376.000000 1.303047
2377.000000 0.905427
2378.000000 0.815895
2379.000000 0.677932
2380.000000 -0.034425
2381.000000 -0.026577
2382.000000 0.365530
2383.000000 0.464948
2384.000000 1.378837
2385.000000 1.802595
2386.000000 1.676289
2387.000000 1.487313
2388.000000 0.969472
2389.000000 0.181816
2390.000000 -0.213213
2391.000000 0.328523
2392.000000 0.326108
2393.000000 -0.305801
2394.000000 0.203487
2395.000000 1.339802
2396.000000 1.992287
2397.000000 1.846061
2398.000000 0.821966
2399.000000 0.583432
2400.000000 0.084763
2401.000000 -0.028849
2402.000000 -0.000735
2403.000000 -0.483749
2404.000000 0.438188
2405.000000 1.019072
2406.000000 1.182162
2407.000000 0.725626
2408.000000 0.276937
2409.000000 1.154754
2410.000000 0.784613
2411.000000 1.038094
2412.000000 0.829431
2413.000000 1.367064
2414.000000 1.127675
2415.000000 1.012526
2416.000000 0.809164
2417.000000 -0.076536
2418.000000 -0.458782
2419.000000 -0.456726
2420.000000 0.407313
2421.000000 1.085995
2422.000000 1.011022
2423.000000 1.687394
2424.000000 1.352669
2425.000000 1.349978
2426.000000 0.689078
2427.000000 0.772481
2428.000000 0.474766
2429.000000 0.849414
2430.000000 0.435557
2431.000000 0.334639
2432.000000 0.794935
2433.000000 0.603838
2434.000000 0.447420
2435.000000 0.573863
2436.000000 0.174918
2437.000000 0.530459
2438.000000 1.082986
2439.000000 1.007403
2440.000000 1.121084
2441.000000 0.946713
2442.000000 1.155133
2443.000000 0.394967
2444.000000 0.622251
2445.000000 0.310185
2446.000000 0.312499
2447.000000 0.031265
2448.000000 0.438640
2449.000000 0.352274
2450.000000 0.196975
2451.000000 0.502855
2452.000000 0.822463
2453.000000 0.817788
2454.000000 0.918680
2455.000000 0.267948
2456.000000 0.536420
2457.000000 1.407071
2458.000000 1.061107
2459.000000 0.803737
2460.000000 1.045293
2461.000000 1.161348
2462.000000 0.719548
2463.000000 0.865663
2464.000000 0.815783
2465.000000 0.614834
2466.000000 0.872083
2467.000000 0.515793
2468.000000 0.496339
2469.000000 -0.188160
2470.000000 -0.053125
2471.000000 0.482487
2472.000000 0.432961
2473.000000 0.935510
2474.000000 0.639216
2475.000000 1.456551
2476.000000 0.956022
2477.000000 0.834346
2478.000000 0.557144
2479.000000 0.766058
2480.000000 0.557240
2481.000000 0.651984
2482.000000 0.594514
2483.000000 0.953460
2484.000000 0.687433
2485.000000 0.782701
2486.000000 0.507602
2487.000000 0.408907
2488.000000 0.925086
2489.000000 1.343270
2490.000000 1.526862
2491.000000 1.443061
2492.000000 1.321139
2493.000000 1.070422
2494.000000 0.537585
2495.000000 0.367455
2496.000000 -0.302867
2497.000000 -0.360570
2498.000000 -0.575250
2499.000000 -0.234000
2500.000000 0.081285
