1.000000 0.000000
2.000000 0.000000
3.000000 0.000000
4.000000 0.000000
5.000000 0.000000
6.000000 0.000000
7.000000 0.000000
8.000000 0.048771
9.000000 0.095164
10.000000 0.139299
11.000000 0.181285
12.000000 0.221230
13.000000 0.259232
14.000000 0.295388
15.000000 0.329787
16.000000 0.362515
17.000000 0.393654
18.000000 0.423282
19.000000 0.451471
20.000000 0.478293
21.000000 0.503813
22.000000 0.528095
23.000000 0.551199
24.000000 0.573183
25.000000 0.594100
26.000000 0.614003
27.000000 0.632940
28.000000 0.650959
29.000000 0.668105
30.000000 0.684419
31.000000 0.699942
32.000000 0.714712
33.000000 0.728766
34.000000 0.742139
35.000000 0.754863
36.000000 0.766971
37.000000 0.778491
38.000000 0.789453
39.000000 0.799883
40.000000 0.809808
41.000000 0.819252
42.000000 0.828237
43.000000 0.836788
44.000000 0.844923
45.000000 0.852664
46.000000 0.860030
47.000000 0.867039
48.000000 0.873708
49.000000 0.880054
50.000000 0.886092
51.000000 0.891837
52.000000 0.897304
53.000000 0.902506
54.000000 0.907455
55.000000 0.912165
56.000000 0.916646
57.000000 0.920910
58.000000 0.924968
59.000000 0.928828
60.000000 0.932502
61.000000 0.935997
62.000000 0.939323
63.000000 0.942488
64.000000 0.945499
65.000000 0.948364
66.000000 0.951091
67.000000 0.953685
68.000000 0.956153
69.000000 0.958502
70.000000 0.960737
71.000000 0.962864
72.000000 0.964887
73.000000 0.966812
74.000000 0.968644
75.000000 0.970388
76.000000 0.972046
77.000000 0.973625
78.000000 0.975126
79.000000 0.976555
80.000000 0.977915
81.000000 0.979209
82.000000 0.980440
83.000000 0.981611
84.000000 0.982726
85.000000 0.983786
86.000000 0.984796
87.000000 0.985756
88.000000 0.986669
89.000000 0.987539
90.000000 0.988366
91.000000 0.989153
92.000000 0.989902
93.000000 0.990615
94.000000 0.991293
95.000000 0.991938
96.000000 0.992552
97.000000 0.993136
98.000000 0.993692
99.000000 0.994221
100.000000 0.994724
101.000000 0.995203
102.000000 0.995659
103.000000 0.996092
104.000000 0.996505
105.000000 0.996898
106.000000 0.997271
107.000000 0.997626
108.000000 0.997965
109.000000 0.998286
110.000000 0.998593
111.000000 0.998884
112.000000 0.999161
113.000000 0.999425
114.000000 0.999676
115.000000 0.999915
116.000000 1.000142
117.000000 1.000358
118.000000 1.000564
119.000000 1.000760
120.000000 1.000946
121.000000 1.001123
122.000000 1.001292
123.000000 1.001452
124.000000 1.001605
125.000000 1.001750
126.000000 1.001889
127.000000 1.002020
128.000000 1.002145
129.000000 1.002265
130.000000 1.002378
131.000000 1.002486
132.000000 1.002588
133.000000 1.002686
134.000000 1.002779
135.000000 1.002867
136.000000 1.002951
137.000000 1.003031
138.000000 1.003108
139.000000 1.003180
140.000000 1.003249
141.000000 1.003315
142.000000 1.003377
143.000000 1.003436
144.000000 1.003493
145.000000 1.003547
146.000000 1.003598
147.000000 1.003647
148.000000 1.003693
149.000000 1.003737
150.000000 1.003779
