1.000000 0.000000
2.000000 0.000000
3.000000 0.000000
4.000000 0.000000
5.000000 0.000000
6.000000 0.000000
7.000000 0.000000
8.000000 0.126803
9.000000 0.247427
10.000000 0.362177
11.000000 0.471342
12.000000 0.575198
13.000000 0.674004
14.000000 0.768008
15.000000 0.857445
16.000000 0.942539
17.000000 1.023501
18.000000 1.100532
19.000000 1.173825
20.000000 1.243561
21.000000 1.309914
22.000000 1.373047
23.000000 1.433118
24.000000 1.490275
25.000000 1.544659
26.000000 1.596407
27.000000 1.645644
28.000000 1.692494
29.000000 1.737072
30.000000 1.779488
31.000000 1.819848
32.000000 1.858251
33.000000 1.894792
34.000000 1.929561
35.000000 1.962644
36.000000 1.994123
37.000000 2.024077
38.000000 2.052578
39.000000 2.079697
40.000000 2.105501
41.000000 2.130054
42.000000 2.153417
43.000000 2.175648
44.000000 2.196800
45.000000 2.216927
46.000000 2.236078
47.000000 2.254301
48.000000 2.271641
49.000000 2.288139
50.000000 2.303838
51.000000 2.318776
52.000000 2.332990
53.000000 2.346515
54.000000 2.359383
55.000000 2.371628
56.000000 2.383280
57.000000 2.394366
58.000000 2.404916
59.000000 2.414953
60.000000 2.424504
61.000000 2.433592
62.000000 2.442240
63.000000 2.450468
64.000000 2.458297
65.000000 2.465747
66.000000 2.472836
67.000000 2.479581
68.000000 2.485998
69.000000 2.492105
70.000000 2.497916
71.000000 2.503445
72.000000 2.508706
73.000000 2.513712
74.000000 2.518475
75.000000 2.523008
76.000000 2.527320
77.000000 2.531424
78.000000 2.535329
79.000000 2.539044
80.000000 2.542579
81.000000 2.545943
82.000000 2.549144
83.000000 2.552189
84.000000 2.555087
85.000000 2.557845
86.000000 2.560468
87.000000 2.562965
88.000000 2.565340
89.000000 2.567601
90.000000 2.569752
91.000000 2.571798
92.000000 2.573745
93.000000 2.575598
94.000000 2.577361
95.000000 2.579039
96.000000 2.580635
97.000000 2.582154
98.000000 2.583599
99.000000 2.584975
100.000000 2.586283
101.000000 2.587528
102.000000 2.588713
103.000000 2.589840
104.000000 2.590913
105.000000 2.591934
106.000000 2.592905
107.000000 2.593829
108.000000 2.594708
109.000000 2.595545
110.000000 2.596341
111.000000 2.597098
112.000000 2.597819
113.000000 2.598505
114.000000 2.599157
115.000000 2.599778
116.000000 2.600369
117.000000 2.600931
118.000000 2.601466
119.000000 2.601975
120.000000 2.602460
121.000000 2.602921
122.000000 2.603359
123.000000 2.603776
124.000000 2.604173
125.000000 2.604551
126.000000 2.604911
127.000000 2.605253
128.000000 2.605578
129.000000 2.605888
130.000000 2.606182
131.000000 2.606463
132.000000 2.606730
133.000000 2.606983
134.000000 2.607225
135.000000 2.607455
136.000000 2.607674
137.000000 2.607882
138.000000 2.608080
139.000000 2.608268
140.000000 2.608447
141.000000 2.608618
142.000000 2.608780
143.000000 2.608935
144.000000 2.609082
145.000000 2.609221
146.000000 2.609354
147.000000 2.609481
148.000000 2.609602
149.000000 2.609716
150.000000 2.609825
