1.000000 0.000000
2.000000 0.000000
3.000000 0.000000
4.000000 0.000000
5.000000 0.000000
6.000000 0.000000
7.000000 0.000000
8.000000 0.000000
9.000000 0.000000
10.000000 0.000000
11.000000 0.000000
12.000000 0.000000
13.000000 0.000000
14.000000 0.000000
15.000000 0.000000
16.000000 0.000000
17.000000 0.000000
18.000000 0.000000
19.000000 0.000000
20.000000 0.000000
21.000000 0.000000
22.000000 0.000000
23.000000 0.000000
24.000000 0.000000
25.000000 0.000000
26.000000 0.000000
27.000000 0.175353
28.000000 0.432512
29.000000 0.708600
30.000000 0.965312
31.000000 1.182698
32.000000 1.353574
33.000000 1.459684
34.000000 1.507862
35.000000 1.515290
36.000000 1.500536
37.000000 1.478918
38.000000 1.460804
39.000000 1.453785
40.000000 1.460269
41.000000 1.478280
42.000000 1.503380
43.000000 1.530557
44.000000 1.555558
45.000000 1.575339
46.000000 1.588456
47.000000 1.595022
48.000000 1.596310
49.000000 1.594179
50.000000 1.590544
51.000000 1.587004
52.000000 1.584632
53.000000 1.583903
54.000000 1.584772
55.000000 1.586835
56.000000 1.589518
57.000000 1.592247
58.000000 1.594569
59.000000 1.596215
60.000000 1.597110
61.000000 1.597338
62.000000 1.597081
63.000000 1.596564
64.000000 1.595992
65.000000 1.595520
66.000000 1.595234
67.000000 1.595155
68.000000 1.595252
69.000000 1.595464
70.000000 1.595720
71.000000 1.595959
72.000000 1.596137
73.000000 1.596234
74.000000 1.596250
75.000000 1.596203
76.000000 1.596117
77.000000 1.596016
78.000000 1.595922
79.000000 1.595850
80.000000 1.595805
81.000000 1.595786
82.000000 1.595787
83.000000 1.595801
84.000000 1.595820
85.000000 1.595836
86.000000 1.595848
87.000000 1.595854
88.000000 1.595855
89.000000 1.595853
90.000000 1.595853
91.000000 1.595856
92.000000 1.595866
93.000000 1.595883
94.000000 1.595909
95.000000 1.595942
96.000000 1.595982
97.000000 1.596029
98.000000 1.596082
99.000000 1.596140
100.000000 1.596204
101.000000 1.596275
102.000000 1.596352
103.000000 1.596436
104.000000 1.596529
105.000000 1.596630
106.000000 1.596741
107.000000 1.596862
108.000000 1.596993
109.000000 1.597135
110.000000 1.597289
111.000000 1.597454
112.000000 1.597632
113.000000 1.597822
114.000000 1.598026
115.000000 1.598244
116.000000 1.598478
117.000000 1.598727
118.000000 1.598993
119.000000 1.599276
120.000000 1.599578
121.000000 1.599899
122.000000 1.600241
123.000000 1.600604
124.000000 1.600990
125.000000 1.601399
126.000000 1.601833
127.000000 1.602293
128.000000 1.602781
129.000000 1.603299
130.000000 1.603850
131.000000 1.604430
132.000000 1.605025
133.000000 1.605615
134.000000 1.606173
135.000000 1.606675
136.000000 1.607103
137.000000 1.607446
138.000000 1.607596
139.000000 1.607460
140.000000 1.607009
141.000000 1.606274
142.000000 1.605336
143.000000 1.604291
144.000000 1.603261
145.000000 1.602361
146.000000 1.601669
147.000000 1.601218
148.000000 1.600994
149.000000 1.600949
150.000000 1.601016
151.000000 1.601122
152.000000 1.601205
153.000000 1.601223
154.000000 1.601160
155.000000 1.601022
156.000000 1.600831
157.000000 1.600620
158.000000 1.600419
159.000000 1.600252
160.000000 1.600135
161.000000 1.600069
162.000000 1.600049
163.000000 1.799460
164.000000 1.962756
165.000000 2.096478
166.000000 2.205980
167.000000 2.195683
168.000000 2.118715
169.000000 1.990963
170.000000 1.830925
171.000000 1.677742
172.000000 1.551784
173.000000 1.471587
174.000000 1.436425
175.000000 1.438735
176.000000 1.467643
177.000000 1.509365
178.000000 1.552067
179.000000 1.586582
180.000000 1.608433
181.000000 1.617121
182.000000 1.614877
183.000000 1.605604
184.000000 1.593542
185.000000 1.582381
186.000000 1.574590
187.000000 1.571233
188.000000 1.572159
189.000000 1.576356
190.000000 1.582393
191.000000 1.588821
192.000000 1.594476
193.000000 1.598644
194.000000 1.601081
195.000000 1.601941
196.000000 1.601633
197.000000 1.600676
198.000000 1.599562
199.000000 1.598668
200.000000 1.598209
201.000000 1.598242
202.000000 1.598700
203.000000 1.599440
204.000000 1.600290
205.000000 1.601101
206.000000 1.601764
207.000000 1.602226
208.000000 1.602487
209.000000 1.602582
210.000000 1.602569
211.000000 1.602510
212.000000 1.602455
213.000000 1.602440
214.000000 1.602478
215.000000 1.602568
216.000000 1.602697
217.000000 1.602844
218.000000 1.602985
219.000000 1.603100
220.000000 1.603181
221.000000 1.603226
222.000000 1.603240
223.000000 1.603231
224.000000 1.603209
225.000000 1.603183
226.000000 1.603159
227.000000 1.603140
228.000000 1.603128
229.000000 1.603120
230.000000 1.603113
231.000000 1.603105
232.000000 1.603093
233.000000 1.603075
234.000000 1.603050
235.000000 1.603018
236.000000 1.602979
237.000000 1.602934
238.000000 1.602884
239.000000 1.602830
240.000000 1.602771
241.000000 1.602709
242.000000 1.602642
243.000000 1.602570
244.000000 1.602492
245.000000 1.602408
246.000000 1.602317
247.000000 1.602220
248.000000 1.602115
249.000000 1.602003
250.000000 1.601884
251.000000 1.601758
252.000000 1.601625
253.000000 1.601484
254.000000 1.601336
255.000000 1.601178
256.000000 1.601011
257.000000 1.600833
258.000000 1.600643
259.000000 1.600440
260.000000 1.600223
261.000000 1.599992
262.000000 1.599745
263.000000 1.599482
264.000000 1.599204
265.000000 1.598908
266.000000 1.598595
267.000000 1.598264
268.000000 1.597914
269.000000 1.597543
270.000000 1.597149
271.000000 1.596734
272.000000 1.596305
273.000000 1.595875
274.000000 1.595461
275.000000 1.595083
276.000000 1.594757
277.000000 1.594496
278.000000 1.594365
279.000000 1.594422
280.000000 1.594699
281.000000 1.595204
282.000000 1.595900
283.000000 1.596722
284.000000 1.597577
285.000000 1.598370
286.000000 1.599025
287.000000 1.599492
288.000000 1.599759
289.000000 1.599847
290.000000 1.599803
291.000000 1.599685
292.000000 1.599552
293.000000 1.599452
294.000000 1.599411
295.000000 1.599440
296.000000 1.599528
297.000000 1.599656
298.000000 1.599797
299.000000 1.599927
300.000000 1.600028
301.000000 1.600090
302.000000 1.600112
303.000000 1.600103
304.000000 1.600072
305.000000 1.600032
306.000000 1.599995
307.000000 1.599968
308.000000 1.599955
309.000000 1.599956
310.000000 1.599968
311.000000 1.599987
312.000000 1.600006
313.000000 1.600023
314.000000 1.600035
315.000000 1.600040
316.000000 1.600040
317.000000 1.600035
318.000000 1.600027
319.000000 1.600019
320.000000 1.600012
321.000000 1.600008
322.000000 1.600005
323.000000 1.600005
324.000000 1.600007
325.000000 1.600009
326.000000 1.600011
327.000000 1.600012
328.000000 1.600012
329.000000 1.600012
330.000000 1.600010
331.000000 1.600009
332.000000 1.600007
333.000000 1.600005
334.000000 1.600003
335.000000 1.600002
336.000000 1.600001
337.000000 1.600000
338.000000 1.600000
339.000000 1.599999
340.000000 1.599999
341.000000 1.599998
342.000000 1.599998
343.000000 1.599997
344.000000 1.599996
345.000000 1.599994
346.000000 1.599993
347.000000 1.599992
348.000000 1.599991
349.000000 1.599990
350.000000 1.599989
351.000000 1.599988
352.000000 1.599987
353.000000 1.599986
354.000000 1.599985
355.000000 1.599984
356.000000 1.599983
357.000000 1.599982
358.000000 1.599981
359.000000 1.599980
360.000000 1.599980
361.000000 1.599979
362.000000 1.599978
363.000000 1.599977
364.000000 1.599976
365.000000 1.599976
366.000000 1.599975
367.000000 1.599975
368.000000 1.599975
369.000000 1.599974
370.000000 1.599974
371.000000 1.599974
372.000000 1.599975
373.000000 1.599975
374.000000 1.599976
375.000000 1.599977
376.000000 1.599978
377.000000 1.599979
378.000000 1.599981
379.000000 1.599983
380.000000 1.599985
381.000000 1.599988
382.000000 1.599991
383.000000 1.599995
384.000000 1.599998
385.000000 1.600002
386.000000 1.600007
387.000000 1.600011
388.000000 1.600015
389.000000 1.600018
390.000000 1.600021
391.000000 1.600023
392.000000 1.600024
393.000000 1.600024
394.000000 1.600023
395.000000 1.600021
396.000000 1.600018
397.000000 1.600014
398.000000 1.600011
399.000000 1.600008
400.000000 1.600005
401.000000 1.600004
402.000000 1.600003
403.000000 1.600003
404.000000 1.600003
405.000000 1.600004
406.000000 1.600004
407.000000 1.600005
408.000000 1.600005
409.000000 1.600004
410.000000 1.600004
411.000000 1.600003
412.000000 1.600002
413.000000 1.600001
414.000000 1.600000
415.000000 1.600000
416.000000 1.600000
417.000000 1.600000
418.000000 1.600000
419.000000 1.600000
420.000000 1.600000
421.000000 1.600001
422.000000 1.600001
423.000000 1.600001
424.000000 1.600000
425.000000 1.600000
426.000000 1.600000
427.000000 1.600000
428.000000 1.600000
429.000000 1.600000
430.000000 1.600000
431.000000 1.600000
432.000000 1.600000
433.000000 1.600000
434.000000 1.600000
435.000000 1.600000
436.000000 1.600000
437.000000 1.600000
438.000000 1.600000
439.000000 1.600000
440.000000 1.600000
441.000000 1.600000
442.000000 1.600000
443.000000 1.600000
444.000000 1.600000
445.000000 1.600000
446.000000 1.600000
447.000000 1.600000
448.000000 1.600000
449.000000 1.600000
450.000000 1.600000
451.000000 1.600000
452.000000 1.600000
453.000000 1.600000
454.000000 1.600000
455.000000 1.600000
456.000000 1.600000
457.000000 1.600000
458.000000 1.600000
459.000000 1.600000
460.000000 1.600000
461.000000 1.600000
462.000000 1.600000
463.000000 1.600000
464.000000 1.600000
465.000000 1.600000
466.000000 1.600000
467.000000 1.600000
468.000000 1.600000
469.000000 1.600000
470.000000 1.600000
471.000000 1.600000
472.000000 1.600000
473.000000 1.600000
474.000000 1.600000
475.000000 1.600000
476.000000 1.600000
477.000000 1.600000
478.000000 1.600000
479.000000 1.600000
480.000000 1.600000
481.000000 1.600000
482.000000 1.600000
483.000000 1.600000
484.000000 1.600000
485.000000 1.600000
486.000000 1.600000
487.000000 1.600000
488.000000 1.600000
489.000000 1.600000
490.000000 1.600000
491.000000 1.600000
492.000000 1.600000
493.000000 1.600000
494.000000 1.600000
495.000000 1.600000
496.000000 1.600000
497.000000 1.600000
498.000000 1.600000
499.000000 1.600000
500.000000 1.600000
501.000000 1.600000
502.000000 1.600000
503.000000 1.600000
504.000000 1.600000
505.000000 1.600000
506.000000 1.600000
507.000000 1.600000
508.000000 1.600000
509.000000 1.600000
510.000000 1.600000
511.000000 1.600000
512.000000 1.600000
513.000000 1.600000
514.000000 1.600000
515.000000 1.600000
516.000000 1.600000
517.000000 1.600000
518.000000 1.600000
519.000000 1.600000
520.000000 1.600000
521.000000 1.600000
522.000000 1.600000
523.000000 1.600000
524.000000 1.600000
525.000000 1.600000
526.000000 1.600000
527.000000 1.600000
528.000000 1.600000
529.000000 1.600000
530.000000 1.600000
531.000000 1.600000
532.000000 1.600000
533.000000 1.600000
534.000000 1.600000
535.000000 1.600000
536.000000 1.600000
537.000000 1.600000
538.000000 1.600000
539.000000 1.600000
540.000000 1.600000
541.000000 1.600000
542.000000 1.600000
543.000000 1.600000
544.000000 1.600000
545.000000 1.600000
546.000000 1.600000
547.000000 1.600000
548.000000 1.600000
549.000000 1.600000
550.000000 1.600000
551.000000 1.600000
552.000000 1.600000
553.000000 1.600000
554.000000 1.600000
555.000000 1.600000
556.000000 1.600000
557.000000 1.600000
558.000000 1.600000
559.000000 1.600000
560.000000 1.600000
561.000000 1.600000
562.000000 1.600000
563.000000 1.600000
564.000000 1.600000
565.000000 1.600000
566.000000 1.600000
567.000000 1.600000
568.000000 1.600000
569.000000 1.600000
570.000000 1.600000
571.000000 1.600000
572.000000 1.600000
573.000000 1.600000
574.000000 1.600000
575.000000 1.600000
576.000000 1.600000
577.000000 1.600000
578.000000 1.600000
579.000000 1.600000
580.000000 1.600000
581.000000 1.600000
582.000000 1.600000
583.000000 1.600000
584.000000 1.600000
585.000000 1.600000
586.000000 1.600000
587.000000 1.600000
588.000000 1.600000
589.000000 1.600000
590.000000 1.600000
591.000000 1.600000
592.000000 1.600000
593.000000 1.600000
594.000000 1.600000
595.000000 1.600000
596.000000 1.600000
597.000000 1.600000
598.000000 1.600000
599.000000 1.600000
600.000000 1.600000
601.000000 1.600000
602.000000 1.600000
603.000000 1.600000
604.000000 1.600000
605.000000 1.600000
606.000000 1.600000
607.000000 1.600000
608.000000 1.600000
609.000000 1.600000
610.000000 1.600000
611.000000 1.600000
612.000000 1.600000
613.000000 1.600000
614.000000 1.600000
615.000000 1.600000
616.000000 1.600000
617.000000 1.600000
618.000000 1.600000
619.000000 1.600000
620.000000 1.600000
621.000000 1.600000
622.000000 1.600000
623.000000 1.600000
624.000000 1.600000
625.000000 1.600000
626.000000 1.600000
627.000000 1.600000
628.000000 1.600000
629.000000 1.600000
630.000000 1.600000
631.000000 1.600000
632.000000 1.600000
633.000000 1.600000
634.000000 1.600000
635.000000 1.600000
636.000000 1.600000
637.000000 1.600000
638.000000 1.600000
639.000000 1.600000
640.000000 1.600000
641.000000 1.600000
642.000000 1.600000
643.000000 1.600000
644.000000 1.600000
645.000000 1.600000
646.000000 1.600000
647.000000 1.600000
648.000000 1.600000
649.000000 1.600000
650.000000 1.600000
651.000000 1.600000
652.000000 1.600000
653.000000 1.600000
654.000000 1.600000
655.000000 1.600000
656.000000 1.600000
657.000000 1.600000
658.000000 1.600000
659.000000 1.600000
660.000000 1.600000
661.000000 1.600000
662.000000 1.600000
663.000000 1.600000
664.000000 1.600000
665.000000 1.600000
666.000000 1.600000
667.000000 1.600000
668.000000 1.600000
669.000000 1.600000
670.000000 1.600000
671.000000 1.600000
672.000000 1.600000
673.000000 1.600000
674.000000 1.600000
675.000000 1.600000
676.000000 1.600000
677.000000 1.600000
678.000000 1.600000
679.000000 1.600000
680.000000 1.600000
681.000000 1.600000
682.000000 1.600000
683.000000 1.600000
684.000000 1.600000
685.000000 1.600000
686.000000 1.600000
687.000000 1.600000
688.000000 1.600000
689.000000 1.600000
690.000000 1.600000
691.000000 1.600000
692.000000 1.600000
693.000000 1.600000
694.000000 1.600000
695.000000 1.600000
696.000000 1.600000
697.000000 1.600000
698.000000 1.600000
699.000000 1.600000
700.000000 1.600000
701.000000 1.600000
702.000000 1.600000
703.000000 1.600000
704.000000 1.600000
705.000000 1.600000
706.000000 1.600000
707.000000 1.600000
708.000000 1.600000
709.000000 1.600000
710.000000 1.600000
711.000000 1.600000
712.000000 1.600000
713.000000 1.600000
714.000000 1.600000
715.000000 1.600000
716.000000 1.600000
717.000000 1.600000
718.000000 1.600000
719.000000 1.600000
720.000000 1.600000
721.000000 1.600000
722.000000 1.600000
723.000000 1.600000
724.000000 1.600000
725.000000 1.600000
726.000000 1.600000
727.000000 1.600000
728.000000 1.600000
729.000000 1.600000
730.000000 1.600000
731.000000 1.600000
732.000000 1.600000
733.000000 1.600000
734.000000 1.600000
735.000000 1.600000
736.000000 1.600000
737.000000 1.600000
738.000000 1.600000
739.000000 1.600000
740.000000 1.600000
741.000000 1.600000
742.000000 1.600000
743.000000 1.600000
744.000000 1.600000
745.000000 1.600000
746.000000 1.600000
747.000000 1.600000
748.000000 1.600000
749.000000 1.600000
750.000000 1.600000
751.000000 1.600000
752.000000 1.600000
753.000000 1.600000
754.000000 1.600000
755.000000 1.600000
756.000000 1.600000
757.000000 1.600000
758.000000 1.600000
759.000000 1.600000
760.000000 1.600000
761.000000 1.600000
762.000000 1.600000
763.000000 1.600000
764.000000 1.600000
765.000000 1.600000
766.000000 1.600000
767.000000 1.600000
768.000000 1.600000
769.000000 1.600000
770.000000 1.600000
771.000000 1.600000
772.000000 1.600000
773.000000 1.600000
774.000000 1.600000
775.000000 1.600000
776.000000 1.600000
777.000000 1.600000
778.000000 1.600000
779.000000 1.600000
780.000000 1.600000
781.000000 1.600000
782.000000 1.600000
783.000000 1.600000
784.000000 1.600000
785.000000 1.600000
786.000000 1.600000
787.000000 1.600000
788.000000 1.600000
789.000000 1.600000
790.000000 1.600000
791.000000 1.600000
792.000000 1.600000
793.000000 1.600000
794.000000 1.600000
795.000000 1.600000
796.000000 1.600000
797.000000 1.600000
798.000000 1.600000
799.000000 1.600000
800.000000 1.600000
801.000000 1.600000
802.000000 1.600000
803.000000 1.600000
804.000000 1.400600
805.000000 1.237332
806.000000 1.103640
807.000000 0.994159
808.000000 1.004463
809.000000 1.081422
810.000000 1.209151
811.000000 1.369159
812.000000 1.522310
813.000000 1.648239
814.000000 1.728413
815.000000 1.763562
816.000000 1.761247
817.000000 1.732340
818.000000 1.690623
819.000000 1.647927
820.000000 1.613419
821.000000 1.591571
822.000000 1.582884
823.000000 1.585127
824.000000 1.594397
825.000000 1.606456
826.000000 1.617612
827.000000 1.625400
828.000000 1.628755
829.000000 1.627828
830.000000 1.623633
831.000000 1.617597
832.000000 1.611171
833.000000 1.605517
834.000000 1.601351
835.000000 1.598915
836.000000 1.598057
837.000000 1.598365
838.000000 1.599323
839.000000 1.600437
840.000000 1.601332
841.000000 1.601792
842.000000 1.601759
843.000000 1.601302
844.000000 1.600564
845.000000 1.599715
846.000000 1.598906
847.000000 1.598244
848.000000 1.597783
849.000000 1.597525
850.000000 1.597431
851.000000 1.597445
852.000000 1.597506
853.000000 1.597561
854.000000 1.597578
855.000000 1.597541
856.000000 1.597453
857.000000 1.597325
858.000000 1.597179
859.000000 1.597040
860.000000 1.596927
861.000000 1.596847
862.000000 1.596803
863.000000 1.596790
864.000000 1.596800
865.000000 1.596823
866.000000 1.596850
867.000000 1.596875
868.000000 1.596895
869.000000 1.596908
870.000000 1.596916
871.000000 1.596923
872.000000 1.596930
873.000000 1.596942
874.000000 1.596960
875.000000 1.596984
876.000000 1.597015
877.000000 1.597053
878.000000 1.597096
879.000000 1.597143
880.000000 1.597195
881.000000 1.597250
882.000000 1.597309
883.000000 1.597371
884.000000 1.597439
885.000000 1.597512
886.000000 1.597590
887.000000 1.597675
888.000000 1.597768
889.000000 1.597867
890.000000 1.597974
891.000000 1.598090
892.000000 1.598213
893.000000 1.598345
894.000000 1.598486
895.000000 1.598637
896.000000 1.598797
897.000000 1.598968
898.000000 1.599150
899.000000 1.599344
900.000000 1.599550
901.000000 1.599769
902.000000 1.600002
903.000000 1.600249
904.000000 1.600511
905.000000 1.600790
906.000000 1.601085
907.000000 1.601397
908.000000 1.601728
909.000000 1.602079
910.000000 1.602451
911.000000 1.602846
912.000000 1.603262
913.000000 1.603692
914.000000 1.604123
915.000000 1.604538
916.000000 1.604916
917.000000 1.605242
918.000000 1.605504
919.000000 1.605634
920.000000 1.605577
921.000000 1.605299
922.000000 1.604795
923.000000 1.604099
924.000000 1.603277
925.000000 1.602422
926.000000 1.601629
927.000000 1.600975
928.000000 1.600508
929.000000 1.600241
930.000000 1.600153
931.000000 1.600197
932.000000 1.600315
933.000000 1.600447
934.000000 1.600548
935.000000 1.600589
936.000000 1.600560
937.000000 1.600472
938.000000 1.600344
939.000000 1.600203
940.000000 1.600073
941.000000 1.599972
942.000000 1.599910
943.000000 1.599888
944.000000 1.599897
945.000000 1.599928
946.000000 1.599968
947.000000 1.600005
948.000000 1.600032
949.000000 1.600045
950.000000 1.600044
951.000000 1.600032
952.000000 1.600014
953.000000 1.599994
954.000000 1.599977
955.000000 1.599965
956.000000 1.599960
957.000000 1.599960
958.000000 1.599966
959.000000 1.599973
960.000000 1.599981
961.000000 1.599988
962.000000 1.599992
963.000000 1.599995
964.000000 1.599995
965.000000 1.599993
966.000000 1.599991
967.000000 1.599989
968.000000 1.599988
969.000000 1.599988
970.000000 1.599988
971.000000 1.599990
972.000000 1.599991
973.000000 1.599993
974.000000 1.599995
975.000000 1.599997
976.000000 1.599998
977.000000 1.599999
978.000000 1.600000
979.000000 1.600000
980.000000 1.600000
981.000000 1.600001
982.000000 1.600002
983.000000 1.600002
984.000000 1.600003
985.000000 1.600004
986.000000 1.600005
987.000000 1.600007
988.000000 1.600008
989.000000 1.600009
990.000000 1.600010
991.000000 1.600011
992.000000 1.600012
993.000000 1.600013
994.000000 1.600014
995.000000 1.600015
996.000000 1.600016
997.000000 1.600017
998.000000 1.600018
999.000000 1.600019
1000.000000 1.600019
1001.000000 1.600020
1002.000000 1.600021
1003.000000 1.600022
1004.000000 1.600023
1005.000000 1.600024
1006.000000 1.600024
1007.000000 1.578106
1008.000000 1.545961
1009.000000 1.511450
1010.000000 1.479362
1011.000000 1.452189
1012.000000 1.430829
1013.000000 1.417565
1014.000000 1.411542
1015.000000 1.410613
1016.000000 1.412457
1017.000000 1.415158
1018.000000 1.417420
1019.000000 1.418296
1020.000000 1.417484
1021.000000 1.415230
1022.000000 1.412089
1023.000000 1.408689
1024.000000 1.405561
1025.000000 1.403084
1026.000000 1.401441
1027.000000 1.400616
1028.000000 1.400451
1029.000000 1.400713
1030.000000 1.401164
1031.000000 1.401604
1032.000000 1.401898
1033.000000 1.401988
1034.000000 1.401880
1035.000000 1.401623
1036.000000 1.401290
1037.000000 1.400952
1038.000000 1.400665
1039.000000 1.400462
1040.000000 1.400353
1041.000000 1.400327
1042.000000 1.400361
1043.000000 1.599827
1044.000000 1.763166
1045.000000 1.896917
1046.000000 2.006433
1047.000000 1.996138
1048.000000 1.919167
1049.000000 1.791412
1050.000000 1.631372
1051.000000 1.478192
1052.000000 1.352242
1053.000000 1.272056
1054.000000 1.236906
1055.000000 1.239228
1056.000000 1.268146
1057.000000 1.309876
1058.000000 1.352583
1059.000000 1.387100
1060.000000 1.408953
1061.000000 1.417642
1062.000000 1.415399
1063.000000 1.406127
1064.000000 1.394066
1065.000000 1.382908
1066.000000 1.375118
1067.000000 1.371763
1068.000000 1.372690
1069.000000 1.376886
1070.000000 1.382921
1071.000000 1.389347
1072.000000 1.395000
1073.000000 1.399163
1074.000000 1.401596
1075.000000 1.402450
1076.000000 1.402137
1077.000000 1.401174
1078.000000 1.400053
1079.000000 1.399151
1080.000000 1.398683
1081.000000 1.398707
1082.000000 1.399154
1083.000000 1.399881
1084.000000 1.400719
1085.000000 1.401516
1086.000000 1.402163
1087.000000 1.402609
1088.000000 1.402851
1089.000000 1.402927
1090.000000 1.402894
1091.000000 1.402813
1092.000000 1.402735
1093.000000 1.402694
1094.000000 1.402705
1095.000000 1.402767
1096.000000 1.402865
1097.000000 1.402980
1098.000000 1.403086
1099.000000 1.403164
1100.000000 1.403206
1101.000000 1.403210
1102.000000 1.403180
1103.000000 1.403125
1104.000000 1.403053
1105.000000 1.402975
1106.000000 1.402896
1107.000000 1.402819
1108.000000 1.402745
1109.000000 1.402671
1110.000000 1.402596
1111.000000 1.402516
1112.000000 1.402430
1113.000000 1.402338
1114.000000 1.402244
1115.000000 1.402150
1116.000000 1.402059
1117.000000 1.401974
1118.000000 1.401907
1119.000000 1.401873
1120.000000 1.401874
1121.000000 1.401907
1122.000000 1.401961
1123.000000 1.402025
1124.000000 1.402081
1125.000000 1.402114
1126.000000 1.402116
1127.000000 1.402080
1128.000000 1.402009
1129.000000 1.401907
1130.000000 1.401783
1131.000000 1.401647
1132.000000 1.401504
1133.000000 1.401361
1134.000000 1.401218
1135.000000 1.401075
1136.000000 1.400928
1137.000000 1.400772
1138.000000 1.400604
1139.000000 1.400418
1140.000000 1.400214
1141.000000 1.399990
1142.000000 1.399745
1143.000000 1.399481
1144.000000 1.399199
1145.000000 1.398901
1146.000000 1.398586
1147.000000 1.398254
1148.000000 1.397904
1149.000000 1.397535
1150.000000 1.397144
1151.000000 1.396732
1152.000000 1.396305
1153.000000 1.395877
1154.000000 1.395464
1155.000000 1.395086
1156.000000 1.394760
1157.000000 1.394498
1158.000000 1.394367
1159.000000 1.394423
1160.000000 1.394700
1161.000000 1.395204
1162.000000 1.395900
1163.000000 1.396723
1164.000000 1.397578
1165.000000 1.398372
1166.000000 1.399026
1167.000000 1.399493
1168.000000 1.399760
1169.000000 1.399848
1170.000000 1.399804
1171.000000 1.399686
1172.000000 1.399553
1173.000000 1.399452
1174.000000 1.399412
1175.000000 1.399440
1176.000000 1.399529
1177.000000 1.399656
1178.000000 1.399797
1179.000000 1.399927
1180.000000 1.400028
1181.000000 1.400089
1182.000000 1.400112
1183.000000 1.400102
1184.000000 1.400071
1185.000000 1.400031
1186.000000 1.399994
1187.000000 1.399967
1188.000000 1.399954
1189.000000 1.399955
1190.000000 1.399966
1191.000000 1.399985
1192.000000 1.400004
1193.000000 1.400021
1194.000000 1.400033
1195.000000 1.400038
1196.000000 1.400037
1197.000000 1.400031
1198.000000 1.400024
1199.000000 1.400016
1200.000000 1.400009
1201.000000 1.400004
1202.000000 1.400002
1203.000000 1.400001
1204.000000 1.200602
1205.000000 1.037336
1206.000000 0.903647
1207.000000 0.794167
1208.000000 0.804471
1209.000000 0.881429
1210.000000 1.009157
1211.000000 1.169163
1212.000000 1.322312
1213.000000 1.448239
1214.000000 1.528412
1215.000000 1.563560
1216.000000 1.561244
1217.000000 1.532337
1218.000000 1.490619
1219.000000 1.447924
1220.000000 1.413415
1221.000000 1.391567
1222.000000 1.382880
1223.000000 1.385123
1224.000000 1.394392
1225.000000 1.406450
1226.000000 1.417607
1227.000000 1.425394
1228.000000 1.428749
1229.000000 1.427822
1230.000000 1.423625
1231.000000 1.417589
1232.000000 1.411162
1233.000000 1.405507
1234.000000 1.401340
1235.000000 1.398903
1236.000000 1.398043
1237.000000 1.398350
1238.000000 1.399306
1239.000000 1.400419
1240.000000 1.401312
1241.000000 1.401771
1242.000000 1.401738
1243.000000 1.401280
1244.000000 1.400541
1245.000000 1.399692
1246.000000 1.398882
1247.000000 1.398220
1248.000000 1.397759
1249.000000 1.397500
1250.000000 1.397406
1251.000000 1.397420
1252.000000 1.397481
1253.000000 1.397537
1254.000000 1.397554
1255.000000 1.397518
1256.000000 1.397430
1257.000000 1.397305
1258.000000 1.397160
1259.000000 1.397023
1260.000000 1.396912
1261.000000 1.396835
1262.000000 1.396794
1263.000000 1.396785
1264.000000 1.396799
1265.000000 1.396826
1266.000000 1.396857
1267.000000 1.396886
1268.000000 1.396909
1269.000000 1.396926
1270.000000 1.396937
1271.000000 1.396946
1272.000000 1.396954
1273.000000 1.396966
1274.000000 1.396982
1275.000000 1.397005
1276.000000 1.397033
1277.000000 1.397067
1278.000000 1.397106
1279.000000 1.397151
1280.000000 1.397200
1281.000000 1.397254
1282.000000 1.397312
1283.000000 1.397374
1284.000000 1.397442
1285.000000 1.397515
1286.000000 1.397595
1287.000000 1.397680
1288.000000 1.397772
1289.000000 1.397871
1290.000000 1.397978
1291.000000 1.398092
1292.000000 1.398215
1293.000000 1.398346
1294.000000 1.398487
1295.000000 1.398637
1296.000000 1.398797
1297.000000 1.398968
1298.000000 1.399150
1299.000000 1.399344
1300.000000 1.399550
1301.000000 1.399770
1302.000000 1.400002
1303.000000 1.400250
1304.000000 1.400512
1305.000000 1.400790
1306.000000 1.401085
1307.000000 1.401397
1308.000000 1.401728
1309.000000 1.402079
1310.000000 1.402451
1311.000000 1.402845
1312.000000 1.403262
1313.000000 1.403692
1314.000000 1.404123
1315.000000 1.404538
1316.000000 1.404916
1317.000000 1.405242
1318.000000 1.405503
1319.000000 1.405634
1320.000000 1.405577
1321.000000 1.405299
1322.000000 1.404795
1323.000000 1.404099
1324.000000 1.403277
1325.000000 1.402422
1326.000000 1.401629
1327.000000 1.400975
1328.000000 1.400508
1329.000000 1.400241
1330.000000 1.400153
1331.000000 1.400197
1332.000000 1.400315
1333.000000 1.400447
1334.000000 1.400548
1335.000000 1.400588
1336.000000 1.400560
1337.000000 1.400471
1338.000000 1.400344
1339.000000 1.400203
1340.000000 1.400073
1341.000000 1.399972
1342.000000 1.399910
1343.000000 1.399888
1344.000000 1.399897
1345.000000 1.399928
1346.000000 1.399968
1347.000000 1.400005
1348.000000 1.400032
1349.000000 1.400045
1350.000000 1.400044
1351.000000 1.400032
1352.000000 1.400014
1353.000000 1.399994
1354.000000 1.399977
1355.000000 1.399965
1356.000000 1.399960
1357.000000 1.399960
1358.000000 1.399966
1359.000000 1.399973
1360.000000 1.399981
1361.000000 1.399988
1362.000000 1.399993
1363.000000 1.399995
1364.000000 1.399995
1365.000000 1.399994
1366.000000 1.399992
1367.000000 1.399990
1368.000000 1.399988
1369.000000 1.399988
1370.000000 1.399988
1371.000000 1.399990
1372.000000 1.399992
1373.000000 1.399994
1374.000000 1.399995
1375.000000 1.399997
1376.000000 1.399998
1377.000000 1.399999
1378.000000 1.400000
1379.000000 1.400000
1380.000000 1.400000
1381.000000 1.400001
1382.000000 1.400002
1383.000000 1.400002
1384.000000 1.400003
1385.000000 1.400004
1386.000000 1.400005
1387.000000 1.400006
1388.000000 1.400008
1389.000000 1.400009
1390.000000 1.400010
1391.000000 1.400011
1392.000000 1.400012
1393.000000 1.400013
1394.000000 1.400014
1395.000000 1.400015
1396.000000 1.400016
1397.000000 1.400017
1398.000000 1.400018
1399.000000 1.400019
1400.000000 1.400019
1401.000000 1.400020
1402.000000 1.400021
1403.000000 1.400022
1404.000000 1.400023
1405.000000 1.400024
1406.000000 1.400024
1407.000000 1.400025
1408.000000 1.400025
1409.000000 1.400025
1410.000000 1.400026
1411.000000 1.400026
1412.000000 1.400026
1413.000000 1.400025
1414.000000 1.400025
1415.000000 1.400024
1416.000000 1.400023
1417.000000 1.400022
1418.000000 1.400021
1419.000000 1.400019
1420.000000 1.400017
1421.000000 1.400015
1422.000000 1.400012
1423.000000 1.400009
1424.000000 1.400005
1425.000000 1.400002
1426.000000 1.399998
1427.000000 1.399993
1428.000000 1.399989
1429.000000 1.399985
1430.000000 1.399982
1431.000000 1.399979
1432.000000 1.399977
1433.000000 1.399976
1434.000000 1.399976
1435.000000 1.399977
1436.000000 1.399979
1437.000000 1.399982
1438.000000 1.399986
1439.000000 1.399989
1440.000000 1.399992
1441.000000 1.399995
1442.000000 1.399996
1443.000000 1.399997
1444.000000 1.399997
1445.000000 1.399997
1446.000000 1.399996
1447.000000 1.399996
1448.000000 1.399995
1449.000000 1.399995
1450.000000 1.399996
1451.000000 1.399996
1452.000000 1.399997
1453.000000 1.399998
1454.000000 1.399999
1455.000000 1.400000
1456.000000 1.400000
1457.000000 1.400000
1458.000000 1.400000
1459.000000 1.400000
1460.000000 1.400000
1461.000000 1.400000
1462.000000 1.399999
1463.000000 1.399999
1464.000000 1.399999
1465.000000 1.400000
1466.000000 1.400000
1467.000000 1.400000
1468.000000 1.400000
1469.000000 1.400000
1470.000000 1.400000
1471.000000 1.400000
1472.000000 1.400000
1473.000000 1.400000
1474.000000 1.400000
1475.000000 1.400000
1476.000000 1.400000
1477.000000 1.400000
1478.000000 1.400000
1479.000000 1.400000
1480.000000 1.400000
1481.000000 1.400000
1482.000000 1.400000
1483.000000 1.400000
1484.000000 1.400000
1485.000000 1.400000
1486.000000 1.400000
1487.000000 1.400000
1488.000000 1.400000
1489.000000 1.400000
1490.000000 1.400000
1491.000000 1.400000
1492.000000 1.400000
1493.000000 1.400000
1494.000000 1.400000
1495.000000 1.400000
1496.000000 1.400000
1497.000000 1.400000
1498.000000 1.400000
1499.000000 1.400000
1500.000000 1.400000
1501.000000 1.400000
1502.000000 1.400000
1503.000000 1.400000
1504.000000 1.400000
1505.000000 1.400000
1506.000000 1.400000
1507.000000 1.520556
1508.000000 1.697352
1509.000000 1.887163
1510.000000 2.063652
1511.000000 2.213105
1512.000000 2.330582
1513.000000 2.403533
1514.000000 2.436655
1515.000000 2.441762
1516.000000 2.431618
1517.000000 2.416756
1518.000000 2.404303
1519.000000 2.399477
1520.000000 2.403935
1521.000000 2.416317
1522.000000 2.433574
1523.000000 2.452258
1524.000000 2.469446
1525.000000 2.483045
1526.000000 2.492063
1527.000000 2.496578
1528.000000 2.497463
1529.000000 2.495998
1530.000000 2.493499
1531.000000 2.491065
1532.000000 2.489434
1533.000000 2.488933
1534.000000 2.489531
1535.000000 2.490949
1536.000000 2.492794
1537.000000 2.494670
1538.000000 2.496266
1539.000000 2.497398
1540.000000 2.498013
1541.000000 2.498170
1542.000000 2.497993
1543.000000 2.497638
1544.000000 2.497244
1545.000000 2.496920
1546.000000 2.496723
1547.000000 2.496669
1548.000000 2.496736
1549.000000 2.496882
1550.000000 2.497058
1551.000000 2.497222
1552.000000 2.497344
1553.000000 2.497411
1554.000000 2.497422
1555.000000 2.497390
1556.000000 2.497330
1557.000000 2.497261
1558.000000 2.497197
1559.000000 2.497147
1560.000000 2.497116
1561.000000 2.497103
1562.000000 2.497104
1563.000000 2.497113
1564.000000 2.497126
1565.000000 2.497138
1566.000000 2.497146
1567.000000 2.497149
1568.000000 2.497150
1569.000000 2.497149
1570.000000 2.497149
1571.000000 2.497151
1572.000000 2.497158
1573.000000 2.497170
1574.000000 2.497187
1575.000000 2.497210
1576.000000 2.497238
1577.000000 2.497270
1578.000000 2.497306
1579.000000 2.497346
1580.000000 2.497390
1581.000000 2.497439
1582.000000 2.497492
1583.000000 2.497550
1584.000000 2.497613
1585.000000 2.497683
1586.000000 2.497759
1587.000000 2.497842
1588.000000 2.497933
1589.000000 2.498030
1590.000000 2.498136
1591.000000 2.498250
1592.000000 2.498372
1593.000000 2.498503
1594.000000 2.498643
1595.000000 2.498793
1596.000000 2.498953
1597.000000 2.499125
1598.000000 2.499308
1599.000000 2.499502
1600.000000 2.499710
1601.000000 2.499931
1602.000000 2.500166
1603.000000 2.500415
1604.000000 2.500680
1605.000000 2.500962
1606.000000 2.501260
1607.000000 2.501576
1608.000000 2.501912
1609.000000 2.502268
1610.000000 2.502647
1611.000000 2.503045
1612.000000 2.503455
1613.000000 2.503860
1614.000000 2.504244
1615.000000 2.504589
1616.000000 2.504883
1617.000000 2.505119
1618.000000 2.505222
1619.000000 2.505129
1620.000000 2.504818
1621.000000 2.504314
1622.000000 2.503668
1623.000000 2.502950
1624.000000 2.502242
1625.000000 2.501623
1626.000000 2.501148
1627.000000 2.500837
1628.000000 2.500683
1629.000000 2.500652
1630.000000 2.500699
1631.000000 2.500771
1632.000000 2.500828
1633.000000 2.500841
1634.000000 2.500797
1635.000000 2.500702
1636.000000 2.500572
1637.000000 2.500426
1638.000000 2.500288
1639.000000 2.500174
1640.000000 2.500093
1641.000000 2.500048
1642.000000 2.500033
1643.000000 2.699441
1644.000000 2.862729
1645.000000 2.996441
1646.000000 3.105937
1647.000000 3.095638
1648.000000 3.018672
1649.000000 2.890928
1650.000000 2.730899
1651.000000 2.577726
1652.000000 2.451777
1653.000000 2.371587
1654.000000 2.336429
1655.000000 2.338740
1656.000000 2.367648
1657.000000 2.409369
1658.000000 2.452069
1659.000000 2.486582
1660.000000 2.508432
1661.000000 2.517119
1662.000000 2.514876
1663.000000 2.505604
1664.000000 2.493542
1665.000000 2.482383
1666.000000 2.474593
1667.000000 2.471237
1668.000000 2.472163
1669.000000 2.476359
1670.000000 2.482396
1671.000000 2.488823
1672.000000 2.494478
1673.000000 2.498645
1674.000000 2.501082
1675.000000 2.501941
1676.000000 2.501633
1677.000000 2.500676
1678.000000 2.499563
1679.000000 2.498668
1680.000000 2.498209
1681.000000 2.498242
1682.000000 2.498700
1683.000000 2.499438
1684.000000 2.500289
1685.000000 2.501099
1686.000000 2.501761
1687.000000 2.502223
1688.000000 2.502483
1689.000000 2.502578
1690.000000 2.502565
1691.000000 2.502505
1692.000000 2.502450
1693.000000 2.502434
1694.000000 2.502472
1695.000000 2.502562
1696.000000 2.502690
1697.000000 2.502837
1698.000000 2.502977
1699.000000 2.503092
1700.000000 2.503172
1701.000000 2.503217
1702.000000 2.503231
1703.000000 2.503222
1704.000000 2.503199
1705.000000 2.503173
1706.000000 2.503148
1707.000000 2.503129
1708.000000 2.503117
1709.000000 2.503108
1710.000000 2.503102
1711.000000 2.503094
1712.000000 2.503082
1713.000000 2.503064
1714.000000 2.503039
1715.000000 2.503007
1716.000000 2.502969
1717.000000 2.502925
1718.000000 2.502876
1719.000000 2.502822
1720.000000 2.502765
1721.000000 2.502703
1722.000000 2.502638
1723.000000 2.502567
1724.000000 2.502491
1725.000000 2.502408
1726.000000 2.502319
1727.000000 2.502224
1728.000000 2.502121
1729.000000 2.502010
1730.000000 2.501893
1731.000000 2.501767
1732.000000 2.501634
1733.000000 2.501494
1734.000000 2.501344
1735.000000 2.501186
1736.000000 2.501017
1737.000000 2.500838
1738.000000 2.500647
1739.000000 2.500443
1740.000000 2.500226
1741.000000 2.499994
1742.000000 2.499747
1743.000000 2.499484
1744.000000 2.499206
1745.000000 2.498910
1746.000000 2.498598
1747.000000 2.498267
1748.000000 2.497916
1749.000000 2.497545
1750.000000 2.497151
1751.000000 2.496736
1752.000000 2.496306
1753.000000 2.495876
1754.000000 2.495462
1755.000000 2.495083
1756.000000 2.494757
1757.000000 2.494496
1758.000000 2.494365
1759.000000 2.494422
1760.000000 2.494700
1761.000000 2.495204
1762.000000 2.495900
1763.000000 2.496722
1764.000000 2.497577
1765.000000 2.498371
1766.000000 2.499025
1767.000000 2.499492
1768.000000 2.499759
1769.000000 2.499847
1770.000000 2.499803
1771.000000 2.499685
1772.000000 2.499553
1773.000000 2.499452
1774.000000 2.499411
1775.000000 2.499440
1776.000000 2.499528
1777.000000 2.499656
1778.000000 2.499797
1779.000000 2.499927
1780.000000 2.500028
1781.000000 2.500090
1782.000000 2.500112
1783.000000 2.500103
1784.000000 2.500072
1785.000000 2.500032
1786.000000 2.499995
1787.000000 2.499968
1788.000000 2.499955
1789.000000 2.499956
1790.000000 2.499968
1791.000000 2.499987
1792.000000 2.500006
1793.000000 2.500023
1794.000000 2.500035
1795.000000 2.500040
1796.000000 2.500040
1797.000000 2.500035
1798.000000 2.500027
1799.000000 2.500019
1800.000000 2.500012
1801.000000 2.500008
1802.000000 2.500005
1803.000000 2.500005
1804.000000 2.500007
1805.000000 2.500009
1806.000000 2.500011
1807.000000 2.500012
1808.000000 2.500012
1809.000000 2.500012
1810.000000 2.500010
1811.000000 2.500009
1812.000000 2.500007
1813.000000 2.500005
1814.000000 2.500003
1815.000000 2.500002
1816.000000 2.500001
1817.000000 2.500000
1818.000000 2.500000
1819.000000 2.499999
1820.000000 2.499999
1821.000000 2.499998
1822.000000 2.499998
1823.000000 2.499997
1824.000000 2.499996
1825.000000 2.499994
1826.000000 2.499993
1827.000000 2.499992
1828.000000 2.499991
1829.000000 2.499990
1830.000000 2.499989
1831.000000 2.499988
1832.000000 2.499987
1833.000000 2.499986
1834.000000 2.499985
1835.000000 2.499984
1836.000000 2.499983
1837.000000 2.499982
1838.000000 2.499981
1839.000000 2.499980
1840.000000 2.499980
1841.000000 2.499979
1842.000000 2.499978
1843.000000 2.499977
1844.000000 2.499976
1845.000000 2.499976
1846.000000 2.499975
1847.000000 2.499975
1848.000000 2.499975
1849.000000 2.499974
1850.000000 2.499974
1851.000000 2.499974
1852.000000 2.499975
1853.000000 2.499975
1854.000000 2.499976
1855.000000 2.499977
1856.000000 2.499978
1857.000000 2.499979
1858.000000 2.499981
1859.000000 2.499983
1860.000000 2.499985
1861.000000 2.499988
1862.000000 2.499991
1863.000000 2.499995
1864.000000 2.499998
1865.000000 2.500002
1866.000000 2.500007
1867.000000 2.500011
1868.000000 2.500015
1869.000000 2.500018
1870.000000 2.500021
1871.000000 2.500023
1872.000000 2.500024
1873.000000 2.500024
1874.000000 2.500023
1875.000000 2.500021
1876.000000 2.500018
1877.000000 2.500014
1878.000000 2.500011
1879.000000 2.500008
1880.000000 2.500005
1881.000000 2.500004
1882.000000 2.500003
1883.000000 2.500003
1884.000000 2.500003
1885.000000 2.500004
1886.000000 2.500004
1887.000000 2.500005
1888.000000 2.500005
1889.000000 2.500004
1890.000000 2.500004
1891.000000 2.500003
1892.000000 2.500002
1893.000000 2.500001
1894.000000 2.500000
1895.000000 2.500000
1896.000000 2.500000
1897.000000 2.500000
1898.000000 2.500000
1899.000000 2.500000
1900.000000 2.500000
1901.000000 2.500001
1902.000000 2.500001
1903.000000 2.500001
1904.000000 2.500000
1905.000000 2.500000
1906.000000 2.500000
1907.000000 2.500000
1908.000000 2.500000
1909.000000 2.500000
1910.000000 2.500000
1911.000000 2.500000
1912.000000 2.500000
1913.000000 2.500000
1914.000000 2.500000
1915.000000 2.500000
1916.000000 2.500000
1917.000000 2.500000
1918.000000 2.500000
1919.000000 2.500000
1920.000000 2.500000
1921.000000 2.500000
1922.000000 2.500000
1923.000000 2.500000
1924.000000 2.500000
1925.000000 2.500000
1926.000000 2.500000
1927.000000 2.500000
1928.000000 2.500000
1929.000000 2.500000
1930.000000 2.500000
1931.000000 2.500000
1932.000000 2.500000
1933.000000 2.500000
1934.000000 2.500000
1935.000000 2.500000
1936.000000 2.500000
1937.000000 2.500000
1938.000000 2.500000
1939.000000 2.500000
1940.000000 2.500000
1941.000000 2.500000
1942.000000 2.500000
1943.000000 2.500000
1944.000000 2.500000
1945.000000 2.500000
1946.000000 2.500000
1947.000000 2.500000
1948.000000 2.500000
1949.000000 2.500000
1950.000000 2.500000
1951.000000 2.500000
1952.000000 2.500000
1953.000000 2.500000
1954.000000 2.500000
1955.000000 2.500000
1956.000000 2.500000
1957.000000 2.500000
1958.000000 2.500000
1959.000000 2.500000
1960.000000 2.500000
1961.000000 2.500000
1962.000000 2.500000
1963.000000 2.500000
1964.000000 2.500000
1965.000000 2.500000
1966.000000 2.500000
1967.000000 2.500000
1968.000000 2.500000
1969.000000 2.500000
1970.000000 2.500000
1971.000000 2.500000
1972.000000 2.500000
1973.000000 2.500000
1974.000000 2.500000
1975.000000 2.500000
1976.000000 2.500000
1977.000000 2.500000
1978.000000 2.500000
1979.000000 2.500000
1980.000000 2.500000
1981.000000 2.500000
1982.000000 2.500000
1983.000000 2.500000
1984.000000 2.500000
1985.000000 2.500000
1986.000000 2.500000
1987.000000 2.500000
1988.000000 2.500000
1989.000000 2.500000
1990.000000 2.500000
1991.000000 2.500000
1992.000000 2.500000
1993.000000 2.500000
1994.000000 2.500000
1995.000000 2.500000
1996.000000 2.500000
1997.000000 2.500000
1998.000000 2.500000
1999.000000 2.500000
2000.000000 2.500000
2001.000000 2.500000
2002.000000 2.500000
2003.000000 2.500000
2004.000000 2.300600
2005.000000 2.137332
2006.000000 2.003640
2007.000000 1.894159
2008.000000 1.904463
2009.000000 1.981422
2010.000000 2.109151
2011.000000 2.269159
2012.000000 2.422310
2013.000000 2.548239
2014.000000 2.628413
2015.000000 2.663562
2016.000000 2.661247
2017.000000 2.632340
2018.000000 2.590623
2019.000000 2.547927
2020.000000 2.513419
2021.000000 2.491571
2022.000000 2.482884
2023.000000 2.485127
2024.000000 2.494397
2025.000000 2.506456
2026.000000 2.517612
2027.000000 2.525400
2028.000000 2.528755
2029.000000 2.527828
2030.000000 2.523633
2031.000000 2.517597
2032.000000 2.511171
2033.000000 2.505517
2034.000000 2.501351
2035.000000 2.498915
2036.000000 2.498057
2037.000000 2.498365
2038.000000 2.499323
2039.000000 2.500437
2040.000000 2.501332
2041.000000 2.501792
2042.000000 2.501759
2043.000000 2.501302
2044.000000 2.500564
2045.000000 2.499715
2046.000000 2.498906
2047.000000 2.498244
2048.000000 2.497783
2049.000000 2.497525
2050.000000 2.497431
2051.000000 2.497445
2052.000000 2.497506
2053.000000 2.497561
2054.000000 2.497578
2055.000000 2.497541
2056.000000 2.497453
2057.000000 2.497325
2058.000000 2.497179
2059.000000 2.497040
2060.000000 2.496927
2061.000000 2.496847
2062.000000 2.496803
2063.000000 2.496790
2064.000000 2.496800
2065.000000 2.496823
2066.000000 2.496850
2067.000000 2.496875
2068.000000 2.496895
2069.000000 2.496908
2070.000000 2.496916
2071.000000 2.496923
2072.000000 2.496930
2073.000000 2.496942
2074.000000 2.496960
2075.000000 2.496984
2076.000000 2.497015
2077.000000 2.497053
2078.000000 2.497096
2079.000000 2.497143
2080.000000 2.497195
2081.000000 2.497250
2082.000000 2.497309
2083.000000 2.497371
2084.000000 2.497439
2085.000000 2.497512
2086.000000 2.497590
2087.000000 2.497675
2088.000000 2.497768
2089.000000 2.497867
2090.000000 2.497974
2091.000000 2.498090
2092.000000 2.498213
2093.000000 2.498345
2094.000000 2.498486
2095.000000 2.498637
2096.000000 2.498797
2097.000000 2.498968
2098.000000 2.499150
2099.000000 2.499344
2100.000000 2.499550
2101.000000 2.499769
2102.000000 2.500002
2103.000000 2.500249
2104.000000 2.500511
2105.000000 2.500790
2106.000000 2.501085
2107.000000 2.501397
2108.000000 2.501728
2109.000000 2.502079
2110.000000 2.502451
2111.000000 2.502846
2112.000000 2.503262
2113.000000 2.503692
2114.000000 2.504123
2115.000000 2.504538
2116.000000 2.504916
2117.000000 2.505242
2118.000000 2.505504
2119.000000 2.505634
2120.000000 2.505577
2121.000000 2.505299
2122.000000 2.504795
2123.000000 2.504099
2124.000000 2.503277
2125.000000 2.502422
2126.000000 2.501629
2127.000000 2.500975
2128.000000 2.500508
2129.000000 2.500241
2130.000000 2.500153
2131.000000 2.500197
2132.000000 2.500315
2133.000000 2.500447
2134.000000 2.500548
2135.000000 2.500589
2136.000000 2.500560
2137.000000 2.500472
2138.000000 2.500344
2139.000000 2.500203
2140.000000 2.500073
2141.000000 2.499972
2142.000000 2.499910
2143.000000 2.499888
2144.000000 2.499897
2145.000000 2.499928
2146.000000 2.499968
2147.000000 2.500005
2148.000000 2.500032
2149.000000 2.500045
2150.000000 2.500044
2151.000000 2.500032
2152.000000 2.500014
2153.000000 2.499994
2154.000000 2.499977
2155.000000 2.499965
2156.000000 2.499960
2157.000000 2.499960
2158.000000 2.499966
2159.000000 2.499973
2160.000000 2.499981
2161.000000 2.499988
2162.000000 2.499992
2163.000000 2.499995
2164.000000 2.499995
2165.000000 2.499993
2166.000000 2.499991
2167.000000 2.499989
2168.000000 2.499988
2169.000000 2.499988
2170.000000 2.499988
2171.000000 2.499990
2172.000000 2.499991
2173.000000 2.499993
2174.000000 2.499995
2175.000000 2.499997
2176.000000 2.499998
2177.000000 2.499999
2178.000000 2.500000
2179.000000 2.500000
2180.000000 2.500000
2181.000000 2.500001
2182.000000 2.500002
2183.000000 2.500002
2184.000000 2.500003
2185.000000 2.500004
2186.000000 2.500005
2187.000000 2.500007
2188.000000 2.500008
2189.000000 2.500009
2190.000000 2.500010
2191.000000 2.500011
2192.000000 2.500012
2193.000000 2.500013
2194.000000 2.500014
2195.000000 2.500015
2196.000000 2.500016
2197.000000 2.500017
2198.000000 2.500018
2199.000000 2.500019
2200.000000 2.500019
2201.000000 2.500020
2202.000000 2.500021
2203.000000 2.500022
2204.000000 2.500023
2205.000000 2.500024
2206.000000 2.500024
2207.000000 2.500025
2208.000000 2.500025
2209.000000 2.500025
2210.000000 2.500026
2211.000000 2.500026
2212.000000 2.500026
2213.000000 2.500025
2214.000000 2.500025
2215.000000 2.500024
2216.000000 2.500023
2217.000000 2.500022
2218.000000 2.500021
2219.000000 2.500019
2220.000000 2.500017
2221.000000 2.500015
2222.000000 2.500012
2223.000000 2.500009
2224.000000 2.500005
2225.000000 2.500002
2226.000000 2.499998
2227.000000 2.499993
2228.000000 2.499989
2229.000000 2.499985
2230.000000 2.499982
2231.000000 2.499979
2232.000000 2.499977
2233.000000 2.499976
2234.000000 2.499976
2235.000000 2.499977
2236.000000 2.499979
2237.000000 2.499982
2238.000000 2.499986
2239.000000 2.499989
2240.000000 2.499992
2241.000000 2.499995
2242.000000 2.499996
2243.000000 2.499997
2244.000000 2.499997
2245.000000 2.499997
2246.000000 2.499996
2247.000000 2.499996
2248.000000 2.499995
2249.000000 2.499995
2250.000000 2.499996
2251.000000 2.499996
2252.000000 2.499997
2253.000000 2.499998
2254.000000 2.499999
2255.000000 2.500000
2256.000000 2.500000
2257.000000 2.500000
2258.000000 2.500000
2259.000000 2.500000
2260.000000 2.500000
2261.000000 2.500000
2262.000000 2.499999
2263.000000 2.499999
2264.000000 2.499999
2265.000000 2.500000
2266.000000 2.500000
2267.000000 2.500000
2268.000000 2.500000
2269.000000 2.500000
2270.000000 2.500000
2271.000000 2.500000
2272.000000 2.500000
2273.000000 2.500000
2274.000000 2.500000
2275.000000 2.500000
2276.000000 2.500000
2277.000000 2.500000
2278.000000 2.500000
2279.000000 2.500000
2280.000000 2.500000
2281.000000 2.500000
2282.000000 2.500000
2283.000000 2.500000
2284.000000 2.500000
2285.000000 2.500000
2286.000000 2.500000
2287.000000 2.500000
2288.000000 2.500000
2289.000000 2.500000
2290.000000 2.500000
2291.000000 2.500000
2292.000000 2.500000
2293.000000 2.699400
2294.000000 2.862668
2295.000000 2.996360
2296.000000 3.105841
2297.000000 3.095537
2298.000000 3.018579
2299.000000 2.890849
2300.000000 2.730841
2301.000000 2.577690
2302.000000 2.451761
2303.000000 2.371587
2304.000000 2.336438
2305.000000 2.338753
2306.000000 2.367660
2307.000000 2.409377
2308.000000 2.452073
2309.000000 2.486581
2310.000000 2.508429
2311.000000 2.517116
2312.000000 2.514873
2313.000000 2.505603
2314.000000 2.493544
2315.000000 2.482388
2316.000000 2.474600
2317.000000 2.471245
2318.000000 2.472171
2319.000000 2.476367
2320.000000 2.482403
2321.000000 2.488829
2322.000000 2.494482
2323.000000 2.498648
2324.000000 2.501084
2325.000000 2.501943
2326.000000 2.501634
2327.000000 2.500677
2328.000000 2.499563
2329.000000 2.498668
2330.000000 2.498208
2331.000000 2.498241
2332.000000 2.498698
2333.000000 2.499436
2334.000000 2.500285
2335.000000 2.501094
2336.000000 2.501756
2337.000000 2.502216
2338.000000 2.502475
2339.000000 2.502569
2340.000000 2.502555
2341.000000 2.502494
2342.000000 2.502439
2343.000000 2.502422
2344.000000 2.502459
2345.000000 2.502548
2346.000000 2.502675
2347.000000 2.502821
2348.000000 2.502960
2349.000000 2.503074
2350.000000 2.503153
2351.000000 2.503197
2352.000000 2.503210
2353.000000 2.503200
2354.000000 2.503177
2355.000000 2.503150
2356.000000 2.503125
2357.000000 2.503105
2358.000000 2.503092
2359.000000 2.503084
2360.000000 2.503077
2361.000000 2.503070
2362.000000 2.503058
2363.000000 2.503040
2364.000000 2.503016
2365.000000 2.502985
2366.000000 2.502947
2367.000000 2.502904
2368.000000 2.502857
2369.000000 2.502805
2370.000000 2.502750
2371.000000 2.502691
2372.000000 2.502629
2373.000000 2.502561
2374.000000 2.502488
2375.000000 2.502410
2376.000000 2.502325
2377.000000 2.502232
2378.000000 2.502133
2379.000000 2.502026
2380.000000 2.501910
2381.000000 2.501787
2382.000000 2.501655
2383.000000 2.501514
2384.000000 2.501363
2385.000000 2.501203
2386.000000 2.501032
2387.000000 2.500850
2388.000000 2.500656
2389.000000 2.500450
2390.000000 2.500231
2391.000000 2.499998
2392.000000 2.499751
2393.000000 2.499489
2394.000000 2.499210
2395.000000 2.498915
2396.000000 2.498603
2397.000000 2.498272
2398.000000 2.497921
2399.000000 2.497549
2400.000000 2.497154
2401.000000 2.496738
2402.000000 2.496308
2403.000000 2.495877
2404.000000 2.495462
2405.000000 2.495084
2406.000000 2.494758
2407.000000 2.494496
2408.000000 2.494366
2409.000000 2.494423
2410.000000 2.494701
2411.000000 2.495205
2412.000000 2.495901
2413.000000 2.496723
2414.000000 2.497578
2415.000000 2.498371
2416.000000 2.499025
2417.000000 2.499492
2418.000000 2.499759
2419.000000 2.499847
2420.000000 2.499803
2421.000000 2.499685
2422.000000 2.499553
2423.000000 2.499452
2424.000000 2.499411
2425.000000 2.499440
2426.000000 2.499528
2427.000000 2.499656
2428.000000 2.499797
2429.000000 2.499927
2430.000000 2.500028
2431.000000 2.500090
2432.000000 2.500112
2433.000000 2.500103
2434.000000 2.500072
2435.000000 2.500032
2436.000000 2.499995
2437.000000 2.499968
2438.000000 2.499955
2439.000000 2.499956
2440.000000 2.499968
2441.000000 2.499986
2442.000000 2.500006
2443.000000 2.500023
2444.000000 2.500035
2445.000000 2.500040
2446.000000 2.500040
2447.000000 2.500034
2448.000000 2.500027
2449.000000 2.500019
2450.000000 2.500012
2451.000000 2.500008
2452.000000 2.500005
2453.000000 2.500005
2454.000000 2.500007
2455.000000 2.500009
2456.000000 2.500011
2457.000000 2.500012
2458.000000 2.500012
2459.000000 2.500012
2460.000000 2.500010
2461.000000 2.500009
2462.000000 2.500007
2463.000000 2.500005
2464.000000 2.500003
2465.000000 2.500002
2466.000000 2.500001
2467.000000 2.500000
2468.000000 2.500000
2469.000000 2.500000
2470.000000 2.499999
2471.000000 2.499998
2472.000000 2.499998
2473.000000 2.499997
2474.000000 2.499996
2475.000000 2.499995
2476.000000 2.499993
2477.000000 2.499992
2478.000000 2.499991
2479.000000 2.499990
2480.000000 2.499989
2481.000000 2.499988
2482.000000 2.499987
2483.000000 2.499986
2484.000000 2.499985
2485.000000 2.499984
2486.000000 2.499983
2487.000000 2.499982
2488.000000 2.499981
2489.000000 2.499981
2490.000000 2.499980
2491.000000 2.499979
2492.000000 2.499978
2493.000000 2.499977
2494.000000 2.499976
2495.000000 2.499976
2496.000000 2.499975
2497.000000 2.499975
2498.000000 2.499975
2499.000000 2.499974
2500.000000 2.499974
