1.000000 0.000000
2.000000 0.000000
3.000000 0.000000
4.000000 0.000000
5.000000 0.000000
6.000000 0.000000
7.000000 0.000000
8.000000 0.000000
9.000000 0.000000
10.000000 0.000000
11.000000 0.000000
12.000000 0.000000
13.000000 0.000000
14.000000 0.000000
15.000000 0.000000
16.000000 0.000000
17.000000 0.000000
18.000000 0.000000
19.000000 0.000000
20.000000 0.000000
21.000000 0.000000
22.000000 0.000000
23.000000 0.000000
24.000000 0.000000
25.000000 0.000000
26.000000 0.000000
27.000000 0.175353
28.000000 0.426330
29.000000 0.688156
30.000000 0.932210
31.000000 1.137333
32.000000 1.301572
33.000000 1.417752
34.000000 1.476291
35.000000 1.494320
36.000000 1.500543
37.000000 1.491885
38.000000 1.475592
39.000000 1.479655
40.000000 1.488682
41.000000 1.502681
42.000000 1.516908
43.000000 1.521692
44.000000 1.531275
45.000000 1.541652
46.000000 1.551549
47.000000 1.556798
48.000000 1.577181
49.000000 1.596439
50.000000 1.601548
51.000000 1.602555
52.000000 1.597275
53.000000 1.586423
54.000000 1.579008
55.000000 1.587100
56.000000 1.581784
57.000000 1.584961
58.000000 1.596796
59.000000 1.607083
60.000000 1.613030
61.000000 1.615811
62.000000 1.613509
63.000000 1.607645
64.000000 1.600164
65.000000 1.586693
66.000000 1.577972
67.000000 1.567727
68.000000 1.566376
69.000000 1.572518
70.000000 1.580395
71.000000 1.587347
72.000000 1.592704
73.000000 1.594552
74.000000 1.599044
75.000000 1.591453
76.000000 1.581701
77.000000 1.586760
78.000000 1.597078
79.000000 1.616370
80.000000 1.631305
81.000000 1.644839
82.000000 1.651574
83.000000 1.636149
84.000000 1.616253
85.000000 1.592063
86.000000 1.577332
87.000000 1.563873
88.000000 1.552214
89.000000 1.556428
90.000000 1.567622
91.000000 1.583421
92.000000 1.592851
93.000000 1.605806
94.000000 1.612805
95.000000 1.615574
96.000000 1.603380
97.000000 1.591966
98.000000 1.580959
99.000000 1.581516
100.000000 1.578724
101.000000 1.584892
102.000000 1.592594
103.000000 1.607132
104.000000 1.619632
105.000000 1.630141
106.000000 1.639340
107.000000 1.639859
108.000000 1.633303
109.000000 1.613395
110.000000 1.602965
111.000000 1.602489
112.000000 1.605405
113.000000 1.611176
114.000000 1.612789
115.000000 1.614236
116.000000 1.592091
117.000000 1.575937
118.000000 1.562792
119.000000 1.558161
120.000000 1.558562
121.000000 1.565094
122.000000 1.586582
123.000000 1.606758
124.000000 1.608070
125.000000 1.607291
126.000000 1.597376
127.000000 1.585632
128.000000 1.586654
129.000000 1.581620
130.000000 1.579313
131.000000 1.591319
132.000000 1.606526
133.000000 1.622382
134.000000 1.639166
135.000000 1.646643
136.000000 1.640925
137.000000 1.627252
138.000000 1.623807
139.000000 1.618988
140.000000 1.623208
141.000000 1.613398
142.000000 1.608155
143.000000 1.600779
144.000000 1.591150
145.000000 1.580427
146.000000 1.570119
147.000000 1.573125
148.000000 1.578610
149.000000 1.585124
150.000000 1.603526
151.000000 1.606847
152.000000 1.613167
153.000000 1.611621
154.000000 1.601375
155.000000 1.593929
156.000000 1.586100
157.000000 1.574864
158.000000 1.564353
159.000000 1.567920
160.000000 1.580986
161.000000 1.579482
162.000000 1.588488
163.000000 1.803325
164.000000 1.979464
165.000000 2.122734
166.000000 2.234048
167.000000 2.224706
168.000000 2.143402
169.000000 2.009053
170.000000 1.837614
171.000000 1.664885
172.000000 1.533860
173.000000 1.451666
174.000000 1.414065
175.000000 1.418539
176.000000 1.450694
177.000000 1.494194
178.000000 1.538926
179.000000 1.583638
180.000000 1.622252
181.000000 1.643107
182.000000 1.639130
183.000000 1.629558
184.000000 1.613226
185.000000 1.598073
186.000000 1.593754
187.000000 1.583170
188.000000 1.574661
189.000000 1.573191
190.000000 1.577807
191.000000 1.578470
192.000000 1.589674
193.000000 1.600777
194.000000 1.604664
195.000000 1.611843
196.000000 1.614208
197.000000 1.607551
198.000000 1.595203
199.000000 1.583374
200.000000 1.578074
201.000000 1.576059
202.000000 1.583919
203.000000 1.582142
204.000000 1.586771
205.000000 1.595961
206.000000 1.598447
207.000000 1.603511
208.000000 1.602890
209.000000 1.606296
210.000000 1.601576
211.000000 1.595289
212.000000 1.592550
213.000000 1.594024
214.000000 1.609736
215.000000 1.627890
216.000000 1.636154
217.000000 1.644452
218.000000 1.656481
219.000000 1.651945
220.000000 1.643901
221.000000 1.624899
222.000000 1.601435
223.000000 1.585190
224.000000 1.576794
225.000000 1.579070
226.000000 1.578594
227.000000 1.582212
228.000000 1.581323
229.000000 1.580141
230.000000 1.575073
231.000000 1.571343
232.000000 1.569730
233.000000 1.567716
234.000000 1.588926
235.000000 1.608520
236.000000 1.625406
237.000000 1.644043
238.000000 1.651181
239.000000 1.653456
240.000000 1.639184
241.000000 1.625345
242.000000 1.620846
243.000000 1.602846
244.000000 1.593037
245.000000 1.594846
246.000000 1.604027
247.000000 1.611736
248.000000 1.612576
249.000000 1.619541
250.000000 1.620237
251.000000 1.613848
252.000000 1.595397
253.000000 1.584107
254.000000 1.579779
255.000000 1.577580
256.000000 1.567448
257.000000 1.568392
258.000000 1.577415
259.000000 1.584774
260.000000 1.591672
261.000000 1.592244
262.000000 1.593396
263.000000 1.588175
264.000000 1.585580
265.000000 1.582209
266.000000 1.578416
267.000000 1.580806
268.000000 1.576729
269.000000 1.573098
270.000000 1.579260
271.000000 1.580752
272.000000 1.582004
273.000000 1.593339
274.000000 1.596149
275.000000 1.609042
276.000000 1.618548
277.000000 1.626029
278.000000 1.630146
279.000000 1.631184
280.000000 1.631544
281.000000 1.621529
282.000000 1.611453
283.000000 1.598654
284.000000 1.585083
285.000000 1.571529
286.000000 1.569630
287.000000 1.577301
288.000000 1.585004
289.000000 1.593394
290.000000 1.593176
291.000000 1.592801
292.000000 1.592890
293.000000 1.592693
294.000000 1.600627
295.000000 1.607641
296.000000 1.609574
297.000000 1.609012
298.000000 1.609773
299.000000 1.599475
300.000000 1.603808
301.000000 1.610802
302.000000 1.614066
303.000000 1.610778
304.000000 1.603959
305.000000 1.603298
306.000000 1.598281
307.000000 1.594465
308.000000 1.606678
309.000000 1.617946
310.000000 1.624659
311.000000 1.627065
312.000000 1.633417
313.000000 1.630602
314.000000 1.625798
315.000000 1.627557
316.000000 1.622810
317.000000 1.618639
318.000000 1.613788
319.000000 1.602857
320.000000 1.591894
321.000000 1.582399
322.000000 1.576285
323.000000 1.585090
324.000000 1.583353
325.000000 1.586554
326.000000 1.586449
327.000000 1.581520
328.000000 1.577336
329.000000 1.571962
330.000000 1.572808
331.000000 1.567923
332.000000 1.580278
333.000000 1.593683
334.000000 1.600195
335.000000 1.606055
336.000000 1.600107
337.000000 1.597736
338.000000 1.588107
339.000000 1.588614
340.000000 1.598420
341.000000 1.602239
342.000000 1.612140
343.000000 1.623130
344.000000 1.631724
345.000000 1.633092
346.000000 1.634347
347.000000 1.628327
348.000000 1.617660
349.000000 1.605631
350.000000 1.593817
351.000000 1.588528
352.000000 1.585151
353.000000 1.586757
354.000000 1.598224
355.000000 1.593643
356.000000 1.592801
357.000000 1.592153
358.000000 1.586415
359.000000 1.581755
360.000000 1.576707
361.000000 1.568432
362.000000 1.564959
363.000000 1.563502
364.000000 1.572995
365.000000 1.580901
366.000000 1.591942
367.000000 1.599332
368.000000 1.605048
369.000000 1.617333
370.000000 1.619695
371.000000 1.613774
372.000000 1.607149
373.000000 1.609404
374.000000 1.617579
375.000000 1.615915
376.000000 1.611198
377.000000 1.612051
378.000000 1.609692
379.000000 1.608750
380.000000 1.613516
381.000000 1.607699
382.000000 1.606617
383.000000 1.605621
384.000000 1.609205
385.000000 1.616476
386.000000 1.618086
387.000000 1.623966
388.000000 1.627926
389.000000 1.611404
390.000000 1.592472
391.000000 1.592901
392.000000 1.596241
393.000000 1.591196
394.000000 1.594875
395.000000 1.601275
396.000000 1.600259
397.000000 1.595580
398.000000 1.589813
399.000000 1.586502
400.000000 1.581457
401.000000 1.578508
402.000000 1.578175
403.000000 1.579416
404.000000 1.586706
405.000000 1.597031
406.000000 1.605479
407.000000 1.611483
408.000000 1.620814
409.000000 1.622584
410.000000 1.627172
411.000000 1.633710
412.000000 1.636801
413.000000 1.628674
414.000000 1.618603
415.000000 1.613283
416.000000 1.604766
417.000000 1.593893
418.000000 1.587643
419.000000 1.574326
420.000000 1.565585
421.000000 1.567102
422.000000 1.571429
423.000000 1.576589
424.000000 1.579586
425.000000 1.587319
426.000000 1.597057
427.000000 1.610361
428.000000 1.621735
429.000000 1.625843
430.000000 1.626111
431.000000 1.625523
432.000000 1.615122
433.000000 1.588785
434.000000 1.575428
435.000000 1.571772
436.000000 1.572595
437.000000 1.580893
438.000000 1.597026
439.000000 1.606646
440.000000 1.605057
441.000000 1.608416
442.000000 1.613427
443.000000 1.609030
444.000000 1.608793
445.000000 1.605630
446.000000 1.597567
447.000000 1.580509
448.000000 1.563169
449.000000 1.564185
450.000000 1.564744
451.000000 1.572734
452.000000 1.588131
453.000000 1.592856
454.000000 1.600896
455.000000 1.613192
456.000000 1.620316
457.000000 1.627543
458.000000 1.644768
459.000000 1.657090
460.000000 1.656518
461.000000 1.642337
462.000000 1.620254
463.000000 1.599410
464.000000 1.591474
465.000000 1.582536
466.000000 1.581621
467.000000 1.581705
468.000000 1.579414
469.000000 1.582706
470.000000 1.575948
471.000000 1.573760
472.000000 1.568705
473.000000 1.564298
474.000000 1.576028
475.000000 1.587366
476.000000 1.600467
477.000000 1.603304
478.000000 1.617029
479.000000 1.617440
480.000000 1.615713
481.000000 1.610763
482.000000 1.599011
483.000000 1.581269
484.000000 1.562699
485.000000 1.546816
486.000000 1.533668
487.000000 1.537174
488.000000 1.548519
489.000000 1.570078
490.000000 1.590537
491.000000 1.613721
492.000000 1.635902
493.000000 1.638032
494.000000 1.630443
495.000000 1.612431
496.000000 1.601741
497.000000 1.588046
498.000000 1.582080
499.000000 1.584550
500.000000 1.584624
501.000000 1.592410
502.000000 1.602695
503.000000 1.615555
504.000000 1.623859
505.000000 1.617372
506.000000 1.615517
507.000000 1.608457
508.000000 1.602062
509.000000 1.600983
510.000000 1.605326
511.000000 1.613932
512.000000 1.633798
513.000000 1.647667
514.000000 1.657562
515.000000 1.649347
516.000000 1.640364
517.000000 1.625490
518.000000 1.611137
519.000000 1.598135
520.000000 1.594740
521.000000 1.598104
522.000000 1.602468
523.000000 1.610963
524.000000 1.622042
525.000000 1.626833
526.000000 1.621078
527.000000 1.614818
528.000000 1.610899
529.000000 1.611097
530.000000 1.613199
531.000000 1.611043
532.000000 1.607142
533.000000 1.600994
534.000000 1.594076
535.000000 1.589186
536.000000 1.580908
537.000000 1.577067
538.000000 1.575226
539.000000 1.577561
540.000000 1.581967
541.000000 1.587835
542.000000 1.600694
543.000000 1.612344
544.000000 1.624183
545.000000 1.628373
546.000000 1.624490
547.000000 1.615557
548.000000 1.611698
549.000000 1.596125
550.000000 1.579463
551.000000 1.568824
552.000000 1.555414
553.000000 1.555418
554.000000 1.565824
555.000000 1.576054
556.000000 1.585281
557.000000 1.593380
558.000000 1.595717
559.000000 1.594489
560.000000 1.591651
561.000000 1.589609
562.000000 1.594348
563.000000 1.607274
564.000000 1.614601
565.000000 1.620372
566.000000 1.616104
567.000000 1.614281
568.000000 1.609912
569.000000 1.608226
570.000000 1.617137
571.000000 1.615360
572.000000 1.620049
573.000000 1.616582
574.000000 1.615516
575.000000 1.624346
576.000000 1.625922
577.000000 1.611498
578.000000 1.600164
579.000000 1.581194
580.000000 1.563348
581.000000 1.550407
582.000000 1.537517
583.000000 1.541054
584.000000 1.554756
585.000000 1.567221
586.000000 1.585315
587.000000 1.603518
588.000000 1.614043
589.000000 1.619679
590.000000 1.613477
591.000000 1.608579
592.000000 1.602138
593.000000 1.592454
594.000000 1.588157
595.000000 1.597346
596.000000 1.599350
597.000000 1.604541
598.000000 1.610829
599.000000 1.621884
600.000000 1.635912
601.000000 1.644339
602.000000 1.643755
603.000000 1.635541
604.000000 1.626761
605.000000 1.612187
606.000000 1.603130
607.000000 1.593722
608.000000 1.587569
609.000000 1.590856
610.000000 1.586543
611.000000 1.585005
612.000000 1.584718
613.000000 1.582500
614.000000 1.571926
615.000000 1.571630
616.000000 1.583130
617.000000 1.596161
618.000000 1.613705
619.000000 1.629732
620.000000 1.627426
621.000000 1.625028
622.000000 1.618953
623.000000 1.597572
624.000000 1.585429
625.000000 1.576747
626.000000 1.569631
627.000000 1.570386
628.000000 1.574144
629.000000 1.590420
630.000000 1.607421
631.000000 1.618639
632.000000 1.626440
633.000000 1.624206
634.000000 1.615436
635.000000 1.604029
636.000000 1.596226
637.000000 1.596815
638.000000 1.600690
639.000000 1.617035
640.000000 1.625852
641.000000 1.630995
642.000000 1.620821
643.000000 1.604033
644.000000 1.597841
645.000000 1.593668
646.000000 1.587740
647.000000 1.585871
648.000000 1.594882
649.000000 1.605185
650.000000 1.620376
651.000000 1.615842
652.000000 1.609425
653.000000 1.591553
654.000000 1.569036
655.000000 1.562370
656.000000 1.553100
657.000000 1.555438
658.000000 1.564833
659.000000 1.584929
660.000000 1.600153
661.000000 1.603571
662.000000 1.613266
663.000000 1.621720
664.000000 1.623191
665.000000 1.618875
666.000000 1.607983
667.000000 1.594640
668.000000 1.585455
669.000000 1.581673
670.000000 1.576408
671.000000 1.583973
672.000000 1.591991
673.000000 1.598790
674.000000 1.608068
675.000000 1.600314
676.000000 1.596405
677.000000 1.587344
678.000000 1.582166
679.000000 1.578420
680.000000 1.582278
681.000000 1.586807
682.000000 1.589976
683.000000 1.589854
684.000000 1.594953
685.000000 1.594513
686.000000 1.610151
687.000000 1.612130
688.000000 1.619225
689.000000 1.633451
690.000000 1.632909
691.000000 1.630009
692.000000 1.623368
693.000000 1.620456
694.000000 1.621442
695.000000 1.623166
696.000000 1.623857
697.000000 1.619633
698.000000 1.609716
699.000000 1.592677
700.000000 1.580421
701.000000 1.565811
702.000000 1.554147
703.000000 1.560491
704.000000 1.573155
705.000000 1.593563
706.000000 1.610622
707.000000 1.629990
708.000000 1.634142
709.000000 1.628373
710.000000 1.619507
711.000000 1.616194
712.000000 1.616147
713.000000 1.604047
714.000000 1.596073
715.000000 1.590845
716.000000 1.589886
717.000000 1.592738
718.000000 1.587985
719.000000 1.579558
720.000000 1.573482
721.000000 1.564528
722.000000 1.552627
723.000000 1.547246
724.000000 1.558980
725.000000 1.577145
726.000000 1.592747
727.000000 1.608544
728.000000 1.624172
729.000000 1.631794
730.000000 1.643841
731.000000 1.646981
732.000000 1.640126
733.000000 1.630401
734.000000 1.622764
735.000000 1.618098
736.000000 1.600096
737.000000 1.582642
738.000000 1.568391
739.000000 1.561435
740.000000 1.562294
741.000000 1.569965
742.000000 1.579902
743.000000 1.588937
744.000000 1.608524
745.000000 1.615241
746.000000 1.623250
747.000000 1.629452
748.000000 1.625427
749.000000 1.624365
750.000000 1.623105
751.000000 1.608343
752.000000 1.591725
753.000000 1.575992
754.000000 1.564312
755.000000 1.559738
756.000000 1.554609
757.000000 1.569528
758.000000 1.583075
759.000000 1.605961
760.000000 1.620879
761.000000 1.623798
762.000000 1.625497
763.000000 1.611414
764.000000 1.595610
765.000000 1.588190
766.000000 1.584911
767.000000 1.594229
768.000000 1.611887
769.000000 1.623316
770.000000 1.634142
771.000000 1.631637
772.000000 1.621498
773.000000 1.620734
774.000000 1.608294
775.000000 1.607136
776.000000 1.604414
777.000000 1.594938
778.000000 1.596352
779.000000 1.597084
780.000000 1.598932
781.000000 1.608692
782.000000 1.613612
783.000000 1.621482
784.000000 1.619351
785.000000 1.617062
786.000000 1.613535
787.000000 1.607043
788.000000 1.601280
789.000000 1.596712
790.000000 1.601810
791.000000 1.607951
792.000000 1.611493
793.000000 1.612007
794.000000 1.599518
795.000000 1.594185
796.000000 1.585937
797.000000 1.570031
798.000000 1.554674
799.000000 1.548432
800.000000 1.545006
801.000000 1.540645
802.000000 1.532774
803.000000 1.542741
804.000000 1.356895
805.000000 1.213997
806.000000 1.098635
807.000000 1.016409
808.000000 1.057737
809.000000 1.152126
810.000000 1.290383
811.000000 1.451358
812.000000 1.595231
813.000000 1.698255
814.000000 1.760000
815.000000 1.765575
816.000000 1.739152
817.000000 1.703834
818.000000 1.652807
819.000000 1.610431
820.000000 1.586217
821.000000 1.578727
822.000000 1.586865
823.000000 1.597806
824.000000 1.609647
825.000000 1.621691
826.000000 1.631097
827.000000 1.630265
828.000000 1.618599
829.000000 1.609970
830.000000 1.607265
831.000000 1.602033
832.000000 1.602008
833.000000 1.600196
834.000000 1.598543
835.000000 1.600815
836.000000 1.610303
837.000000 1.620765
838.000000 1.619391
839.000000 1.621057
840.000000 1.618857
841.000000 1.609167
842.000000 1.605093
843.000000 1.608745
844.000000 1.608356
845.000000 1.611610
846.000000 1.621816
847.000000 1.627329
848.000000 1.622062
849.000000 1.615383
850.000000 1.604329
851.000000 1.592677
852.000000 1.574559
853.000000 1.560516
854.000000 1.551655
855.000000 1.554239
856.000000 1.562847
857.000000 1.569678
858.000000 1.581051
859.000000 1.591982
860.000000 1.599775
861.000000 1.607975
862.000000 1.616653
863.000000 1.616554
864.000000 1.612348
865.000000 1.614705
866.000000 1.611144
867.000000 1.604840
868.000000 1.606433
869.000000 1.599344
870.000000 1.590984
871.000000 1.585206
872.000000 1.577562
873.000000 1.583381
874.000000 1.593524
875.000000 1.604727
876.000000 1.605821
877.000000 1.613362
878.000000 1.609828
879.000000 1.605513
880.000000 1.593706
881.000000 1.582284
882.000000 1.577196
883.000000 1.570921
884.000000 1.578285
885.000000 1.580864
886.000000 1.586299
887.000000 1.588669
888.000000 1.589426
889.000000 1.590386
890.000000 1.588920
891.000000 1.596623
892.000000 1.601516
893.000000 1.610964
894.000000 1.615021
895.000000 1.609669
896.000000 1.602253
897.000000 1.595988
898.000000 1.595894
899.000000 1.603337
900.000000 1.607450
901.000000 1.601344
902.000000 1.596950
903.000000 1.593429
904.000000 1.587121
905.000000 1.586169
906.000000 1.584580
907.000000 1.587927
908.000000 1.588187
909.000000 1.592641
910.000000 1.601861
911.000000 1.597834
912.000000 1.602125
913.000000 1.605987
914.000000 1.606507
915.000000 1.609605
916.000000 1.610891
917.000000 1.612915
918.000000 1.627073
919.000000 1.636574
920.000000 1.640522
921.000000 1.643448
922.000000 1.635409
923.000000 1.633152
924.000000 1.627095
925.000000 1.620706
926.000000 1.608871
927.000000 1.593978
928.000000 1.582043
929.000000 1.573157
930.000000 1.575102
931.000000 1.577633
932.000000 1.579869
933.000000 1.580085
934.000000 1.583810
935.000000 1.580988
936.000000 1.573941
937.000000 1.567934
938.000000 1.572104
939.000000 1.576964
940.000000 1.591736
941.000000 1.602275
942.000000 1.609971
943.000000 1.617792
944.000000 1.623917
945.000000 1.628179
946.000000 1.636842
947.000000 1.645029
948.000000 1.650990
949.000000 1.651106
950.000000 1.640790
951.000000 1.636892
952.000000 1.626055
953.000000 1.620661
954.000000 1.612015
955.000000 1.600543
956.000000 1.588154
957.000000 1.578473
958.000000 1.570861
959.000000 1.562194
960.000000 1.557872
961.000000 1.556053
962.000000 1.564900
963.000000 1.573920
964.000000 1.583619
965.000000 1.600284
966.000000 1.602131
967.000000 1.609012
968.000000 1.611909
969.000000 1.600639
970.000000 1.591167
971.000000 1.585441
972.000000 1.577274
973.000000 1.566916
974.000000 1.566836
975.000000 1.564101
976.000000 1.563744
977.000000 1.563060
978.000000 1.562861
979.000000 1.568955
980.000000 1.586105
981.000000 1.597543
982.000000 1.606206
983.000000 1.619437
984.000000 1.624512
985.000000 1.627663
986.000000 1.624776
987.000000 1.619832
988.000000 1.607982
989.000000 1.608441
990.000000 1.604610
991.000000 1.600402
992.000000 1.602321
993.000000 1.610388
994.000000 1.613078
995.000000 1.622973
996.000000 1.622756
997.000000 1.617071
998.000000 1.620162
999.000000 1.617073
1000.000000 1.609688
1001.000000 1.604668
1002.000000 1.606291
1003.000000 1.601133
1004.000000 1.590302
1005.000000 1.586724
1006.000000 1.582634
1007.000000 1.557700
1008.000000 1.515499
1009.000000 1.474538
1010.000000 1.445893
1011.000000 1.425918
1012.000000 1.414435
1013.000000 1.403484
1014.000000 1.396691
1015.000000 1.393563
1016.000000 1.395340
1017.000000 1.396502
1018.000000 1.413667
1019.000000 1.433444
1020.000000 1.445118
1021.000000 1.452189
1022.000000 1.445850
1023.000000 1.437695
1024.000000 1.415552
1025.000000 1.407000
1026.000000 1.399362
1027.000000 1.393023
1028.000000 1.394200
1029.000000 1.395108
1030.000000 1.390972
1031.000000 1.394155
1032.000000 1.406584
1033.000000 1.411504
1034.000000 1.420023
1035.000000 1.421835
1036.000000 1.419352
1037.000000 1.410399
1038.000000 1.401016
1039.000000 1.388712
1040.000000 1.378059
1041.000000 1.380744
1042.000000 1.379246
1043.000000 1.587980
1044.000000 1.757248
1045.000000 1.895774
1046.000000 2.013658
1047.000000 2.010161
1048.000000 1.943757
1049.000000 1.824140
1050.000000 1.668039
1051.000000 1.511161
1052.000000 1.365471
1053.000000 1.277286
1054.000000 1.223869
1055.000000 1.206715
1056.000000 1.227701
1057.000000 1.278491
1058.000000 1.332536
1059.000000 1.385797
1060.000000 1.423409
1061.000000 1.451130
1062.000000 1.466599
1063.000000 1.468971
1064.000000 1.462670
1065.000000 1.445463
1066.000000 1.417401
1067.000000 1.380858
1068.000000 1.357242
1069.000000 1.335956
1070.000000 1.325130
1071.000000 1.337903
1072.000000 1.354716
1073.000000 1.377256
1074.000000 1.407338
1075.000000 1.429859
1076.000000 1.444204
1077.000000 1.445473
1078.000000 1.438475
1079.000000 1.431976
1080.000000 1.419479
1081.000000 1.407295
1082.000000 1.396658
1083.000000 1.385300
1084.000000 1.386757
1085.000000 1.393434
1086.000000 1.390381
1087.000000 1.386760
1088.000000 1.383577
1089.000000 1.381067
1090.000000 1.381658
1091.000000 1.378288
1092.000000 1.383413
1093.000000 1.393138
1094.000000 1.399144
1095.000000 1.403258
1096.000000 1.404099
1097.000000 1.407122
1098.000000 1.412378
1099.000000 1.409613
1100.000000 1.401742
1101.000000 1.392404
1102.000000 1.380889
1103.000000 1.380670
1104.000000 1.385358
1105.000000 1.392689
1106.000000 1.390004
1107.000000 1.389599
1108.000000 1.387680
1109.000000 1.384222
1110.000000 1.392141
1111.000000 1.405480
1112.000000 1.421555
1113.000000 1.431787
1114.000000 1.441133
1115.000000 1.440861
1116.000000 1.431770
1117.000000 1.422521
1118.000000 1.407522
1119.000000 1.397115
1120.000000 1.386863
1121.000000 1.391251
1122.000000 1.393392
1123.000000 1.390323
1124.000000 1.398316
1125.000000 1.402895
1126.000000 1.407083
1127.000000 1.412886
1128.000000 1.412224
1129.000000 1.415978
1130.000000 1.415190
1131.000000 1.424625
1132.000000 1.422454
1133.000000 1.408432
1134.000000 1.405718
1135.000000 1.384126
1136.000000 1.373659
1137.000000 1.366347
1138.000000 1.364020
1139.000000 1.365483
1140.000000 1.376438
1141.000000 1.382114
1142.000000 1.383129
1143.000000 1.394147
1144.000000 1.397852
1145.000000 1.399139
1146.000000 1.403787
1147.000000 1.420063
1148.000000 1.426121
1149.000000 1.421758
1150.000000 1.409472
1151.000000 1.397659
1152.000000 1.385198
1153.000000 1.382896
1154.000000 1.386474
1155.000000 1.396763
1156.000000 1.398011
1157.000000 1.407425
1158.000000 1.399762
1159.000000 1.384089
1160.000000 1.372175
1161.000000 1.365693
1162.000000 1.370912
1163.000000 1.388818
1164.000000 1.405340
1165.000000 1.432855
1166.000000 1.435840
1167.000000 1.441154
1168.000000 1.440143
1169.000000 1.425773
1170.000000 1.415411
1171.000000 1.398437
1172.000000 1.377351
1173.000000 1.359890
1174.000000 1.346827
1175.000000 1.345524
1176.000000 1.346061
1177.000000 1.350741
1178.000000 1.363188
1179.000000 1.381454
1180.000000 1.397436
1181.000000 1.414546
1182.000000 1.431222
1183.000000 1.430620
1184.000000 1.430273
1185.000000 1.432218
1186.000000 1.430942
1187.000000 1.430187
1188.000000 1.434019
1189.000000 1.441523
1190.000000 1.433680
1191.000000 1.425963
1192.000000 1.407463
1193.000000 1.392613
1194.000000 1.382214
1195.000000 1.383651
1196.000000 1.388644
1197.000000 1.386349
1198.000000 1.397520
1199.000000 1.403786
1200.000000 1.398772
1201.000000 1.394653
1202.000000 1.385034
1203.000000 1.392015
1204.000000 1.194816
1205.000000 1.036410
1206.000000 0.902580
1207.000000 0.793558
1208.000000 0.807346
1209.000000 0.888222
1210.000000 1.026333
1211.000000 1.200143
1212.000000 1.359785
1213.000000 1.472292
1214.000000 1.536904
1215.000000 1.559410
1216.000000 1.547330
1217.000000 1.512780
1218.000000 1.467233
1219.000000 1.437060
1220.000000 1.413667
1221.000000 1.391195
1222.000000 1.383692
1223.000000 1.392349
1224.000000 1.402069
1225.000000 1.402970
1226.000000 1.413826
1227.000000 1.418956
1228.000000 1.418173
1229.000000 1.413324
1230.000000 1.400034
1231.000000 1.399035
1232.000000 1.405270
1233.000000 1.408340
1234.000000 1.413629
1235.000000 1.415709
1236.000000 1.412430
1237.000000 1.410225
1238.000000 1.396049
1239.000000 1.383669
1240.000000 1.368814
1241.000000 1.360960
1242.000000 1.372733
1243.000000 1.385190
1244.000000 1.399057
1245.000000 1.401651
1246.000000 1.403444
1247.000000 1.415462
1248.000000 1.416772
1249.000000 1.419595
1250.000000 1.423531
1251.000000 1.421579
1252.000000 1.416575
1253.000000 1.408283
1254.000000 1.399671
1255.000000 1.401436
1256.000000 1.402205
1257.000000 1.407570
1258.000000 1.405222
1259.000000 1.399028
1260.000000 1.395347
1261.000000 1.388402
1262.000000 1.383524
1263.000000 1.386798
1264.000000 1.390807
1265.000000 1.395907
1266.000000 1.399832
1267.000000 1.403928
1268.000000 1.403837
1269.000000 1.395662
1270.000000 1.387286
1271.000000 1.384247
1272.000000 1.377375
1273.000000 1.379086
1274.000000 1.388784
1275.000000 1.406792
1276.000000 1.421809
1277.000000 1.426637
1278.000000 1.424904
1279.000000 1.427216
1280.000000 1.416800
1281.000000 1.396771
1282.000000 1.381047
1283.000000 1.376623
1284.000000 1.380654
1285.000000 1.389085
1286.000000 1.389456
1287.000000 1.380861
1288.000000 1.380080
1289.000000 1.373706
1290.000000 1.378915
1291.000000 1.382006
1292.000000 1.388266
1293.000000 1.403875
1294.000000 1.419871
1295.000000 1.427250
1296.000000 1.425680
1297.000000 1.418782
1298.000000 1.414964
1299.000000 1.404420
1300.000000 1.403211
1301.000000 1.404421
1302.000000 1.399743
1303.000000 1.402848
1304.000000 1.394867
1305.000000 1.389710
1306.000000 1.387913
1307.000000 1.392287
1308.000000 1.388363
1309.000000 1.390298
1310.000000 1.399314
1311.000000 1.407744
1312.000000 1.410511
1313.000000 1.404071
1314.000000 1.413757
1315.000000 1.418292
1316.000000 1.413656
1317.000000 1.410105
1318.000000 1.401789
1319.000000 1.397966
1320.000000 1.406503
1321.000000 1.417817
1322.000000 1.428395
1323.000000 1.436494
1324.000000 1.437777
1325.000000 1.446178
1326.000000 1.443637
1327.000000 1.443031
1328.000000 1.423148
1329.000000 1.398781
1330.000000 1.380049
1331.000000 1.354892
1332.000000 1.344666
1333.000000 1.339911
1334.000000 1.346520
1335.000000 1.365209
1336.000000 1.380799
1337.000000 1.408305
1338.000000 1.417171
1339.000000 1.416476
1340.000000 1.414446
1341.000000 1.406445
1342.000000 1.397018
1343.000000 1.380528
1344.000000 1.371334
1345.000000 1.378883
1346.000000 1.381080
1347.000000 1.389262
1348.000000 1.392862
1349.000000 1.395473
1350.000000 1.401281
1351.000000 1.394951
1352.000000 1.398998
1353.000000 1.404586
1354.000000 1.411044
1355.000000 1.409927
1356.000000 1.402956
1357.000000 1.394338
1358.000000 1.392132
1359.000000 1.394520
1360.000000 1.396986
1361.000000 1.400302
1362.000000 1.403957
1363.000000 1.400579
1364.000000 1.401098
1365.000000 1.411511
1366.000000 1.422088
1367.000000 1.421009
1368.000000 1.410121
1369.000000 1.396680
1370.000000 1.381428
1371.000000 1.379037
1372.000000 1.374215
1373.000000 1.374217
1374.000000 1.385316
1375.000000 1.389077
1376.000000 1.392634
1377.000000 1.395792
1378.000000 1.398417
1379.000000 1.394523
1380.000000 1.397439
1381.000000 1.395594
1382.000000 1.397637
1383.000000 1.393714
1384.000000 1.410600
1385.000000 1.422922
1386.000000 1.431902
1387.000000 1.427821
1388.000000 1.424264
1389.000000 1.412830
1390.000000 1.396525
1391.000000 1.382416
1392.000000 1.376803
1393.000000 1.373145
1394.000000 1.377481
1395.000000 1.392423
1396.000000 1.394286
1397.000000 1.400151
1398.000000 1.403040
1399.000000 1.399382
1400.000000 1.395118
1401.000000 1.393499
1402.000000 1.393539
1403.000000 1.402673
1404.000000 1.409543
1405.000000 1.414649
1406.000000 1.416644
1407.000000 1.412597
1408.000000 1.410788
1409.000000 1.396183
1410.000000 1.389694
1411.000000 1.392101
1412.000000 1.387143
1413.000000 1.401392
1414.000000 1.405846
1415.000000 1.399299
1416.000000 1.402834
1417.000000 1.408674
1418.000000 1.418271
1419.000000 1.423896
1420.000000 1.439668
1421.000000 1.440219
1422.000000 1.426693
1423.000000 1.409364
1424.000000 1.398086
1425.000000 1.384909
1426.000000 1.387575
1427.000000 1.386079
1428.000000 1.390114
1429.000000 1.394287
1430.000000 1.401492
1431.000000 1.414954
1432.000000 1.418880
1433.000000 1.417226
1434.000000 1.412016
1435.000000 1.394592
1436.000000 1.384219
1437.000000 1.367592
1438.000000 1.355793
1439.000000 1.359255
1440.000000 1.370445
1441.000000 1.393349
1442.000000 1.402115
1443.000000 1.405351
1444.000000 1.411668
1445.000000 1.412225
1446.000000 1.410747
1447.000000 1.412060
1448.000000 1.412853
1449.000000 1.409332
1450.000000 1.410358
1451.000000 1.404835
1452.000000 1.393902
1453.000000 1.373860
1454.000000 1.362221
1455.000000 1.360748
1456.000000 1.356562
1457.000000 1.367966
1458.000000 1.382926
1459.000000 1.406572
1460.000000 1.435983
1461.000000 1.453286
1462.000000 1.460218
1463.000000 1.450848
1464.000000 1.435051
1465.000000 1.407953
1466.000000 1.378028
1467.000000 1.349398
1468.000000 1.343126
1469.000000 1.337591
1470.000000 1.351132
1471.000000 1.377545
1472.000000 1.390783
1473.000000 1.407473
1474.000000 1.428976
1475.000000 1.430174
1476.000000 1.436338
1477.000000 1.425957
1478.000000 1.405656
1479.000000 1.394336
1480.000000 1.383650
1481.000000 1.381228
1482.000000 1.391742
1483.000000 1.396557
1484.000000 1.412218
1485.000000 1.419028
1486.000000 1.419282
1487.000000 1.420352
1488.000000 1.415707
1489.000000 1.405965
1490.000000 1.400867
1491.000000 1.397570
1492.000000 1.396104
1493.000000 1.405585
1494.000000 1.410740
1495.000000 1.414690
1496.000000 1.421284
1497.000000 1.430175
1498.000000 1.434207
1499.000000 1.428359
1500.000000 1.418756
1501.000000 1.413635
1502.000000 1.402019
1503.000000 1.392708
1504.000000 1.379772
1505.000000 1.377150
1506.000000 1.379853
1507.000000 1.499018
1508.000000 1.669719
1509.000000 1.859723
1510.000000 2.043242
1511.000000 2.194071
1512.000000 2.323149
1513.000000 2.408836
1514.000000 2.437773
1515.000000 2.448561
1516.000000 2.434461
1517.000000 2.424822
1518.000000 2.411233
1519.000000 2.402727
1520.000000 2.410885
1521.000000 2.425780
1522.000000 2.447124
1523.000000 2.468092
1524.000000 2.486703
1525.000000 2.502189
1526.000000 2.499198
1527.000000 2.497779
1528.000000 2.476754
1529.000000 2.455557
1530.000000 2.443933
1531.000000 2.438465
1532.000000 2.446116
1533.000000 2.460024
1534.000000 2.477766
1535.000000 2.489366
1536.000000 2.501159
1537.000000 2.507410
1538.000000 2.507264
1539.000000 2.506564
1540.000000 2.505980
1541.000000 2.501250
1542.000000 2.500365
1543.000000 2.503744
1544.000000 2.502141
1545.000000 2.510091
1546.000000 2.516736
1547.000000 2.522843
1548.000000 2.525965
1549.000000 2.520059
1550.000000 2.509020
1551.000000 2.497263
1552.000000 2.495361
1553.000000 2.495731
1554.000000 2.497398
1555.000000 2.496338
1556.000000 2.496225
1557.000000 2.499475
1558.000000 2.495753
1559.000000 2.497222
1560.000000 2.503757
1561.000000 2.500959
1562.000000 2.500265
1563.000000 2.489395
1564.000000 2.480478
1565.000000 2.471607
1566.000000 2.471182
1567.000000 2.477046
1568.000000 2.480544
1569.000000 2.488663
1570.000000 2.505309
1571.000000 2.511953
1572.000000 2.514880
1573.000000 2.514826
1574.000000 2.512924
1575.000000 2.517466
1576.000000 2.519673
1577.000000 2.504226
1578.000000 2.497859
1579.000000 2.481232
1580.000000 2.466159
1581.000000 2.468500
1582.000000 2.468886
1583.000000 2.478219
1584.000000 2.495682
1585.000000 2.504518
1586.000000 2.508400
1587.000000 2.505498
1588.000000 2.498781
1589.000000 2.495543
1590.000000 2.497790
1591.000000 2.489004
1592.000000 2.493938
1593.000000 2.507669
1594.000000 2.515179
1595.000000 2.513837
1596.000000 2.508876
1597.000000 2.503821
1598.000000 2.504259
1599.000000 2.500885
1600.000000 2.496332
1601.000000 2.491222
1602.000000 2.481881
1603.000000 2.484459
1604.000000 2.491482
1605.000000 2.497960
1606.000000 2.500335
1607.000000 2.510357
1608.000000 2.512062
1609.000000 2.522281
1610.000000 2.529614
1611.000000 2.533022
1612.000000 2.526138
1613.000000 2.523964
1614.000000 2.515657
1615.000000 2.499927
1616.000000 2.493589
1617.000000 2.482366
1618.000000 2.467803
1619.000000 2.464489
1620.000000 2.468325
1621.000000 2.488291
1622.000000 2.507434
1623.000000 2.525291
1624.000000 2.529645
1625.000000 2.531526
1626.000000 2.534985
1627.000000 2.521820
1628.000000 2.511892
1629.000000 2.501957
1630.000000 2.484197
1631.000000 2.482707
1632.000000 2.486166
1633.000000 2.496468
1634.000000 2.499910
1635.000000 2.513288
1636.000000 2.521357
1637.000000 2.520022
1638.000000 2.514415
1639.000000 2.508877
1640.000000 2.506401
1641.000000 2.502066
1642.000000 2.504547
1643.000000 2.706770
1644.000000 2.869003
1645.000000 3.019966
1646.000000 3.130691
1647.000000 3.114229
1648.000000 3.032194
1649.000000 2.907977
1650.000000 2.747591
1651.000000 2.600590
1652.000000 2.480664
1653.000000 2.399352
1654.000000 2.349134
1655.000000 2.334422
1656.000000 2.349617
1657.000000 2.379521
1658.000000 2.418365
1659.000000 2.459788
1660.000000 2.488558
1661.000000 2.505894
1662.000000 2.508000
1663.000000 2.502438
1664.000000 2.498140
1665.000000 2.499158
1666.000000 2.502013
1667.000000 2.499907
1668.000000 2.503026
1669.000000 2.501868
1670.000000 2.487204
1671.000000 2.469778
1672.000000 2.449204
1673.000000 2.429430
1674.000000 2.430202
1675.000000 2.443359
1676.000000 2.454593
1677.000000 2.483629
1678.000000 2.502979
1679.000000 2.511408
1680.000000 2.519179
1681.000000 2.521324
1682.000000 2.525895
1683.000000 2.521268
1684.000000 2.519010
1685.000000 2.509176
1686.000000 2.504202
1687.000000 2.500256
1688.000000 2.487465
1689.000000 2.481693
1690.000000 2.479317
1691.000000 2.477262
1692.000000 2.488620
1693.000000 2.492236
1694.000000 2.487942
1695.000000 2.483159
1696.000000 2.478172
1697.000000 2.475319
1698.000000 2.464502
1699.000000 2.456024
1700.000000 2.463766
1701.000000 2.470926
1702.000000 2.478067
1703.000000 2.491088
1704.000000 2.492318
1705.000000 2.498112
1706.000000 2.500041
1707.000000 2.500918
1708.000000 2.494781
1709.000000 2.490146
1710.000000 2.490233
1711.000000 2.498072
1712.000000 2.499071
1713.000000 2.511914
1714.000000 2.525530
1715.000000 2.529991
1716.000000 2.530841
1717.000000 2.529535
1718.000000 2.516732
1719.000000 2.516732
1720.000000 2.510597
1721.000000 2.506205
1722.000000 2.510247
1723.000000 2.520517
1724.000000 2.517009
1725.000000 2.519411
1726.000000 2.526078
1727.000000 2.526768
1728.000000 2.527765
1729.000000 2.524856
1730.000000 2.515177
1731.000000 2.511508
1732.000000 2.518488
1733.000000 2.522810
1734.000000 2.521968
1735.000000 2.525194
1736.000000 2.531218
1737.000000 2.529469
1738.000000 2.525193
1739.000000 2.514241
1740.000000 2.501762
1741.000000 2.487103
1742.000000 2.474846
1743.000000 2.479296
1744.000000 2.484726
1745.000000 2.494724
1746.000000 2.495903
1747.000000 2.498470
1748.000000 2.505937
1749.000000 2.510859
1750.000000 2.514040
1751.000000 2.513802
1752.000000 2.523152
1753.000000 2.519784
1754.000000 2.511325
1755.000000 2.494733
1756.000000 2.479435
1757.000000 2.471862
1758.000000 2.475358
1759.000000 2.469134
1760.000000 2.462413
1761.000000 2.464192
1762.000000 2.470936
1763.000000 2.482476
1764.000000 2.492970
1765.000000 2.515691
1766.000000 2.523539
1767.000000 2.532046
1768.000000 2.523410
1769.000000 2.501746
1770.000000 2.492333
1771.000000 2.487207
1772.000000 2.485828
1773.000000 2.481952
1774.000000 2.480790
1775.000000 2.475553
1776.000000 2.472907
1777.000000 2.478738
1778.000000 2.482317
1779.000000 2.488904
1780.000000 2.493760
1781.000000 2.503333
1782.000000 2.517093
1783.000000 2.533790
1784.000000 2.539293
1785.000000 2.535264
1786.000000 2.528154
1787.000000 2.512499
1788.000000 2.503585
1789.000000 2.506618
1790.000000 2.511297
1791.000000 2.519714
1792.000000 2.520265
1793.000000 2.509286
1794.000000 2.506061
1795.000000 2.497006
1796.000000 2.497460
1797.000000 2.494906
1798.000000 2.491172
1799.000000 2.491849
1800.000000 2.488133
1801.000000 2.486917
1802.000000 2.485306
1803.000000 2.485177
1804.000000 2.489505
1805.000000 2.490626
1806.000000 2.492889
1807.000000 2.501152
1808.000000 2.508280
1809.000000 2.512696
1810.000000 2.518857
1811.000000 2.516757
1812.000000 2.517127
1813.000000 2.521756
1814.000000 2.514860
1815.000000 2.502214
1816.000000 2.492777
1817.000000 2.472558
1818.000000 2.459298
1819.000000 2.455821
1820.000000 2.456312
1821.000000 2.460618
1822.000000 2.469497
1823.000000 2.489320
1824.000000 2.514145
1825.000000 2.534493
1826.000000 2.539033
1827.000000 2.534318
1828.000000 2.520151
1829.000000 2.501462
1830.000000 2.480765
1831.000000 2.464786
1832.000000 2.466121
1833.000000 2.475597
1834.000000 2.489099
1835.000000 2.504885
1836.000000 2.500949
1837.000000 2.514397
1838.000000 2.515833
1839.000000 2.512687
1840.000000 2.510065
1841.000000 2.504777
1842.000000 2.497523
1843.000000 2.492291
1844.000000 2.486691
1845.000000 2.485844
1846.000000 2.498321
1847.000000 2.509277
1848.000000 2.516194
1849.000000 2.515171
1850.000000 2.519593
1851.000000 2.523462
1852.000000 2.511365
1853.000000 2.502505
1854.000000 2.495179
1855.000000 2.490494
1856.000000 2.487300
1857.000000 2.486867
1858.000000 2.495125
1859.000000 2.494383
1860.000000 2.492924
1861.000000 2.494426
1862.000000 2.497287
1863.000000 2.500396
1864.000000 2.506520
1865.000000 2.514350
1866.000000 2.509051
1867.000000 2.499654
1868.000000 2.498859
1869.000000 2.485886
1870.000000 2.475589
1871.000000 2.469872
1872.000000 2.476732
1873.000000 2.479847
1874.000000 2.485339
1875.000000 2.502726
1876.000000 2.508932
1877.000000 2.506006
1878.000000 2.502828
1879.000000 2.505369
1880.000000 2.504114
1881.000000 2.506271
1882.000000 2.512532
1883.000000 2.513798
1884.000000 2.518105
1885.000000 2.522829
1886.000000 2.518950
1887.000000 2.513374
1888.000000 2.509861
1889.000000 2.499357
1890.000000 2.499798
1891.000000 2.503627
1892.000000 2.517442
1893.000000 2.527798
1894.000000 2.525551
1895.000000 2.527421
1896.000000 2.519828
1897.000000 2.512307
1898.000000 2.498209
1899.000000 2.485565
1900.000000 2.484549
1901.000000 2.478496
1902.000000 2.473927
1903.000000 2.478086
1904.000000 2.479749
1905.000000 2.481204
1906.000000 2.481927
1907.000000 2.482307
1908.000000 2.496461
1909.000000 2.506378
1910.000000 2.505768
1911.000000 2.502422
1912.000000 2.490887
1913.000000 2.471702
1914.000000 2.460620
1915.000000 2.458349
1916.000000 2.454893
1917.000000 2.460046
1918.000000 2.475556
1919.000000 2.492214
1920.000000 2.507237
1921.000000 2.524111
1922.000000 2.534381
1923.000000 2.543410
1924.000000 2.542778
1925.000000 2.530500
1926.000000 2.516049
1927.000000 2.507333
1928.000000 2.496015
1929.000000 2.486030
1930.000000 2.488070
1931.000000 2.488595
1932.000000 2.503981
1933.000000 2.509167
1934.000000 2.509753
1935.000000 2.519503
1936.000000 2.525252
1937.000000 2.532444
1938.000000 2.535045
1939.000000 2.520648
1940.000000 2.502255
1941.000000 2.479747
1942.000000 2.455119
1943.000000 2.442477
1944.000000 2.439508
1945.000000 2.447648
1946.000000 2.448031
1947.000000 2.456559
1948.000000 2.474440
1949.000000 2.497429
1950.000000 2.513343
1951.000000 2.524591
1952.000000 2.531040
1953.000000 2.522827
1954.000000 2.512891
1955.000000 2.494131
1956.000000 2.483134
1957.000000 2.486604
1958.000000 2.496159
1959.000000 2.505530
1960.000000 2.505312
1961.000000 2.499664
1962.000000 2.496541
1963.000000 2.499616
1964.000000 2.506549
1965.000000 2.507113
1966.000000 2.514425
1967.000000 2.520227
1968.000000 2.525114
1969.000000 2.528030
1970.000000 2.521345
1971.000000 2.522708
1972.000000 2.527376
1973.000000 2.514997
1974.000000 2.500887
1975.000000 2.483386
1976.000000 2.477513
1977.000000 2.481694
1978.000000 2.482486
1979.000000 2.487788
1980.000000 2.493057
1981.000000 2.491262
1982.000000 2.492232
1983.000000 2.485750
1984.000000 2.480278
1985.000000 2.477697
1986.000000 2.476757
1987.000000 2.485728
1988.000000 2.486789
1989.000000 2.487091
1990.000000 2.488522
1991.000000 2.496461
1992.000000 2.514122
1993.000000 2.527963
1994.000000 2.534593
1995.000000 2.539234
1996.000000 2.542778
1997.000000 2.533083
1998.000000 2.508784
1999.000000 2.482774
2000.000000 2.466890
2001.000000 2.454118
2002.000000 2.452835
2003.000000 2.454194
2004.000000 2.269936
2005.000000 2.122375
2006.000000 1.998717
2007.000000 1.898889
2008.000000 1.924048
2009.000000 2.002413
2010.000000 2.131725
2011.000000 2.295164
2012.000000 2.448008
2013.000000 2.575483
2014.000000 2.652547
2015.000000 2.676413
2016.000000 2.659871
2017.000000 2.617187
2018.000000 2.568559
2019.000000 2.525321
2020.000000 2.495235
2021.000000 2.470690
2022.000000 2.457568
2023.000000 2.472291
2024.000000 2.495551
2025.000000 2.520851
2026.000000 2.537322
2027.000000 2.545426
2028.000000 2.550118
2029.000000 2.549206
2030.000000 2.547333
2031.000000 2.541499
2032.000000 2.524105
2033.000000 2.502697
2034.000000 2.487665
2035.000000 2.474672
2036.000000 2.466064
2037.000000 2.472588
2038.000000 2.488500
2039.000000 2.510680
2040.000000 2.523387
2041.000000 2.533314
2042.000000 2.533446
2043.000000 2.517953
2044.000000 2.498254
2045.000000 2.486074
2046.000000 2.487703
2047.000000 2.486312
2048.000000 2.487803
2049.000000 2.492816
2050.000000 2.492351
2051.000000 2.493201
2052.000000 2.488741
2053.000000 2.483138
2054.000000 2.487564
2055.000000 2.499518
2056.000000 2.516554
2057.000000 2.520876
2058.000000 2.523561
2059.000000 2.520639
2060.000000 2.517317
2061.000000 2.507862
2062.000000 2.496993
2063.000000 2.489146
2064.000000 2.482252
2065.000000 2.484407
2066.000000 2.481400
2067.000000 2.484818
2068.000000 2.481103
2069.000000 2.477765
2070.000000 2.480680
2071.000000 2.480515
2072.000000 2.486788
2073.000000 2.496645
2074.000000 2.497695
2075.000000 2.503781
2076.000000 2.504285
2077.000000 2.498066
2078.000000 2.502323
2079.000000 2.507502
2080.000000 2.502103
2081.000000 2.500556
2082.000000 2.501208
2083.000000 2.504000
2084.000000 2.503809
2085.000000 2.511061
2086.000000 2.519842
2087.000000 2.508292
2088.000000 2.494023
2089.000000 2.485981
2090.000000 2.484425
2091.000000 2.487964
2092.000000 2.492283
2093.000000 2.498127
2094.000000 2.507423
2095.000000 2.515993
2096.000000 2.527215
2097.000000 2.532330
2098.000000 2.524360
2099.000000 2.520024
2100.000000 2.513977
2101.000000 2.511266
2102.000000 2.503877
2103.000000 2.497369
2104.000000 2.488161
2105.000000 2.490363
2106.000000 2.487623
2107.000000 2.490106
2108.000000 2.490272
2109.000000 2.493254
2110.000000 2.491436
2111.000000 2.491984
2112.000000 2.491381
2113.000000 2.496031
2114.000000 2.495303
2115.000000 2.495125
2116.000000 2.494167
2117.000000 2.502023
2118.000000 2.510304
2119.000000 2.515147
2120.000000 2.518679
2121.000000 2.507430
2122.000000 2.498968
2123.000000 2.493228
2124.000000 2.495340
2125.000000 2.501299
2126.000000 2.499712
2127.000000 2.501551
2128.000000 2.502090
2129.000000 2.500459
2130.000000 2.497813
2131.000000 2.484561
2132.000000 2.473940
2133.000000 2.469338
2134.000000 2.469088
2135.000000 2.474183
2136.000000 2.480780
2137.000000 2.486715
2138.000000 2.493551
2139.000000 2.506084
2140.000000 2.505777
2141.000000 2.502826
2142.000000 2.501943
2143.000000 2.511925
2144.000000 2.516738
2145.000000 2.518590
2146.000000 2.518454
2147.000000 2.526788
2148.000000 2.532804
2149.000000 2.529860
2150.000000 2.522435
2151.000000 2.505962
2152.000000 2.495082
2153.000000 2.491925
2154.000000 2.491156
2155.000000 2.502372
2156.000000 2.508360
2157.000000 2.517696
2158.000000 2.520076
2159.000000 2.522779
2160.000000 2.523522
2161.000000 2.515497
2162.000000 2.506899
2163.000000 2.499125
2164.000000 2.491629
2165.000000 2.494681
2166.000000 2.503801
2167.000000 2.512288
2168.000000 2.517329
2169.000000 2.521542
2170.000000 2.527887
2171.000000 2.521583
2172.000000 2.520341
2173.000000 2.519521
2174.000000 2.516180
2175.000000 2.505928
2176.000000 2.505215
2177.000000 2.510295
2178.000000 2.516442
2179.000000 2.519694
2180.000000 2.512250
2181.000000 2.514675
2182.000000 2.505313
2183.000000 2.498261
2184.000000 2.489395
2185.000000 2.490577
2186.000000 2.495446
2187.000000 2.495933
2188.000000 2.499100
2189.000000 2.490084
2190.000000 2.497749
2191.000000 2.497192
2192.000000 2.496417
2193.000000 2.492532
2194.000000 2.482721
2195.000000 2.484725
2196.000000 2.486594
2197.000000 2.490019
2198.000000 2.489986
2199.000000 2.495264
2200.000000 2.487997
2201.000000 2.482438
2202.000000 2.478015
2203.000000 2.474608
2204.000000 2.476987
2205.000000 2.482886
2206.000000 2.493702
2207.000000 2.505801
2208.000000 2.512152
2209.000000 2.508531
2210.000000 2.514851
2211.000000 2.515518
2212.000000 2.513413
2213.000000 2.517323
2214.000000 2.522327
2215.000000 2.522443
2216.000000 2.519755
2217.000000 2.515580
2218.000000 2.505605
2219.000000 2.494190
2220.000000 2.485988
2221.000000 2.483618
2222.000000 2.487446
2223.000000 2.491577
2224.000000 2.497301
2225.000000 2.503053
2226.000000 2.506447
2227.000000 2.511419
2228.000000 2.515335
2229.000000 2.518630
2230.000000 2.515788
2231.000000 2.502747
2232.000000 2.481835
2233.000000 2.463841
2234.000000 2.463870
2235.000000 2.473369
2236.000000 2.481717
2237.000000 2.495569
2238.000000 2.501832
2239.000000 2.503722
2240.000000 2.498408
2241.000000 2.491216
2242.000000 2.478521
2243.000000 2.477140
2244.000000 2.471683
2245.000000 2.473839
2246.000000 2.472647
2247.000000 2.483241
2248.000000 2.490697
2249.000000 2.502344
2250.000000 2.519036
2251.000000 2.530631
2252.000000 2.539528
2253.000000 2.541743
2254.000000 2.532500
2255.000000 2.521631
2256.000000 2.504407
2257.000000 2.484195
2258.000000 2.474988
2259.000000 2.465528
2260.000000 2.472192
2261.000000 2.488578
2262.000000 2.516249
2263.000000 2.536375
2264.000000 2.537986
2265.000000 2.530508
2266.000000 2.517798
2267.000000 2.505118
2268.000000 2.488518
2269.000000 2.480828
2270.000000 2.481171
2271.000000 2.474002
2272.000000 2.480026
2273.000000 2.479759
2274.000000 2.485467
2275.000000 2.501208
2276.000000 2.502152
2277.000000 2.496533
2278.000000 2.508558
2279.000000 2.504349
2280.000000 2.508083
2281.000000 2.514156
2282.000000 2.519043
2283.000000 2.518924
2284.000000 2.517059
2285.000000 2.519098
2286.000000 2.514356
2287.000000 2.506748
2288.000000 2.504472
2289.000000 2.499154
2290.000000 2.488726
2291.000000 2.473997
2292.000000 2.472527
2293.000000 2.669866
2294.000000 2.835726
2295.000000 2.977968
2296.000000 3.091326
2297.000000 3.086680
2298.000000 3.018609
2299.000000 2.901371
2300.000000 2.753576
2301.000000 2.610175
2302.000000 2.488609
2303.000000 2.395425
2304.000000 2.347630
2305.000000 2.338156
2306.000000 2.354916
2307.000000 2.398209
2308.000000 2.446824
2309.000000 2.488739
2310.000000 2.504702
2311.000000 2.518212
2312.000000 2.511825
2313.000000 2.497775
2314.000000 2.488526
2315.000000 2.481621
2316.000000 2.475325
2317.000000 2.484037
2318.000000 2.501588
2319.000000 2.518062
2320.000000 2.539738
2321.000000 2.559516
2322.000000 2.557795
2323.000000 2.540844
2324.000000 2.516934
2325.000000 2.494936
2326.000000 2.480972
2327.000000 2.478311
2328.000000 2.480528
2329.000000 2.481793
2330.000000 2.486855
2331.000000 2.483277
2332.000000 2.480257
2333.000000 2.480008
2334.000000 2.480907
2335.000000 2.480220
2336.000000 2.471305
2337.000000 2.464803
2338.000000 2.458606
2339.000000 2.470139
2340.000000 2.472383
2341.000000 2.475882
2342.000000 2.479260
2343.000000 2.493030
2344.000000 2.497516
2345.000000 2.508234
2346.000000 2.507226
2347.000000 2.508513
2348.000000 2.505652
2349.000000 2.507520
2350.000000 2.507691
2351.000000 2.511294
2352.000000 2.521197
2353.000000 2.517663
2354.000000 2.508562
2355.000000 2.503540
2356.000000 2.502403
2357.000000 2.503356
2358.000000 2.504914
2359.000000 2.507938
2360.000000 2.521285
2361.000000 2.531191
2362.000000 2.532293
2363.000000 2.534084
2364.000000 2.537079
2365.000000 2.537401
2366.000000 2.529249
2367.000000 2.519912
2368.000000 2.514400
2369.000000 2.495996
2370.000000 2.474387
2371.000000 2.459353
2372.000000 2.454242
2373.000000 2.454264
2374.000000 2.456267
2375.000000 2.467103
2376.000000 2.486147
2377.000000 2.500226
2378.000000 2.500589
2379.000000 2.503899
2380.000000 2.508256
2381.000000 2.512972
2382.000000 2.502914
2383.000000 2.495934
2384.000000 2.499433
2385.000000 2.501802
2386.000000 2.496166
2387.000000 2.487906
2388.000000 2.484563
2389.000000 2.478513
2390.000000 2.475294
2391.000000 2.482577
2392.000000 2.485575
2393.000000 2.499791
2394.000000 2.503303
2395.000000 2.502581
2396.000000 2.500178
2397.000000 2.501974
2398.000000 2.504641
2399.000000 2.502972
2400.000000 2.489833
2401.000000 2.485475
2402.000000 2.489622
2403.000000 2.486238
2404.000000 2.494762
2405.000000 2.512468
2406.000000 2.518588
2407.000000 2.522813
2408.000000 2.522749
2409.000000 2.514228
2410.000000 2.510984
2411.000000 2.520471
2412.000000 2.515503
2413.000000 2.509457
2414.000000 2.500306
2415.000000 2.485360
2416.000000 2.476200
2417.000000 2.472511
2418.000000 2.481747
2419.000000 2.494172
2420.000000 2.510168
2421.000000 2.531309
2422.000000 2.538528
2423.000000 2.527465
2424.000000 2.508122
2425.000000 2.501161
2426.000000 2.482992
2427.000000 2.477010
2428.000000 2.472978
2429.000000 2.477720
2430.000000 2.480668
2431.000000 2.484277
2432.000000 2.490482
2433.000000 2.495723
2434.000000 2.502556
2435.000000 2.509744
2436.000000 2.514679
2437.000000 2.513133
2438.000000 2.518142
2439.000000 2.520828
2440.000000 2.516442
2441.000000 2.511251
2442.000000 2.494667
2443.000000 2.486657
2444.000000 2.484895
2445.000000 2.474450
2446.000000 2.466243
2447.000000 2.461397
2448.000000 2.472749
2449.000000 2.486561
2450.000000 2.496238
2451.000000 2.501452
2452.000000 2.507709
2453.000000 2.509477
2454.000000 2.505873
2455.000000 2.499226
2456.000000 2.493775
2457.000000 2.491701
2458.000000 2.489972
2459.000000 2.486216
2460.000000 2.488266
2461.000000 2.491030
2462.000000 2.490063
2463.000000 2.498623
2464.000000 2.506775
2465.000000 2.512918
2466.000000 2.519834
2467.000000 2.523287
2468.000000 2.522074
2469.000000 2.515787
2470.000000 2.511821
2471.000000 2.515054
2472.000000 2.513499
2473.000000 2.510658
2474.000000 2.509445
2475.000000 2.498178
2476.000000 2.491107
2477.000000 2.487072
2478.000000 2.474986
2479.000000 2.474981
2480.000000 2.481052
2481.000000 2.482834
2482.000000 2.485107
2483.000000 2.485152
2484.000000 2.486861
2485.000000 2.476915
2486.000000 2.478333
2487.000000 2.478570
2488.000000 2.484532
2489.000000 2.499781
2490.000000 2.515726
2491.000000 2.515599
2492.000000 2.518134
2493.000000 2.513514
2494.000000 2.512880
2495.000000 2.508924
2496.000000 2.503761
2497.000000 2.500456
2498.000000 2.495795
2499.000000 2.500351
2500.000000 2.510763
