1.000000 0.000000
2.000000 0.000000
3.000000 0.000000
4.000000 0.000000
5.000000 0.000000
6.000000 0.000000
7.000000 0.000000
8.000000 0.000000
9.000000 0.000000
10.000000 0.000000
11.000000 0.000000
12.000000 0.000000
13.000000 0.039880
14.000000 0.072534
15.000000 0.099272
16.000000 0.121168
17.000000 0.139101
18.000000 0.153788
19.000000 0.165820
20.000000 0.175677
21.000000 0.183753
22.000000 0.190372
23.000000 0.195798
24.000000 0.200246
25.000000 0.203895
26.000000 0.206888
27.000000 0.209344
28.000000 0.211361
29.000000 0.213018
30.000000 0.214379
31.000000 0.215499
32.000000 0.216421
33.000000 0.217180
34.000000 0.217807
35.000000 0.218324
36.000000 0.218751
37.000000 0.219105
38.000000 0.219398
39.000000 0.219642
40.000000 0.219845
41.000000 0.220015
42.000000 0.220157
43.000000 0.220276
44.000000 0.220376
45.000000 0.220461
46.000000 0.220533
47.000000 0.220594
48.000000 0.220647
49.000000 0.220692
50.000000 0.220731
51.000000 0.220765
52.000000 0.220795
53.000000 0.220821
54.000000 0.220845
55.000000 0.220865
56.000000 0.220884
57.000000 0.220900
58.000000 0.220915
59.000000 0.220929
60.000000 0.220941
61.000000 0.220953
62.000000 0.220963
63.000000 0.220973
64.000000 0.220982
65.000000 0.220990
66.000000 0.220998
67.000000 0.221005
68.000000 0.221012
69.000000 0.221019
70.000000 0.221025
71.000000 0.221030
72.000000 0.221036
73.000000 0.221041
74.000000 0.221045
75.000000 0.221050
76.000000 0.221054
77.000000 0.221058
78.000000 0.221062
79.000000 0.221066
80.000000 0.221069
81.000000 0.221073
82.000000 0.221076
83.000000 0.221079
84.000000 0.221081
85.000000 0.221084
86.000000 0.221087
87.000000 0.221089
88.000000 0.221091
89.000000 0.221094
90.000000 0.221096
91.000000 0.221098
92.000000 0.221100
93.000000 0.221101
94.000000 0.221103
95.000000 0.221105
96.000000 0.221106
97.000000 0.221108
98.000000 0.221109
99.000000 0.221110
100.000000 0.221112
101.000000 0.221113
102.000000 0.221114
103.000000 0.221115
104.000000 0.221116
105.000000 0.221117
106.000000 0.221118
107.000000 0.221119
108.000000 0.221120
109.000000 0.221121
110.000000 0.221121
111.000000 0.221122
112.000000 0.221123
113.000000 0.221123
114.000000 0.221124
115.000000 0.221125
116.000000 0.221125
117.000000 0.221126
118.000000 0.221126
119.000000 0.221127
120.000000 0.221127
121.000000 0.221128
122.000000 0.221128
123.000000 0.221128
124.000000 0.221129
125.000000 0.221129
126.000000 0.221130
127.000000 0.221130
128.000000 0.221130
129.000000 0.221131
130.000000 0.221131
131.000000 0.221131
132.000000 0.221131
133.000000 0.221132
134.000000 0.221132
135.000000 0.221132
136.000000 0.221132
137.000000 0.221132
138.000000 0.221133
139.000000 0.221133
140.000000 0.221133
141.000000 0.221133
142.000000 0.221133
143.000000 0.221133
144.000000 0.221134
145.000000 0.221134
146.000000 0.221134
147.000000 0.221134
148.000000 0.221134
149.000000 0.221134
150.000000 0.221134
