1.000000 0.000000
2.000000 0.000000
3.000000 0.000000
4.000000 0.000000
5.000000 0.000000
6.000000 0.000000
7.000000 0.000000
8.000000 0.000000
9.000000 0.000000
10.000000 0.000000
11.000000 0.000000
12.000000 0.000000
13.000000 0.000000
14.000000 0.000000
15.000000 0.000000
16.000000 0.000000
17.000000 0.000000
18.000000 0.000000
19.000000 0.000000
20.000000 0.000000
21.000000 0.000000
22.000000 0.000000
23.000000 0.000000
24.000000 0.000000
25.000000 0.000000
26.000000 0.000000
27.000000 0.175353
28.000000 0.432563
29.000000 0.708681
30.000000 0.965411
31.000000 1.182770
32.000000 1.353637
33.000000 1.459770
34.000000 1.507948
35.000000 1.515341
36.000000 1.500533
37.000000 1.478854
38.000000 1.460736
39.000000 1.453745
40.000000 1.460274
41.000000 1.478291
42.000000 1.503381
43.000000 1.530535
44.000000 1.555486
45.000000 1.575217
46.000000 1.588317
47.000000 1.594889
48.000000 1.596132
49.000000 1.593955
50.000000 1.590340
51.000000 1.586920
52.000000 1.584668
53.000000 1.584018
54.000000 1.584994
55.000000 1.587058
56.000000 1.589669
57.000000 1.592313
58.000000 1.594575
59.000000 1.596161
60.000000 1.596997
61.000000 1.597209
62.000000 1.596990
63.000000 1.596515
64.000000 1.595926
65.000000 1.595507
66.000000 1.595206
67.000000 1.595198
68.000000 1.595358
69.000000 1.595587
70.000000 1.595804
71.000000 1.596026
72.000000 1.596193
73.000000 1.596304
74.000000 1.596365
75.000000 1.596292
76.000000 1.596195
77.000000 1.596065
78.000000 1.595876
79.000000 1.595732
80.000000 1.595647
81.000000 1.595610
82.000000 1.595622
83.000000 1.595709
84.000000 1.595778
85.000000 1.595846
86.000000 1.595894
87.000000 1.595898
88.000000 1.595889
89.000000 1.595890
90.000000 1.595929
91.000000 1.595928
92.000000 1.595901
93.000000 1.595879
94.000000 1.595880
95.000000 1.595908
96.000000 1.595954
97.000000 1.596020
98.000000 1.596045
99.000000 1.596058
100.000000 1.596118
101.000000 1.596181
102.000000 1.596296
103.000000 1.596440
104.000000 1.596587
105.000000 1.596719
106.000000 1.596858
107.000000 1.597030
108.000000 1.597146
109.000000 1.597268
110.000000 1.597377
111.000000 1.597481
112.000000 1.597608
113.000000 1.597760
114.000000 1.597939
115.000000 1.598136
116.000000 1.598392
117.000000 1.598662
118.000000 1.598938
119.000000 1.599226
120.000000 1.599591
121.000000 1.599919
122.000000 1.600302
123.000000 1.600612
124.000000 1.600990
125.000000 1.601398
126.000000 1.601799
127.000000 1.602291
128.000000 1.602779
129.000000 1.603289
130.000000 1.603816
131.000000 1.604410
132.000000 1.605011
133.000000 1.605643
134.000000 1.606214
135.000000 1.606744
136.000000 1.607174
137.000000 1.607537
138.000000 1.607670
139.000000 1.607527
140.000000 1.607084
141.000000 1.606414
142.000000 1.605479
143.000000 1.604353
144.000000 1.603266
145.000000 1.602270
146.000000 1.601536
147.000000 1.601089
148.000000 1.600884
149.000000 1.600889
150.000000 1.600972
151.000000 1.601130
152.000000 1.601238
153.000000 1.601259
154.000000 1.601182
155.000000 1.601016
156.000000 1.600822
157.000000 1.600653
158.000000 1.600463
159.000000 1.600328
160.000000 1.600177
161.000000 1.600094
162.000000 1.600021
163.000000 1.599942
164.000000 1.599935
165.000000 1.599979
166.000000 1.600004
167.000000 1.600027
168.000000 1.600047
169.000000 1.600065
170.000000 1.600102
171.000000 1.600079
172.000000 1.600074
173.000000 1.600023
174.000000 1.600011
175.000000 1.599954
176.000000 1.599921
177.000000 1.600017
178.000000 1.600092
179.000000 1.600104
180.000000 1.600100
181.000000 1.600104
182.000000 1.600084
183.000000 1.600002
184.000000 1.599914
185.000000 1.599863
186.000000 1.599838
187.000000 1.599834
188.000000 1.599866
189.000000 1.599905
190.000000 1.599960
191.000000 1.599987
192.000000 1.599995
193.000000 1.600055
194.000000 1.600109
195.000000 1.600179
196.000000 1.600194
197.000000 1.600252
198.000000 1.600253
199.000000 1.600180
200.000000 1.600078
201.000000 1.599938
202.000000 1.599855
203.000000 1.599831
204.000000 1.599904
205.000000 1.599886
206.000000 1.599891
207.000000 1.599874
208.000000 1.599878
209.000000 1.599918
210.000000 1.599967
211.000000 1.600102
212.000000 1.600214
213.000000 1.600283
214.000000 1.600305
215.000000 1.600245
216.000000 1.600150
217.000000 1.600066
218.000000 1.600031
219.000000 1.599975
220.000000 1.599942
221.000000 1.599915
222.000000 1.599906
223.000000 1.599922
224.000000 1.599922
225.000000 1.599933
226.000000 1.599951
227.000000 1.600013
228.000000 1.600057
229.000000 1.600054
230.000000 1.600059
231.000000 1.600042
232.000000 1.600013
233.000000 1.599881
234.000000 1.599840
235.000000 1.599848
236.000000 1.599913
237.000000 1.600032
238.000000 1.600110
239.000000 1.600157
240.000000 1.600181
241.000000 1.600174
242.000000 1.600148
243.000000 1.600111
244.000000 1.600094
245.000000 1.600089
246.000000 1.600098
247.000000 1.600061
248.000000 1.600021
249.000000 1.599970
250.000000 1.599956
251.000000 1.600014
252.000000 1.600039
253.000000 1.600025
254.000000 1.599958
255.000000 1.599971
256.000000 1.599964
257.000000 1.599953
258.000000 1.599935
259.000000 1.599929
260.000000 1.599871
261.000000 1.599883
262.000000 1.599891
263.000000 1.599904
264.000000 1.599987
265.000000 1.600025
266.000000 1.600007
267.000000 1.599992
268.000000 1.599987
269.000000 1.600038
270.000000 1.600048
271.000000 1.600011
272.000000 1.600021
273.000000 1.600066
274.000000 1.600109
275.000000 1.600109
276.000000 1.600046
277.000000 1.599974
278.000000 1.599924
279.000000 1.599924
280.000000 1.599927
281.000000 1.599921
282.000000 1.599951
283.000000 1.599971
284.000000 1.599983
285.000000 1.599944
286.000000 1.599873
287.000000 1.599905
288.000000 1.599904
289.000000 1.599950
290.000000 1.600025
291.000000 1.600100
292.000000 1.600160
293.000000 1.600159
294.000000 1.600139
295.000000 1.600142
296.000000 1.600126
297.000000 1.600153
298.000000 1.600082
299.000000 1.600040
300.000000 1.599967
301.000000 1.599897
302.000000 1.599879
303.000000 1.599924
304.000000 1.600019
305.000000 1.600048
306.000000 1.600059
307.000000 1.600011
308.000000 1.599987
309.000000 1.600055
310.000000 1.600115
311.000000 1.600107
312.000000 1.600061
313.000000 1.599946
314.000000 1.599860
315.000000 1.599865
316.000000 1.599798
317.000000 1.599751
318.000000 1.599794
319.000000 1.599856
320.000000 1.599934
321.000000 1.600013
322.000000 1.600128
323.000000 1.600221
324.000000 1.600236
325.000000 1.600217
326.000000 1.600185
327.000000 1.600125
328.000000 1.599966
329.000000 1.599841
330.000000 1.599744
331.000000 1.599740
332.000000 1.599828
333.000000 1.599952
334.000000 1.600036
335.000000 1.600087
336.000000 1.600106
337.000000 1.600072
338.000000 1.599961
339.000000 1.599848
340.000000 1.599802
341.000000 1.599795
342.000000 1.599798
343.000000 1.599836
344.000000 1.599850
345.000000 1.599861
346.000000 1.599880
347.000000 1.599974
348.000000 1.600095
349.000000 1.600210
350.000000 1.600228
351.000000 1.600213
352.000000 1.600110
353.000000 1.600032
354.000000 1.599970
355.000000 1.599945
356.000000 1.599903
357.000000 1.599863
358.000000 1.599863
359.000000 1.599914
360.000000 1.599989
361.000000 1.600064
362.000000 1.600092
363.000000 1.600073
364.000000 1.600001
365.000000 1.599923
366.000000 1.599922
367.000000 1.599909
368.000000 1.599926
369.000000 1.599980
370.000000 1.600044
371.000000 1.600104
372.000000 1.600135
373.000000 1.600139
374.000000 1.600131
375.000000 1.600123
376.000000 1.600060
377.000000 1.599964
378.000000 1.599888
379.000000 1.599858
380.000000 1.599824
381.000000 1.599850
382.000000 1.599911
383.000000 1.599984
384.000000 1.600017
385.000000 1.600049
386.000000 1.600055
387.000000 1.600065
388.000000 1.600059
389.000000 1.600118
390.000000 1.600099
391.000000 1.600050
392.000000 1.600043
393.000000 1.600119
394.000000 1.600109
395.000000 1.600085
396.000000 1.600018
397.000000 1.599961
398.000000 1.599917
399.000000 1.599859
400.000000 1.599833
401.000000 1.599902
402.000000 1.599954
403.000000 1.600023
404.000000 1.600059
405.000000 1.600078
406.000000 1.600075
407.000000 1.600078
408.000000 1.600088
409.000000 1.600119
410.000000 1.600086
411.000000 1.600049
412.000000 1.599998
413.000000 1.599934
414.000000 1.599940
415.000000 1.599987
416.000000 1.600036
417.000000 1.600042
418.000000 1.600068
419.000000 1.600100
420.000000 1.600090
421.000000 1.600052
422.000000 1.599990
423.000000 1.599926
424.000000 1.599858
425.000000 1.599887
426.000000 1.599920
427.000000 1.599952
428.000000 1.600037
429.000000 1.600087
430.000000 1.600082
431.000000 1.600106
432.000000 1.600097
433.000000 1.600099
434.000000 1.600049
435.000000 1.600038
436.000000 1.600057
437.000000 1.600015
438.000000 1.599965
439.000000 1.599878
440.000000 1.599812
441.000000 1.599774
442.000000 1.599778
443.000000 1.599864
444.000000 1.599950
445.000000 1.600020
446.000000 1.600051
447.000000 1.600097
448.000000 1.600113
449.000000 1.600049
450.000000 1.600013
451.000000 1.599978
452.000000 1.599962
453.000000 1.599986
454.000000 1.599994
455.000000 1.600004
456.000000 1.600090
457.000000 1.600063
458.000000 1.600000
459.000000 1.599904
460.000000 1.599831
461.000000 1.599827
462.000000 1.599890
463.000000 1.599977
464.000000 1.600035
465.000000 1.600015
466.000000 1.600041
467.000000 1.599993
468.000000 1.600008
469.000000 1.599984
470.000000 1.599985
471.000000 1.600059
472.000000 1.600023
473.000000 1.600052
474.000000 1.600078
475.000000 1.600115
476.000000 1.600138
477.000000 1.600119
478.000000 1.600083
479.000000 1.599974
480.000000 1.599858
481.000000 1.599767
482.000000 1.599768
483.000000 1.599780
484.000000 1.599842
485.000000 1.599929
486.000000 1.600000
487.000000 1.600103
488.000000 1.600240
489.000000 1.600318
490.000000 1.600354
491.000000 1.600285
492.000000 1.600201
493.000000 1.600055
494.000000 1.599957
495.000000 1.599868
496.000000 1.599812
497.000000 1.599793
498.000000 1.599848
499.000000 1.599915
500.000000 1.599986
501.000000 1.600056
502.000000 1.600107
503.000000 1.600143
504.000000 1.600148
505.000000 1.600151
506.000000 1.600162
507.000000 1.600158
508.000000 1.600132
509.000000 1.600049
510.000000 1.599996
511.000000 1.599897
512.000000 1.599886
513.000000 1.599821
514.000000 1.599801
515.000000 1.599883
516.000000 1.599933
517.000000 1.600061
518.000000 1.600110
519.000000 1.600059
520.000000 1.600012
521.000000 1.599946
522.000000 1.599891
523.000000 1.599871
524.000000 1.599848
525.000000 1.599877
526.000000 1.599888
527.000000 1.599955
528.000000 1.600008
529.000000 1.600059
530.000000 1.600113
531.000000 1.600127
532.000000 1.600169
533.000000 1.600218
534.000000 1.600263
535.000000 1.600271
536.000000 1.600194
537.000000 1.600100
538.000000 1.599962
539.000000 1.599832
540.000000 1.599771
541.000000 1.599802
542.000000 1.599854
543.000000 1.599924
544.000000 1.599939
545.000000 1.599985
546.000000 1.599960
547.000000 1.599939
548.000000 1.599907
549.000000 1.599922
550.000000 1.599978
551.000000 1.600024
552.000000 1.600054
553.000000 1.600112
554.000000 1.600130
555.000000 1.600147
556.000000 1.600110
557.000000 1.600030
558.000000 1.600026
559.000000 1.600032
560.000000 1.600041
561.000000 1.600103
562.000000 1.600204
563.000000 1.600296
564.000000 1.600266
565.000000 1.600130
566.000000 1.600014
567.000000 1.599925
568.000000 1.599854
569.000000 1.599778
570.000000 1.599718
571.000000 1.599634
572.000000 1.599617
573.000000 1.599697
574.000000 1.599727
575.000000 1.599831
576.000000 1.599945
577.000000 1.600018
578.000000 1.600064
579.000000 1.600076
580.000000 1.600080
581.000000 1.600114
582.000000 1.600160
583.000000 1.600224
584.000000 1.600205
585.000000 1.600190
586.000000 1.600198
587.000000 1.600152
588.000000 1.600099
589.000000 1.600070
590.000000 1.600024
591.000000 1.599968
592.000000 1.599902
593.000000 1.599884
594.000000 1.599895
595.000000 1.599927
596.000000 1.599946
597.000000 1.599945
598.000000 1.599893
599.000000 1.599888
600.000000 1.599914
601.000000 1.599949
602.000000 1.599939
603.000000 1.599950
604.000000 1.599935
605.000000 1.599962
606.000000 1.600010
607.000000 1.599981
608.000000 1.599941
609.000000 1.599897
610.000000 1.599892
611.000000 1.599929
612.000000 1.599928
613.000000 1.599911
614.000000 1.599977
615.000000 1.600072
616.000000 1.600150
617.000000 1.600130
618.000000 1.600085
619.000000 1.600001
620.000000 1.599966
621.000000 1.599929
622.000000 1.599940
623.000000 1.600024
624.000000 1.600075
625.000000 1.600109
626.000000 1.600136
627.000000 1.600154
628.000000 1.600169
629.000000 1.600125
630.000000 1.600105
631.000000 1.600046
632.000000 1.600006
633.000000 1.599976
634.000000 1.599982
635.000000 1.600013
636.000000 1.600048
637.000000 1.600090
638.000000 1.600118
639.000000 1.600131
640.000000 1.600155
641.000000 1.600188
642.000000 1.600267
643.000000 1.600239
644.000000 1.600195
645.000000 1.600094
646.000000 1.600002
647.000000 1.599883
648.000000 1.599779
649.000000 1.599673
650.000000 1.599628
651.000000 1.599626
652.000000 1.599689
653.000000 1.599805
654.000000 1.599968
655.000000 1.600127
656.000000 1.600150
657.000000 1.600175
658.000000 1.600127
659.000000 1.600065
660.000000 1.599969
661.000000 1.599899
662.000000 1.599871
663.000000 1.599845
664.000000 1.599861
665.000000 1.599881
666.000000 1.599872
667.000000 1.599865
668.000000 1.599898
669.000000 1.599949
670.000000 1.599949
671.000000 1.600015
672.000000 1.600046
673.000000 1.600021
674.000000 1.599996
675.000000 1.599969
676.000000 1.599935
677.000000 1.599847
678.000000 1.599783
679.000000 1.599802
680.000000 1.599861
681.000000 1.599963
682.000000 1.600048
683.000000 1.600197
684.000000 1.600312
685.000000 1.600333
686.000000 1.600277
687.000000 1.600231
688.000000 1.600146
689.000000 1.600055
690.000000 1.599937
691.000000 1.599860
692.000000 1.599863
693.000000 1.599918
694.000000 1.600014
695.000000 1.600070
696.000000 1.600072
697.000000 1.600072
698.000000 1.600065
699.000000 1.600063
700.000000 1.600112
701.000000 1.600160
702.000000 1.600178
703.000000 1.600139
704.000000 1.600105
705.000000 1.600091
706.000000 1.600090
707.000000 1.600031
708.000000 1.599959
709.000000 1.599895
710.000000 1.599832
711.000000 1.599774
712.000000 1.599777
713.000000 1.599864
714.000000 1.599990
715.000000 1.600044
716.000000 1.600050
717.000000 1.600080
718.000000 1.600094
719.000000 1.600081
720.000000 1.600034
721.000000 1.599987
722.000000 1.599977
723.000000 1.599926
724.000000 1.599913
725.000000 1.599936
726.000000 1.600025
727.000000 1.600118
728.000000 1.600062
729.000000 1.600026
730.000000 1.599929
731.000000 1.599892
732.000000 1.599832
733.000000 1.599829
734.000000 1.599875
735.000000 1.599916
736.000000 1.599955
737.000000 1.599961
738.000000 1.599990
739.000000 1.599991
740.000000 1.600015
741.000000 1.599996
742.000000 1.599964
743.000000 1.599937
744.000000 1.599963
745.000000 1.600045
746.000000 1.600115
747.000000 1.600142
748.000000 1.600186
749.000000 1.600167
750.000000 1.600073
751.000000 1.599998
752.000000 1.599940
753.000000 1.599946
754.000000 1.599951
755.000000 1.599989
756.000000 1.599980
757.000000 1.599953
758.000000 1.599928
759.000000 1.599927
760.000000 1.599883
761.000000 1.599939
762.000000 1.599969
763.000000 1.599984
764.000000 1.599990
765.000000 1.599949
766.000000 1.599963
767.000000 1.599970
768.000000 1.599940
769.000000 1.599959
770.000000 1.599936
771.000000 1.600003
772.000000 1.600051
773.000000 1.600039
774.000000 1.600009
775.000000 1.599985
776.000000 1.599972
777.000000 1.599999
778.000000 1.600066
779.000000 1.600177
780.000000 1.600208
781.000000 1.600262
782.000000 1.600233
783.000000 1.600235
784.000000 1.600166
785.000000 1.600072
786.000000 1.599976
787.000000 1.599912
788.000000 1.599836
789.000000 1.599772
790.000000 1.599797
791.000000 1.599862
792.000000 1.599918
793.000000 1.599975
794.000000 1.599978
795.000000 1.600027
796.000000 1.600028
797.000000 1.599998
798.000000 1.599957
799.000000 1.599922
800.000000 1.599958
801.000000 1.599929
802.000000 1.599930
803.000000 1.599979
804.000000 1.600055
805.000000 1.600151
806.000000 1.600215
807.000000 1.600204
808.000000 1.600170
809.000000 1.600100
810.000000 1.600002
811.000000 1.599944
812.000000 1.599875
813.000000 1.599855
814.000000 1.599866
815.000000 1.599884
816.000000 1.599923
817.000000 1.599976
818.000000 1.599961
819.000000 1.599955
820.000000 1.599948
821.000000 1.599968
822.000000 1.600034
823.000000 1.600028
824.000000 1.600056
825.000000 1.600055
826.000000 1.600049
827.000000 1.599995
828.000000 1.599961
829.000000 1.599970
830.000000 1.600001
831.000000 1.600017
832.000000 1.600029
833.000000 1.600081
834.000000 1.600070
835.000000 1.600066
836.000000 1.599957
837.000000 1.599892
838.000000 1.599865
839.000000 1.599866
840.000000 1.599884
841.000000 1.599895
842.000000 1.599843
843.000000 1.599904
844.000000 1.599993
845.000000 1.600093
846.000000 1.600137
847.000000 1.600157
848.000000 1.600134
849.000000 1.600143
850.000000 1.600081
851.000000 1.600017
852.000000 1.599953
853.000000 1.599959
854.000000 1.599992
855.000000 1.600010
856.000000 1.600047
857.000000 1.600036
858.000000 1.600049
859.000000 1.600066
860.000000 1.600049
861.000000 1.600055
862.000000 1.600008
863.000000 1.600025
864.000000 1.600046
865.000000 1.599984
866.000000 1.599968
867.000000 1.599962
868.000000 1.599962
869.000000 1.599948
870.000000 1.599841
871.000000 1.599751
872.000000 1.599741
873.000000 1.599760
874.000000 1.599773
875.000000 1.599823
876.000000 1.599979
877.000000 1.600117
878.000000 1.600248
879.000000 1.600276
880.000000 1.600263
881.000000 1.600177
882.000000 1.600119
883.000000 1.600015
884.000000 1.599981
885.000000 1.599906
886.000000 1.599873
887.000000 1.599833
888.000000 1.599886
889.000000 1.599919
890.000000 1.599983
891.000000 1.600081
892.000000 1.600099
893.000000 1.600091
894.000000 1.600066
895.000000 1.600034
896.000000 1.600024
897.000000 1.600052
898.000000 1.600134
899.000000 1.600227
900.000000 1.600268
901.000000 1.600225
902.000000 1.600152
903.000000 1.600060
904.000000 1.599990
905.000000 1.599916
906.000000 1.599841
907.000000 1.599831
908.000000 1.599886
909.000000 1.599923
910.000000 1.599977
911.000000 1.600078
912.000000 1.600125
913.000000 1.600111
914.000000 1.600039
915.000000 1.599960
916.000000 1.599904
917.000000 1.599864
918.000000 1.599787
919.000000 1.599762
920.000000 1.599792
921.000000 1.599807
922.000000 1.599815
923.000000 1.599792
924.000000 1.599789
925.000000 1.599812
926.000000 1.599821
927.000000 1.599875
928.000000 1.599954
929.000000 1.600063
930.000000 1.600087
931.000000 1.600028
932.000000 1.599962
933.000000 1.599957
934.000000 1.600019
935.000000 1.600103
936.000000 1.600158
937.000000 1.600232
938.000000 1.600311
939.000000 1.600378
940.000000 1.600350
941.000000 1.600339
942.000000 1.600254
943.000000 1.600141
944.000000 1.600061
945.000000 1.600015
946.000000 1.600000
947.000000 1.599998
948.000000 1.599961
949.000000 1.599942
950.000000 1.599954
951.000000 1.599944
952.000000 1.599905
953.000000 1.599935
954.000000 1.599917
955.000000 1.599952
956.000000 1.600029
957.000000 1.600070
958.000000 1.600046
959.000000 1.599965
960.000000 1.599920
961.000000 1.599871
962.000000 1.599856
963.000000 1.599865
964.000000 1.599855
965.000000 1.599868
966.000000 1.599864
967.000000 1.599873
968.000000 1.599922
969.000000 1.599952
970.000000 1.599995
971.000000 1.600065
972.000000 1.600103
973.000000 1.600120
974.000000 1.600126
975.000000 1.600108
976.000000 1.600109
977.000000 1.600025
978.000000 1.600018
979.000000 1.600054
980.000000 1.600042
981.000000 1.600053
982.000000 1.600061
983.000000 1.600086
984.000000 1.600055
985.000000 1.600011
986.000000 1.599957
987.000000 1.599984
988.000000 1.600057
989.000000 1.600086
990.000000 1.600148
991.000000 1.600091
992.000000 1.600028
993.000000 1.599917
994.000000 1.599902
995.000000 1.599880
996.000000 1.599863
997.000000 1.599828
998.000000 1.599841
999.000000 1.599924
1000.000000 1.600014
1001.000000 1.600091
1002.000000 1.600133
1003.000000 1.600146
1004.000000 1.600117
1005.000000 1.599999
1006.000000 1.599937
1007.000000 1.577994
1008.000000 1.545793
1009.000000 1.511182
1010.000000 1.479082
1011.000000 1.452013
1012.000000 1.430745
1013.000000 1.417581
1014.000000 1.411619
1015.000000 1.410732
1016.000000 1.412573
1017.000000 1.415286
1018.000000 1.417521
1019.000000 1.418372
1020.000000 1.417569
1021.000000 1.415308
1022.000000 1.412184
1023.000000 1.408673
1024.000000 1.405470
1025.000000 1.402948
1026.000000 1.401305
1027.000000 1.400506
1028.000000 1.400332
1029.000000 1.400662
1030.000000 1.401194
1031.000000 1.401661
1032.000000 1.401950
1033.000000 1.402030
1034.000000 1.401870
1035.000000 1.401585
1036.000000 1.401202
1037.000000 1.400851
1038.000000 1.400518
1039.000000 1.400289
1040.000000 1.400176
1041.000000 1.400216
1042.000000 1.400341
1043.000000 1.400473
1044.000000 1.400586
1045.000000 1.400715
1046.000000 1.400775
1047.000000 1.400769
1048.000000 1.400775
1049.000000 1.400770
1050.000000 1.400681
1051.000000 1.400602
1052.000000 1.400560
1053.000000 1.400540
1054.000000 1.400479
1055.000000 1.400420
1056.000000 1.400466
1057.000000 1.400524
1058.000000 1.400617
1059.000000 1.400671
1060.000000 1.400742
1061.000000 1.400725
1062.000000 1.400633
1063.000000 1.400503
1064.000000 1.400366
1065.000000 1.400246
1066.000000 1.400221
1067.000000 1.400263
1068.000000 1.400382
1069.000000 1.400551
1070.000000 1.400693
1071.000000 1.400805
1072.000000 1.400820
1073.000000 1.400782
1074.000000 1.400675
1075.000000 1.400585
1076.000000 1.400476
1077.000000 1.400382
1078.000000 1.400372
1079.000000 1.400434
1080.000000 1.400554
1081.000000 1.400628
1082.000000 1.400633
1083.000000 1.400569
1084.000000 1.400512
1085.000000 1.400444
1086.000000 1.400439
1087.000000 1.400338
1088.000000 1.400283
1089.000000 1.400214
1090.000000 1.400225
1091.000000 1.400241
1092.000000 1.400207
1093.000000 1.400215
1094.000000 1.400184
1095.000000 1.400195
1096.000000 1.400152
1097.000000 1.400088
1098.000000 1.400032
1099.000000 1.399924
1100.000000 1.399910
1101.000000 1.399873
1102.000000 1.399800
1103.000000 1.399743
1104.000000 1.399687
1105.000000 1.399676
1106.000000 1.399641
1107.000000 1.399681
1108.000000 1.399731
1109.000000 1.399775
1110.000000 1.399789
1111.000000 1.399646
1112.000000 1.399437
1113.000000 1.399266
1114.000000 1.399118
1115.000000 1.399075
1116.000000 1.399064
1117.000000 1.399077
1118.000000 1.399092
1119.000000 1.399086
1120.000000 1.399106
1121.000000 1.399171
1122.000000 1.399235
1123.000000 1.399352
1124.000000 1.399464
1125.000000 1.399528
1126.000000 1.399655
1127.000000 1.399772
1128.000000 1.399905
1129.000000 1.400032
1130.000000 1.400056
1131.000000 1.400061
1132.000000 1.400080
1133.000000 1.400097
1134.000000 1.400042
1135.000000 1.399953
1136.000000 1.399881
1137.000000 1.399894
1138.000000 1.399927
1139.000000 1.399984
1140.000000 1.399971
1141.000000 1.399984
1142.000000 1.399957
1143.000000 1.399883
1144.000000 1.399794
1145.000000 1.399734
1146.000000 1.399780
1147.000000 1.399770
1148.000000 1.399851
1149.000000 1.399951
1150.000000 1.400045
1151.000000 1.400085
1152.000000 1.400087
1153.000000 1.400107
1154.000000 1.400137
1155.000000 1.400186
1156.000000 1.400198
1157.000000 1.400184
1158.000000 1.400147
1159.000000 1.400106
1160.000000 1.400038
1161.000000 1.399982
1162.000000 1.399958
1163.000000 1.399953
1164.000000 1.399900
1165.000000 1.399873
1166.000000 1.399833
1167.000000 1.399850
1168.000000 1.399903
1169.000000 1.399910
1170.000000 1.399913
1171.000000 1.399945
1172.000000 1.399938
1173.000000 1.399956
1174.000000 1.399972
1175.000000 1.399998
1176.000000 1.400027
1177.000000 1.400036
1178.000000 1.400089
1179.000000 1.400095
1180.000000 1.400172
1181.000000 1.400192
1182.000000 1.400217
1183.000000 1.400176
1184.000000 1.400147
1185.000000 1.400068
1186.000000 1.400017
1187.000000 1.399999
1188.000000 1.399970
1189.000000 1.399963
1190.000000 1.399969
1191.000000 1.399992
1192.000000 1.399974
1193.000000 1.399972
1194.000000 1.399967
1195.000000 1.399982
1196.000000 1.399990
1197.000000 1.400013
1198.000000 1.400000
1199.000000 1.399976
1200.000000 1.399924
1201.000000 1.399884
1202.000000 1.399857
1203.000000 1.399849
1204.000000 1.399814
1205.000000 1.399824
1206.000000 1.399870
1207.000000 1.399920
1208.000000 1.399983
1209.000000 1.400072
1210.000000 1.400147
1211.000000 1.400196
1212.000000 1.400177
1213.000000 1.400115
1214.000000 1.400055
1215.000000 1.399991
1216.000000 1.399975
1217.000000 1.399964
1218.000000 1.399974
1219.000000 1.399961
1220.000000 1.399930
1221.000000 1.399937
1222.000000 1.400011
1223.000000 1.400060
1224.000000 1.400043
1225.000000 1.399982
1226.000000 1.399920
1227.000000 1.399859
1228.000000 1.399867
1229.000000 1.399932
1230.000000 1.399981
1231.000000 1.400029
1232.000000 1.400096
1233.000000 1.400110
1234.000000 1.400060
1235.000000 1.399999
1236.000000 1.399946
1237.000000 1.399918
1238.000000 1.399934
1239.000000 1.399957
1240.000000 1.399960
1241.000000 1.400010
1242.000000 1.400014
1243.000000 1.399983
1244.000000 1.399964
1245.000000 1.399962
1246.000000 1.399931
1247.000000 1.399907
1248.000000 1.399894
1249.000000 1.399919
1250.000000 1.399986
1251.000000 1.400056
1252.000000 1.400092
1253.000000 1.400140
1254.000000 1.400155
1255.000000 1.400172
1256.000000 1.400197
1257.000000 1.400128
1258.000000 1.400034
1259.000000 1.399962
1260.000000 1.399883
1261.000000 1.399849
1262.000000 1.399829
1263.000000 1.399839
1264.000000 1.399869
1265.000000 1.399917
1266.000000 1.399973
1267.000000 1.400045
1268.000000 1.400055
1269.000000 1.400070
1270.000000 1.400069
1271.000000 1.400100
1272.000000 1.400105
1273.000000 1.400044
1274.000000 1.400035
1275.000000 1.399998
1276.000000 1.400032
1277.000000 1.400027
1278.000000 1.399975
1279.000000 1.399942
1280.000000 1.399965
1281.000000 1.399940
1282.000000 1.399969
1283.000000 1.400010
1284.000000 1.400036
1285.000000 1.400040
1286.000000 1.400034
1287.000000 1.400021
1288.000000 1.399997
1289.000000 1.399985
1290.000000 1.399971
1291.000000 1.399982
1292.000000 1.400012
1293.000000 1.400051
1294.000000 1.400069
1295.000000 1.400105
1296.000000 1.400134
1297.000000 1.400137
1298.000000 1.400100
1299.000000 1.400057
1300.000000 1.400014
1301.000000 1.399998
1302.000000 1.400030
1303.000000 1.400061
1304.000000 1.400089
1305.000000 1.400038
1306.000000 1.399958
1307.000000 1.399881
1308.000000 1.399799
1309.000000 1.399768
1310.000000 1.399795
1311.000000 1.399823
1312.000000 1.399899
1313.000000 1.399992
1314.000000 1.400049
1315.000000 1.400102
1316.000000 1.400150
1317.000000 1.400188
1318.000000 1.400201
1319.000000 1.400214
1320.000000 1.400206
1321.000000 1.400143
1322.000000 1.399996
1323.000000 1.399903
1324.000000 1.399824
1325.000000 1.399740
1326.000000 1.399717
1327.000000 1.399755
1328.000000 1.399827
1329.000000 1.399901
1330.000000 1.399996
1331.000000 1.400064
1332.000000 1.400125
1333.000000 1.400179
1334.000000 1.400181
1335.000000 1.400123
1336.000000 1.400035
1337.000000 1.399965
1338.000000 1.399899
1339.000000 1.399833
1340.000000 1.399820
1341.000000 1.399855
1342.000000 1.399890
1343.000000 1.399939
1344.000000 1.399925
1345.000000 1.399982
1346.000000 1.400074
1347.000000 1.400171
1348.000000 1.400208
1349.000000 1.400199
1350.000000 1.400172
1351.000000 1.400093
1352.000000 1.400026
1353.000000 1.399949
1354.000000 1.399853
1355.000000 1.399774
1356.000000 1.399773
1357.000000 1.399745
1358.000000 1.399748
1359.000000 1.399787
1360.000000 1.399900
1361.000000 1.399955
1362.000000 1.400016
1363.000000 1.400066
1364.000000 1.400107
1365.000000 1.400122
1366.000000 1.400044
1367.000000 1.399952
1368.000000 1.399906
1369.000000 1.399853
1370.000000 1.399871
1371.000000 1.399949
1372.000000 1.400051
1373.000000 1.400156
1374.000000 1.400219
1375.000000 1.400246
1376.000000 1.400205
1377.000000 1.400173
1378.000000 1.400091
1379.000000 1.400036
1380.000000 1.399975
1381.000000 1.399885
1382.000000 1.399847
1383.000000 1.399832
1384.000000 1.399889
1385.000000 1.399947
1386.000000 1.400033
1387.000000 1.400103
1388.000000 1.400168
1389.000000 1.400188
1390.000000 1.400202
1391.000000 1.400150
1392.000000 1.400082
1393.000000 1.400059
1394.000000 1.400097
1395.000000 1.400159
1396.000000 1.400202
1397.000000 1.400194
1398.000000 1.400140
1399.000000 1.400109
1400.000000 1.400114
1401.000000 1.400101
1402.000000 1.400116
1403.000000 1.400096
1404.000000 1.400093
1405.000000 1.400040
1406.000000 1.399998
1407.000000 1.399944
1408.000000 1.399928
1409.000000 1.399851
1410.000000 1.399802
1411.000000 1.399789
1412.000000 1.399847
1413.000000 1.399889
1414.000000 1.399959
1415.000000 1.400039
1416.000000 1.400103
1417.000000 1.400140
1418.000000 1.400143
1419.000000 1.400052
1420.000000 1.399944
1421.000000 1.399812
1422.000000 1.399830
1423.000000 1.399864
1424.000000 1.399913
1425.000000 1.399961
1426.000000 1.399941
1427.000000 1.399956
1428.000000 1.399984
1429.000000 1.399991
1430.000000 1.400030
1431.000000 1.399985
1432.000000 1.399926
1433.000000 1.399810
1434.000000 1.399741
1435.000000 1.399728
1436.000000 1.399726
1437.000000 1.399774
1438.000000 1.399851
1439.000000 1.399978
1440.000000 1.400107
1441.000000 1.400189
1442.000000 1.400202
1443.000000 1.400150
1444.000000 1.400115
1445.000000 1.400089
1446.000000 1.400089
1447.000000 1.400117
1448.000000 1.400111
1449.000000 1.400107
1450.000000 1.400040
1451.000000 1.400006
1452.000000 1.399947
1453.000000 1.399934
1454.000000 1.399918
1455.000000 1.399882
1456.000000 1.399886
1457.000000 1.399900
1458.000000 1.400021
1459.000000 1.400115
1460.000000 1.400162
1461.000000 1.400161
1462.000000 1.400075
1463.000000 1.399995
1464.000000 1.399929
1465.000000 1.399876
1466.000000 1.399903
1467.000000 1.399951
1468.000000 1.399986
1469.000000 1.400023
1470.000000 1.400123
1471.000000 1.400151
1472.000000 1.400192
1473.000000 1.400215
1474.000000 1.400181
1475.000000 1.400129
1476.000000 1.400079
1477.000000 1.400077
1478.000000 1.400072
1479.000000 1.400117
1480.000000 1.400102
1481.000000 1.400069
1482.000000 1.400058
1483.000000 1.400030
1484.000000 1.399895
1485.000000 1.399790
1486.000000 1.399716
1487.000000 1.399656
1488.000000 1.399647
1489.000000 1.399686
1490.000000 1.399769
1491.000000 1.399856
1492.000000 1.399906
1493.000000 1.399950
1494.000000 1.399953
1495.000000 1.399972
1496.000000 1.399963
1497.000000 1.399987
1498.000000 1.399984
1499.000000 1.400034
1500.000000 1.400085
1501.000000 1.400135
1502.000000 1.400096
1503.000000 1.400093
1504.000000 1.400118
1505.000000 1.400117
1506.000000 1.400139
1507.000000 1.520715
1508.000000 1.697493
1509.000000 1.887257
1510.000000 2.063647
1511.000000 2.213019
1512.000000 2.330403
1513.000000 2.403291
1514.000000 2.436356
1515.000000 2.441474
1516.000000 2.431463
1517.000000 2.416749
1518.000000 2.404422
1519.000000 2.399661
1520.000000 2.404156
1521.000000 2.416514
1522.000000 2.433712
1523.000000 2.452262
1524.000000 2.469399
1525.000000 2.482968
1526.000000 2.491999
1527.000000 2.496493
1528.000000 2.497366
1529.000000 2.495891
1530.000000 2.493413
1531.000000 2.490984
1532.000000 2.489326
1533.000000 2.488853
1534.000000 2.489521
1535.000000 2.491002
1536.000000 2.492910
1537.000000 2.494775
1538.000000 2.496369
1539.000000 2.497520
1540.000000 2.498131
1541.000000 2.498296
1542.000000 2.498149
1543.000000 2.497781
1544.000000 2.497378
1545.000000 2.497004
1546.000000 2.496723
1547.000000 2.496607
1548.000000 2.496656
1549.000000 2.496793
1550.000000 2.496947
1551.000000 2.497098
1552.000000 2.497235
1553.000000 2.497336
1554.000000 2.497417
1555.000000 2.497438
1556.000000 2.497412
1557.000000 2.497331
1558.000000 2.497222
1559.000000 2.497128
1560.000000 2.497093
1561.000000 2.497126
1562.000000 2.497153
1563.000000 2.497181
1564.000000 2.497189
1565.000000 2.497266
1566.000000 2.497274
1567.000000 2.497245
1568.000000 2.497197
1569.000000 2.497163
1570.000000 2.497116
1571.000000 2.497074
1572.000000 2.497078
1573.000000 2.497099
1574.000000 2.497165
1575.000000 2.497244
1576.000000 2.497252
1577.000000 2.497328
1578.000000 2.497411
1579.000000 2.497381
1580.000000 2.497358
1581.000000 2.497333
1582.000000 2.497314
1583.000000 2.497409
1584.000000 2.497452
1585.000000 2.497512
1586.000000 2.497638
1587.000000 2.497789
1588.000000 2.497934
1589.000000 2.498091
1590.000000 2.498251
1591.000000 2.498407
1592.000000 2.498535
1593.000000 2.498660
1594.000000 2.498748
1595.000000 2.498839
1596.000000 2.498899
1597.000000 2.499033
1598.000000 2.499169
1599.000000 2.499341
1600.000000 2.499537
1601.000000 2.499785
1602.000000 2.500073
1603.000000 2.500423
1604.000000 2.500722
1605.000000 2.501033
1606.000000 2.501325
1607.000000 2.501608
1608.000000 2.501925
1609.000000 2.502257
1610.000000 2.502642
1611.000000 2.503009
1612.000000 2.503439
1613.000000 2.503821
1614.000000 2.504171
1615.000000 2.504459
1616.000000 2.504731
1617.000000 2.504939
1618.000000 2.505065
1619.000000 2.505028
1620.000000 2.504803
1621.000000 2.504361
1622.000000 2.503777
1623.000000 2.503098
1624.000000 2.502413
1625.000000 2.501796
1626.000000 2.501369
1627.000000 2.501068
1628.000000 2.500945
1629.000000 2.500878
1630.000000 2.500840
1631.000000 2.500851
1632.000000 2.500820
1633.000000 2.500760
1634.000000 2.500669
1635.000000 2.500502
1636.000000 2.500333
1637.000000 2.500198
1638.000000 2.500086
1639.000000 2.500009
1640.000000 2.499928
1641.000000 2.499965
1642.000000 2.500002
1643.000000 2.500059
1644.000000 2.500140
1645.000000 2.500252
1646.000000 2.500343
1647.000000 2.500365
1648.000000 2.500314
1649.000000 2.500209
1650.000000 2.500115
1651.000000 2.500036
1652.000000 2.499953
1653.000000 2.499876
1654.000000 2.499805
1655.000000 2.499858
1656.000000 2.499961
1657.000000 2.500038
1658.000000 2.500052
1659.000000 2.500082
1660.000000 2.500101
1661.000000 2.500113
1662.000000 2.500094
1663.000000 2.500074
1664.000000 2.500021
1665.000000 2.500028
1666.000000 2.499953
1667.000000 2.499956
1668.000000 2.499919
1669.000000 2.499874
1670.000000 2.499865
1671.000000 2.499869
1672.000000 2.499916
1673.000000 2.499933
1674.000000 2.499949
1675.000000 2.499962
1676.000000 2.499953
1677.000000 2.499962
1678.000000 2.499933
1679.000000 2.499934
1680.000000 2.499925
1681.000000 2.499939
1682.000000 2.499950
1683.000000 2.499969
1684.000000 2.499980
1685.000000 2.500015
1686.000000 2.500008
1687.000000 2.500026
1688.000000 2.500030
1689.000000 2.500079
1690.000000 2.500064
1691.000000 2.500028
1692.000000 2.500016
1693.000000 2.500046
1694.000000 2.500086
1695.000000 2.500094
1696.000000 2.500080
1697.000000 2.500045
1698.000000 2.500043
1699.000000 2.500038
1700.000000 2.500043
1701.000000 2.500066
1702.000000 2.500051
1703.000000 2.500033
1704.000000 2.500028
1705.000000 2.500042
1706.000000 2.500053
1707.000000 2.500079
1708.000000 2.500119
1709.000000 2.500136
1710.000000 2.500143
1711.000000 2.500132
1712.000000 2.500091
1713.000000 2.499989
1714.000000 2.499945
1715.000000 2.499859
1716.000000 2.499827
1717.000000 2.499851
1718.000000 2.499879
1719.000000 2.499918
1720.000000 2.499977
1721.000000 2.500027
1722.000000 2.500112
1723.000000 2.500235
1724.000000 2.500273
1725.000000 2.500291
1726.000000 2.500221
1727.000000 2.500113
1728.000000 2.499974
1729.000000 2.499846
1730.000000 2.499749
1731.000000 2.499726
1732.000000 2.499680
1733.000000 2.499696
1734.000000 2.499744
1735.000000 2.499786
1736.000000 2.499894
1737.000000 2.499886
1738.000000 2.499958
1739.000000 2.499965
1740.000000 2.499952
1741.000000 2.499979
1742.000000 2.500070
1743.000000 2.500174
1744.000000 2.500221
1745.000000 2.500210
1746.000000 2.500166
1747.000000 2.500132
1748.000000 2.500091
1749.000000 2.499990
1750.000000 2.499911
1751.000000 2.499881
1752.000000 2.499891
1753.000000 2.499893
1754.000000 2.499927
1755.000000 2.499944
1756.000000 2.500006
1757.000000 2.500075
1758.000000 2.500144
1759.000000 2.500232
1760.000000 2.500209
1761.000000 2.500124
1762.000000 2.500058
1763.000000 2.499985
1764.000000 2.499896
1765.000000 2.499873
1766.000000 2.499910
1767.000000 2.499977
1768.000000 2.499998
1769.000000 2.500004
1770.000000 2.500016
1771.000000 2.499989
1772.000000 2.500009
1773.000000 2.500048
1774.000000 2.500073
1775.000000 2.500066
1776.000000 2.500037
1777.000000 2.500044
1778.000000 2.500053
1779.000000 2.500058
1780.000000 2.500041
1781.000000 2.500015
1782.000000 2.499987
1783.000000 2.499990
1784.000000 2.499972
1785.000000 2.499928
1786.000000 2.499912
1787.000000 2.499925
1788.000000 2.499933
1789.000000 2.499976
1790.000000 2.499949
1791.000000 2.499972
1792.000000 2.499987
1793.000000 2.500031
1794.000000 2.500070
1795.000000 2.500089
1796.000000 2.500057
1797.000000 2.500037
1798.000000 2.500015
1799.000000 2.500003
1800.000000 2.499952
1801.000000 2.499990
1802.000000 2.499997
1803.000000 2.500008
1804.000000 2.500055
1805.000000 2.500076
1806.000000 2.500087
1807.000000 2.500069
1808.000000 2.500023
1809.000000 2.499984
1810.000000 2.499928
1811.000000 2.499844
1812.000000 2.499785
1813.000000 2.499782
1814.000000 2.499846
1815.000000 2.499860
1816.000000 2.499912
1817.000000 2.499931
1818.000000 2.499943
1819.000000 2.499943
1820.000000 2.499944
1821.000000 2.499984
1822.000000 2.499997
1823.000000 2.500024
1824.000000 2.500046
1825.000000 2.500068
1826.000000 2.500099
1827.000000 2.500150
1828.000000 2.500184
1829.000000 2.500144
1830.000000 2.500031
1831.000000 2.499952
1832.000000 2.499888
1833.000000 2.499857
1834.000000 2.499916
1835.000000 2.499972
1836.000000 2.500064
1837.000000 2.500172
1838.000000 2.500250
1839.000000 2.500213
1840.000000 2.500145
1841.000000 2.500102
1842.000000 2.500032
1843.000000 2.499959
1844.000000 2.499915
1845.000000 2.499883
1846.000000 2.499896
1847.000000 2.499960
1848.000000 2.500055
1849.000000 2.500120
1850.000000 2.500173
1851.000000 2.500193
1852.000000 2.500170
1853.000000 2.500110
1854.000000 2.500087
1855.000000 2.500036
1856.000000 2.499990
1857.000000 2.499924
1858.000000 2.499855
1859.000000 2.499869
1860.000000 2.499869
1861.000000 2.499885
1862.000000 2.499862
1863.000000 2.499861
1864.000000 2.499907
1865.000000 2.500017
1866.000000 2.500122
1867.000000 2.500211
1868.000000 2.500227
1869.000000 2.500240
1870.000000 2.500243
1871.000000 2.500188
1872.000000 2.500041
1873.000000 2.499942
1874.000000 2.499921
1875.000000 2.499989
1876.000000 2.500053
1877.000000 2.500057
1878.000000 2.500046
1879.000000 2.500015
1880.000000 2.499955
1881.000000 2.499851
1882.000000 2.499848
1883.000000 2.499869
1884.000000 2.499925
1885.000000 2.499983
1886.000000 2.500100
1887.000000 2.500200
1888.000000 2.500185
1889.000000 2.500102
1890.000000 2.500001
1891.000000 2.499894
1892.000000 2.499865
1893.000000 2.499849
1894.000000 2.499870
1895.000000 2.499871
1896.000000 2.499838
1897.000000 2.499865
1898.000000 2.499859
1899.000000 2.499877
1900.000000 2.499855
1901.000000 2.499832
1902.000000 2.499874
1903.000000 2.499860
1904.000000 2.499930
1905.000000 2.499977
1906.000000 2.499976
1907.000000 2.500034
1908.000000 2.500076
1909.000000 2.500123
1910.000000 2.500127
1911.000000 2.500092
1912.000000 2.500068
1913.000000 2.500025
1914.000000 2.499924
1915.000000 2.499816
1916.000000 2.499717
1917.000000 2.499690
1918.000000 2.499755
1919.000000 2.499842
1920.000000 2.499926
1921.000000 2.499978
1922.000000 2.500012
1923.000000 2.500070
1924.000000 2.500153
1925.000000 2.500244
1926.000000 2.500295
1927.000000 2.500275
1928.000000 2.500174
1929.000000 2.500084
1930.000000 2.499979
1931.000000 2.499957
1932.000000 2.499906
1933.000000 2.499896
1934.000000 2.499871
1935.000000 2.499868
1936.000000 2.499919
1937.000000 2.500006
1938.000000 2.500154
1939.000000 2.500238
1940.000000 2.500272
1941.000000 2.500261
1942.000000 2.500179
1943.000000 2.500092
1944.000000 2.499982
1945.000000 2.499881
1946.000000 2.499820
1947.000000 2.499836
1948.000000 2.499860
1949.000000 2.499919
1950.000000 2.500022
1951.000000 2.500064
1952.000000 2.500007
1953.000000 2.499987
1954.000000 2.499971
1955.000000 2.499933
1956.000000 2.499983
1957.000000 2.500079
1958.000000 2.500156
1959.000000 2.500150
1960.000000 2.500004
1961.000000 2.499801
1962.000000 2.499657
1963.000000 2.499593
1964.000000 2.499645
1965.000000 2.499807
1966.000000 2.499975
1967.000000 2.500116
1968.000000 2.500204
1969.000000 2.500191
1970.000000 2.500157
1971.000000 2.500054
1972.000000 2.499958
1973.000000 2.499876
1974.000000 2.499898
1975.000000 2.499920
1976.000000 2.499946
1977.000000 2.500010
1978.000000 2.500057
1979.000000 2.500086
1980.000000 2.500080
1981.000000 2.500049
1982.000000 2.499993
1983.000000 2.499962
1984.000000 2.499938
1985.000000 2.499946
1986.000000 2.499940
1987.000000 2.499982
1988.000000 2.499993
1989.000000 2.500059
1990.000000 2.500076
1991.000000 2.500096
1992.000000 2.500092
1993.000000 2.500095
1994.000000 2.500097
1995.000000 2.500077
1996.000000 2.500031
1997.000000 2.499971
1998.000000 2.499931
1999.000000 2.499881
2000.000000 2.499864
2001.000000 2.499843
2002.000000 2.499807
2003.000000 2.499868
2004.000000 2.499980
2005.000000 2.500043
2006.000000 2.500098
2007.000000 2.500112
2008.000000 2.500073
2009.000000 2.500065
2010.000000 2.500084
2011.000000 2.500096
2012.000000 2.500093
2013.000000 2.500065
2014.000000 2.500032
2015.000000 2.500061
2016.000000 2.500082
2017.000000 2.500102
2018.000000 2.500178
2019.000000 2.500248
2020.000000 2.500238
2021.000000 2.500222
2022.000000 2.500156
2023.000000 2.500143
2024.000000 2.500085
2025.000000 2.499993
2026.000000 2.499882
2027.000000 2.499829
2028.000000 2.499849
2029.000000 2.499855
2030.000000 2.499880
2031.000000 2.499908
2032.000000 2.499904
2033.000000 2.499856
2034.000000 2.499866
2035.000000 2.499909
2036.000000 2.499956
2037.000000 2.499972
2038.000000 2.499943
2039.000000 2.499922
2040.000000 2.499936
2041.000000 2.499928
2042.000000 2.499922
2043.000000 2.499939
2044.000000 2.499954
2045.000000 2.499978
2046.000000 2.499944
2047.000000 2.499950
2048.000000 2.499930
2049.000000 2.499905
2050.000000 2.499930
2051.000000 2.499948
2052.000000 2.499962
2053.000000 2.499935
2054.000000 2.499987
2055.000000 2.500068
2056.000000 2.500128
2057.000000 2.500238
2058.000000 2.500333
2059.000000 2.500423
2060.000000 2.500393
2061.000000 2.500328
2062.000000 2.500123
2063.000000 2.499934
2064.000000 2.499775
2065.000000 2.499706
2066.000000 2.499720
2067.000000 2.499752
2068.000000 2.499790
2069.000000 2.499811
2070.000000 2.499823
2071.000000 2.499834
2072.000000 2.499878
2073.000000 2.499939
2074.000000 2.500034
2075.000000 2.500112
2076.000000 2.500150
2077.000000 2.500209
2078.000000 2.500237
2079.000000 2.500244
2080.000000 2.500206
2081.000000 2.500160
2082.000000 2.500117
2083.000000 2.500112
2084.000000 2.500128
2085.000000 2.500160
2086.000000 2.500144
2087.000000 2.500093
2088.000000 2.500095
2089.000000 2.500108
2090.000000 2.500105
2091.000000 2.500051
2092.000000 2.499985
2093.000000 2.499903
2094.000000 2.499895
2095.000000 2.499912
2096.000000 2.499975
2097.000000 2.500007
2098.000000 2.500047
2099.000000 2.500030
2100.000000 2.500057
2101.000000 2.500046
2102.000000 2.500090
2103.000000 2.500115
2104.000000 2.500103
2105.000000 2.500049
2106.000000 2.499972
2107.000000 2.499966
2108.000000 2.499932
2109.000000 2.499881
2110.000000 2.499872
2111.000000 2.499840
2112.000000 2.499860
2113.000000 2.499905
2114.000000 2.499939
2115.000000 2.499945
2116.000000 2.499930
2117.000000 2.499916
2118.000000 2.499893
2119.000000 2.499898
2120.000000 2.499889
2121.000000 2.499881
2122.000000 2.499944
2123.000000 2.500016
2124.000000 2.500038
2125.000000 2.500056
2126.000000 2.500075
2127.000000 2.500090
2128.000000 2.500051
2129.000000 2.500051
2130.000000 2.500012
2131.000000 2.499962
2132.000000 2.499910
2133.000000 2.499907
2134.000000 2.499962
2135.000000 2.499976
2136.000000 2.499980
2137.000000 2.499978
2138.000000 2.499980
2139.000000 2.499974
2140.000000 2.499958
2141.000000 2.499916
2142.000000 2.499883
2143.000000 2.499880
2144.000000 2.499872
2145.000000 2.499833
2146.000000 2.499834
2147.000000 2.499839
2148.000000 2.499923
2149.000000 2.499966
2150.000000 2.500038
2151.000000 2.500104
2152.000000 2.500127
2153.000000 2.500150
2154.000000 2.500216
2155.000000 2.500303
2156.000000 2.500367
2157.000000 2.500333
2158.000000 2.500272
2159.000000 2.500190
2160.000000 2.500134
2161.000000 2.500000
2162.000000 2.499907
2163.000000 2.499873
2164.000000 2.499862
2165.000000 2.499927
2166.000000 2.499987
2167.000000 2.500030
2168.000000 2.499979
2169.000000 2.499928
2170.000000 2.499883
2171.000000 2.499840
2172.000000 2.499796
2173.000000 2.499809
2174.000000 2.499841
2175.000000 2.499953
2176.000000 2.500022
2177.000000 2.500111
2178.000000 2.500158
2179.000000 2.500162
2180.000000 2.500164
2181.000000 2.500087
2182.000000 2.500038
2183.000000 2.500008
2184.000000 2.499964
2185.000000 2.499896
2186.000000 2.499855
2187.000000 2.499888
2188.000000 2.499899
2189.000000 2.499952
2190.000000 2.500058
2191.000000 2.500161
2192.000000 2.500160
2193.000000 2.500057
2194.000000 2.499964
2195.000000 2.499899
2196.000000 2.499929
2197.000000 2.500013
2198.000000 2.500046
2199.000000 2.500076
2200.000000 2.500106
2201.000000 2.500129
2202.000000 2.500134
2203.000000 2.500106
2204.000000 2.500099
2205.000000 2.500062
2206.000000 2.500011
2207.000000 2.499934
2208.000000 2.499899
2209.000000 2.499833
2210.000000 2.499822
2211.000000 2.499817
2212.000000 2.499860
2213.000000 2.499856
2214.000000 2.499893
2215.000000 2.499904
2216.000000 2.499946
2217.000000 2.499952
2218.000000 2.499931
2219.000000 2.499938
2220.000000 2.499967
2221.000000 2.500021
2222.000000 2.500065
2223.000000 2.500106
2224.000000 2.500186
2225.000000 2.500223
2226.000000 2.500208
2227.000000 2.500182
2228.000000 2.500151
2229.000000 2.500125
2230.000000 2.500079
2231.000000 2.500054
2232.000000 2.500062
2233.000000 2.500001
2234.000000 2.499972
2235.000000 2.499922
2236.000000 2.499939
2237.000000 2.499884
2238.000000 2.499859
2239.000000 2.499816
2240.000000 2.499792
2241.000000 2.499808
2242.000000 2.499835
2243.000000 2.499908
2244.000000 2.499970
2245.000000 2.499996
2246.000000 2.500036
2247.000000 2.500076
2248.000000 2.500105
2249.000000 2.500082
2250.000000 2.500084
2251.000000 2.500107
2252.000000 2.500119
2253.000000 2.500115
2254.000000 2.500066
2255.000000 2.499988
2256.000000 2.499968
2257.000000 2.500017
2258.000000 2.500101
2259.000000 2.500177
2260.000000 2.500238
2261.000000 2.500238
2262.000000 2.500203
2263.000000 2.500075
2264.000000 2.499933
2265.000000 2.499827
2266.000000 2.499810
2267.000000 2.499814
2268.000000 2.499828
2269.000000 2.499845
2270.000000 2.499891
2271.000000 2.499971
2272.000000 2.499972
2273.000000 2.499990
2274.000000 2.499990
2275.000000 2.499970
2276.000000 2.499955
2277.000000 2.499966
2278.000000 2.499927
2279.000000 2.500005
2280.000000 2.500033
2281.000000 2.500009
2282.000000 2.499988
2283.000000 2.499973
2284.000000 2.499997
2285.000000 2.499927
2286.000000 2.499839
2287.000000 2.499803
2288.000000 2.499827
2289.000000 2.499909
2290.000000 2.499931
2291.000000 2.500023
2292.000000 2.500117
2293.000000 2.500193
2294.000000 2.500250
2295.000000 2.500284
2296.000000 2.500243
2297.000000 2.500173
2298.000000 2.500101
2299.000000 2.500039
2300.000000 2.499989
2301.000000 2.499979
2302.000000 2.499978
2303.000000 2.500008
2304.000000 2.499993
2305.000000 2.499964
2306.000000 2.499952
2307.000000 2.499933
2308.000000 2.499955
2309.000000 2.499984
2310.000000 2.500025
2311.000000 2.500036
2312.000000 2.500029
2313.000000 2.500078
2314.000000 2.500122
2315.000000 2.500142
2316.000000 2.500125
2317.000000 2.500096
2318.000000 2.500029
2319.000000 2.499922
2320.000000 2.499811
2321.000000 2.499741
2322.000000 2.499693
2323.000000 2.499669
2324.000000 2.499686
2325.000000 2.499688
2326.000000 2.499759
2327.000000 2.499839
2328.000000 2.499951
2329.000000 2.500065
2330.000000 2.500174
2331.000000 2.500257
2332.000000 2.500319
2333.000000 2.500322
2334.000000 2.500295
2335.000000 2.500172
2336.000000 2.500040
2337.000000 2.499997
2338.000000 2.499927
2339.000000 2.499914
2340.000000 2.499959
2341.000000 2.499986
2342.000000 2.499974
2343.000000 2.499949
2344.000000 2.499926
2345.000000 2.499949
2346.000000 2.499971
2347.000000 2.499993
2348.000000 2.500015
2349.000000 2.500003
2350.000000 2.500021
2351.000000 2.500035
2352.000000 2.500054
2353.000000 2.500041
2354.000000 2.499981
2355.000000 2.499883
2356.000000 2.499763
2357.000000 2.499754
2358.000000 2.499812
2359.000000 2.499832
2360.000000 2.499869
2361.000000 2.499940
2362.000000 2.499973
2363.000000 2.500063
2364.000000 2.500128
2365.000000 2.500200
2366.000000 2.500184
2367.000000 2.500084
2368.000000 2.499981
2369.000000 2.499865
2370.000000 2.499767
2371.000000 2.499719
2372.000000 2.499761
2373.000000 2.499822
2374.000000 2.499904
2375.000000 2.500029
2376.000000 2.500150
2377.000000 2.500181
2378.000000 2.500220
2379.000000 2.500206
2380.000000 2.500204
2381.000000 2.500152
2382.000000 2.500129
2383.000000 2.500140
2384.000000 2.500123
2385.000000 2.500128
2386.000000 2.500063
2387.000000 2.500000
2388.000000 2.499963
2389.000000 2.499955
2390.000000 2.500025
2391.000000 2.500065
2392.000000 2.500015
2393.000000 2.499965
2394.000000 2.499963
2395.000000 2.499961
2396.000000 2.499938
2397.000000 2.499968
2398.000000 2.499978
2399.000000 2.499950
2400.000000 2.499926
2401.000000 2.499929
2402.000000 2.499983
2403.000000 2.500020
2404.000000 2.500077
2405.000000 2.500114
2406.000000 2.500139
2407.000000 2.500132
2408.000000 2.500085
2409.000000 2.500048
2410.000000 2.500005
2411.000000 2.500029
2412.000000 2.500000
2413.000000 2.500013
2414.000000 2.500019
2415.000000 2.500015
2416.000000 2.499976
2417.000000 2.499968
2418.000000 2.499962
2419.000000 2.499981
2420.000000 2.500024
2421.000000 2.500045
2422.000000 2.500056
2423.000000 2.500045
2424.000000 2.500058
2425.000000 2.500065
2426.000000 2.500040
2427.000000 2.499982
2428.000000 2.499944
2429.000000 2.499854
2430.000000 2.499845
2431.000000 2.499895
2432.000000 2.499896
2433.000000 2.499945
2434.000000 2.499982
2435.000000 2.500053
2436.000000 2.500126
2437.000000 2.500173
2438.000000 2.500179
2439.000000 2.500159
2440.000000 2.500081
2441.000000 2.500017
2442.000000 2.499914
2443.000000 2.499878
2444.000000 2.499912
2445.000000 2.499937
2446.000000 2.499921
2447.000000 2.499920
2448.000000 2.499889
2449.000000 2.499895
2450.000000 2.499926
2451.000000 2.499998
2452.000000 2.500012
2453.000000 2.500061
2454.000000 2.500089
2455.000000 2.500122
2456.000000 2.500142
2457.000000 2.500133
2458.000000 2.500095
2459.000000 2.500035
2460.000000 2.500008
2461.000000 2.499966
2462.000000 2.499920
2463.000000 2.499896
2464.000000 2.499898
2465.000000 2.499955
2466.000000 2.499984
2467.000000 2.499950
2468.000000 2.499904
2469.000000 2.499886
2470.000000 2.499873
2471.000000 2.499875
2472.000000 2.499874
2473.000000 2.499895
2474.000000 2.499931
2475.000000 2.499919
2476.000000 2.499927
2477.000000 2.499924
2478.000000 2.499921
2479.000000 2.499895
2480.000000 2.499906
2481.000000 2.499920
2482.000000 2.499957
2483.000000 2.500016
2484.000000 2.500071
2485.000000 2.500094
2486.000000 2.500129
2487.000000 2.500089
2488.000000 2.499999
2489.000000 2.499965
2490.000000 2.499966
2491.000000 2.499976
2492.000000 2.499980
2493.000000 2.499952
2494.000000 2.499961
2495.000000 2.499932
2496.000000 2.499966
2497.000000 2.499999
2498.000000 2.500029
2499.000000 2.500090
2500.000000 2.500124
