1.000000 0.000000
2.000000 0.000000
3.000000 0.000000
4.000000 0.000000
5.000000 0.000000
6.000000 0.000000
7.000000 0.000000
8.000000 0.000000
9.000000 0.000000
10.000000 0.000000
11.000000 0.000000
12.000000 0.000000
13.000000 0.000000
14.000000 0.000000
15.000000 0.000000
16.000000 0.000000
17.000000 0.000000
18.000000 0.000000
19.000000 0.000000
20.000000 0.000000
21.000000 1.797740
22.000000 2.724021
23.000000 3.046511
24.000000 2.985659
25.000000 2.710537
26.000000 2.342069
27.000000 1.763156
28.000000 1.221950
29.000000 0.827972
30.000000 0.604029
31.000000 0.526091
32.000000 0.551050
33.000000 0.655618
34.000000 0.790450
35.000000 0.911791
36.000000 0.993409
37.000000 1.027179
38.000000 1.018392
39.000000 0.977316
40.000000 0.918817
41.000000 0.858168
42.000000 0.807281
43.000000 0.772839
44.000000 0.756312
45.000000 0.755456
46.000000 0.765630
47.000000 0.781277
48.000000 0.797290
49.000000 0.809953
50.000000 0.817330
51.000000 0.819134
52.000000 0.816317
53.000000 0.810544
54.000000 0.803659
55.000000 0.797254
56.000000 0.792406
57.000000 0.789596
58.000000 0.788773
59.000000 0.789508
60.000000 0.791182
61.000000 0.793160
62.000000 0.794924
63.000000 0.796149
64.000000 0.796709
65.000000 0.796655
66.000000 0.796151
67.000000 0.795408
68.000000 0.794635
69.000000 0.793988
70.000000 0.793559
71.000000 0.793371
72.000000 0.793394
73.000000 0.793565
74.000000 0.793806
75.000000 0.794052
76.000000 0.794252
77.000000 0.794380
78.000000 0.794434
79.000000 0.794427
80.000000 0.794383
81.000000 0.794327
82.000000 0.794280
83.000000 0.794258
84.000000 0.794267
85.000000 0.794307
86.000000 0.794372
87.000000 0.794454
88.000000 0.794545
89.000000 0.794638
90.000000 0.794729
91.000000 0.794816
92.000000 0.794900
93.000000 0.794985
94.000000 0.795073
95.000000 0.795167
96.000000 0.795271
97.000000 0.795385
98.000000 0.795510
99.000000 0.795647
100.000000 0.795794
101.000000 0.795952
102.000000 0.796120
103.000000 0.796297
104.000000 0.796484
105.000000 0.796682
106.000000 0.796890
107.000000 0.797111
108.000000 0.797345
109.000000 0.797593
110.000000 0.797855
111.000000 0.798134
112.000000 0.798429
113.000000 0.798741
114.000000 0.799072
115.000000 0.799421
116.000000 0.799790
117.000000 0.800180
118.000000 0.800592
119.000000 0.801026
120.000000 0.801484
121.000000 0.801968
122.000000 0.802484
123.000000 0.803038
124.000000 0.803625
125.000000 0.804200
126.000000 0.804653
127.000000 0.804888
128.000000 0.804856
129.000000 0.804561
130.000000 0.804048
131.000000 0.803393
132.000000 0.801579
133.000000 0.798728
134.000000 0.795422
135.000000 0.792298
136.000000 0.789833
137.000000 0.788278
138.000000 0.787912
139.000000 0.788724
140.000000 0.790414
141.000000 0.792534
142.000000 0.794634
143.000000 0.796366
144.000000 0.797492
145.000000 0.797926
146.000000 0.797739
147.000000 0.797117
148.000000 0.796295
149.000000 0.795496
150.000000 0.794892
151.000000 0.794581
152.000000 0.794579
153.000000 0.794835
154.000000 0.795253
155.000000 0.795726
156.000000 0.796157
157.000000 0.796476
158.000000 0.796652
159.000000 0.796687
160.000000 0.796612
161.000000 0.796471
162.000000 0.796311
163.000000 0.572128
164.000000 0.273153
165.000000 -0.011807
166.000000 -0.237522
167.000000 -0.388040
168.000000 -0.465374
169.000000 -0.456577
170.000000 -0.381972
171.000000 -0.271840
172.000000 -0.153810
173.000000 -0.047504
174.000000 0.036388
175.000000 0.092017
176.000000 0.120743
177.000000 0.129132
178.000000 0.125824
179.000000 0.118905
180.000000 0.114334
181.000000 0.115707
182.000000 0.124116
183.000000 0.138554
184.000000 0.156709
185.000000 0.175859
186.000000 0.193590
187.000000 0.208208
188.000000 0.218905
189.000000 0.225710
190.000000 0.229284
191.000000 0.230632
192.000000 0.230816
193.000000 0.230742
194.000000 0.231032
195.000000 0.231990
196.000000 0.233631
197.000000 0.235772
198.000000 0.238129
199.000000 0.240408
200.000000 0.242376
201.000000 0.243895
202.000000 0.244930
203.000000 0.245530
204.000000 0.245802
205.000000 0.245872
206.000000 0.245860
207.000000 0.245857
208.000000 0.245918
209.000000 0.246060
210.000000 0.246272
211.000000 0.246527
212.000000 0.246789
213.000000 0.247027
214.000000 0.247218
215.000000 0.247354
216.000000 0.247435
217.000000 0.247470
218.000000 0.247474
219.000000 0.247461
220.000000 0.247443
221.000000 0.247429
222.000000 0.247422
223.000000 0.247424
224.000000 0.247430
225.000000 0.247437
226.000000 0.247441
227.000000 0.247439
228.000000 0.247428
229.000000 0.247407
230.000000 0.247378
231.000000 0.247342
232.000000 0.247299
233.000000 0.247251
234.000000 0.247201
235.000000 0.247147
236.000000 0.247090
237.000000 0.247031
238.000000 0.246969
239.000000 0.246904
240.000000 0.246835
241.000000 0.246764
242.000000 0.246688
243.000000 0.246610
244.000000 0.246529
245.000000 0.246445
246.000000 0.246357
247.000000 0.246265
248.000000 0.246166
249.000000 0.246058
250.000000 0.245940
251.000000 0.245809
252.000000 0.245665
253.000000 0.245509
254.000000 0.245340
255.000000 0.245160
256.000000 0.244970
257.000000 0.244771
258.000000 0.244564
259.000000 0.244348
260.000000 0.244122
261.000000 0.243885
262.000000 0.243636
263.000000 0.243371
264.000000 0.243090
265.000000 0.242790
266.000000 0.242470
267.000000 0.242134
268.000000 0.241801
269.000000 0.241499
270.000000 0.241254
271.000000 0.241091
272.000000 0.241022
273.000000 0.241047
274.000000 0.241295
275.000000 0.241853
276.000000 0.242722
277.000000 0.243824
278.000000 0.245032
279.000000 0.246215
280.000000 0.247229
281.000000 0.247958
282.000000 0.248344
283.000000 0.248396
284.000000 0.248177
285.000000 0.247782
286.000000 0.247319
287.000000 0.246886
288.000000 0.246554
289.000000 0.246361
290.000000 0.246305
291.000000 0.246359
292.000000 0.246478
293.000000 0.246615
294.000000 0.246726
295.000000 0.246786
296.000000 0.246783
297.000000 0.246722
298.000000 0.246618
299.000000 0.246493
300.000000 0.246369
301.000000 0.246263
302.000000 0.246185
303.000000 0.246140
304.000000 0.246122
305.000000 0.246125
306.000000 0.246139
307.000000 0.246155
308.000000 0.246166
309.000000 0.246167
310.000000 0.246159
311.000000 0.246143
312.000000 0.246121
313.000000 0.246099
314.000000 0.246078
315.000000 0.246061
316.000000 0.246050
317.000000 0.246044
318.000000 0.246042
319.000000 0.246043
320.000000 0.246045
321.000000 0.246047
322.000000 0.246048
323.000000 0.246047
324.000000 0.246045
325.000000 0.246041
326.000000 0.246038
327.000000 0.246034
328.000000 0.246031
329.000000 0.246028
330.000000 0.246026
331.000000 0.246025
332.000000 0.246025
333.000000 0.246025
334.000000 0.246025
335.000000 0.246024
336.000000 0.246024
337.000000 0.246023
338.000000 0.246022
339.000000 0.246021
340.000000 0.246020
341.000000 0.246019
342.000000 0.246018
343.000000 0.246017
344.000000 0.246017
345.000000 0.246016
346.000000 0.246015
347.000000 0.246015
348.000000 0.246014
349.000000 0.246014
350.000000 0.246013
351.000000 0.246013
352.000000 0.246012
353.000000 0.246012
354.000000 0.246011
355.000000 0.246011
356.000000 0.246010
357.000000 0.246010
358.000000 0.246010
359.000000 0.246010
360.000000 0.246009
361.000000 0.246009
362.000000 0.246009
363.000000 0.246009
364.000000 0.246010
365.000000 0.246010
366.000000 0.246011
367.000000 0.246011
368.000000 0.246012
369.000000 0.246013
370.000000 0.246015
371.000000 0.246016
372.000000 0.246018
373.000000 0.246020
374.000000 0.246023
375.000000 0.246025
376.000000 0.246028
377.000000 0.246031
378.000000 0.246035
379.000000 0.246038
380.000000 0.246042
381.000000 0.246046
382.000000 0.246050
383.000000 0.246053
384.000000 0.246056
385.000000 0.246057
386.000000 0.246058
387.000000 0.246057
388.000000 0.246055
389.000000 0.246051
390.000000 0.246046
391.000000 0.246041
392.000000 0.246035
393.000000 0.246030
394.000000 0.246026
395.000000 0.246023
396.000000 0.246021
397.000000 0.246021
398.000000 0.246022
399.000000 0.246023
400.000000 0.246025
401.000000 0.246027
402.000000 0.246028
403.000000 0.246028
404.000000 0.246028
405.000000 0.246027
406.000000 0.246026
407.000000 0.246025
408.000000 0.246024
409.000000 0.246023
410.000000 0.246023
411.000000 0.246023
412.000000 0.246024
413.000000 0.246025
414.000000 0.246025
415.000000 0.246026
416.000000 0.246026
417.000000 0.246026
418.000000 0.246027
419.000000 0.246026
420.000000 0.246026
421.000000 0.246026
422.000000 0.246026
423.000000 0.246026
424.000000 0.246026
425.000000 0.246026
426.000000 0.246026
427.000000 0.246026
428.000000 0.246026
429.000000 0.246027
430.000000 0.246027
431.000000 0.246027
432.000000 0.246027
433.000000 0.246027
434.000000 0.246027
435.000000 0.246027
436.000000 0.246027
437.000000 0.246027
438.000000 0.246027
439.000000 0.246027
440.000000 0.246027
441.000000 0.246027
442.000000 0.246027
443.000000 0.246027
444.000000 0.246027
445.000000 0.246027
446.000000 0.246027
447.000000 0.246027
448.000000 0.246027
449.000000 0.246027
450.000000 0.246027
451.000000 0.246027
452.000000 0.246027
453.000000 0.246027
454.000000 0.246027
455.000000 0.246027
456.000000 0.246027
457.000000 0.246027
458.000000 0.246027
459.000000 0.246027
460.000000 0.246027
461.000000 0.246027
462.000000 0.246027
463.000000 0.246027
464.000000 0.246027
465.000000 0.246027
466.000000 0.246027
467.000000 0.246027
468.000000 0.246027
469.000000 0.246027
470.000000 0.246027
471.000000 0.246027
472.000000 0.246027
473.000000 0.246027
474.000000 0.246027
475.000000 0.246027
476.000000 0.246027
477.000000 0.246027
478.000000 0.246027
479.000000 0.246027
480.000000 0.246027
481.000000 0.246027
482.000000 0.246027
483.000000 0.246027
484.000000 0.246027
485.000000 0.246027
486.000000 0.246027
487.000000 0.246027
488.000000 0.246027
489.000000 0.246027
490.000000 0.246027
491.000000 0.246027
492.000000 0.246027
493.000000 0.246027
494.000000 0.246027
495.000000 0.246027
496.000000 0.246027
497.000000 0.246027
498.000000 0.246027
499.000000 0.246027
500.000000 0.246027
501.000000 0.246027
502.000000 0.246027
503.000000 0.246027
504.000000 0.246027
505.000000 0.246027
506.000000 0.246027
507.000000 0.246027
508.000000 0.246027
509.000000 0.246027
510.000000 0.246027
511.000000 0.246027
512.000000 0.246027
513.000000 0.246027
514.000000 0.246027
515.000000 0.246027
516.000000 0.246027
517.000000 0.246027
518.000000 0.246027
519.000000 0.246027
520.000000 0.246027
521.000000 0.246027
522.000000 0.246027
523.000000 0.246027
524.000000 0.246027
525.000000 0.246027
526.000000 0.246027
527.000000 0.246027
528.000000 0.246027
529.000000 0.246027
530.000000 0.246027
531.000000 0.246027
532.000000 0.246027
533.000000 0.246027
534.000000 0.246027
535.000000 0.246027
536.000000 0.246027
537.000000 0.246027
538.000000 0.246027
539.000000 0.246027
540.000000 0.246027
541.000000 0.246027
542.000000 0.246027
543.000000 0.246027
544.000000 0.246027
545.000000 0.246027
546.000000 0.246027
547.000000 0.246027
548.000000 0.246027
549.000000 0.246027
550.000000 0.246027
551.000000 0.246027
552.000000 0.246027
553.000000 0.246027
554.000000 0.246027
555.000000 0.246027
556.000000 0.246027
557.000000 0.246027
558.000000 0.246027
559.000000 0.246027
560.000000 0.246027
561.000000 0.246027
562.000000 0.246027
563.000000 0.246027
564.000000 0.246027
565.000000 0.246027
566.000000 0.246027
567.000000 0.246027
568.000000 0.246027
569.000000 0.246027
570.000000 0.246027
571.000000 0.246027
572.000000 0.246027
573.000000 0.246027
574.000000 0.246027
575.000000 0.246027
576.000000 0.246027
577.000000 0.246027
578.000000 0.246027
579.000000 0.246027
580.000000 0.246027
581.000000 0.246027
582.000000 0.246027
583.000000 0.246027
584.000000 0.246027
585.000000 0.246027
586.000000 0.246027
587.000000 0.246027
588.000000 0.246027
589.000000 0.246027
590.000000 0.246027
591.000000 0.246027
592.000000 0.246027
593.000000 0.246027
594.000000 0.246027
595.000000 0.246027
596.000000 0.246027
597.000000 0.246027
598.000000 0.246027
599.000000 0.246027
600.000000 0.246027
601.000000 0.246027
602.000000 0.246027
603.000000 0.246027
604.000000 0.246027
605.000000 0.246027
606.000000 0.246027
607.000000 0.246027
608.000000 0.246027
609.000000 0.246027
610.000000 0.246027
611.000000 0.246027
612.000000 0.246027
613.000000 0.246027
614.000000 0.246027
615.000000 0.246027
616.000000 0.246027
617.000000 0.246027
618.000000 0.246027
619.000000 0.246027
620.000000 0.246027
621.000000 0.246027
622.000000 0.246027
623.000000 0.246027
624.000000 0.246027
625.000000 0.246027
626.000000 0.246027
627.000000 0.246027
628.000000 0.246027
629.000000 0.246027
630.000000 0.246027
631.000000 0.246027
632.000000 0.246027
633.000000 0.246027
634.000000 0.246027
635.000000 0.246027
636.000000 0.246027
637.000000 0.246027
638.000000 0.246027
639.000000 0.246027
640.000000 0.246027
641.000000 0.246027
642.000000 0.246027
643.000000 0.246027
644.000000 0.246027
645.000000 0.246027
646.000000 0.246027
647.000000 0.246027
648.000000 0.246027
649.000000 0.246027
650.000000 0.246027
651.000000 0.246027
652.000000 0.246027
653.000000 0.246027
654.000000 0.246027
655.000000 0.246027
656.000000 0.246027
657.000000 0.246027
658.000000 0.246027
659.000000 0.246027
660.000000 0.246027
661.000000 0.246027
662.000000 0.246027
663.000000 0.246027
664.000000 0.246027
665.000000 0.246027
666.000000 0.246027
667.000000 0.246027
668.000000 0.246027
669.000000 0.246027
670.000000 0.246027
671.000000 0.246027
672.000000 0.246027
673.000000 0.246027
674.000000 0.246027
675.000000 0.246027
676.000000 0.246027
677.000000 0.246027
678.000000 0.246027
679.000000 0.246027
680.000000 0.246027
681.000000 0.246027
682.000000 0.246027
683.000000 0.246027
684.000000 0.246027
685.000000 0.246027
686.000000 0.246027
687.000000 0.246027
688.000000 0.246027
689.000000 0.246027
690.000000 0.246027
691.000000 0.246027
692.000000 0.246027
693.000000 0.246027
694.000000 0.246027
695.000000 0.246027
696.000000 0.246027
697.000000 0.246027
698.000000 0.246027
699.000000 0.246027
700.000000 0.246027
701.000000 0.246027
702.000000 0.246027
703.000000 0.246027
704.000000 0.246027
705.000000 0.246027
706.000000 0.246027
707.000000 0.246027
708.000000 0.246027
709.000000 0.246027
710.000000 0.246027
711.000000 0.246027
712.000000 0.246027
713.000000 0.246027
714.000000 0.246027
715.000000 0.246027
716.000000 0.246027
717.000000 0.246027
718.000000 0.246027
719.000000 0.246027
720.000000 0.246027
721.000000 0.246027
722.000000 0.246027
723.000000 0.246027
724.000000 0.246027
725.000000 0.246027
726.000000 0.246027
727.000000 0.246027
728.000000 0.246027
729.000000 0.246027
730.000000 0.246027
731.000000 0.246027
732.000000 0.246027
733.000000 0.246027
734.000000 0.246027
735.000000 0.246027
736.000000 0.246027
737.000000 0.246027
738.000000 0.246027
739.000000 0.246027
740.000000 0.246027
741.000000 0.246027
742.000000 0.246027
743.000000 0.246027
744.000000 0.246027
745.000000 0.246027
746.000000 0.246027
747.000000 0.246027
748.000000 0.246027
749.000000 0.246027
750.000000 0.246027
751.000000 0.246027
752.000000 0.246027
753.000000 0.246027
754.000000 0.246027
755.000000 0.246027
756.000000 0.246027
757.000000 0.246027
758.000000 0.246027
759.000000 0.246027
760.000000 0.246027
761.000000 0.246027
762.000000 0.246027
763.000000 0.246027
764.000000 0.246027
765.000000 0.246027
766.000000 0.246027
767.000000 0.246027
768.000000 0.246027
769.000000 0.246027
770.000000 0.246027
771.000000 0.246027
772.000000 0.246027
773.000000 0.246027
774.000000 0.246027
775.000000 0.246027
776.000000 0.246027
777.000000 0.246027
778.000000 0.246027
779.000000 0.246027
780.000000 0.246027
781.000000 0.246027
782.000000 0.246027
783.000000 0.246027
784.000000 0.246027
785.000000 0.246027
786.000000 0.246027
787.000000 0.246027
788.000000 0.246027
789.000000 0.246027
790.000000 0.246027
791.000000 0.246027
792.000000 0.246027
793.000000 0.246027
794.000000 0.246027
795.000000 0.246027
796.000000 0.246027
797.000000 0.246027
798.000000 0.246027
799.000000 0.246027
800.000000 0.246027
801.000000 0.246027
802.000000 0.246027
803.000000 0.246027
804.000000 0.470070
805.000000 0.768954
806.000000 1.053879
807.000000 1.279612
808.000000 1.430186
809.000000 1.507597
810.000000 1.498878
811.000000 1.424336
812.000000 1.314246
813.000000 1.196234
814.000000 1.089924
815.000000 1.006014
816.000000 0.950359
817.000000 0.921608
818.000000 0.913200
819.000000 0.916498
820.000000 0.923415
821.000000 0.927993
822.000000 0.926631
823.000000 0.918234
824.000000 0.903808
825.000000 0.885661
826.000000 0.866517
827.000000 0.848787
828.000000 0.834168
829.000000 0.823468
830.000000 0.816660
831.000000 0.813083
832.000000 0.811734
833.000000 0.811550
834.000000 0.811625
835.000000 0.811337
836.000000 0.810382
837.000000 0.808744
838.000000 0.806605
839.000000 0.804250
840.000000 0.801972
841.000000 0.800005
842.000000 0.798486
843.000000 0.797452
844.000000 0.796851
845.000000 0.796580
846.000000 0.796510
847.000000 0.796523
848.000000 0.796527
849.000000 0.796468
850.000000 0.796327
851.000000 0.796115
852.000000 0.795861
853.000000 0.795599
854.000000 0.795362
855.000000 0.795170
856.000000 0.795035
857.000000 0.794954
858.000000 0.794919
859.000000 0.794914
860.000000 0.794927
861.000000 0.794944
862.000000 0.794957
863.000000 0.794962
864.000000 0.794959
865.000000 0.794951
866.000000 0.794942
867.000000 0.794935
868.000000 0.794935
869.000000 0.794943
870.000000 0.794960
871.000000 0.794985
872.000000 0.795017
873.000000 0.795054
874.000000 0.795096
875.000000 0.795140
876.000000 0.795187
877.000000 0.795237
878.000000 0.795289
879.000000 0.795345
880.000000 0.795405
881.000000 0.795469
882.000000 0.795539
883.000000 0.795615
884.000000 0.795697
885.000000 0.795784
886.000000 0.795878
887.000000 0.795979
888.000000 0.796086
889.000000 0.796199
890.000000 0.796319
891.000000 0.796447
892.000000 0.796583
893.000000 0.796727
894.000000 0.796879
895.000000 0.797041
896.000000 0.797212
897.000000 0.797394
898.000000 0.797586
899.000000 0.797789
900.000000 0.798005
901.000000 0.798232
902.000000 0.798473
903.000000 0.798727
904.000000 0.798996
905.000000 0.799280
906.000000 0.799582
907.000000 0.799902
908.000000 0.800237
909.000000 0.800567
910.000000 0.800866
911.000000 0.801108
912.000000 0.801269
913.000000 0.801338
914.000000 0.801312
915.000000 0.801065
916.000000 0.800508
917.000000 0.799640
918.000000 0.798540
919.000000 0.797332
920.000000 0.796149
921.000000 0.795135
922.000000 0.794405
923.000000 0.794019
924.000000 0.793966
925.000000 0.794185
926.000000 0.794579
927.000000 0.795042
928.000000 0.795476
929.000000 0.795807
930.000000 0.796001
931.000000 0.796057
932.000000 0.796003
933.000000 0.795884
934.000000 0.795748
935.000000 0.795636
936.000000 0.795576
937.000000 0.795579
938.000000 0.795640
939.000000 0.795744
940.000000 0.795869
941.000000 0.795993
942.000000 0.796099
943.000000 0.796177
944.000000 0.796222
945.000000 0.796240
946.000000 0.796237
947.000000 0.796223
948.000000 0.796207
949.000000 0.796196
950.000000 0.796195
951.000000 0.796203
952.000000 0.796219
953.000000 0.796240
954.000000 0.796263
955.000000 0.796284
956.000000 0.796301
957.000000 0.796312
958.000000 0.796318
959.000000 0.796320
960.000000 0.796319
961.000000 0.796317
962.000000 0.796315
963.000000 0.796314
964.000000 0.796315
965.000000 0.796317
966.000000 0.796320
967.000000 0.796324
968.000000 0.796328
969.000000 0.796331
970.000000 0.796334
971.000000 0.796335
972.000000 0.796336
973.000000 0.796337
974.000000 0.796337
975.000000 0.796337
976.000000 0.796337
977.000000 0.796338
978.000000 0.796339
979.000000 0.796339
980.000000 0.796341
981.000000 0.796342
982.000000 0.796343
983.000000 0.796344
984.000000 0.796344
985.000000 0.796345
986.000000 0.796346
987.000000 0.796346
988.000000 0.796347
989.000000 0.796347
990.000000 0.796348
991.000000 0.796349
992.000000 0.796349
993.000000 0.796350
994.000000 0.796350
995.000000 0.796351
996.000000 0.796351
997.000000 0.796352
998.000000 0.796352
999.000000 0.796352
1000.000000 0.796352
1001.000000 0.571635
1002.000000 0.455850
1003.000000 0.415539
1004.000000 0.423145
1005.000000 0.457535
1006.000000 0.503593
1007.000000 0.575957
1008.000000 0.643607
1009.000000 0.692853
1010.000000 0.720845
1011.000000 0.730586
1012.000000 0.727464
1013.000000 0.714391
1014.000000 0.697535
1015.000000 0.682366
1016.000000 0.672161
1017.000000 0.667936
1018.000000 0.669032
1019.000000 0.674163
1020.000000 0.681471
1021.000000 0.689048
1022.000000 0.695406
1023.000000 0.699707
1024.000000 0.701770
1025.000000 0.701874
1026.000000 0.700601
1027.000000 0.698644
1028.000000 0.696644
1029.000000 0.695063
1030.000000 0.694144
1031.000000 0.693924
1032.000000 0.694281
1033.000000 0.695009
1034.000000 0.695874
1035.000000 0.696679
1036.000000 0.697288
1037.000000 0.697641
1038.000000 0.697744
1039.000000 0.697652
1040.000000 0.697441
1041.000000 0.697192
1042.000000 0.696970
1043.000000 0.472772
1044.000000 0.173818
1045.000000 -0.111099
1046.000000 -0.336769
1047.000000 -0.487250
1048.000000 -0.564562
1049.000000 -0.555761
1050.000000 -0.481166
1051.000000 -0.371052
1052.000000 -0.253043
1053.000000 -0.146755
1054.000000 -0.062876
1055.000000 -0.007252
1056.000000 0.021473
1057.000000 0.029865
1058.000000 0.026560
1059.000000 0.019644
1060.000000 0.015071
1061.000000 0.016441
1062.000000 0.024844
1063.000000 0.039273
1064.000000 0.057418
1065.000000 0.076557
1066.000000 0.094279
1067.000000 0.108888
1068.000000 0.119576
1069.000000 0.126372
1070.000000 0.129938
1071.000000 0.131276
1072.000000 0.131450
1073.000000 0.131364
1074.000000 0.131641
1075.000000 0.132584
1076.000000 0.134210
1077.000000 0.136334
1078.000000 0.138674
1079.000000 0.140934
1080.000000 0.142883
1081.000000 0.144382
1082.000000 0.145395
1083.000000 0.145973
1084.000000 0.146222
1085.000000 0.146266
1086.000000 0.146227
1087.000000 0.146196
1088.000000 0.146226
1089.000000 0.146336
1090.000000 0.146515
1091.000000 0.146735
1092.000000 0.146959
1093.000000 0.147157
1094.000000 0.147308
1095.000000 0.147399
1096.000000 0.147434
1097.000000 0.147421
1098.000000 0.147374
1099.000000 0.147307
1100.000000 0.147232
1101.000000 0.147159
1102.000000 0.147089
1103.000000 0.147023
1104.000000 0.146957
1105.000000 0.146895
1106.000000 0.146845
1107.000000 0.146816
1108.000000 0.146812
1109.000000 0.146832
1110.000000 0.146871
1111.000000 0.146921
1112.000000 0.147110
1113.000000 0.147425
1114.000000 0.147794
1115.000000 0.148137
1116.000000 0.148396
1117.000000 0.148538
1118.000000 0.148528
1119.000000 0.148367
1120.000000 0.148091
1121.000000 0.147756
1122.000000 0.147417
1123.000000 0.147119
1124.000000 0.146891
1125.000000 0.146743
1126.000000 0.146666
1127.000000 0.146637
1128.000000 0.146626
1129.000000 0.146605
1130.000000 0.146553
1131.000000 0.146456
1132.000000 0.146313
1133.000000 0.146128
1134.000000 0.145914
1135.000000 0.145684
1136.000000 0.145449
1137.000000 0.145216
1138.000000 0.144991
1139.000000 0.144771
1140.000000 0.144553
1141.000000 0.144330
1142.000000 0.144096
1143.000000 0.143845
1144.000000 0.143572
1145.000000 0.143275
1146.000000 0.142952
1147.000000 0.142610
1148.000000 0.142271
1149.000000 0.141961
1150.000000 0.141712
1151.000000 0.141545
1152.000000 0.141475
1153.000000 0.141501
1154.000000 0.141750
1155.000000 0.142310
1156.000000 0.143182
1157.000000 0.144284
1158.000000 0.145493
1159.000000 0.146676
1160.000000 0.147690
1161.000000 0.148418
1162.000000 0.148803
1163.000000 0.148854
1164.000000 0.148634
1165.000000 0.148239
1166.000000 0.147776
1167.000000 0.147342
1168.000000 0.147011
1169.000000 0.146818
1170.000000 0.146762
1171.000000 0.146816
1172.000000 0.146935
1173.000000 0.147072
1174.000000 0.147183
1175.000000 0.147243
1176.000000 0.147239
1177.000000 0.147178
1178.000000 0.147073
1179.000000 0.146948
1180.000000 0.146824
1181.000000 0.146718
1182.000000 0.146641
1183.000000 0.146595
1184.000000 0.146578
1185.000000 0.146581
1186.000000 0.146594
1187.000000 0.146610
1188.000000 0.146621
1189.000000 0.146622
1190.000000 0.146614
1191.000000 0.146598
1192.000000 0.146576
1193.000000 0.146553
1194.000000 0.146533
1195.000000 0.146516
1196.000000 0.146505
1197.000000 0.146499
1198.000000 0.146497
1199.000000 0.146498
1200.000000 0.146500
1201.000000 0.146502
1202.000000 0.146503
1203.000000 0.146502
1204.000000 0.370544
1205.000000 0.669425
1206.000000 0.954346
1207.000000 1.180075
1208.000000 1.330647
1209.000000 1.408056
1210.000000 1.399335
1211.000000 1.324794
1212.000000 1.214704
1213.000000 1.096692
1214.000000 0.990383
1215.000000 0.906473
1216.000000 0.850819
1217.000000 0.822068
1218.000000 0.813660
1219.000000 0.816957
1220.000000 0.823874
1221.000000 0.828451
1222.000000 0.827088
1223.000000 0.818689
1224.000000 0.804262
1225.000000 0.786114
1226.000000 0.766967
1227.000000 0.749235
1228.000000 0.734613
1229.000000 0.723911
1230.000000 0.717102
1231.000000 0.713523
1232.000000 0.712174
1233.000000 0.711990
1234.000000 0.712065
1235.000000 0.711777
1236.000000 0.710823
1237.000000 0.709185
1238.000000 0.707046
1239.000000 0.704692
1240.000000 0.702413
1241.000000 0.700446
1242.000000 0.698927
1243.000000 0.697892
1244.000000 0.697291
1245.000000 0.697020
1246.000000 0.696951
1247.000000 0.696965
1248.000000 0.696970
1249.000000 0.696912
1250.000000 0.696773
1251.000000 0.696562
1252.000000 0.696310
1253.000000 0.696051
1254.000000 0.695816
1255.000000 0.695627
1256.000000 0.695494
1257.000000 0.695417
1258.000000 0.695384
1259.000000 0.695384
1260.000000 0.695400
1261.000000 0.695421
1262.000000 0.695438
1263.000000 0.695446
1264.000000 0.695446
1265.000000 0.695440
1266.000000 0.695431
1267.000000 0.695424
1268.000000 0.695421
1269.000000 0.695425
1270.000000 0.695437
1271.000000 0.695457
1272.000000 0.695483
1273.000000 0.695515
1274.000000 0.695552
1275.000000 0.695594
1276.000000 0.695640
1277.000000 0.695689
1278.000000 0.695742
1279.000000 0.695799
1280.000000 0.695861
1281.000000 0.695927
1282.000000 0.695998
1283.000000 0.696074
1284.000000 0.696156
1285.000000 0.696243
1286.000000 0.696335
1287.000000 0.696435
1288.000000 0.696541
1289.000000 0.696654
1290.000000 0.696774
1291.000000 0.696902
1292.000000 0.697038
1293.000000 0.697182
1294.000000 0.697336
1295.000000 0.697498
1296.000000 0.697670
1297.000000 0.697851
1298.000000 0.698044
1299.000000 0.698247
1300.000000 0.698462
1301.000000 0.698690
1302.000000 0.698930
1303.000000 0.699184
1304.000000 0.699453
1305.000000 0.699737
1306.000000 0.700039
1307.000000 0.700360
1308.000000 0.700694
1309.000000 0.701025
1310.000000 0.701324
1311.000000 0.701566
1312.000000 0.701727
1313.000000 0.701796
1314.000000 0.701770
1315.000000 0.701523
1316.000000 0.700966
1317.000000 0.700098
1318.000000 0.698997
1319.000000 0.697790
1320.000000 0.696607
1321.000000 0.695593
1322.000000 0.694863
1323.000000 0.694477
1324.000000 0.694424
1325.000000 0.694643
1326.000000 0.695037
1327.000000 0.695501
1328.000000 0.695934
1329.000000 0.696265
1330.000000 0.696459
1331.000000 0.696515
1332.000000 0.696461
1333.000000 0.696342
1334.000000 0.696206
1335.000000 0.696094
1336.000000 0.696034
1337.000000 0.696037
1338.000000 0.696099
1339.000000 0.696202
1340.000000 0.696327
1341.000000 0.696451
1342.000000 0.696557
1343.000000 0.696635
1344.000000 0.696680
1345.000000 0.696698
1346.000000 0.696695
1347.000000 0.696681
1348.000000 0.696665
1349.000000 0.696655
1350.000000 0.696653
1351.000000 0.696661
1352.000000 0.696677
1353.000000 0.696699
1354.000000 0.696721
1355.000000 0.696742
1356.000000 0.696759
1357.000000 0.696770
1358.000000 0.696776
1359.000000 0.696778
1360.000000 0.696777
1361.000000 0.696775
1362.000000 0.696773
1363.000000 0.696772
1364.000000 0.696773
1365.000000 0.696775
1366.000000 0.696779
1367.000000 0.696782
1368.000000 0.696786
1369.000000 0.696789
1370.000000 0.696792
1371.000000 0.696793
1372.000000 0.696794
1373.000000 0.696795
1374.000000 0.696795
1375.000000 0.696795
1376.000000 0.696795
1377.000000 0.696796
1378.000000 0.696797
1379.000000 0.696797
1380.000000 0.696798
1381.000000 0.696800
1382.000000 0.696801
1383.000000 0.696802
1384.000000 0.696802
1385.000000 0.696803
1386.000000 0.696804
1387.000000 0.696804
1388.000000 0.696805
1389.000000 0.696806
1390.000000 0.696806
1391.000000 0.696807
1392.000000 0.696807
1393.000000 0.696808
1394.000000 0.696808
1395.000000 0.696809
1396.000000 0.696809
1397.000000 0.696810
1398.000000 0.696810
1399.000000 0.696810
1400.000000 0.696811
1401.000000 0.696811
1402.000000 0.696811
1403.000000 0.696811
1404.000000 0.696810
1405.000000 0.696810
1406.000000 0.696810
1407.000000 0.696809
1408.000000 0.696808
1409.000000 0.696808
1410.000000 0.696806
1411.000000 0.696805
1412.000000 0.696804
1413.000000 0.696802
1414.000000 0.696800
1415.000000 0.696797
1416.000000 0.696795
1417.000000 0.696792
1418.000000 0.696789
1419.000000 0.696785
1420.000000 0.696781
1421.000000 0.696778
1422.000000 0.696774
1423.000000 0.696770
1424.000000 0.696767
1425.000000 0.696764
1426.000000 0.696763
1427.000000 0.696762
1428.000000 0.696763
1429.000000 0.696765
1430.000000 0.696769
1431.000000 0.696774
1432.000000 0.696779
1433.000000 0.696785
1434.000000 0.696790
1435.000000 0.696794
1436.000000 0.696797
1437.000000 0.696799
1438.000000 0.696799
1439.000000 0.696798
1440.000000 0.696797
1441.000000 0.696795
1442.000000 0.696793
1443.000000 0.696792
1444.000000 0.696792
1445.000000 0.696792
1446.000000 0.696793
1447.000000 0.696794
1448.000000 0.696795
1449.000000 0.696796
1450.000000 0.696797
1451.000000 0.696797
1452.000000 0.696797
1453.000000 0.696796
1454.000000 0.696795
1455.000000 0.696795
1456.000000 0.696794
1457.000000 0.696794
1458.000000 0.696793
1459.000000 0.696793
1460.000000 0.696794
1461.000000 0.696794
1462.000000 0.696794
1463.000000 0.696794
1464.000000 0.696794
1465.000000 0.696794
1466.000000 0.696794
1467.000000 0.696794
1468.000000 0.696794
1469.000000 0.696794
1470.000000 0.696793
1471.000000 0.696793
1472.000000 0.696793
1473.000000 0.696793
1474.000000 0.696793
1475.000000 0.696793
1476.000000 0.696793
1477.000000 0.696793
1478.000000 0.696793
1479.000000 0.696793
1480.000000 0.696793
1481.000000 0.696793
1482.000000 0.696793
1483.000000 0.696793
1484.000000 0.696793
1485.000000 0.696793
1486.000000 0.696793
1487.000000 0.696793
1488.000000 0.696793
1489.000000 0.696793
1490.000000 0.696793
1491.000000 0.696793
1492.000000 0.696793
1493.000000 0.696793
1494.000000 0.696793
1495.000000 0.696793
1496.000000 0.696793
1497.000000 0.696793
1498.000000 0.696793
1499.000000 0.696793
1500.000000 0.696793
1501.000000 1.932740
1502.000000 2.569558
1503.000000 2.791270
1504.000000 2.749434
1505.000000 2.560287
1506.000000 2.306966
1507.000000 1.908963
1508.000000 1.536884
1509.000000 1.266024
1510.000000 1.112063
1511.000000 1.058481
1512.000000 1.075640
1513.000000 1.147531
1514.000000 1.240227
1515.000000 1.323649
1516.000000 1.379762
1517.000000 1.402979
1518.000000 1.396938
1519.000000 1.368698
1520.000000 1.328480
1521.000000 1.286783
1522.000000 1.251798
1523.000000 1.228120
1524.000000 1.216757
1525.000000 1.216169
1526.000000 1.223163
1527.000000 1.233921
1528.000000 1.244930
1529.000000 1.253635
1530.000000 1.258708
1531.000000 1.259948
1532.000000 1.258011
1533.000000 1.254042
1534.000000 1.249309
1535.000000 1.244906
1536.000000 1.241572
1537.000000 1.239640
1538.000000 1.239075
1539.000000 1.239580
1540.000000 1.240731
1541.000000 1.242091
1542.000000 1.243304
1543.000000 1.244145
1544.000000 1.244531
1545.000000 1.244494
1546.000000 1.244147
1547.000000 1.243636
1548.000000 1.243105
1549.000000 1.242660
1550.000000 1.242365
1551.000000 1.242236
1552.000000 1.242252
1553.000000 1.242369
1554.000000 1.242535
1555.000000 1.242704
1556.000000 1.242841
1557.000000 1.242930
1558.000000 1.242967
1559.000000 1.242962
1560.000000 1.242931
1561.000000 1.242893
1562.000000 1.242861
1563.000000 1.242845
1564.000000 1.242852
1565.000000 1.242879
1566.000000 1.242924
1567.000000 1.242981
1568.000000 1.243043
1569.000000 1.243107
1570.000000 1.243169
1571.000000 1.243229
1572.000000 1.243287
1573.000000 1.243345
1574.000000 1.243406
1575.000000 1.243471
1576.000000 1.243542
1577.000000 1.243620
1578.000000 1.243706
1579.000000 1.243800
1580.000000 1.243902
1581.000000 1.244010
1582.000000 1.244126
1583.000000 1.244247
1584.000000 1.244376
1585.000000 1.244512
1586.000000 1.244655
1587.000000 1.244807
1588.000000 1.244968
1589.000000 1.245138
1590.000000 1.245319
1591.000000 1.245510
1592.000000 1.245713
1593.000000 1.245928
1594.000000 1.246155
1595.000000 1.246395
1596.000000 1.246649
1597.000000 1.246917
1598.000000 1.247200
1599.000000 1.247498
1600.000000 1.247814
1601.000000 1.248146
1602.000000 1.248501
1603.000000 1.248882
1604.000000 1.249285
1605.000000 1.249681
1606.000000 1.249992
1607.000000 1.250153
1608.000000 1.250132
1609.000000 1.249929
1610.000000 1.249576
1611.000000 1.249126
1612.000000 1.247879
1613.000000 1.245918
1614.000000 1.243646
1615.000000 1.241498
1616.000000 1.239803
1617.000000 1.238734
1618.000000 1.238483
1619.000000 1.239041
1620.000000 1.240203
1621.000000 1.241660
1622.000000 1.243104
1623.000000 1.244295
1624.000000 1.245069
1625.000000 1.245367
1626.000000 1.245239
1627.000000 1.244811
1628.000000 1.244246
1629.000000 1.243697
1630.000000 1.243282
1631.000000 1.243068
1632.000000 1.243066
1633.000000 1.243242
1634.000000 1.243530
1635.000000 1.243855
1636.000000 1.244151
1637.000000 1.244371
1638.000000 1.244492
1639.000000 1.244516
1640.000000 1.244464
1641.000000 1.244367
1642.000000 1.244257
1643.000000 1.020118
1644.000000 0.721171
1645.000000 0.436222
1646.000000 0.210501
1647.000000 0.059966
1648.000000 -0.017392
1649.000000 -0.008620
1650.000000 0.065966
1651.000000 0.176085
1652.000000 0.294109
1653.000000 0.400416
1654.000000 0.484314
1655.000000 0.539951
1656.000000 0.568685
1657.000000 0.577080
1658.000000 0.573775
1659.000000 0.566857
1660.000000 0.562283
1661.000000 0.563653
1662.000000 0.572058
1663.000000 0.586492
1664.000000 0.604645
1665.000000 0.623793
1666.000000 0.641524
1667.000000 0.656142
1668.000000 0.666840
1669.000000 0.673646
1670.000000 0.677221
1671.000000 0.678569
1672.000000 0.678753
1673.000000 0.678679
1674.000000 0.678969
1675.000000 0.679925
1676.000000 0.681565
1677.000000 0.683706
1678.000000 0.686062
1679.000000 0.688341
1680.000000 0.690308
1681.000000 0.691827
1682.000000 0.692862
1683.000000 0.693463
1684.000000 0.693734
1685.000000 0.693804
1686.000000 0.693792
1687.000000 0.693788
1688.000000 0.693849
1689.000000 0.693990
1690.000000 0.694203
1691.000000 0.694457
1692.000000 0.694719
1693.000000 0.694957
1694.000000 0.695148
1695.000000 0.695284
1696.000000 0.695365
1697.000000 0.695400
1698.000000 0.695404
1699.000000 0.695391
1700.000000 0.695373
1701.000000 0.695360
1702.000000 0.695354
1703.000000 0.695356
1704.000000 0.695362
1705.000000 0.695370
1706.000000 0.695375
1707.000000 0.695374
1708.000000 0.695364
1709.000000 0.695344
1710.000000 0.695316
1711.000000 0.695281
1712.000000 0.695240
1713.000000 0.695195
1714.000000 0.695146
1715.000000 0.695094
1716.000000 0.695040
1717.000000 0.694983
1718.000000 0.694923
1719.000000 0.694859
1720.000000 0.694792
1721.000000 0.694721
1722.000000 0.694645
1723.000000 0.694566
1724.000000 0.694482
1725.000000 0.694395
1726.000000 0.694304
1727.000000 0.694207
1728.000000 0.694103
1729.000000 0.693992
1730.000000 0.693870
1731.000000 0.693738
1732.000000 0.693594
1733.000000 0.693439
1734.000000 0.693272
1735.000000 0.693095
1736.000000 0.692908
1737.000000 0.692711
1738.000000 0.692505
1739.000000 0.692289
1740.000000 0.692063
1741.000000 0.691825
1742.000000 0.691574
1743.000000 0.691308
1744.000000 0.691026
1745.000000 0.690725
1746.000000 0.690405
1747.000000 0.690070
1748.000000 0.689738
1749.000000 0.689436
1750.000000 0.689193
1751.000000 0.689030
1752.000000 0.688961
1753.000000 0.688987
1754.000000 0.689234
1755.000000 0.689792
1756.000000 0.690661
1757.000000 0.691762
1758.000000 0.692970
1759.000000 0.694153
1760.000000 0.695167
1761.000000 0.695896
1762.000000 0.696283
1763.000000 0.696335
1764.000000 0.696116
1765.000000 0.695721
1766.000000 0.695258
1767.000000 0.694824
1768.000000 0.694493
1769.000000 0.694299
1770.000000 0.694243
1771.000000 0.694297
1772.000000 0.694416
1773.000000 0.694553
1774.000000 0.694665
1775.000000 0.694725
1776.000000 0.694721
1777.000000 0.694660
1778.000000 0.694556
1779.000000 0.694431
1780.000000 0.694307
1781.000000 0.694201
1782.000000 0.694124
1783.000000 0.694078
1784.000000 0.694061
1785.000000 0.694064
1786.000000 0.694078
1787.000000 0.694093
1788.000000 0.694104
1789.000000 0.694106
1790.000000 0.694098
1791.000000 0.694081
1792.000000 0.694060
1793.000000 0.694037
1794.000000 0.694016
1795.000000 0.694000
1796.000000 0.693989
1797.000000 0.693983
1798.000000 0.693981
1799.000000 0.693982
1800.000000 0.693984
1801.000000 0.693985
1802.000000 0.693986
1803.000000 0.693985
1804.000000 0.693983
1805.000000 0.693980
1806.000000 0.693976
1807.000000 0.693972
1808.000000 0.693969
1809.000000 0.693967
1810.000000 0.693965
1811.000000 0.693964
1812.000000 0.693963
1813.000000 0.693963
1814.000000 0.693963
1815.000000 0.693963
1816.000000 0.693962
1817.000000 0.693962
1818.000000 0.693961
1819.000000 0.693960
1820.000000 0.693959
1821.000000 0.693958
1822.000000 0.693957
1823.000000 0.693956
1824.000000 0.693955
1825.000000 0.693954
1826.000000 0.693954
1827.000000 0.693953
1828.000000 0.693953
1829.000000 0.693952
1830.000000 0.693952
1831.000000 0.693951
1832.000000 0.693951
1833.000000 0.693950
1834.000000 0.693950
1835.000000 0.693949
1836.000000 0.693949
1837.000000 0.693948
1838.000000 0.693948
1839.000000 0.693948
1840.000000 0.693948
1841.000000 0.693948
1842.000000 0.693948
1843.000000 0.693948
1844.000000 0.693948
1845.000000 0.693949
1846.000000 0.693949
1847.000000 0.693950
1848.000000 0.693951
1849.000000 0.693952
1850.000000 0.693953
1851.000000 0.693955
1852.000000 0.693957
1853.000000 0.693959
1854.000000 0.693961
1855.000000 0.693964
1856.000000 0.693967
1857.000000 0.693970
1858.000000 0.693973
1859.000000 0.693977
1860.000000 0.693981
1861.000000 0.693985
1862.000000 0.693988
1863.000000 0.693991
1864.000000 0.693994
1865.000000 0.693996
1866.000000 0.693996
1867.000000 0.693995
1868.000000 0.693993
1869.000000 0.693990
1870.000000 0.693985
1871.000000 0.693979
1872.000000 0.693974
1873.000000 0.693968
1874.000000 0.693964
1875.000000 0.693961
1876.000000 0.693960
1877.000000 0.693959
1878.000000 0.693960
1879.000000 0.693962
1880.000000 0.693964
1881.000000 0.693965
1882.000000 0.693966
1883.000000 0.693966
1884.000000 0.693966
1885.000000 0.693965
1886.000000 0.693964
1887.000000 0.693963
1888.000000 0.693962
1889.000000 0.693962
1890.000000 0.693962
1891.000000 0.693962
1892.000000 0.693962
1893.000000 0.693963
1894.000000 0.693964
1895.000000 0.693964
1896.000000 0.693965
1897.000000 0.693965
1898.000000 0.693965
1899.000000 0.693965
1900.000000 0.693965
1901.000000 0.693965
1902.000000 0.693964
1903.000000 0.693964
1904.000000 0.693964
1905.000000 0.693964
1906.000000 0.693965
1907.000000 0.693965
1908.000000 0.693965
1909.000000 0.693965
1910.000000 0.693965
1911.000000 0.693965
1912.000000 0.693965
1913.000000 0.693965
1914.000000 0.693965
1915.000000 0.693965
1916.000000 0.693965
1917.000000 0.693965
1918.000000 0.693965
1919.000000 0.693965
1920.000000 0.693965
1921.000000 0.693965
1922.000000 0.693965
1923.000000 0.693965
1924.000000 0.693965
1925.000000 0.693965
1926.000000 0.693965
1927.000000 0.693965
1928.000000 0.693965
1929.000000 0.693965
1930.000000 0.693965
1931.000000 0.693965
1932.000000 0.693965
1933.000000 0.693965
1934.000000 0.693965
1935.000000 0.693965
1936.000000 0.693965
1937.000000 0.693965
1938.000000 0.693965
1939.000000 0.693965
1940.000000 0.693965
1941.000000 0.693965
1942.000000 0.693965
1943.000000 0.693965
1944.000000 0.693965
1945.000000 0.693965
1946.000000 0.693965
1947.000000 0.693965
1948.000000 0.693965
1949.000000 0.693965
1950.000000 0.693965
1951.000000 0.693965
1952.000000 0.693965
1953.000000 0.693965
1954.000000 0.693965
1955.000000 0.693965
1956.000000 0.693965
1957.000000 0.693965
1958.000000 0.693965
1959.000000 0.693965
1960.000000 0.693965
1961.000000 0.693965
1962.000000 0.693965
1963.000000 0.693965
1964.000000 0.693965
1965.000000 0.693965
1966.000000 0.693965
1967.000000 0.693965
1968.000000 0.693965
1969.000000 0.693965
1970.000000 0.693965
1971.000000 0.693965
1972.000000 0.693965
1973.000000 0.693965
1974.000000 0.693965
1975.000000 0.693965
1976.000000 0.693965
1977.000000 0.693965
1978.000000 0.693965
1979.000000 0.693965
1980.000000 0.693965
1981.000000 0.693965
1982.000000 0.693965
1983.000000 0.693965
1984.000000 0.693965
1985.000000 0.693965
1986.000000 0.693965
1987.000000 0.693965
1988.000000 0.693965
1989.000000 0.693965
1990.000000 0.693965
1991.000000 0.693965
1992.000000 0.693965
1993.000000 0.693965
1994.000000 0.693965
1995.000000 0.693965
1996.000000 0.693965
1997.000000 0.693965
1998.000000 0.693965
1999.000000 0.693965
2000.000000 0.693965
2001.000000 0.693965
2002.000000 0.693965
2003.000000 0.693965
2004.000000 0.918009
2005.000000 1.216892
2006.000000 1.501817
2007.000000 1.727550
2008.000000 1.878125
2009.000000 1.955535
2010.000000 1.946816
2011.000000 1.872275
2012.000000 1.762185
2013.000000 1.644172
2014.000000 1.537863
2015.000000 1.453952
2016.000000 1.398298
2017.000000 1.369546
2018.000000 1.361139
2019.000000 1.364436
2020.000000 1.371354
2021.000000 1.375932
2022.000000 1.374570
2023.000000 1.366172
2024.000000 1.351746
2025.000000 1.333600
2026.000000 1.314456
2027.000000 1.296726
2028.000000 1.282106
2029.000000 1.271407
2030.000000 1.264599
2031.000000 1.261022
2032.000000 1.259672
2033.000000 1.259488
2034.000000 1.259564
2035.000000 1.259275
2036.000000 1.258321
2037.000000 1.256682
2038.000000 1.254543
2039.000000 1.252188
2040.000000 1.249910
2041.000000 1.247943
2042.000000 1.246425
2043.000000 1.245390
2044.000000 1.244790
2045.000000 1.244518
2046.000000 1.244449
2047.000000 1.244462
2048.000000 1.244466
2049.000000 1.244406
2050.000000 1.244265
2051.000000 1.244053
2052.000000 1.243799
2053.000000 1.243538
2054.000000 1.243300
2055.000000 1.243109
2056.000000 1.242973
2057.000000 1.242893
2058.000000 1.242857
2059.000000 1.242853
2060.000000 1.242865
2061.000000 1.242882
2062.000000 1.242895
2063.000000 1.242901
2064.000000 1.242898
2065.000000 1.242890
2066.000000 1.242880
2067.000000 1.242874
2068.000000 1.242873
2069.000000 1.242881
2070.000000 1.242898
2071.000000 1.242923
2072.000000 1.242955
2073.000000 1.242992
2074.000000 1.243034
2075.000000 1.243079
2076.000000 1.243126
2077.000000 1.243175
2078.000000 1.243227
2079.000000 1.243283
2080.000000 1.243343
2081.000000 1.243408
2082.000000 1.243478
2083.000000 1.243553
2084.000000 1.243635
2085.000000 1.243723
2086.000000 1.243817
2087.000000 1.243917
2088.000000 1.244024
2089.000000 1.244137
2090.000000 1.244258
2091.000000 1.244386
2092.000000 1.244521
2093.000000 1.244665
2094.000000 1.244818
2095.000000 1.244979
2096.000000 1.245151
2097.000000 1.245332
2098.000000 1.245524
2099.000000 1.245728
2100.000000 1.245943
2101.000000 1.246171
2102.000000 1.246411
2103.000000 1.246666
2104.000000 1.246934
2105.000000 1.247218
2106.000000 1.247520
2107.000000 1.247841
2108.000000 1.248175
2109.000000 1.248505
2110.000000 1.248805
2111.000000 1.249047
2112.000000 1.249208
2113.000000 1.249276
2114.000000 1.249251
2115.000000 1.249004
2116.000000 1.248446
2117.000000 1.247578
2118.000000 1.246478
2119.000000 1.245270
2120.000000 1.244087
2121.000000 1.243073
2122.000000 1.242344
2123.000000 1.241957
2124.000000 1.241904
2125.000000 1.242123
2126.000000 1.242518
2127.000000 1.242981
2128.000000 1.243414
2129.000000 1.243746
2130.000000 1.243939
2131.000000 1.243995
2132.000000 1.243942
2133.000000 1.243823
2134.000000 1.243686
2135.000000 1.243574
2136.000000 1.243514
2137.000000 1.243518
2138.000000 1.243579
2139.000000 1.243683
2140.000000 1.243808
2141.000000 1.243932
2142.000000 1.244038
2143.000000 1.244115
2144.000000 1.244161
2145.000000 1.244178
2146.000000 1.244175
2147.000000 1.244161
2148.000000 1.244146
2149.000000 1.244135
2150.000000 1.244133
2151.000000 1.244141
2152.000000 1.244158
2153.000000 1.244179
2154.000000 1.244202
2155.000000 1.244222
2156.000000 1.244239
2157.000000 1.244250
2158.000000 1.244256
2159.000000 1.244258
2160.000000 1.244257
2161.000000 1.244255
2162.000000 1.244253
2163.000000 1.244253
2164.000000 1.244253
2165.000000 1.244256
2166.000000 1.244259
2167.000000 1.244263
2168.000000 1.244266
2169.000000 1.244270
2170.000000 1.244272
2171.000000 1.244274
2172.000000 1.244275
2173.000000 1.244275
2174.000000 1.244275
2175.000000 1.244276
2176.000000 1.244276
2177.000000 1.244276
2178.000000 1.244277
2179.000000 1.244278
2180.000000 1.244279
2181.000000 1.244280
2182.000000 1.244281
2183.000000 1.244282
2184.000000 1.244283
2185.000000 1.244284
2186.000000 1.244284
2187.000000 1.244285
2188.000000 1.244285
2189.000000 1.244286
2190.000000 1.244287
2191.000000 1.244287
2192.000000 1.244288
2193.000000 1.244288
2194.000000 1.244289
2195.000000 1.244289
2196.000000 1.244290
2197.000000 1.244290
2198.000000 1.244291
2199.000000 1.244291
2200.000000 1.244291
2201.000000 1.244291
2202.000000 1.244291
2203.000000 1.244291
2204.000000 1.244291
2205.000000 1.244291
2206.000000 1.244290
2207.000000 1.244290
2208.000000 1.244289
2209.000000 1.244288
2210.000000 1.244287
2211.000000 1.244286
2212.000000 1.244284
2213.000000 1.244282
2214.000000 1.244280
2215.000000 1.244278
2216.000000 1.244275
2217.000000 1.244272
2218.000000 1.244269
2219.000000 1.244266
2220.000000 1.244262
2221.000000 1.244258
2222.000000 1.244254
2223.000000 1.244251
2224.000000 1.244247
2225.000000 1.244245
2226.000000 1.244243
2227.000000 1.244243
2228.000000 1.244243
2229.000000 1.244246
2230.000000 1.244249
2231.000000 1.244254
2232.000000 1.244259
2233.000000 1.244265
2234.000000 1.244270
2235.000000 1.244275
2236.000000 1.244278
2237.000000 1.244279
2238.000000 1.244279
2239.000000 1.244279
2240.000000 1.244277
2241.000000 1.244275
2242.000000 1.244274
2243.000000 1.244273
2244.000000 1.244272
2245.000000 1.244273
2246.000000 1.244274
2247.000000 1.244275
2248.000000 1.244276
2249.000000 1.244277
2250.000000 1.244277
2251.000000 1.244277
2252.000000 1.244277
2253.000000 1.244276
2254.000000 1.244276
2255.000000 1.244275
2256.000000 1.244274
2257.000000 1.244274
2258.000000 1.244274
2259.000000 1.244274
2260.000000 1.244274
2261.000000 1.244274
2262.000000 1.244274
2263.000000 1.244274
2264.000000 1.244274
2265.000000 1.244274
2266.000000 1.244274
2267.000000 1.244274
2268.000000 1.244274
2269.000000 1.244274
2270.000000 1.244274
2271.000000 1.244274
2272.000000 1.244274
2273.000000 1.244274
2274.000000 1.244274
2275.000000 1.244274
2276.000000 1.244274
2277.000000 1.244274
2278.000000 1.244274
2279.000000 1.244274
2280.000000 1.244274
2281.000000 1.244274
2282.000000 1.244274
2283.000000 1.244274
2284.000000 1.244274
2285.000000 1.244274
2286.000000 1.244274
2287.000000 1.244274
2288.000000 1.244274
2289.000000 1.244274
2290.000000 1.244274
2291.000000 1.244274
2292.000000 1.244274
2293.000000 1.020230
2294.000000 0.721346
2295.000000 0.436422
2296.000000 0.210689
2297.000000 0.060114
2298.000000 -0.017296
2299.000000 -0.008577
2300.000000 0.065964
2301.000000 0.176054
2302.000000 0.294067
2303.000000 0.400376
2304.000000 0.484287
2305.000000 0.539941
2306.000000 0.568692
2307.000000 0.577100
2308.000000 0.573803
2309.000000 0.566885
2310.000000 0.562307
2311.000000 0.563669
2312.000000 0.572066
2313.000000 0.586492
2314.000000 0.604639
2315.000000 0.623783
2316.000000 0.641513
2317.000000 0.656133
2318.000000 0.666832
2319.000000 0.673640
2320.000000 0.677217
2321.000000 0.678566
2322.000000 0.678750
2323.000000 0.678675
2324.000000 0.678963
2325.000000 0.679918
2326.000000 0.681557
2327.000000 0.683696
2328.000000 0.686051
2329.000000 0.688328
2330.000000 0.690295
2331.000000 0.691814
2332.000000 0.692848
2333.000000 0.693449
2334.000000 0.693720
2335.000000 0.693790
2336.000000 0.693777
2337.000000 0.693773
2338.000000 0.693833
2339.000000 0.693974
2340.000000 0.694186
2341.000000 0.694440
2342.000000 0.694701
2343.000000 0.694939
2344.000000 0.695130
2345.000000 0.695266
2346.000000 0.695346
2347.000000 0.695382
2348.000000 0.695386
2349.000000 0.695373
2350.000000 0.695356
2351.000000 0.695343
2352.000000 0.695338
2353.000000 0.695341
2354.000000 0.695349
2355.000000 0.695358
2356.000000 0.695365
2357.000000 0.695365
2358.000000 0.695357
2359.000000 0.695341
2360.000000 0.695316
2361.000000 0.695284
2362.000000 0.695246
2363.000000 0.695205
2364.000000 0.695160
2365.000000 0.695113
2366.000000 0.695064
2367.000000 0.695011
2368.000000 0.694956
2369.000000 0.694896
2370.000000 0.694831
2371.000000 0.694761
2372.000000 0.694685
2373.000000 0.694604
2374.000000 0.694516
2375.000000 0.694422
2376.000000 0.694322
2377.000000 0.694215
2378.000000 0.694101
2379.000000 0.693981
2380.000000 0.693853
2381.000000 0.693718
2382.000000 0.693574
2383.000000 0.693421
2384.000000 0.693260
2385.000000 0.693088
2386.000000 0.692907
2387.000000 0.692714
2388.000000 0.692511
2389.000000 0.692296
2390.000000 0.692068
2391.000000 0.691827
2392.000000 0.691573
2393.000000 0.691305
2394.000000 0.691020
2395.000000 0.690718
2396.000000 0.690398
2397.000000 0.690064
2398.000000 0.689734
2399.000000 0.689434
2400.000000 0.689192
2401.000000 0.689031
2402.000000 0.688963
2403.000000 0.688988
2404.000000 0.689235
2405.000000 0.689792
2406.000000 0.690661
2407.000000 0.691761
2408.000000 0.692969
2409.000000 0.694152
2410.000000 0.695166
2411.000000 0.695895
2412.000000 0.696282
2413.000000 0.696334
2414.000000 0.696116
2415.000000 0.695721
2416.000000 0.695258
2417.000000 0.694825
2418.000000 0.694493
2419.000000 0.694299
2420.000000 0.694243
2421.000000 0.694297
2422.000000 0.694416
2423.000000 0.694553
2424.000000 0.694664
2425.000000 0.694724
2426.000000 0.694721
2427.000000 0.694660
2428.000000 0.694556
2429.000000 0.694431
2430.000000 0.694307
2431.000000 0.694201
2432.000000 0.694124
2433.000000 0.694078
2434.000000 0.694061
2435.000000 0.694064
2436.000000 0.694077
2437.000000 0.694093
2438.000000 0.694104
2439.000000 0.694106
2440.000000 0.694098
2441.000000 0.694081
2442.000000 0.694060
2443.000000 0.694037
2444.000000 0.694016
2445.000000 0.694000
2446.000000 0.693989
2447.000000 0.693983
2448.000000 0.693981
2449.000000 0.693982
2450.000000 0.693984
2451.000000 0.693985
2452.000000 0.693986
2453.000000 0.693985
2454.000000 0.693983
2455.000000 0.693980
2456.000000 0.693976
2457.000000 0.693973
2458.000000 0.693969
2459.000000 0.693967
2460.000000 0.693965
2461.000000 0.693964
2462.000000 0.693964
2463.000000 0.693963
2464.000000 0.693963
2465.000000 0.693963
2466.000000 0.693962
2467.000000 0.693962
2468.000000 0.693961
2469.000000 0.693960
2470.000000 0.693959
2471.000000 0.693958
2472.000000 0.693957
2473.000000 0.693956
2474.000000 0.693955
2475.000000 0.693955
2476.000000 0.693954
2477.000000 0.693953
2478.000000 0.693953
2479.000000 0.693952
2480.000000 0.693952
2481.000000 0.693951
2482.000000 0.693951
2483.000000 0.693950
2484.000000 0.693949
2485.000000 0.693949
2486.000000 0.693949
2487.000000 0.693948
2488.000000 0.693948
2489.000000 0.693948
2490.000000 0.693948
2491.000000 0.693948
2492.000000 0.693948
2493.000000 0.693948
2494.000000 0.693948
2495.000000 0.693949
2496.000000 0.693949
2497.000000 0.693950
2498.000000 0.693951
2499.000000 0.693952
2500.000000 0.693953
