1.000000 0.000000
2.000000 0.000000
3.000000 0.000000
4.000000 0.000000
5.000000 0.000000
6.000000 0.000000
7.000000 0.000000
8.000000 0.000000
9.000000 0.000000
10.000000 0.000000
11.000000 0.000000
12.000000 0.000000
13.000000 0.000000
14.000000 0.000000
15.000000 0.000000
16.000000 0.000000
17.000000 0.000000
18.000000 0.000000
19.000000 0.000000
20.000000 0.000000
21.000000 1.797740
22.000000 2.724021
23.000000 3.046511
24.000000 2.985659
25.000000 2.710537
26.000000 2.342069
27.000000 1.763156
28.000000 1.221950
29.000000 0.827972
30.000000 0.604029
31.000000 0.526091
32.000000 0.551050
33.000000 0.655618
34.000000 0.790450
35.000000 0.911791
36.000000 0.993409
37.000000 1.027179
38.000000 1.018392
39.000000 0.977316
40.000000 0.918817
41.000000 0.858168
42.000000 0.807281
43.000000 0.772839
44.000000 0.756312
45.000000 0.755456
46.000000 0.765630
47.000000 0.781277
48.000000 0.797290
49.000000 0.809953
50.000000 0.817330
51.000000 0.819134
52.000000 0.816317
53.000000 0.810544
54.000000 0.803659
55.000000 0.797254
56.000000 0.792406
57.000000 0.789596
58.000000 0.788773
59.000000 0.789508
60.000000 0.791182
61.000000 0.793160
62.000000 0.794924
63.000000 0.796149
64.000000 0.796709
65.000000 0.796655
66.000000 0.796151
67.000000 0.795408
68.000000 0.794635
69.000000 0.793988
70.000000 0.793559
71.000000 0.793371
72.000000 0.793394
73.000000 0.793565
74.000000 0.793806
75.000000 0.794052
76.000000 0.794252
77.000000 0.794380
78.000000 0.794434
79.000000 0.794427
80.000000 0.794383
81.000000 0.794327
82.000000 0.031519
83.000000 -0.391809
84.000000 -0.731006
85.000000 -0.802059
86.000000 -0.712860
87.000000 -0.542827
88.000000 -0.262732
89.000000 0.011614
90.000000 0.242274
91.000000 0.392157
92.000000 0.460698
93.000000 0.465296
94.000000 0.419870
95.000000 0.350689
96.000000 0.279714
97.000000 0.223908
98.000000 0.191487
99.000000 0.182751
100.000000 0.193778
101.000000 0.217289
102.000000 0.245338
103.000000 0.271007
104.000000 0.289691
105.000000 0.299483
106.000000 0.300704
107.000000 0.295292
108.000000 0.285972
109.000000 0.275513
110.000000 0.266153
111.000000 0.259279
112.000000 0.255393
113.000000 0.254254
114.000000 0.255133
115.000000 0.257096
116.000000 0.259248
117.000000 0.260912
118.000000 0.261706
119.000000 0.261540
120.000000 0.260557
121.000000 0.259043
122.000000 0.257332
123.000000 0.255728
124.000000 0.254434
125.000000 0.253514
126.000000 0.252866
127.000000 0.252328
128.000000 0.251749
129.000000 0.251020
130.000000 0.250093
131.000000 0.248984
132.000000 0.246649
133.000000 0.243168
134.000000 0.239179
135.000000 0.235371
136.000000 0.232270
137.000000 0.230159
138.000000 0.229341
139.000000 0.229811
140.000000 0.231266
141.000000 0.233242
142.000000 0.235270
143.000000 0.236986
144.000000 0.238139
145.000000 0.238638
146.000000 0.238552
147.000000 0.238069
148.000000 0.237430
149.000000 0.236862
150.000000 0.236544
151.000000 0.236575
152.000000 0.236974
153.000000 0.237690
154.000000 0.238626
155.000000 0.239671
156.000000 0.240727
157.000000 0.241722
158.000000 0.242623
159.000000 0.243432
160.000000 0.244179
161.000000 0.244909
162.000000 0.245669
163.000000 0.246499
164.000000 0.247426
165.000000 0.248459
166.000000 0.249593
167.000000 0.250815
168.000000 0.252104
169.000000 0.253442
170.000000 0.254812
171.000000 0.256206
172.000000 0.257619
173.000000 0.259056
174.000000 0.260522
175.000000 0.262024
176.000000 0.263568
177.000000 0.265161
178.000000 0.266803
179.000000 0.268494
180.000000 0.270233
181.000000 0.272014
182.000000 0.273835
183.000000 0.275690
184.000000 0.277572
185.000000 0.279484
186.000000 0.281442
187.000000 0.283496
188.000000 0.285694
189.000000 0.288070
190.000000 0.290634
191.000000 0.293372
192.000000 0.296249
193.000000 0.299690
194.000000 0.303654
195.000000 0.307996
196.000000 0.312422
197.000000 0.316655
198.000000 0.320518
199.000000 0.323841
200.000000 0.326602
201.000000 0.328902
202.000000 0.330941
203.000000 0.332950
204.000000 0.335129
205.000000 0.337629
206.000000 0.340523
207.000000 0.343803
208.000000 0.347394
209.000000 0.351182
210.000000 0.355048
211.000000 0.358891
212.000000 0.362644
213.000000 0.366280
214.000000 0.369814
215.000000 0.373285
216.000000 0.376747
217.000000 0.380253
218.000000 0.383844
219.000000 0.387545
220.000000 0.391360
221.000000 0.395280
222.000000 0.399282
223.000000 0.403344
224.000000 0.407442
225.000000 0.411558
226.000000 0.415685
227.000000 0.419820
228.000000 0.423969
229.000000 0.428141
230.000000 0.432344
231.000000 0.436587
232.000000 0.440875
233.000000 0.445210
234.000000 0.449591
235.000000 0.454016
236.000000 0.458480
237.000000 0.462979
238.000000 0.467510
239.000000 0.472071
240.000000 0.476661
241.000000 0.481281
242.000000 0.485931
243.000000 0.490614
244.000000 0.495330
245.000000 0.500082
246.000000 0.504867
247.000000 0.509685
248.000000 0.514534
249.000000 0.519410
250.000000 0.524311
251.000000 0.529234
252.000000 0.534179
253.000000 0.539145
254.000000 0.544133
255.000000 0.549144
256.000000 0.554180
257.000000 0.559241
258.000000 0.564330
259.000000 0.569444
260.000000 0.574585
261.000000 0.579749
262.000000 0.584937
263.000000 0.590145
264.000000 0.595373
265.000000 0.600619
266.000000 0.605883
267.000000 0.611165
268.000000 0.616464
269.000000 0.621781
270.000000 0.627115
271.000000 0.632467
272.000000 0.637836
273.000000 0.643222
274.000000 0.648624
275.000000 0.654042
276.000000 0.659474
277.000000 0.664920
278.000000 0.670378
279.000000 0.675849
280.000000 0.681331
281.000000 0.686825
282.000000 0.692330
283.000000 0.697845
284.000000 0.703370
285.000000 0.708905
286.000000 0.714449
287.000000 0.720001
288.000000 0.725562
289.000000 0.731130
290.000000 0.736704
291.000000 0.742285
292.000000 0.747872
293.000000 0.753463
294.000000 0.759059
295.000000 0.764659
296.000000 0.770262
297.000000 0.775868
298.000000 0.781477
299.000000 0.787086
300.000000 0.792696
301.000000 0.798306
302.000000 0.803915
303.000000 0.809522
304.000000 0.815126
305.000000 0.820726
306.000000 0.826322
307.000000 0.831914
308.000000 0.837501
309.000000 0.843084
310.000000 0.848662
311.000000 0.854237
312.000000 0.859808
313.000000 0.865376
314.000000 0.870938
315.000000 0.876495
316.000000 0.882045
317.000000 0.887587
318.000000 0.893119
319.000000 0.898640
320.000000 0.904149
321.000000 0.909646
322.000000 0.915130
323.000000 0.920602
324.000000 0.926061
325.000000 0.931508
326.000000 0.936942
327.000000 0.942363
328.000000 0.947770
329.000000 0.953162
330.000000 0.958540
331.000000 0.963900
332.000000 0.969244
333.000000 0.974570
334.000000 0.979878
335.000000 0.985167
336.000000 0.990437
337.000000 0.995688
338.000000 1.000918
339.000000 1.006128
340.000000 1.011318
341.000000 1.016486
342.000000 1.021632
343.000000 1.026756
344.000000 1.031857
345.000000 1.036934
346.000000 1.041987
347.000000 1.047016
348.000000 1.052019
349.000000 1.056997
350.000000 1.061949
351.000000 1.066874
352.000000 1.071772
353.000000 1.076642
354.000000 1.081485
355.000000 1.086298
356.000000 1.091083
357.000000 1.095839
358.000000 1.100565
359.000000 1.105260
360.000000 1.109924
361.000000 1.114557
362.000000 1.119158
363.000000 1.123726
364.000000 1.128262
365.000000 1.132765
366.000000 1.137234
367.000000 1.141669
368.000000 1.146070
369.000000 1.150435
370.000000 1.154766
371.000000 1.159060
372.000000 1.163318
373.000000 1.167540
374.000000 1.171724
375.000000 1.175870
376.000000 1.179979
377.000000 1.184050
378.000000 1.188081
379.000000 1.192074
380.000000 1.196026
381.000000 1.199939
382.000000 1.203812
383.000000 1.207644
384.000000 1.211434
385.000000 1.215184
386.000000 1.218891
387.000000 1.222556
388.000000 1.226178
389.000000 1.229758
390.000000 1.233294
391.000000 1.236786
392.000000 1.240234
393.000000 1.243638
394.000000 1.246998
395.000000 1.250312
396.000000 1.253580
397.000000 1.256803
398.000000 1.259980
399.000000 1.263111
400.000000 1.266195
401.000000 1.269232
402.000000 1.272222
403.000000 1.275164
404.000000 1.278058
405.000000 1.280904
406.000000 1.283701
407.000000 1.286450
408.000000 1.289150
409.000000 1.291800
410.000000 1.294401
411.000000 1.296952
412.000000 1.299454
413.000000 1.301904
414.000000 1.304305
415.000000 1.306654
416.000000 1.308952
417.000000 1.311200
418.000000 1.313395
419.000000 1.315539
420.000000 1.317631
421.000000 1.319671
422.000000 1.321659
423.000000 1.323594
424.000000 1.325476
425.000000 1.327306
426.000000 1.329082
427.000000 1.330805
428.000000 1.332475
429.000000 1.334091
430.000000 1.335653
431.000000 1.337161
432.000000 1.338615
433.000000 1.340015
434.000000 1.341361
435.000000 1.342652
436.000000 1.343888
437.000000 1.345070
438.000000 1.346197
439.000000 1.347269
440.000000 1.348285
441.000000 1.349247
442.000000 1.350153
443.000000 1.351004
444.000000 1.351800
445.000000 1.352539
446.000000 1.353224
447.000000 1.353852
448.000000 1.354425
449.000000 1.354942
450.000000 1.355403
451.000000 1.355808
452.000000 1.356158
453.000000 1.356451
454.000000 1.356688
455.000000 1.356870
456.000000 1.356995
457.000000 1.357064
458.000000 1.357077
459.000000 1.357034
460.000000 1.356935
461.000000 1.356780
462.000000 1.356569
463.000000 1.356301
464.000000 1.355978
465.000000 1.355599
466.000000 1.355164
467.000000 1.354673
468.000000 1.354126
469.000000 1.353524
470.000000 1.352865
471.000000 1.352151
472.000000 1.351382
473.000000 1.350557
474.000000 1.349676
475.000000 1.348741
476.000000 1.347750
477.000000 1.346703
478.000000 1.345602
479.000000 1.344446
480.000000 1.343235
481.000000 1.341970
482.000000 1.340649
483.000000 1.339275
484.000000 1.337846
485.000000 1.336363
486.000000 1.334826
487.000000 1.333235
488.000000 1.331590
489.000000 1.329892
490.000000 1.328141
491.000000 1.326336
492.000000 1.324478
493.000000 1.322568
494.000000 1.320605
495.000000 1.318589
496.000000 1.316521
497.000000 1.314402
498.000000 1.312230
499.000000 1.310007
500.000000 1.307732
501.000000 1.305407
502.000000 1.303030
503.000000 1.300603
504.000000 1.298125
505.000000 1.295597
506.000000 1.293019
507.000000 1.290392
508.000000 1.287715
509.000000 1.284989
510.000000 1.282214
511.000000 1.279391
512.000000 1.276519
513.000000 1.273599
514.000000 1.270632
515.000000 1.267617
516.000000 1.264555
517.000000 1.261446
518.000000 1.258291
519.000000 1.255089
520.000000 1.251841
521.000000 1.248548
522.000000 1.245210
523.000000 1.241827
524.000000 1.238399
525.000000 1.234928
526.000000 1.231412
527.000000 1.227853
528.000000 1.224250
529.000000 1.220605
530.000000 1.216917
531.000000 1.213188
532.000000 1.209416
533.000000 1.205604
534.000000 1.201750
535.000000 1.197856
536.000000 1.193922
537.000000 1.189948
538.000000 1.185934
539.000000 1.181882
540.000000 1.177791
541.000000 1.173662
542.000000 1.169495
543.000000 1.165291
544.000000 1.161050
545.000000 1.156773
546.000000 1.152459
547.000000 1.148110
548.000000 1.143726
549.000000 1.139307
550.000000 1.134853
551.000000 1.130366
552.000000 1.125846
553.000000 1.121292
554.000000 1.116706
555.000000 1.112088
556.000000 1.107438
557.000000 1.102758
558.000000 1.098046
559.000000 1.093305
560.000000 1.088533
561.000000 1.083733
562.000000 1.078904
563.000000 1.074046
564.000000 1.069161
565.000000 1.064248
566.000000 1.059309
567.000000 1.054343
568.000000 1.049352
569.000000 1.044335
570.000000 1.039294
571.000000 1.034228
572.000000 1.029138
573.000000 1.024025
574.000000 1.018890
575.000000 1.013732
576.000000 1.008552
577.000000 1.003351
578.000000 0.998130
579.000000 0.992888
580.000000 0.987626
581.000000 0.982346
582.000000 0.977047
583.000000 0.971730
584.000000 0.966395
585.000000 0.961043
586.000000 0.955675
587.000000 0.950291
588.000000 0.944891
589.000000 0.939477
590.000000 0.934048
591.000000 0.928605
592.000000 0.923150
593.000000 0.917681
594.000000 0.912201
595.000000 0.906709
596.000000 0.901205
597.000000 0.895692
598.000000 0.890168
599.000000 0.884635
600.000000 0.879093
601.000000 0.873543
602.000000 0.867986
603.000000 0.862421
604.000000 0.856849
605.000000 0.851271
606.000000 0.845688
607.000000 0.840100
608.000000 0.834508
609.000000 0.828912
610.000000 0.823312
611.000000 0.817710
612.000000 0.812105
613.000000 0.806500
614.000000 0.800893
615.000000 0.795285
616.000000 0.789678
617.000000 0.784071
618.000000 0.778466
619.000000 0.772862
620.000000 0.767261
621.000000 0.761663
622.000000 0.756068
623.000000 0.750477
624.000000 0.744891
625.000000 0.739310
626.000000 0.733734
627.000000 0.728165
628.000000 0.722603
629.000000 0.717048
630.000000 0.711501
631.000000 0.705962
632.000000 0.700433
633.000000 0.694913
634.000000 0.689403
635.000000 0.683904
636.000000 0.678416
637.000000 0.672940
638.000000 0.667476
639.000000 0.662025
640.000000 0.656588
641.000000 0.651164
642.000000 0.645755
643.000000 0.640362
644.000000 0.634983
645.000000 0.629621
646.000000 0.624276
647.000000 0.618948
648.000000 0.613637
649.000000 0.608345
650.000000 0.603071
651.000000 0.597817
652.000000 0.592583
653.000000 0.587369
654.000000 0.582176
655.000000 0.577004
656.000000 0.571855
657.000000 0.566728
658.000000 0.561623
659.000000 0.556543
660.000000 0.551486
661.000000 0.546454
662.000000 0.541446
663.000000 0.536464
664.000000 0.531509
665.000000 0.526579
666.000000 0.521677
667.000000 0.516802
668.000000 0.511955
669.000000 0.507136
670.000000 0.502347
671.000000 0.497587
672.000000 0.492856
673.000000 0.488156
674.000000 0.483487
675.000000 0.478849
676.000000 0.474243
677.000000 0.469669
678.000000 0.465128
679.000000 0.460620
680.000000 0.456145
681.000000 0.451705
682.000000 0.447299
683.000000 0.442927
684.000000 0.438592
685.000000 0.434292
686.000000 0.430028
687.000000 0.425800
688.000000 0.421610
689.000000 0.417458
690.000000 0.413343
691.000000 0.409266
692.000000 0.405228
693.000000 0.401230
694.000000 0.397271
695.000000 0.393351
696.000000 0.389472
697.000000 0.385634
698.000000 0.381837
699.000000 0.378081
700.000000 0.374367
701.000000 0.370695
702.000000 0.367066
703.000000 0.363480
704.000000 0.359937
705.000000 0.356437
706.000000 0.352982
707.000000 0.349571
708.000000 0.346205
709.000000 0.342883
710.000000 0.339607
711.000000 0.336377
712.000000 0.333193
713.000000 0.330055
714.000000 0.326963
715.000000 0.323919
716.000000 0.320922
717.000000 0.317972
718.000000 0.315070
719.000000 0.312216
720.000000 0.309411
721.000000 0.306655
722.000000 0.303947
723.000000 0.301289
724.000000 0.298680
725.000000 0.296121
726.000000 0.293611
727.000000 0.291153
728.000000 0.288744
729.000000 0.286387
730.000000 0.284080
731.000000 0.281825
732.000000 0.279621
733.000000 0.277469
734.000000 0.275368
735.000000 0.273320
736.000000 0.271324
737.000000 0.269381
738.000000 0.267490
739.000000 0.265652
740.000000 0.263868
741.000000 0.262136
742.000000 0.260458
743.000000 0.258833
744.000000 0.257263
745.000000 0.255746
746.000000 0.254283
747.000000 0.252874
748.000000 0.251520
749.000000 0.250220
750.000000 0.248975
751.000000 0.247785
752.000000 0.246649
753.000000 0.245568
754.000000 0.244543
755.000000 0.243573
756.000000 0.242657
757.000000 0.241798
758.000000 0.240993
759.000000 0.240245
760.000000 0.239552
761.000000 0.238914
762.000000 0.238333
763.000000 0.237807
764.000000 0.237337
765.000000 0.236922
766.000000 0.236564
767.000000 0.236262
768.000000 0.236016
769.000000 0.235826
770.000000 0.235691
771.000000 0.235613
772.000000 0.235591
773.000000 0.235625
774.000000 0.235716
775.000000 0.235862
776.000000 0.236064
777.000000 0.236322
778.000000 0.236637
779.000000 0.237007
780.000000 0.237433
781.000000 0.237915
782.000000 0.238453
783.000000 0.239047
784.000000 0.239696
785.000000 0.240401
786.000000 0.241162
787.000000 0.241978
788.000000 0.242850
789.000000 0.243777
790.000000 0.244759
791.000000 0.245796
792.000000 0.246889
793.000000 0.248036
794.000000 0.249238
795.000000 0.250495
796.000000 0.251807
797.000000 0.253173
798.000000 0.254593
799.000000 0.256068
800.000000 0.257596
801.000000 0.259178
802.000000 0.260814
803.000000 0.262504
804.000000 0.264247
805.000000 0.266043
806.000000 0.267893
807.000000 0.269795
808.000000 0.271749
809.000000 0.273757
810.000000 0.275816
811.000000 0.277927
812.000000 0.280091
813.000000 0.282306
814.000000 0.284572
815.000000 0.286890
816.000000 0.289258
817.000000 0.291677
818.000000 0.294147
819.000000 0.296667
820.000000 0.299237
821.000000 0.301856
822.000000 0.304525
823.000000 0.307244
824.000000 0.310011
825.000000 0.312826
826.000000 0.315690
827.000000 0.318603
828.000000 0.321563
829.000000 0.324570
830.000000 0.327625
831.000000 0.330726
832.000000 0.333874
833.000000 0.337068
834.000000 0.340308
835.000000 0.343594
836.000000 0.346925
837.000000 0.350301
838.000000 0.353722
839.000000 0.357187
840.000000 0.360695
841.000000 0.364248
842.000000 0.367843
843.000000 0.371482
844.000000 0.375163
845.000000 0.378886
846.000000 0.382650
847.000000 0.386456
848.000000 0.390303
849.000000 0.394191
850.000000 0.398119
851.000000 0.402087
852.000000 0.406094
853.000000 0.410140
854.000000 0.414225
855.000000 0.418348
856.000000 0.422509
857.000000 0.426707
858.000000 0.430942
859.000000 0.435214
860.000000 0.439522
861.000000 0.443865
862.000000 0.448244
863.000000 0.452657
864.000000 0.457105
865.000000 0.461587
866.000000 0.466102
867.000000 0.470651
868.000000 0.475232
869.000000 0.479845
870.000000 0.484489
871.000000 0.489165
872.000000 0.493872
873.000000 0.498608
874.000000 0.503375
875.000000 0.508171
876.000000 0.512995
877.000000 0.517849
878.000000 0.522729
879.000000 0.527638
880.000000 0.532573
881.000000 0.537534
882.000000 0.542522
883.000000 0.547534
884.000000 0.552572
885.000000 0.557634
886.000000 0.562720
887.000000 0.567829
888.000000 0.572961
889.000000 0.578115
890.000000 0.583292
891.000000 0.588489
892.000000 0.593707
893.000000 0.598946
894.000000 0.604204
895.000000 0.609482
896.000000 0.614778
897.000000 0.620093
898.000000 0.625425
899.000000 0.630774
900.000000 0.636139
901.000000 0.641521
902.000000 0.646918
903.000000 0.652330
904.000000 0.657757
905.000000 0.663197
906.000000 0.668651
907.000000 0.674117
908.000000 0.679596
909.000000 0.685086
910.000000 0.690587
911.000000 0.696099
912.000000 0.701622
913.000000 0.707153
914.000000 0.712693
915.000000 0.718242
916.000000 0.723799
917.000000 0.729363
918.000000 0.734933
919.000000 0.740510
920.000000 0.746092
921.000000 0.751680
922.000000 0.757271
923.000000 0.762867
924.000000 0.768466
925.000000 0.774068
926.000000 0.779672
927.000000 0.785278
928.000000 0.790884
929.000000 0.796492
930.000000 0.802099
931.000000 0.807706
932.000000 0.813312
933.000000 0.818915
934.000000 0.824517
935.000000 0.830116
936.000000 0.835711
937.000000 0.841303
938.000000 0.846890
939.000000 0.852472
940.000000 0.858048
941.000000 0.863619
942.000000 0.869182
943.000000 0.874738
944.000000 0.880287
945.000000 0.885827
946.000000 0.891358
947.000000 0.896879
948.000000 0.902390
949.000000 0.907891
950.000000 0.913381
951.000000 0.918859
952.000000 0.924325
953.000000 0.929778
954.000000 0.935217
955.000000 0.940643
956.000000 0.946054
957.000000 0.951450
958.000000 0.956831
959.000000 0.962196
960.000000 0.967544
961.000000 0.972875
962.000000 0.978189
963.000000 0.983484
964.000000 0.988760
965.000000 0.994017
966.000000 0.999255
967.000000 1.004472
968.000000 1.009668
969.000000 1.014843
970.000000 1.019997
971.000000 1.025127
972.000000 1.030235
973.000000 1.035320
974.000000 1.040380
975.000000 1.045417
976.000000 1.050428
977.000000 1.055414
978.000000 1.060374
979.000000 1.065308
980.000000 1.070214
981.000000 1.075094
982.000000 1.079945
983.000000 1.084768
984.000000 1.089562
985.000000 1.094327
986.000000 1.099062
987.000000 1.103767
988.000000 1.108441
989.000000 1.113084
990.000000 1.117695
991.000000 1.122275
992.000000 1.126821
993.000000 1.131335
994.000000 1.135814
995.000000 1.140260
996.000000 1.144672
997.000000 1.149049
998.000000 1.153390
999.000000 1.157696
1000.000000 1.161966
1001.000000 0.941481
1002.000000 0.829892
1003.000000 0.793740
1004.000000 0.805467
1005.000000 0.843940
1006.000000 0.894043
1007.000000 0.970412
1008.000000 1.042028
1009.000000 1.095201
1010.000000 1.127079
1011.000000 1.140666
1012.000000 1.141350
1013.000000 1.132042
1014.000000 1.118908
1015.000000 1.107419
1016.000000 1.100853
1017.000000 1.100225
1018.000000 1.104873
1019.000000 1.113514
1020.000000 1.124289
1021.000000 1.135288
1022.000000 1.145022
1023.000000 1.152656
1024.000000 1.158005
1025.000000 1.161350
1026.000000 1.163270
1027.000000 1.164459
1028.000000 1.165556
1029.000000 1.167025
1030.000000 1.169108
1031.000000 1.171840
1032.000000 1.175101
1033.000000 1.178684
1034.000000 1.182358
1035.000000 1.185923
1036.000000 1.189244
1037.000000 1.192262
1038.000000 1.194982
1039.000000 1.197457
1040.000000 1.199765
1041.000000 1.201984
1042.000000 1.204180
1043.000000 1.206393
1044.000000 1.208637
1045.000000 1.210908
1046.000000 1.213183
1047.000000 1.215436
1048.000000 1.217641
1049.000000 1.219779
1050.000000 1.221837
1051.000000 1.223812
1052.000000 1.225708
1053.000000 1.227533
1054.000000 1.229296
1055.000000 1.231005
1056.000000 1.232667
1057.000000 1.234284
1058.000000 1.235857
1059.000000 1.237383
1060.000000 1.238860
1061.000000 1.240284
1062.000000 1.241653
1063.000000 1.242964
1064.000000 1.244217
1065.000000 1.245411
1066.000000 1.246547
1067.000000 1.247626
1068.000000 1.248649
1069.000000 1.249617
1070.000000 1.250530
1071.000000 1.251387
1072.000000 1.252190
1073.000000 1.252937
1074.000000 1.253628
1075.000000 1.254262
1076.000000 1.254840
1077.000000 1.255360
1078.000000 1.255824
1079.000000 1.256230
1080.000000 1.256578
1081.000000 1.256870
1082.000000 1.257104
1083.000000 1.257281
1084.000000 1.257401
1085.000000 1.257463
1086.000000 1.257468
1087.000000 1.257415
1088.000000 1.257305
1089.000000 1.257136
1090.000000 1.256910
1091.000000 1.256626
1092.000000 1.256284
1093.000000 1.255883
1094.000000 1.255425
1095.000000 1.254908
1096.000000 1.254333
1097.000000 1.253699
1098.000000 1.253007
1099.000000 1.252257
1100.000000 1.251448
1101.000000 1.250580
1102.000000 1.249652
1103.000000 1.248665
1104.000000 1.247618
1105.000000 1.246518
1106.000000 1.245377
1107.000000 1.244209
1108.000000 1.243020
1109.000000 1.241808
1110.000000 1.240570
1111.000000 1.239294
1112.000000 1.238109
1113.000000 1.237000
1114.000000 1.235893
1115.000000 1.234710
1116.000000 1.233391
1117.000000 1.231904
1118.000000 1.230215
1119.000000 1.228326
1120.000000 1.226274
1121.000000 1.224115
1122.000000 1.221906
1123.000000 1.219691
1124.000000 1.217499
1125.000000 1.215342
1126.000000 1.213210
1127.000000 1.211081
1128.000000 1.208925
1129.000000 1.206716
1130.000000 1.204431
1131.000000 1.202059
1132.000000 1.199597
1133.000000 1.197053
1134.000000 1.194439
1135.000000 1.191768
1136.000000 1.189053
1137.000000 1.186303
1138.000000 1.183522
1139.000000 1.180709
1140.000000 1.177863
1141.000000 1.174976
1142.000000 1.172043
1143.000000 1.169061
1144.000000 1.166025
1145.000000 1.162936
1146.000000 1.159793
1147.000000 1.156599
1148.000000 1.153356
1149.000000 1.150068
1150.000000 1.146736
1151.000000 1.143362
1152.000000 1.139946
1153.000000 1.136489
1154.000000 1.132990
1155.000000 1.129447
1156.000000 1.125862
1157.000000 1.122233
1158.000000 1.118560
1159.000000 1.114844
1160.000000 1.111085
1161.000000 1.107284
1162.000000 1.103442
1163.000000 1.099559
1164.000000 1.095636
1165.000000 1.091674
1166.000000 1.087673
1167.000000 1.083633
1168.000000 1.079555
1169.000000 1.075438
1170.000000 1.071284
1171.000000 1.067092
1172.000000 1.062863
1173.000000 1.058597
1174.000000 1.054294
1175.000000 1.049956
1176.000000 1.045583
1177.000000 1.041174
1178.000000 1.036732
1179.000000 1.032255
1180.000000 1.027745
1181.000000 1.023202
1182.000000 1.018626
1183.000000 1.014018
1184.000000 1.009378
1185.000000 1.004707
1186.000000 1.000006
1187.000000 0.995273
1188.000000 0.990511
1189.000000 0.985720
1190.000000 0.980900
1191.000000 0.976051
1192.000000 0.971175
1193.000000 0.966271
1194.000000 0.961340
1195.000000 0.956383
1196.000000 0.951399
1197.000000 0.946391
1198.000000 0.941357
1199.000000 0.936299
1200.000000 0.931217
1201.000000 0.926112
1202.000000 0.920983
1203.000000 0.915833
1204.000000 0.910660
1205.000000 0.905466
1206.000000 0.900251
1207.000000 0.895016
1208.000000 0.889761
1209.000000 0.884487
1210.000000 0.879195
1211.000000 0.873884
1212.000000 0.868555
1213.000000 0.863210
1214.000000 0.857847
1215.000000 0.852469
1216.000000 0.847075
1217.000000 0.841666
1218.000000 0.836243
1219.000000 0.830805
1220.000000 0.825354
1221.000000 0.819890
1222.000000 0.814413
1223.000000 0.808924
1224.000000 0.803424
1225.000000 0.797912
1226.000000 0.792390
1227.000000 0.786858
1228.000000 0.781317
1229.000000 0.775768
1230.000000 0.770212
1231.000000 0.764648
1232.000000 0.759079
1233.000000 0.753504
1234.000000 0.747923
1235.000000 0.742338
1236.000000 0.736748
1237.000000 0.731153
1238.000000 0.725555
1239.000000 0.719954
1240.000000 0.714350
1241.000000 0.708744
1242.000000 0.703137
1243.000000 0.697529
1244.000000 0.691921
1245.000000 0.686314
1246.000000 0.680708
1247.000000 0.675104
1248.000000 0.669502
1249.000000 0.663903
1250.000000 0.658308
1251.000000 0.652716
1252.000000 0.647128
1253.000000 0.641545
1254.000000 0.635968
1255.000000 0.630396
1256.000000 0.624832
1257.000000 0.619274
1258.000000 0.613725
1259.000000 0.608183
1260.000000 0.602651
1261.000000 0.597128
1262.000000 0.591615
1263.000000 0.586112
1264.000000 0.580621
1265.000000 0.575141
1266.000000 0.569673
1267.000000 0.564218
1268.000000 0.558776
1269.000000 0.553349
1270.000000 0.547935
1271.000000 0.542536
1272.000000 0.537153
1273.000000 0.531786
1274.000000 0.526435
1275.000000 0.521101
1276.000000 0.515785
1277.000000 0.510487
1278.000000 0.505207
1279.000000 0.499947
1280.000000 0.494706
1281.000000 0.489486
1282.000000 0.484286
1283.000000 0.479108
1284.000000 0.473951
1285.000000 0.468816
1286.000000 0.463705
1287.000000 0.458617
1288.000000 0.453552
1289.000000 0.448512
1290.000000 0.443497
1291.000000 0.438507
1292.000000 0.433542
1293.000000 0.428605
1294.000000 0.423694
1295.000000 0.418810
1296.000000 0.413954
1297.000000 0.409126
1298.000000 0.404327
1299.000000 0.399558
1300.000000 0.394818
1301.000000 0.390108
1302.000000 0.385429
1303.000000 0.380781
1304.000000 0.376165
1305.000000 0.371581
1306.000000 0.367029
1307.000000 0.362510
1308.000000 0.358025
1309.000000 0.353574
1310.000000 0.349156
1311.000000 0.344774
1312.000000 0.340427
1313.000000 0.336115
1314.000000 0.331840
1315.000000 0.327601
1316.000000 0.323399
1317.000000 0.319234
1318.000000 0.315107
1319.000000 0.311019
1320.000000 0.306968
1321.000000 0.302957
1322.000000 0.298985
1323.000000 0.295053
1324.000000 0.291162
1325.000000 0.287310
1326.000000 0.283500
1327.000000 0.279731
1328.000000 0.276004
1329.000000 0.272318
1330.000000 0.268675
1331.000000 0.265075
1332.000000 0.261519
1333.000000 0.258005
1334.000000 0.254536
1335.000000 0.251111
1336.000000 0.247730
1337.000000 0.244394
1338.000000 0.241104
1339.000000 0.237859
1340.000000 0.234660
1341.000000 0.231507
1342.000000 0.228401
1343.000000 0.225342
1344.000000 0.222329
1345.000000 0.219364
1346.000000 0.216447
1347.000000 0.213578
1348.000000 0.210758
1349.000000 0.207985
1350.000000 0.205262
1351.000000 0.202588
1352.000000 0.199963
1353.000000 0.197388
1354.000000 0.194863
1355.000000 0.192388
1356.000000 0.189964
1357.000000 0.187590
1358.000000 0.185267
1359.000000 0.182996
1360.000000 0.180776
1361.000000 0.178607
1362.000000 0.176490
1363.000000 0.174425
1364.000000 0.172412
1365.000000 0.170452
1366.000000 0.168545
1367.000000 0.166690
1368.000000 0.164888
1369.000000 0.163140
1370.000000 0.161445
1371.000000 0.159803
1372.000000 0.158215
1373.000000 0.156681
1374.000000 0.155201
1375.000000 0.153775
1376.000000 0.152404
1377.000000 0.151086
1378.000000 0.149824
1379.000000 0.148616
1380.000000 0.147463
1381.000000 0.146365
1382.000000 0.145322
1383.000000 0.144334
1384.000000 0.143401
1385.000000 0.142524
1386.000000 0.141702
1387.000000 0.140935
1388.000000 0.140225
1389.000000 0.139569
1390.000000 0.138970
1391.000000 0.138426
1392.000000 0.137938
1393.000000 0.137506
1394.000000 0.137130
1395.000000 0.136810
1396.000000 0.136546
1397.000000 0.136338
1398.000000 0.136186
1399.000000 0.136090
1400.000000 0.136050
1401.000000 0.136067
1402.000000 0.136139
1403.000000 0.136267
1404.000000 0.136452
1405.000000 0.136692
1406.000000 0.136989
1407.000000 0.137341
1408.000000 0.137749
1409.000000 0.138214
1410.000000 0.138734
1411.000000 0.139310
1412.000000 0.139941
1413.000000 0.140629
1414.000000 0.141372
1415.000000 0.142170
1416.000000 0.143024
1417.000000 0.143934
1418.000000 0.144898
1419.000000 0.145918
1420.000000 0.146993
1421.000000 0.148123
1422.000000 0.149308
1423.000000 0.150547
1424.000000 0.151841
1425.000000 0.153190
1426.000000 0.154593
1427.000000 0.156050
1428.000000 0.157561
1429.000000 0.159127
1430.000000 0.160746
1431.000000 0.162418
1432.000000 0.164144
1433.000000 0.165923
1434.000000 0.167756
1435.000000 0.169641
1436.000000 0.171579
1437.000000 0.173570
1438.000000 0.175612
1439.000000 0.177707
1440.000000 0.179854
1441.000000 0.182053
1442.000000 0.184303
1443.000000 0.186604
1444.000000 0.188956
1445.000000 0.191359
1446.000000 0.193813
1447.000000 0.196317
1448.000000 0.198871
1449.000000 0.201475
1450.000000 0.204128
1451.000000 0.206831
1452.000000 0.209582
1453.000000 0.212382
1454.000000 0.215231
1455.000000 0.218128
1456.000000 0.221073
1457.000000 0.224065
1458.000000 0.227105
1459.000000 0.230191
1460.000000 0.233324
1461.000000 0.236504
1462.000000 0.239729
1463.000000 0.243001
1464.000000 0.246317
1465.000000 0.249679
1466.000000 0.253085
1467.000000 0.256536
1468.000000 0.260031
1469.000000 0.263570
1470.000000 0.267151
1471.000000 0.270776
1472.000000 0.274444
1473.000000 0.278153
1474.000000 0.281905
1475.000000 0.285698
1476.000000 0.289532
1477.000000 0.293407
1478.000000 0.297322
1479.000000 0.301277
1480.000000 0.305271
1481.000000 0.309305
1482.000000 0.313378
1483.000000 0.317489
1484.000000 0.321637
1485.000000 0.325824
1486.000000 0.330047
1487.000000 0.334307
1488.000000 0.338604
1489.000000 0.342936
1490.000000 0.347303
1491.000000 0.351706
1492.000000 0.356143
1493.000000 0.360614
1494.000000 0.365119
1495.000000 0.369656
1496.000000 0.374227
1497.000000 0.378830
1498.000000 0.383464
1499.000000 0.388130
1500.000000 0.392827
1501.000000 1.633501
1502.000000 2.275076
1503.000000 2.501575
1504.000000 2.464555
1505.000000 2.280252
1506.000000 2.031802
1507.000000 1.638699
1508.000000 1.271546
1509.000000 1.005640
1510.000000 0.856658
1511.000000 0.808081
1512.000000 0.830270
1513.000000 0.907215
1514.000000 1.004990
1515.000000 1.093513
1516.000000 1.154750
1517.000000 1.183115
1518.000000 1.182243
1519.000000 1.159194
1520.000000 1.124188
1521.000000 1.087724
1522.000000 1.057991
1523.000000 1.039584
1524.000000 1.033512
1525.000000 1.038232
1526.000000 1.050553
1527.000000 1.066654
1528.000000 1.083023
1529.000000 1.097105
1530.000000 1.107570
1531.000000 1.114217
1532.000000 1.117702
1533.000000 1.119170
1534.000000 1.119886
1535.000000 1.120945
1536.000000 1.123086
1537.000000 1.126641
1538.000000 1.131573
1539.000000 1.137588
1540.000000 1.144257
1541.000000 1.151146
1542.000000 1.157896
1543.000000 1.164284
1544.000000 1.170224
1545.000000 1.175748
1546.000000 1.180970
1547.000000 1.186034
1548.000000 1.191083
1549.000000 1.196224
1550.000000 1.201520
1551.000000 1.206985
1552.000000 1.212599
1553.000000 1.218317
1554.000000 1.224087
1555.000000 1.229861
1556.000000 1.235605
1557.000000 1.241300
1558.000000 1.246945
1559.000000 1.252547
1560.000000 1.258123
1561.000000 1.263688
1562.000000 1.269259
1563.000000 1.274843
1564.000000 1.280446
1565.000000 1.286067
1566.000000 1.291700
1567.000000 1.297340
1568.000000 1.302981
1569.000000 1.308617
1570.000000 1.314245
1571.000000 1.319863
1572.000000 1.325472
1573.000000 1.331073
1574.000000 1.336667
1575.000000 1.342257
1576.000000 1.347843
1577.000000 1.353426
1578.000000 1.359005
1579.000000 1.364581
1580.000000 1.370152
1581.000000 1.375717
1582.000000 1.381276
1583.000000 1.386829
1584.000000 1.392373
1585.000000 1.397910
1586.000000 1.403439
1587.000000 1.408961
1588.000000 1.414475
1589.000000 1.419982
1590.000000 1.425482
1591.000000 1.430974
1592.000000 1.436460
1593.000000 1.441938
1594.000000 1.447409
1595.000000 1.452873
1596.000000 1.458329
1597.000000 1.463779
1598.000000 1.469222
1599.000000 1.474659
1600.000000 1.480089
1601.000000 1.485514
1602.000000 1.490937
1603.000000 1.496362
1604.000000 1.501785
1605.000000 1.507174
1606.000000 1.512454
1607.000000 1.517557
1608.000000 1.522451
1609.000000 1.527137
1610.000000 1.531644
1611.000000 1.536026
1612.000000 1.539582
1613.000000 1.542396
1614.000000 1.544868
1615.000000 1.547435
1616.000000 1.550424
1617.000000 1.554008
1618.000000 1.558378
1619.000000 1.563525
1620.000000 1.569244
1621.000000 1.575226
1622.000000 1.581160
1623.000000 1.586808
1624.000000 1.592004
1625.000000 1.596690
1626.000000 1.600915
1627.000000 1.604804
1628.000000 1.608520
1629.000000 1.612216
1630.000000 1.616009
1631.000000 1.619966
1632.000000 1.624097
1633.000000 1.628368
1634.000000 1.632712
1635.000000 1.637055
1636.000000 1.641329
1637.000000 1.645487
1638.000000 1.649506
1639.000000 1.653388
1640.000000 1.657153
1641.000000 1.660832
1642.000000 1.664455
1643.000000 1.668052
1644.000000 1.671638
1645.000000 1.675221
1646.000000 1.678797
1647.000000 1.682356
1648.000000 1.685885
1649.000000 1.689371
1650.000000 1.692803
1651.000000 1.696175
1652.000000 1.699484
1653.000000 1.702734
1654.000000 1.705927
1655.000000 1.709070
1656.000000 1.712167
1657.000000 1.715221
1658.000000 1.718233
1659.000000 1.721205
1660.000000 1.724134
1661.000000 1.727018
1662.000000 1.729855
1663.000000 1.732643
1664.000000 1.735380
1665.000000 1.738065
1666.000000 1.740699
1667.000000 1.743281
1668.000000 1.745812
1669.000000 1.748293
1670.000000 1.750724
1671.000000 1.753105
1672.000000 1.755435
1673.000000 1.757716
1674.000000 1.759946
1675.000000 1.762125
1676.000000 1.764252
1677.000000 1.766326
1678.000000 1.768349
1679.000000 1.770318
1680.000000 1.772234
1681.000000 1.774098
1682.000000 1.775908
1683.000000 1.777666
1684.000000 1.779370
1685.000000 1.781020
1686.000000 1.782617
1687.000000 1.784160
1688.000000 1.785650
1689.000000 1.787085
1690.000000 1.788466
1691.000000 1.789792
1692.000000 1.791063
1693.000000 1.792280
1694.000000 1.793442
1695.000000 1.794549
1696.000000 1.795601
1697.000000 1.796598
1698.000000 1.797539
1699.000000 1.798425
1700.000000 1.799255
1701.000000 1.800029
1702.000000 1.800748
1703.000000 1.801411
1704.000000 1.802018
1705.000000 1.802570
1706.000000 1.803065
1707.000000 1.803504
1708.000000 1.803886
1709.000000 1.804213
1710.000000 1.804483
1711.000000 1.804696
1712.000000 1.804854
1713.000000 1.804955
1714.000000 1.804999
1715.000000 1.804987
1716.000000 1.804919
1717.000000 1.804795
1718.000000 1.804615
1719.000000 1.804380
1720.000000 1.804090
1721.000000 1.803745
1722.000000 1.803346
1723.000000 1.802893
1724.000000 1.802386
1725.000000 1.801826
1726.000000 1.801212
1727.000000 1.800543
1728.000000 1.799819
1729.000000 1.799038
1730.000000 1.798199
1731.000000 1.797302
1732.000000 1.796346
1733.000000 1.795332
1734.000000 1.794261
1735.000000 1.793134
1736.000000 1.791953
1737.000000 1.790717
1738.000000 1.789429
1739.000000 1.788089
1740.000000 1.786696
1741.000000 1.785250
1742.000000 1.783750
1743.000000 1.782197
1744.000000 1.780588
1745.000000 1.778925
1746.000000 1.777208
1747.000000 1.775436
1748.000000 1.773610
1749.000000 1.771732
1750.000000 1.769800
1751.000000 1.767817
1752.000000 1.765782
1753.000000 1.763695
1754.000000 1.761557
1755.000000 1.759367
1756.000000 1.757126
1757.000000 1.754833
1758.000000 1.752490
1759.000000 1.750095
1760.000000 1.747649
1761.000000 1.745153
1762.000000 1.742607
1763.000000 1.740010
1764.000000 1.737365
1765.000000 1.734670
1766.000000 1.731926
1767.000000 1.729133
1768.000000 1.726292
1769.000000 1.723403
1770.000000 1.720466
1771.000000 1.717482
1772.000000 1.714450
1773.000000 1.711371
1774.000000 1.708245
1775.000000 1.705073
1776.000000 1.701854
1777.000000 1.698590
1778.000000 1.695281
1779.000000 1.691926
1780.000000 1.688527
1781.000000 1.685083
1782.000000 1.681595
1783.000000 1.678064
1784.000000 1.674489
1785.000000 1.670871
1786.000000 1.667210
1787.000000 1.663507
1788.000000 1.659762
1789.000000 1.655976
1790.000000 1.652148
1791.000000 1.648280
1792.000000 1.644371
1793.000000 1.640423
1794.000000 1.636434
1795.000000 1.632407
1796.000000 1.628340
1797.000000 1.624235
1798.000000 1.620093
1799.000000 1.615912
1800.000000 1.611695
1801.000000 1.607440
1802.000000 1.603150
1803.000000 1.598823
1804.000000 1.594461
1805.000000 1.590064
1806.000000 1.585633
1807.000000 1.581167
1808.000000 1.576668
1809.000000 1.572135
1810.000000 1.567570
1811.000000 1.562972
1812.000000 1.558342
1813.000000 1.553681
1814.000000 1.548989
1815.000000 1.544267
1816.000000 1.539515
1817.000000 1.534733
1818.000000 1.529922
1819.000000 1.525082
1820.000000 1.520215
1821.000000 1.515319
1822.000000 1.510397
1823.000000 1.505448
1824.000000 1.500473
1825.000000 1.495472
1826.000000 1.490447
1827.000000 1.485396
1828.000000 1.480322
1829.000000 1.475224
1830.000000 1.470103
1831.000000 1.464959
1832.000000 1.459793
1833.000000 1.454606
1834.000000 1.449397
1835.000000 1.444168
1836.000000 1.438919
1837.000000 1.433651
1838.000000 1.428363
1839.000000 1.423058
1840.000000 1.417734
1841.000000 1.412393
1842.000000 1.407035
1843.000000 1.401661
1844.000000 1.396271
1845.000000 1.390866
1846.000000 1.385446
1847.000000 1.380013
1848.000000 1.374565
1849.000000 1.369105
1850.000000 1.363632
1851.000000 1.358147
1852.000000 1.352651
1853.000000 1.347144
1854.000000 1.341627
1855.000000 1.336100
1856.000000 1.330563
1857.000000 1.325018
1858.000000 1.319466
1859.000000 1.313905
1860.000000 1.308338
1861.000000 1.302764
1862.000000 1.297184
1863.000000 1.291599
1864.000000 1.286009
1865.000000 1.280416
1866.000000 1.274818
1867.000000 1.269218
1868.000000 1.263614
1869.000000 1.258010
1870.000000 1.252403
1871.000000 1.246796
1872.000000 1.241189
1873.000000 1.235581
1874.000000 1.229975
1875.000000 1.224370
1876.000000 1.218768
1877.000000 1.213167
1878.000000 1.207570
1879.000000 1.201977
1880.000000 1.196387
1881.000000 1.190803
1882.000000 1.185224
1883.000000 1.179651
1884.000000 1.174084
1885.000000 1.168524
1886.000000 1.162972
1887.000000 1.157428
1888.000000 1.151893
1889.000000 1.146366
1890.000000 1.140850
1891.000000 1.135344
1892.000000 1.129849
1893.000000 1.124365
1894.000000 1.118894
1895.000000 1.113435
1896.000000 1.107989
1897.000000 1.102556
1898.000000 1.097138
1899.000000 1.091735
1900.000000 1.086346
1901.000000 1.080974
1902.000000 1.075618
1903.000000 1.070278
1904.000000 1.064957
1905.000000 1.059653
1906.000000 1.054367
1907.000000 1.049101
1908.000000 1.043854
1909.000000 1.038627
1910.000000 1.033420
1911.000000 1.028235
1912.000000 1.023071
1913.000000 1.017930
1914.000000 1.012811
1915.000000 1.007715
1916.000000 1.002643
1917.000000 0.997595
1918.000000 0.992572
1919.000000 0.987574
1920.000000 0.982601
1921.000000 0.977655
1922.000000 0.972735
1923.000000 0.967843
1924.000000 0.962978
1925.000000 0.958141
1926.000000 0.953333
1927.000000 0.948554
1928.000000 0.943805
1929.000000 0.939085
1930.000000 0.934397
1931.000000 0.929739
1932.000000 0.925112
1933.000000 0.920518
1934.000000 0.915956
1935.000000 0.911426
1936.000000 0.906930
1937.000000 0.902468
1938.000000 0.898040
1939.000000 0.893647
1940.000000 0.889288
1941.000000 0.884965
1942.000000 0.880678
1943.000000 0.876428
1944.000000 0.872214
1945.000000 0.868037
1946.000000 0.863898
1947.000000 0.859797
1948.000000 0.855735
1949.000000 0.851711
1950.000000 0.847727
1951.000000 0.843782
1952.000000 0.839877
1953.000000 0.836013
1954.000000 0.832189
1955.000000 0.828407
1956.000000 0.824667
1957.000000 0.820968
1958.000000 0.817312
1959.000000 0.813698
1960.000000 0.810127
1961.000000 0.806600
1962.000000 0.803117
1963.000000 0.799677
1964.000000 0.796283
1965.000000 0.792932
1966.000000 0.789628
1967.000000 0.786368
1968.000000 0.783154
1969.000000 0.779987
1970.000000 0.776866
1971.000000 0.773791
1972.000000 0.770764
1973.000000 0.767784
1974.000000 0.764852
1975.000000 0.761967
1976.000000 0.759131
1977.000000 0.756344
1978.000000 0.753605
1979.000000 0.750915
1980.000000 0.748274
1981.000000 0.745684
1982.000000 0.743143
1983.000000 0.740652
1984.000000 0.738211
1985.000000 0.735821
1986.000000 0.733482
1987.000000 0.731194
1988.000000 0.728958
1989.000000 0.726772
1990.000000 0.724639
1991.000000 0.722558
1992.000000 0.720528
1993.000000 0.718551
1994.000000 0.716627
1995.000000 0.714755
1996.000000 0.712937
1997.000000 0.711171
1998.000000 0.709459
1999.000000 0.707801
2000.000000 0.706195
2001.000000 0.704644
2002.000000 0.703147
2003.000000 0.701704
2004.000000 0.700315
2005.000000 0.698980
2006.000000 0.697700
2007.000000 0.696475
2008.000000 0.695305
2009.000000 0.694189
2010.000000 0.693128
2011.000000 0.692123
2012.000000 0.691173
2013.000000 0.690278
2014.000000 0.689438
2015.000000 0.688654
2016.000000 0.687925
2017.000000 0.687252
2018.000000 0.686635
2019.000000 0.686074
2020.000000 0.685568
2021.000000 0.685118
2022.000000 0.684724
2023.000000 0.684387
2024.000000 0.684105
2025.000000 0.683879
2026.000000 0.683709
2027.000000 0.683595
2028.000000 0.683537
2029.000000 0.683536
2030.000000 0.683590
2031.000000 0.683701
2032.000000 0.683867
2033.000000 0.684090
2034.000000 0.684368
2035.000000 0.684703
2036.000000 0.685093
2037.000000 0.685540
2038.000000 0.686042
2039.000000 0.686600
2040.000000 0.687214
2041.000000 0.687884
2042.000000 0.688609
2043.000000 0.689390
2044.000000 0.690226
2045.000000 0.691118
2046.000000 0.692065
2047.000000 0.693068
2048.000000 0.694125
2049.000000 0.695237
2050.000000 0.696405
2051.000000 0.697627
2052.000000 0.698903
2053.000000 0.700235
2054.000000 0.701620
2055.000000 0.703060
2056.000000 0.704554
2057.000000 0.706103
2058.000000 0.707704
2059.000000 0.709360
2060.000000 0.711069
2061.000000 0.712831
2062.000000 0.714647
2063.000000 0.716515
2064.000000 0.718436
2065.000000 0.720410
2066.000000 0.722436
2067.000000 0.724515
2068.000000 0.726645
2069.000000 0.728827
2070.000000 0.731061
2071.000000 0.733346
2072.000000 0.735682
2073.000000 0.738069
2074.000000 0.740506
2075.000000 0.742994
2076.000000 0.745532
2077.000000 0.748120
2078.000000 0.750758
2079.000000 0.753445
2080.000000 0.756181
2081.000000 0.758965
2082.000000 0.761799
2083.000000 0.764680
2084.000000 0.767610
2085.000000 0.770587
2086.000000 0.773612
2087.000000 0.776683
2088.000000 0.779802
2089.000000 0.782966
2090.000000 0.786177
2091.000000 0.789434
2092.000000 0.792736
2093.000000 0.796084
2094.000000 0.799476
2095.000000 0.802913
2096.000000 0.806393
2097.000000 0.809918
2098.000000 0.813486
2099.000000 0.817097
2100.000000 0.820751
2101.000000 0.824447
2102.000000 0.828186
2103.000000 0.831965
2104.000000 0.835786
2105.000000 0.839648
2106.000000 0.843551
2107.000000 0.847493
2108.000000 0.851475
2109.000000 0.855496
2110.000000 0.859557
2111.000000 0.863655
2112.000000 0.867792
2113.000000 0.871967
2114.000000 0.876178
2115.000000 0.880427
2116.000000 0.884712
2117.000000 0.889032
2118.000000 0.893389
2119.000000 0.897780
2120.000000 0.902206
2121.000000 0.906666
2122.000000 0.911160
2123.000000 0.915688
2124.000000 0.920248
2125.000000 0.924841
2126.000000 0.929465
2127.000000 0.934121
2128.000000 0.938808
2129.000000 0.943526
2130.000000 0.948273
2131.000000 0.953051
2132.000000 0.957857
2133.000000 0.962692
2134.000000 0.967555
2135.000000 0.972446
2136.000000 0.977364
2137.000000 0.982309
2138.000000 0.987280
2139.000000 0.992276
2140.000000 0.997298
2141.000000 1.002345
2142.000000 1.007415
2143.000000 1.012510
2144.000000 1.017627
2145.000000 1.022768
2146.000000 1.027930
2147.000000 1.033114
2148.000000 1.038319
2149.000000 1.043545
2150.000000 1.048791
2151.000000 1.054056
2152.000000 1.059340
2153.000000 1.064643
2154.000000 1.069964
2155.000000 1.075302
2156.000000 1.080658
2157.000000 1.086029
2158.000000 1.091416
2159.000000 1.096819
2160.000000 1.102236
2161.000000 1.107668
2162.000000 1.113113
2163.000000 1.118572
2164.000000 1.124043
2165.000000 1.129525
2166.000000 1.135020
2167.000000 1.140525
2168.000000 1.146041
2169.000000 1.151567
2170.000000 1.157101
2171.000000 1.162645
2172.000000 1.168197
2173.000000 1.173756
2174.000000 1.179322
2175.000000 1.184895
2176.000000 1.190474
2177.000000 1.196058
2178.000000 1.201647
2179.000000 1.207240
2180.000000 1.212837
2181.000000 1.218437
2182.000000 1.224040
2183.000000 1.229645
2184.000000 1.235251
2185.000000 1.240858
2186.000000 1.246465
2187.000000 1.252073
2188.000000 1.257679
2189.000000 1.263284
2190.000000 1.268887
2191.000000 1.274488
2192.000000 1.280086
2193.000000 1.285680
2194.000000 1.291270
2195.000000 1.296855
2196.000000 1.302435
2197.000000 1.308009
2198.000000 1.313577
2199.000000 1.319138
2200.000000 1.324691
2201.000000 1.330237
2202.000000 1.335773
2203.000000 1.341301
2204.000000 1.346819
2205.000000 1.352327
2206.000000 1.357823
2207.000000 1.363309
2208.000000 1.368783
2209.000000 1.374244
2210.000000 1.379692
2211.000000 1.385126
2212.000000 1.390547
2213.000000 1.395953
2214.000000 1.401344
2215.000000 1.406719
2216.000000 1.412077
2217.000000 1.417419
2218.000000 1.422744
2219.000000 1.428051
2220.000000 1.433339
2221.000000 1.438609
2222.000000 1.443859
2223.000000 1.449089
2224.000000 1.454299
2225.000000 1.459488
2226.000000 1.464655
2227.000000 1.469800
2228.000000 1.474922
2229.000000 1.480022
2230.000000 1.485098
2231.000000 1.490150
2232.000000 1.495177
2233.000000 1.500179
2234.000000 1.505156
2235.000000 1.510106
2236.000000 1.515030
2237.000000 1.519927
2238.000000 1.524796
2239.000000 1.529637
2240.000000 1.534450
2241.000000 1.539234
2242.000000 1.543988
2243.000000 1.548712
2244.000000 1.553406
2245.000000 1.558069
2246.000000 1.562700
2247.000000 1.567300
2248.000000 1.571867
2249.000000 1.576401
2250.000000 1.580903
2251.000000 1.585370
2252.000000 1.589804
2253.000000 1.594203
2254.000000 1.598567
2255.000000 1.602896
2256.000000 1.607188
2257.000000 1.611445
2258.000000 1.615665
2259.000000 1.619847
2260.000000 1.623992
2261.000000 1.628099
2262.000000 1.632168
2263.000000 1.636198
2264.000000 1.640188
2265.000000 1.644140
2266.000000 1.648051
2267.000000 1.651921
2268.000000 1.655751
2269.000000 1.659540
2270.000000 1.663287
2271.000000 1.666993
2272.000000 1.670656
2273.000000 1.674276
2274.000000 1.677854
2275.000000 1.681388
2276.000000 1.684879
2277.000000 1.688325
2278.000000 1.691727
2279.000000 1.695084
2280.000000 1.698396
2281.000000 1.701663
2282.000000 1.704884
2283.000000 1.708059
2284.000000 1.711187
2285.000000 1.714269
2286.000000 1.717304
2287.000000 1.720292
2288.000000 1.723231
2289.000000 1.726124
2290.000000 1.728967
2291.000000 1.731763
2292.000000 1.734509
2293.000000 1.737207
2294.000000 1.739855
2295.000000 1.742454
2296.000000 1.745003
2297.000000 1.747502
2298.000000 1.749951
2299.000000 1.752349
2300.000000 1.754696
2301.000000 1.756992
2302.000000 1.759237
2303.000000 1.761430
2304.000000 1.763572
2305.000000 1.765662
2306.000000 1.767699
2307.000000 1.769684
2308.000000 1.771617
2309.000000 1.773497
2310.000000 1.775324
2311.000000 1.777098
2312.000000 1.778819
2313.000000 1.780486
2314.000000 1.782100
2315.000000 1.783659
2316.000000 1.785165
2317.000000 1.786617
2318.000000 1.788015
2319.000000 1.789358
2320.000000 1.790646
2321.000000 1.791880
2322.000000 1.793060
2323.000000 1.794184
2324.000000 1.795253
2325.000000 1.796268
2326.000000 1.797227
2327.000000 1.798131
2328.000000 1.798979
2329.000000 1.799772
2330.000000 1.800509
2331.000000 1.801191
2332.000000 1.801817
2333.000000 1.802388
2334.000000 1.802902
2335.000000 1.803361
2336.000000 1.803764
2337.000000 1.804110
2338.000000 1.804401
2339.000000 1.804636
2340.000000 1.804815
2341.000000 1.804938
2342.000000 1.805004
2343.000000 1.805015
2344.000000 1.804969
2345.000000 1.804868
2346.000000 1.804710
2347.000000 1.804496
2348.000000 1.804227
2349.000000 1.803901
2350.000000 1.803519
2351.000000 1.803082
2352.000000 1.802588
2353.000000 1.802039
2354.000000 1.801434
2355.000000 1.800773
2356.000000 1.800057
2357.000000 1.799285
2358.000000 1.798457
2359.000000 1.797575
2360.000000 1.796636
2361.000000 1.795643
2362.000000 1.794594
2363.000000 1.793491
2364.000000 1.792332
2365.000000 1.791119
2366.000000 1.789851
2367.000000 1.788528
2368.000000 1.787151
2369.000000 1.785720
2370.000000 1.784234
2371.000000 1.782695
2372.000000 1.781101
2373.000000 1.779454
2374.000000 1.777754
2375.000000 1.776000
2376.000000 1.774193
2377.000000 1.772333
2378.000000 1.770420
2379.000000 1.768455
2380.000000 1.766437
2381.000000 1.764367
2382.000000 1.762245
2383.000000 1.760071
2384.000000 1.757845
2385.000000 1.755569
2386.000000 1.753241
2387.000000 1.750862
2388.000000 1.748432
2389.000000 1.745952
2390.000000 1.743422
2391.000000 1.740842
2392.000000 1.738213
2393.000000 1.735534
2394.000000 1.732805
2395.000000 1.730028
2396.000000 1.727203
2397.000000 1.724329
2398.000000 1.721407
2399.000000 1.718437
2400.000000 1.715420
2401.000000 1.712356
2402.000000 1.709245
2403.000000 1.706088
2404.000000 1.702884
2405.000000 1.699635
2406.000000 1.696340
2407.000000 1.692999
2408.000000 1.689614
2409.000000 1.686185
2410.000000 1.682711
2411.000000 1.679193
2412.000000 1.675632
2413.000000 1.672028
2414.000000 1.668381
2415.000000 1.664691
2416.000000 1.660960
2417.000000 1.657186
2418.000000 1.653372
2419.000000 1.649517
2420.000000 1.645621
2421.000000 1.641685
2422.000000 1.637709
2423.000000 1.633694
2424.000000 1.629640
2425.000000 1.625547
2426.000000 1.621416
2427.000000 1.617248
2428.000000 1.613042
2429.000000 1.608799
2430.000000 1.604520
2431.000000 1.600205
2432.000000 1.595855
2433.000000 1.591469
2434.000000 1.587048
2435.000000 1.582593
2436.000000 1.578105
2437.000000 1.573583
2438.000000 1.569028
2439.000000 1.564440
2440.000000 1.559821
2441.000000 1.555170
2442.000000 1.550487
2443.000000 1.545775
2444.000000 1.541032
2445.000000 1.536259
2446.000000 1.531457
2447.000000 1.526627
2448.000000 1.521768
2449.000000 1.516882
2450.000000 1.511968
2451.000000 1.507027
2452.000000 1.502061
2453.000000 1.497068
2454.000000 1.492050
2455.000000 1.487008
2456.000000 1.481941
2457.000000 1.476850
2458.000000 1.471736
2459.000000 1.466600
2460.000000 1.461441
2461.000000 1.456260
2462.000000 1.451058
2463.000000 1.445836
2464.000000 1.440593
2465.000000 1.435331
2466.000000 1.430049
2467.000000 1.424749
2468.000000 1.419431
2469.000000 1.414096
2470.000000 1.408743
2471.000000 1.403375
2472.000000 1.397990
2473.000000 1.392589
2474.000000 1.387174
2475.000000 1.381745
2476.000000 1.376302
2477.000000 1.370846
2478.000000 1.365377
2479.000000 1.359896
2480.000000 1.354403
2481.000000 1.348899
2482.000000 1.343385
2483.000000 1.337861
2484.000000 1.332328
2485.000000 1.326786
2486.000000 1.321235
2487.000000 1.315677
2488.000000 1.310112
2489.000000 1.304540
2490.000000 1.298962
2491.000000 1.293379
2492.000000 1.287790
2493.000000 1.282198
2494.000000 1.276601
2495.000000 1.271002
2496.000000 1.265399
2497.000000 1.259795
2498.000000 1.254189
2499.000000 1.248582
2500.000000 1.242975
