1.000000 0.000000
2.000000 0.000000
3.000000 0.000000
4.000000 0.000000
5.000000 0.000000
6.000000 0.000000
7.000000 0.000000
8.000000 0.000000
9.000000 0.000000
10.000000 0.000000
11.000000 0.000000
12.000000 0.000000
13.000000 0.000000
14.000000 0.000000
15.000000 0.000000
16.000000 0.000000
17.000000 0.000000
18.000000 0.000000
19.000000 0.000000
20.000000 0.000000
21.000000 0.000000
22.000000 0.000000
23.000000 0.000000
24.000000 0.000000
25.000000 0.000000
26.000000 0.000000
27.000000 0.175353
28.000000 0.432512
29.000000 0.708600
30.000000 0.965312
31.000000 1.182698
32.000000 1.353574
33.000000 1.459684
34.000000 1.507862
35.000000 1.515290
36.000000 1.500536
37.000000 1.478918
38.000000 1.460804
39.000000 1.453785
40.000000 1.460269
41.000000 1.478280
42.000000 1.503380
43.000000 1.530557
44.000000 1.555558
45.000000 1.575339
46.000000 1.588456
47.000000 1.595022
48.000000 1.596310
49.000000 1.594179
50.000000 1.590544
51.000000 1.587004
52.000000 1.584632
53.000000 1.583903
54.000000 1.584772
55.000000 1.586835
56.000000 1.589518
57.000000 1.592247
58.000000 1.594569
59.000000 1.596215
60.000000 1.597110
61.000000 1.597338
62.000000 1.597081
63.000000 1.596564
64.000000 1.595992
65.000000 1.595520
66.000000 1.595234
67.000000 1.595155
68.000000 1.595252
69.000000 1.595464
70.000000 1.595720
71.000000 1.595959
72.000000 1.596137
73.000000 1.596234
74.000000 1.596250
75.000000 1.596203
76.000000 1.596117
77.000000 1.596016
78.000000 1.595922
79.000000 1.595850
80.000000 1.595805
81.000000 1.595786
82.000000 1.595787
83.000000 1.595801
84.000000 1.738860
85.000000 1.857381
86.000000 1.955796
87.000000 2.037738
88.000000 2.106181
89.000000 2.163560
90.000000 2.196193
91.000000 2.201090
92.000000 2.181351
93.000000 2.142924
94.000000 2.092480
95.000000 2.036160
96.000000 1.980663
97.000000 1.930923
98.000000 1.889493
99.000000 1.856839
100.000000 1.831997
101.000000 1.813252
102.000000 1.798523
103.000000 1.785880
104.000000 1.773907
105.000000 1.761833
106.000000 1.749468
107.000000 1.737037
108.000000 1.724996
109.000000 1.713855
110.000000 1.704024
111.000000 1.695734
112.000000 1.689012
113.000000 1.683710
114.000000 1.679570
115.000000 1.676280
116.000000 1.673544
117.000000 1.671122
118.000000 1.668852
119.000000 1.666653
120.000000 1.664508
121.000000 1.662445
122.000000 1.660511
123.000000 1.658752
124.000000 1.657201
125.000000 1.655866
126.000000 1.654736
127.000000 1.653786
128.000000 1.652980
129.000000 1.652281
130.000000 1.651660
131.000000 1.651089
132.000000 1.650540
133.000000 1.649984
134.000000 1.649397
135.000000 1.648760
136.000000 1.648059
137.000000 1.647289
138.000000 1.646343
139.000000 1.645129
140.000000 1.643615
141.000000 1.641829
142.000000 1.639846
143.000000 1.637759
144.000000 1.635688
145.000000 1.633743
146.000000 1.632003
147.000000 1.630500
148.000000 1.629220
149.000000 1.628117
150.000000 1.627124
151.000000 1.626169
152.000000 1.625189
153.000000 1.624142
154.000000 1.623012
155.000000 1.621805
156.000000 1.620543
157.000000 1.619257
158.000000 1.617977
159.000000 1.616727
160.000000 1.615523
161.000000 1.614367
162.000000 1.613251
163.000000 1.612164
164.000000 1.611090
165.000000 1.610014
166.000000 1.608925
167.000000 1.607816
168.000000 1.606688
169.000000 1.605542
170.000000 1.604383
171.000000 1.603218
172.000000 1.602051
173.000000 1.600886
174.000000 1.599724
175.000000 1.598565
176.000000 1.597407
177.000000 1.596247
178.000000 1.595082
179.000000 1.593910
180.000000 1.592730
181.000000 1.591540
182.000000 1.590341
183.000000 1.589132
184.000000 1.587914
185.000000 1.586689
186.000000 1.585455
187.000000 1.584214
188.000000 1.582965
189.000000 1.581707
190.000000 1.580439
191.000000 1.579161
192.000000 1.577872
193.000000 1.576570
194.000000 1.575255
195.000000 1.573927
196.000000 1.572591
197.000000 1.571250
198.000000 1.569910
199.000000 1.568579
200.000000 1.567262
201.000000 1.565975
202.000000 1.564738
203.000000 1.563572
204.000000 1.562490
205.000000 1.561497
206.000000 1.560587
207.000000 1.559746
208.000000 1.558951
209.000000 1.558177
210.000000 1.557400
211.000000 1.556602
212.000000 1.555771
213.000000 1.554905
214.000000 1.554007
215.000000 1.553085
216.000000 1.552151
217.000000 1.551216
218.000000 1.550286
219.000000 1.549368
220.000000 1.548461
221.000000 1.547564
222.000000 1.546673
223.000000 1.545784
224.000000 1.544894
225.000000 1.543998
226.000000 1.543098
227.000000 1.542192
228.000000 1.541283
229.000000 1.540374
230.000000 1.539466
231.000000 1.538562
232.000000 1.537664
233.000000 1.536773
234.000000 1.535888
235.000000 1.535009
236.000000 1.534136
237.000000 1.533268
238.000000 1.532405
239.000000 1.531546
240.000000 1.530692
241.000000 1.529842
242.000000 1.528998
243.000000 1.528159
244.000000 1.527326
245.000000 1.526501
246.000000 1.525682
247.000000 1.524872
248.000000 1.524069
249.000000 1.523274
250.000000 1.522487
251.000000 1.521710
252.000000 1.520941
253.000000 1.520181
254.000000 1.519431
255.000000 1.518689
256.000000 1.517956
257.000000 1.517231
258.000000 1.516515
259.000000 1.515806
260.000000 1.515105
261.000000 1.514411
262.000000 1.513725
263.000000 1.513047
264.000000 1.512377
265.000000 1.511716
266.000000 1.511064
267.000000 1.510421
268.000000 1.509787
269.000000 1.509163
270.000000 1.508548
271.000000 1.507943
272.000000 1.507346
273.000000 1.506758
274.000000 1.506180
275.000000 1.505610
276.000000 1.505050
277.000000 1.504499
278.000000 1.503958
279.000000 1.503426
280.000000 1.502903
281.000000 1.502391
282.000000 1.501888
283.000000 1.501396
284.000000 1.500913
285.000000 1.500440
286.000000 1.499977
287.000000 1.499524
288.000000 1.499081
289.000000 1.498648
290.000000 1.498226
291.000000 1.497813
292.000000 1.497411
293.000000 1.497019
294.000000 1.496637
295.000000 1.496266
296.000000 1.495905
297.000000 1.495555
298.000000 1.495215
299.000000 1.494886
300.000000 1.494568
301.000000 1.494260
302.000000 1.493963
303.000000 1.493677
304.000000 1.493402
305.000000 1.493137
306.000000 1.492884
307.000000 1.492641
308.000000 1.492409
309.000000 1.492188
310.000000 1.491978
311.000000 1.491779
312.000000 1.491591
313.000000 1.491414
314.000000 1.491247
315.000000 1.491091
316.000000 1.490946
317.000000 1.490811
318.000000 1.490687
319.000000 1.490573
320.000000 1.490470
321.000000 1.490377
322.000000 1.490295
323.000000 1.490224
324.000000 1.490164
325.000000 1.490115
326.000000 1.490077
327.000000 1.490051
328.000000 1.490035
329.000000 1.490031
330.000000 1.490037
331.000000 1.490055
332.000000 1.490083
333.000000 1.490123
334.000000 1.490173
335.000000 1.490234
336.000000 1.490307
337.000000 1.490390
338.000000 1.490484
339.000000 1.490589
340.000000 1.490705
341.000000 1.490832
342.000000 1.490971
343.000000 1.491120
344.000000 1.491280
345.000000 1.491451
346.000000 1.491632
347.000000 1.491825
348.000000 1.492028
349.000000 1.492242
350.000000 1.492467
351.000000 1.492703
352.000000 1.492949
353.000000 1.493207
354.000000 1.493474
355.000000 1.493753
356.000000 1.494042
357.000000 1.494342
358.000000 1.494652
359.000000 1.494973
360.000000 1.495305
361.000000 1.495646
362.000000 1.495999
363.000000 1.496361
364.000000 1.496734
365.000000 1.497118
366.000000 1.497511
367.000000 1.497915
368.000000 1.498329
369.000000 1.498754
370.000000 1.499188
371.000000 1.499633
372.000000 1.500087
373.000000 1.500551
374.000000 1.501026
375.000000 1.501510
376.000000 1.502004
377.000000 1.502508
378.000000 1.503022
379.000000 1.503546
380.000000 1.504079
381.000000 1.504621
382.000000 1.505174
383.000000 1.505735
384.000000 1.506306
385.000000 1.506887
386.000000 1.507477
387.000000 1.508076
388.000000 1.508684
389.000000 1.509301
390.000000 1.509928
391.000000 1.510563
392.000000 1.511208
393.000000 1.511861
394.000000 1.512523
395.000000 1.513194
396.000000 1.513874
397.000000 1.514562
398.000000 1.515258
399.000000 1.515964
400.000000 1.516677
401.000000 1.517399
402.000000 1.518129
403.000000 1.518868
404.000000 1.519614
405.000000 1.520369
406.000000 1.521131
407.000000 1.521901
408.000000 1.522680
409.000000 1.523465
410.000000 1.524259
411.000000 1.525060
412.000000 1.525869
413.000000 1.526685
414.000000 1.527508
415.000000 1.528339
416.000000 1.529176
417.000000 1.530021
418.000000 1.530873
419.000000 1.531732
420.000000 1.532597
421.000000 1.533470
422.000000 1.534349
423.000000 1.535234
424.000000 1.536126
425.000000 1.537025
426.000000 1.537929
427.000000 1.538840
428.000000 1.539757
429.000000 1.540680
430.000000 1.541609
431.000000 1.542544
432.000000 1.543485
433.000000 1.544431
434.000000 1.545383
435.000000 1.546340
436.000000 1.547303
437.000000 1.548270
438.000000 1.549243
439.000000 1.550222
440.000000 1.551205
441.000000 1.552193
442.000000 1.553185
443.000000 1.554183
444.000000 1.555185
445.000000 1.556191
446.000000 1.557202
447.000000 1.558217
448.000000 1.559237
449.000000 1.560260
450.000000 1.561288
451.000000 1.562319
452.000000 1.563354
453.000000 1.564393
454.000000 1.565435
455.000000 1.566481
456.000000 1.567530
457.000000 1.568582
458.000000 1.569637
459.000000 1.570696
460.000000 1.571757
461.000000 1.572822
462.000000 1.573889
463.000000 1.574958
464.000000 1.576030
465.000000 1.577105
466.000000 1.578181
467.000000 1.579260
468.000000 1.580341
469.000000 1.581424
470.000000 1.582509
471.000000 1.583596
472.000000 1.584684
473.000000 1.585774
474.000000 1.586865
475.000000 1.587958
476.000000 1.589051
477.000000 1.590146
478.000000 1.591242
479.000000 1.592338
480.000000 1.593436
481.000000 1.594534
482.000000 1.595633
483.000000 1.596732
484.000000 1.597831
485.000000 1.598931
486.000000 1.600030
487.000000 1.601130
488.000000 1.602230
489.000000 1.603329
490.000000 1.604428
491.000000 1.605527
492.000000 1.606625
493.000000 1.607722
494.000000 1.608819
495.000000 1.609915
496.000000 1.611009
497.000000 1.612103
498.000000 1.613195
499.000000 1.614287
500.000000 1.615376
501.000000 1.616464
502.000000 1.617551
503.000000 1.618636
504.000000 1.619718
505.000000 1.620799
506.000000 1.621878
507.000000 1.622955
508.000000 1.624029
509.000000 1.625101
510.000000 1.626171
511.000000 1.627237
512.000000 1.628301
513.000000 1.629363
514.000000 1.630421
515.000000 1.631476
516.000000 1.632529
517.000000 1.633577
518.000000 1.634623
519.000000 1.635665
520.000000 1.636703
521.000000 1.637738
522.000000 1.638769
523.000000 1.639797
524.000000 1.640820
525.000000 1.641839
526.000000 1.642854
527.000000 1.643864
528.000000 1.644871
529.000000 1.645872
530.000000 1.646870
531.000000 1.647862
532.000000 1.648850
533.000000 1.649833
534.000000 1.650811
535.000000 1.651783
536.000000 1.652751
537.000000 1.653713
538.000000 1.654670
539.000000 1.655622
540.000000 1.656567
541.000000 1.657508
542.000000 1.658442
543.000000 1.659371
544.000000 1.660294
545.000000 1.661210
546.000000 1.662121
547.000000 1.663025
548.000000 1.663923
549.000000 1.664815
550.000000 1.665700
551.000000 1.666579
552.000000 1.667451
553.000000 1.668316
554.000000 1.669174
555.000000 1.670026
556.000000 1.670870
557.000000 1.671708
558.000000 1.672538
559.000000 1.673361
560.000000 1.674176
561.000000 1.674985
562.000000 1.675785
563.000000 1.676578
564.000000 1.677364
565.000000 1.678142
566.000000 1.678911
567.000000 1.679673
568.000000 1.680428
569.000000 1.681174
570.000000 1.681911
571.000000 1.682641
572.000000 1.683363
573.000000 1.684076
574.000000 1.684780
575.000000 1.685477
576.000000 1.686164
577.000000 1.686843
578.000000 1.687514
579.000000 1.688175
580.000000 1.688828
581.000000 1.689472
582.000000 1.690107
583.000000 1.690733
584.000000 1.691350
585.000000 1.691957
586.000000 1.692556
587.000000 1.693145
588.000000 1.693725
589.000000 1.694296
590.000000 1.694857
591.000000 1.695409
592.000000 1.695951
593.000000 1.696484
594.000000 1.697006
595.000000 1.697520
596.000000 1.698023
597.000000 1.698517
598.000000 1.699001
599.000000 1.699474
600.000000 1.699938
601.000000 1.700392
602.000000 1.700836
603.000000 1.701270
604.000000 1.701694
605.000000 1.702107
606.000000 1.702511
607.000000 1.702904
608.000000 1.703287
609.000000 1.703659
610.000000 1.704021
611.000000 1.704373
612.000000 1.704714
613.000000 1.705045
614.000000 1.705365
615.000000 1.705675
616.000000 1.705974
617.000000 1.706263
618.000000 1.706541
619.000000 1.706808
620.000000 1.707065
621.000000 1.707310
622.000000 1.707546
623.000000 1.707770
624.000000 1.707984
625.000000 1.708187
626.000000 1.708379
627.000000 1.708560
628.000000 1.708730
629.000000 1.708890
630.000000 1.709038
631.000000 1.709176
632.000000 1.709303
633.000000 1.709418
634.000000 1.709523
635.000000 1.709617
636.000000 1.709700
637.000000 1.709772
638.000000 1.709833
639.000000 1.709883
640.000000 1.709922
641.000000 1.709950
642.000000 1.709968
643.000000 1.709974
644.000000 1.709969
645.000000 1.709953
646.000000 1.709926
647.000000 1.709888
648.000000 1.709839
649.000000 1.709779
650.000000 1.709708
651.000000 1.709626
652.000000 1.709534
653.000000 1.709430
654.000000 1.709315
655.000000 1.709190
656.000000 1.709053
657.000000 1.708906
658.000000 1.708747
659.000000 1.708578
660.000000 1.708398
661.000000 1.708207
662.000000 1.708005
663.000000 1.707793
664.000000 1.707569
665.000000 1.707335
666.000000 1.707091
667.000000 1.706835
668.000000 1.706569
669.000000 1.706292
670.000000 1.706005
671.000000 1.705707
672.000000 1.705398
673.000000 1.705079
674.000000 1.704749
675.000000 1.704409
676.000000 1.704058
677.000000 1.703697
678.000000 1.703326
679.000000 1.702944
680.000000 1.702552
681.000000 1.702150
682.000000 1.701737
683.000000 1.701315
684.000000 1.700882
685.000000 1.700439
686.000000 1.699986
687.000000 1.699523
688.000000 1.699050
689.000000 1.698567
690.000000 1.698075
691.000000 1.697572
692.000000 1.697060
693.000000 1.696538
694.000000 1.696007
695.000000 1.695466
696.000000 1.694915
697.000000 1.694355
698.000000 1.693785
699.000000 1.693206
700.000000 1.692618
701.000000 1.692020
702.000000 1.691413
703.000000 1.690797
704.000000 1.690172
705.000000 1.689538
706.000000 1.688895
707.000000 1.688243
708.000000 1.687583
709.000000 1.686913
710.000000 1.686235
711.000000 1.685548
712.000000 1.684853
713.000000 1.684149
714.000000 1.683437
715.000000 1.682716
716.000000 1.681988
717.000000 1.681251
718.000000 1.680505
719.000000 1.679752
720.000000 1.678991
721.000000 1.678222
722.000000 1.677445
723.000000 1.676660
724.000000 1.675868
725.000000 1.675068
726.000000 1.674261
727.000000 1.673446
728.000000 1.672624
729.000000 1.671794
730.000000 1.670958
731.000000 1.670114
732.000000 1.669263
733.000000 1.668405
734.000000 1.667541
735.000000 1.666670
736.000000 1.665792
737.000000 1.664907
738.000000 1.664016
739.000000 1.663119
740.000000 1.662215
741.000000 1.661305
742.000000 1.660389
743.000000 1.659467
744.000000 1.658539
745.000000 1.657605
746.000000 1.656665
747.000000 1.655720
748.000000 1.654769
749.000000 1.653813
750.000000 1.652851
751.000000 1.651884
752.000000 1.650912
753.000000 1.649935
754.000000 1.648952
755.000000 1.647965
756.000000 1.646973
757.000000 1.645976
758.000000 1.644975
759.000000 1.643969
760.000000 1.642959
761.000000 1.641944
762.000000 1.640926
763.000000 1.639903
764.000000 1.638876
765.000000 1.637846
766.000000 1.636811
767.000000 1.635773
768.000000 1.634731
769.000000 1.633686
770.000000 1.632638
771.000000 1.631586
772.000000 1.630531
773.000000 1.629473
774.000000 1.628412
775.000000 1.627348
776.000000 1.626282
777.000000 1.625212
778.000000 1.624141
779.000000 1.623067
780.000000 1.621990
781.000000 1.620912
782.000000 1.619831
783.000000 1.618748
784.000000 1.617664
785.000000 1.616577
786.000000 1.615489
787.000000 1.614400
788.000000 1.613309
789.000000 1.612217
790.000000 1.611123
791.000000 1.610028
792.000000 1.608933
793.000000 1.607836
794.000000 1.606739
795.000000 1.605641
796.000000 1.604542
797.000000 1.603443
798.000000 1.602344
799.000000 1.601244
800.000000 1.600145
801.000000 1.599045
802.000000 1.597945
803.000000 1.596846
804.000000 1.595747
805.000000 1.594648
806.000000 1.593550
807.000000 1.592452
808.000000 1.591356
809.000000 1.590260
810.000000 1.589165
811.000000 1.588071
812.000000 1.586978
813.000000 1.585887
814.000000 1.584797
815.000000 1.583709
816.000000 1.582622
817.000000 1.581537
818.000000 1.580454
819.000000 1.579373
820.000000 1.578293
821.000000 1.577216
822.000000 1.576142
823.000000 1.575069
824.000000 1.574000
825.000000 1.572932
826.000000 1.571868
827.000000 1.570806
828.000000 1.569747
829.000000 1.568691
830.000000 1.567639
831.000000 1.566589
832.000000 1.565543
833.000000 1.564501
834.000000 1.563462
835.000000 1.562426
836.000000 1.561395
837.000000 1.560367
838.000000 1.559343
839.000000 1.558323
840.000000 1.557308
841.000000 1.556296
842.000000 1.555289
843.000000 1.554287
844.000000 1.553289
845.000000 1.552296
846.000000 1.551307
847.000000 1.550324
848.000000 1.549345
849.000000 1.548371
850.000000 1.547403
851.000000 1.546440
852.000000 1.545482
853.000000 1.544530
854.000000 1.543583
855.000000 1.542642
856.000000 1.541706
857.000000 1.540777
858.000000 1.539853
859.000000 1.538935
860.000000 1.538024
861.000000 1.537118
862.000000 1.536219
863.000000 1.535327
864.000000 1.534440
865.000000 1.533561
866.000000 1.532688
867.000000 1.531821
868.000000 1.530962
869.000000 1.530109
870.000000 1.529264
871.000000 1.528425
872.000000 1.527594
873.000000 1.526770
874.000000 1.525953
875.000000 1.525144
876.000000 1.524342
877.000000 1.523547
878.000000 1.522761
879.000000 1.521982
880.000000 1.521211
881.000000 1.520447
882.000000 1.519692
883.000000 1.518945
884.000000 1.518206
885.000000 1.517475
886.000000 1.516752
887.000000 1.516037
888.000000 1.515331
889.000000 1.514634
890.000000 1.513945
891.000000 1.513264
892.000000 1.512593
893.000000 1.511930
894.000000 1.511275
895.000000 1.510630
896.000000 1.509994
897.000000 1.509366
898.000000 1.508748
899.000000 1.508139
900.000000 1.507539
901.000000 1.506948
902.000000 1.506366
903.000000 1.505794
904.000000 1.505232
905.000000 1.504678
906.000000 1.504135
907.000000 1.503601
908.000000 1.503076
909.000000 1.502561
910.000000 1.502056
911.000000 1.501561
912.000000 1.501076
913.000000 1.500600
914.000000 1.500135
915.000000 1.499679
916.000000 1.499234
917.000000 1.498798
918.000000 1.498373
919.000000 1.497958
920.000000 1.497553
921.000000 1.497158
922.000000 1.496774
923.000000 1.496400
924.000000 1.496036
925.000000 1.495682
926.000000 1.495340
927.000000 1.495007
928.000000 1.494685
929.000000 1.494374
930.000000 1.494073
931.000000 1.493783
932.000000 1.493503
933.000000 1.493234
934.000000 1.492976
935.000000 1.492728
936.000000 1.492491
937.000000 1.492265
938.000000 1.492050
939.000000 1.491845
940.000000 1.491651
941.000000 1.491468
942.000000 1.491296
943.000000 1.491135
944.000000 1.490985
945.000000 1.490845
946.000000 1.490717
947.000000 1.490599
948.000000 1.490493
949.000000 1.490397
950.000000 1.490312
951.000000 1.490238
952.000000 1.490176
953.000000 1.490124
954.000000 1.490083
955.000000 1.490053
956.000000 1.490034
957.000000 1.490027
958.000000 1.490030
959.000000 1.490044
960.000000 1.490069
961.000000 1.490105
962.000000 1.490152
963.000000 1.490211
964.000000 1.490280
965.000000 1.490360
966.000000 1.490451
967.000000 1.490553
968.000000 1.490666
969.000000 1.490790
970.000000 1.490924
971.000000 1.491070
972.000000 1.491227
973.000000 1.491394
974.000000 1.491573
975.000000 1.491762
976.000000 1.491962
977.000000 1.492173
978.000000 1.492394
979.000000 1.492627
980.000000 1.492870
981.000000 1.493123
982.000000 1.493388
983.000000 1.493663
984.000000 1.493949
985.000000 1.494245
986.000000 1.494552
987.000000 1.494870
988.000000 1.495198
989.000000 1.495536
990.000000 1.495885
991.000000 1.496245
992.000000 1.496614
993.000000 1.496994
994.000000 1.497385
995.000000 1.497785
996.000000 1.498196
997.000000 1.498617
998.000000 1.499049
999.000000 1.499490
1000.000000 1.499941
1001.000000 1.500402
1002.000000 1.500874
1003.000000 1.501355
1004.000000 1.501846
1005.000000 1.502347
1006.000000 1.502858
1007.000000 1.481459
1008.000000 1.449844
1009.000000 1.415873
1010.000000 1.384333
1011.000000 1.357718
1012.000000 1.336927
1013.000000 1.324241
1014.000000 1.318805
1015.000000 1.318473
1016.000000 1.320922
1017.000000 1.324239
1018.000000 1.327127
1019.000000 1.328637
1020.000000 1.328468
1021.000000 1.326867
1022.000000 1.324389
1023.000000 1.321660
1024.000000 1.319212
1025.000000 1.317424
1026.000000 1.316479
1027.000000 1.316360
1028.000000 1.316910
1029.000000 1.317896
1030.000000 1.319078
1031.000000 1.320256
1032.000000 1.321296
1033.000000 1.322140
1034.000000 1.322791
1035.000000 1.323301
1036.000000 1.323741
1037.000000 1.324183
1038.000000 1.324684
1039.000000 1.325277
1040.000000 1.325971
1041.000000 1.326757
1042.000000 1.327610
1043.000000 1.328503
1044.000000 1.329410
1045.000000 1.330311
1046.000000 1.331197
1047.000000 1.332063
1048.000000 1.332914
1049.000000 1.333758
1050.000000 1.334603
1051.000000 1.335457
1052.000000 1.336324
1053.000000 1.337209
1054.000000 1.338109
1055.000000 1.339024
1056.000000 1.339950
1057.000000 1.340884
1058.000000 1.341822
1059.000000 1.342764
1060.000000 1.343709
1061.000000 1.344656
1062.000000 1.345606
1063.000000 1.346559
1064.000000 1.347518
1065.000000 1.348482
1066.000000 1.349452
1067.000000 1.350428
1068.000000 1.351409
1069.000000 1.352396
1070.000000 1.353387
1071.000000 1.354383
1072.000000 1.355382
1073.000000 1.356385
1074.000000 1.357391
1075.000000 1.358401
1076.000000 1.359414
1077.000000 1.360430
1078.000000 1.361450
1079.000000 1.362472
1080.000000 1.363498
1081.000000 1.364527
1082.000000 1.365559
1083.000000 1.366593
1084.000000 1.367629
1085.000000 1.368668
1086.000000 1.369708
1087.000000 1.370751
1088.000000 1.371795
1089.000000 1.372840
1090.000000 1.373887
1091.000000 1.374935
1092.000000 1.375985
1093.000000 1.377034
1094.000000 1.378085
1095.000000 1.379136
1096.000000 1.380187
1097.000000 1.381238
1098.000000 1.382289
1099.000000 1.383340
1100.000000 1.384390
1101.000000 1.385439
1102.000000 1.386487
1103.000000 1.387534
1104.000000 1.388579
1105.000000 1.389622
1106.000000 1.390664
1107.000000 1.391702
1108.000000 1.392739
1109.000000 1.393772
1110.000000 1.394801
1111.000000 1.395828
1112.000000 1.396853
1113.000000 1.397879
1114.000000 1.398908
1115.000000 1.399945
1116.000000 1.400992
1117.000000 1.402048
1118.000000 1.403129
1119.000000 1.404244
1120.000000 1.405399
1121.000000 1.406588
1122.000000 1.407803
1123.000000 1.409029
1124.000000 1.410253
1125.000000 1.411460
1126.000000 1.412639
1127.000000 1.413787
1128.000000 1.414905
1129.000000 1.415999
1130.000000 1.417078
1131.000000 1.418150
1132.000000 1.419223
1133.000000 1.420302
1134.000000 1.421390
1135.000000 1.422484
1136.000000 1.423583
1137.000000 1.424682
1138.000000 1.425778
1139.000000 1.426866
1140.000000 1.427946
1141.000000 1.429016
1142.000000 1.430078
1143.000000 1.431133
1144.000000 1.432183
1145.000000 1.433229
1146.000000 1.434273
1147.000000 1.435315
1148.000000 1.436356
1149.000000 1.437395
1150.000000 1.438431
1151.000000 1.439463
1152.000000 1.440491
1153.000000 1.441515
1154.000000 1.442533
1155.000000 1.443545
1156.000000 1.444553
1157.000000 1.445555
1158.000000 1.446553
1159.000000 1.447546
1160.000000 1.448535
1161.000000 1.449519
1162.000000 1.450499
1163.000000 1.451474
1164.000000 1.452444
1165.000000 1.453408
1166.000000 1.454367
1167.000000 1.455321
1168.000000 1.456268
1169.000000 1.457210
1170.000000 1.458146
1171.000000 1.459077
1172.000000 1.460001
1173.000000 1.460920
1174.000000 1.461832
1175.000000 1.462738
1176.000000 1.463638
1177.000000 1.464532
1178.000000 1.465419
1179.000000 1.466300
1180.000000 1.467174
1181.000000 1.468041
1182.000000 1.468901
1183.000000 1.469755
1184.000000 1.470601
1185.000000 1.471441
1186.000000 1.472273
1187.000000 1.473098
1188.000000 1.473916
1189.000000 1.474726
1190.000000 1.475529
1191.000000 1.476325
1192.000000 1.477112
1193.000000 1.477892
1194.000000 1.478665
1195.000000 1.479429
1196.000000 1.480185
1197.000000 1.480934
1198.000000 1.481674
1199.000000 1.482406
1200.000000 1.483130
1201.000000 1.483846
1202.000000 1.484553
1203.000000 1.485252
1204.000000 1.485942
1205.000000 1.486624
1206.000000 1.487297
1207.000000 1.487961
1208.000000 1.488617
1209.000000 1.489263
1210.000000 1.489901
1211.000000 1.490530
1212.000000 1.491150
1213.000000 1.491761
1214.000000 1.492362
1215.000000 1.492955
1216.000000 1.493538
1217.000000 1.494111
1218.000000 1.494676
1219.000000 1.495231
1220.000000 1.495777
1221.000000 1.496313
1222.000000 1.496839
1223.000000 1.497356
1224.000000 1.497863
1225.000000 1.498361
1226.000000 1.498848
1227.000000 1.499326
1228.000000 1.499794
1229.000000 1.500252
1230.000000 1.500699
1231.000000 1.501137
1232.000000 1.501564
1233.000000 1.501980
1234.000000 1.502387
1235.000000 1.502783
1236.000000 1.503168
1237.000000 1.503544
1238.000000 1.503909
1239.000000 1.504263
1240.000000 1.504608
1241.000000 1.504941
1242.000000 1.505265
1243.000000 1.505578
1244.000000 1.505881
1245.000000 1.506173
1246.000000 1.506454
1247.000000 1.506725
1248.000000 1.506985
1249.000000 1.507234
1250.000000 1.507473
1251.000000 1.507700
1252.000000 1.507917
1253.000000 1.508123
1254.000000 1.508319
1255.000000 1.508503
1256.000000 1.508677
1257.000000 1.508840
1258.000000 1.508992
1259.000000 1.509133
1260.000000 1.509264
1261.000000 1.509383
1262.000000 1.509491
1263.000000 1.509589
1264.000000 1.509675
1265.000000 1.509751
1266.000000 1.509815
1267.000000 1.509869
1268.000000 1.509911
1269.000000 1.509943
1270.000000 1.509963
1271.000000 1.509973
1272.000000 1.509971
1273.000000 1.509959
1274.000000 1.509936
1275.000000 1.509901
1276.000000 1.509856
1277.000000 1.509799
1278.000000 1.509732
1279.000000 1.509654
1280.000000 1.509564
1281.000000 1.509464
1282.000000 1.509353
1283.000000 1.509231
1284.000000 1.509098
1285.000000 1.508954
1286.000000 1.508799
1287.000000 1.508633
1288.000000 1.508456
1289.000000 1.508269
1290.000000 1.508071
1291.000000 1.507862
1292.000000 1.507642
1293.000000 1.507411
1294.000000 1.507170
1295.000000 1.506918
1296.000000 1.506655
1297.000000 1.506381
1298.000000 1.506097
1299.000000 1.505803
1300.000000 1.505497
1301.000000 1.505181
1302.000000 1.504855
1303.000000 1.504518
1304.000000 1.504171
1305.000000 1.503813
1306.000000 1.503445
1307.000000 1.503067
1308.000000 1.502678
1309.000000 1.502279
1310.000000 1.501870
1311.000000 1.501450
1312.000000 1.501021
1313.000000 1.500581
1314.000000 1.500131
1315.000000 1.499672
1316.000000 1.499202
1317.000000 1.498722
1318.000000 1.498233
1319.000000 1.497734
1320.000000 1.497224
1321.000000 1.496706
1322.000000 1.496177
1323.000000 1.495639
1324.000000 1.495091
1325.000000 1.494534
1326.000000 1.493968
1327.000000 1.493392
1328.000000 1.492806
1329.000000 1.492211
1330.000000 1.491608
1331.000000 1.490995
1332.000000 1.490372
1333.000000 1.489741
1334.000000 1.489101
1335.000000 1.488452
1336.000000 1.487794
1337.000000 1.487128
1338.000000 1.486452
1339.000000 1.485768
1340.000000 1.485075
1341.000000 1.484374
1342.000000 1.483665
1343.000000 1.482947
1344.000000 1.482221
1345.000000 1.481486
1346.000000 1.480744
1347.000000 1.479993
1348.000000 1.479234
1349.000000 1.478468
1350.000000 1.477693
1351.000000 1.476911
1352.000000 1.476121
1353.000000 1.475324
1354.000000 1.474519
1355.000000 1.473706
1356.000000 1.472886
1357.000000 1.472059
1358.000000 1.471225
1359.000000 1.470383
1360.000000 1.469535
1361.000000 1.468679
1362.000000 1.467817
1363.000000 1.466948
1364.000000 1.466072
1365.000000 1.465190
1366.000000 1.464301
1367.000000 1.463405
1368.000000 1.462504
1369.000000 1.461596
1370.000000 1.460682
1371.000000 1.459761
1372.000000 1.458835
1373.000000 1.457903
1374.000000 1.456965
1375.000000 1.456022
1376.000000 1.455073
1377.000000 1.454118
1378.000000 1.453158
1379.000000 1.452193
1380.000000 1.451222
1381.000000 1.450246
1382.000000 1.449266
1383.000000 1.448280
1384.000000 1.447289
1385.000000 1.446294
1386.000000 1.445294
1387.000000 1.444290
1388.000000 1.443281
1389.000000 1.442268
1390.000000 1.441251
1391.000000 1.440229
1392.000000 1.439204
1393.000000 1.438174
1394.000000 1.437141
1395.000000 1.436104
1396.000000 1.435064
1397.000000 1.434019
1398.000000 1.432972
1399.000000 1.431921
1400.000000 1.430867
1401.000000 1.429810
1402.000000 1.428750
1403.000000 1.427687
1404.000000 1.426622
1405.000000 1.425553
1406.000000 1.424482
1407.000000 1.423409
1408.000000 1.422333
1409.000000 1.421255
1410.000000 1.420175
1411.000000 1.419093
1412.000000 1.418009
1413.000000 1.416924
1414.000000 1.415836
1415.000000 1.414747
1416.000000 1.413656
1417.000000 1.412565
1418.000000 1.411471
1419.000000 1.410377
1420.000000 1.409282
1421.000000 1.408186
1422.000000 1.407089
1423.000000 1.405991
1424.000000 1.404892
1425.000000 1.403793
1426.000000 1.402694
1427.000000 1.401595
1428.000000 1.400495
1429.000000 1.399395
1430.000000 1.398296
1431.000000 1.397196
1432.000000 1.396097
1433.000000 1.394998
1434.000000 1.393900
1435.000000 1.392802
1436.000000 1.391705
1437.000000 1.390609
1438.000000 1.389514
1439.000000 1.388419
1440.000000 1.387326
1441.000000 1.386235
1442.000000 1.385144
1443.000000 1.384055
1444.000000 1.382968
1445.000000 1.381882
1446.000000 1.380799
1447.000000 1.379717
1448.000000 1.378637
1449.000000 1.377559
1450.000000 1.376484
1451.000000 1.375411
1452.000000 1.374340
1453.000000 1.373272
1454.000000 1.372207
1455.000000 1.371144
1456.000000 1.370084
1457.000000 1.369027
1458.000000 1.367974
1459.000000 1.366923
1460.000000 1.365876
1461.000000 1.364832
1462.000000 1.363792
1463.000000 1.362756
1464.000000 1.361723
1465.000000 1.360694
1466.000000 1.359669
1467.000000 1.358648
1468.000000 1.357631
1469.000000 1.356618
1470.000000 1.355610
1471.000000 1.354606
1472.000000 1.353606
1473.000000 1.352611
1474.000000 1.351621
1475.000000 1.350636
1476.000000 1.349656
1477.000000 1.348681
1478.000000 1.347711
1479.000000 1.346746
1480.000000 1.345786
1481.000000 1.344832
1482.000000 1.343884
1483.000000 1.342941
1484.000000 1.342004
1485.000000 1.341072
1486.000000 1.340146
1487.000000 1.339227
1488.000000 1.338313
1489.000000 1.337406
1490.000000 1.336505
1491.000000 1.335610
1492.000000 1.334722
1493.000000 1.333840
1494.000000 1.332965
1495.000000 1.332097
1496.000000 1.331235
1497.000000 1.330380
1498.000000 1.329532
1499.000000 1.328692
1500.000000 1.327858
1501.000000 1.327032
1502.000000 1.326212
1503.000000 1.325401
1504.000000 1.324596
1505.000000 1.323800
1506.000000 1.323011
1507.000000 1.442785
1508.000000 1.618807
1509.000000 1.807852
1510.000000 1.983584
1511.000000 2.132286
1512.000000 2.249022
1513.000000 2.321239
1514.000000 2.353636
1515.000000 2.358026
1516.000000 2.347174
1517.000000 2.331611
1518.000000 2.318466
1519.000000 2.312957
1520.000000 2.316740
1521.000000 2.328457
1522.000000 2.345056
1523.000000 2.363092
1524.000000 2.379641
1525.000000 2.392611
1526.000000 2.401007
1527.000000 2.404910
1528.000000 2.405192
1529.000000 2.403133
1530.000000 2.400049
1531.000000 2.397041
1532.000000 2.394844
1533.000000 2.393787
1534.000000 2.393838
1535.000000 2.394719
1536.000000 2.396036
1537.000000 2.397394
1538.000000 2.398482
1539.000000 2.399116
1540.000000 2.399243
1541.000000 2.398920
1542.000000 2.398276
1543.000000 2.397461
1544.000000 2.396619
1545.000000 2.395856
1546.000000 2.395230
1547.000000 2.394758
1548.000000 2.394416
1549.000000 2.394164
1550.000000 2.393953
1551.000000 2.393739
1552.000000 2.393495
1553.000000 2.393205
1554.000000 2.392870
1555.000000 2.392502
1556.000000 2.392117
1557.000000 2.391733
1558.000000 2.391364
1559.000000 2.391021
1560.000000 2.390707
1561.000000 2.390421
1562.000000 2.390160
1563.000000 2.389919
1564.000000 2.389691
1565.000000 2.389473
1566.000000 2.389263
1567.000000 2.389058
1568.000000 2.388862
1569.000000 2.388674
1570.000000 2.388499
1571.000000 2.388336
1572.000000 2.388189
1573.000000 2.388058
1574.000000 2.387944
1575.000000 2.387845
1576.000000 2.387763
1577.000000 2.387696
1578.000000 2.387644
1579.000000 2.387607
1580.000000 2.387585
1581.000000 2.387578
1582.000000 2.387587
1583.000000 2.387611
1584.000000 2.387653
1585.000000 2.387711
1586.000000 2.387787
1587.000000 2.387881
1588.000000 2.387993
1589.000000 2.388123
1590.000000 2.388272
1591.000000 2.388440
1592.000000 2.388628
1593.000000 2.388836
1594.000000 2.389064
1595.000000 2.389312
1596.000000 2.389582
1597.000000 2.389874
1598.000000 2.390188
1599.000000 2.390525
1600.000000 2.390886
1601.000000 2.391271
1602.000000 2.391680
1603.000000 2.392116
1604.000000 2.392577
1605.000000 2.393066
1606.000000 2.393583
1607.000000 2.394128
1608.000000 2.394703
1609.000000 2.395310
1610.000000 2.395949
1611.000000 2.396620
1612.000000 2.397312
1613.000000 2.398010
1614.000000 2.398697
1615.000000 2.399357
1616.000000 2.399976
1617.000000 2.400547
1618.000000 2.400995
1619.000000 2.401258
1620.000000 2.401314
1621.000000 2.401186
1622.000000 2.400928
1623.000000 2.400607
1624.000000 2.400306
1625.000000 2.400105
1626.000000 2.400058
1627.000000 2.400186
1628.000000 2.400479
1629.000000 2.400907
1630.000000 2.401421
1631.000000 2.401972
1632.000000 2.402517
1633.000000 2.403027
1634.000000 2.403491
1635.000000 2.403914
1636.000000 2.404310
1637.000000 2.404701
1638.000000 2.405109
1639.000000 2.405550
1640.000000 2.406034
1641.000000 2.406564
1642.000000 2.407133
1643.000000 2.407735
1644.000000 2.408356
1645.000000 2.408989
1646.000000 2.409624
1647.000000 2.410258
1648.000000 2.410890
1649.000000 2.411522
1650.000000 2.412158
1651.000000 2.412801
1652.000000 2.413455
1653.000000 2.414123
1654.000000 2.414804
1655.000000 2.415501
1656.000000 2.416210
1657.000000 2.416930
1658.000000 2.417659
1659.000000 2.418397
1660.000000 2.419140
1661.000000 2.419891
1662.000000 2.420647
1663.000000 2.421410
1664.000000 2.422181
1665.000000 2.422959
1666.000000 2.423746
1667.000000 2.424541
1668.000000 2.425344
1669.000000 2.426156
1670.000000 2.426976
1671.000000 2.427803
1672.000000 2.428637
1673.000000 2.429479
1674.000000 2.430327
1675.000000 2.431182
1676.000000 2.432044
1677.000000 2.432912
1678.000000 2.433787
1679.000000 2.434669
1680.000000 2.435558
1681.000000 2.436453
1682.000000 2.437354
1683.000000 2.438262
1684.000000 2.439176
1685.000000 2.440096
1686.000000 2.441022
1687.000000 2.441955
1688.000000 2.442893
1689.000000 2.443836
1690.000000 2.444785
1691.000000 2.445740
1692.000000 2.446700
1693.000000 2.447666
1694.000000 2.448636
1695.000000 2.449612
1696.000000 2.450593
1697.000000 2.451579
1698.000000 2.452570
1699.000000 2.453565
1700.000000 2.454565
1701.000000 2.455570
1702.000000 2.456579
1703.000000 2.457592
1704.000000 2.458609
1705.000000 2.459631
1706.000000 2.460656
1707.000000 2.461685
1708.000000 2.462718
1709.000000 2.463755
1710.000000 2.464795
1711.000000 2.465839
1712.000000 2.466885
1713.000000 2.467935
1714.000000 2.468988
1715.000000 2.470044
1716.000000 2.471102
1717.000000 2.472164
1718.000000 2.473227
1719.000000 2.474293
1720.000000 2.475362
1721.000000 2.476432
1722.000000 2.477504
1723.000000 2.478579
1724.000000 2.479655
1725.000000 2.480733
1726.000000 2.481813
1727.000000 2.482895
1728.000000 2.483978
1729.000000 2.485064
1730.000000 2.486152
1731.000000 2.487242
1732.000000 2.488334
1733.000000 2.489428
1734.000000 2.490525
1735.000000 2.491623
1736.000000 2.492722
1737.000000 2.493823
1738.000000 2.494923
1739.000000 2.496024
1740.000000 2.497125
1741.000000 2.498226
1742.000000 2.499326
1743.000000 2.500425
1744.000000 2.501525
1745.000000 2.502624
1746.000000 2.503723
1747.000000 2.504822
1748.000000 2.505920
1749.000000 2.507019
1750.000000 2.508117
1751.000000 2.509214
1752.000000 2.510310
1753.000000 2.511405
1754.000000 2.512499
1755.000000 2.513591
1756.000000 2.514682
1757.000000 2.515771
1758.000000 2.516858
1759.000000 2.517944
1760.000000 2.519028
1761.000000 2.520110
1762.000000 2.521190
1763.000000 2.522268
1764.000000 2.523344
1765.000000 2.524418
1766.000000 2.525489
1767.000000 2.526558
1768.000000 2.527624
1769.000000 2.528687
1770.000000 2.529747
1771.000000 2.530804
1772.000000 2.531859
1773.000000 2.532910
1774.000000 2.533957
1775.000000 2.535001
1776.000000 2.536042
1777.000000 2.537079
1778.000000 2.538113
1779.000000 2.539143
1780.000000 2.540168
1781.000000 2.541190
1782.000000 2.542208
1783.000000 2.543221
1784.000000 2.544230
1785.000000 2.545235
1786.000000 2.546235
1787.000000 2.547230
1788.000000 2.548221
1789.000000 2.549207
1790.000000 2.550188
1791.000000 2.551164
1792.000000 2.552135
1793.000000 2.553101
1794.000000 2.554061
1795.000000 2.555016
1796.000000 2.555966
1797.000000 2.556910
1798.000000 2.557848
1799.000000 2.558780
1800.000000 2.559707
1801.000000 2.560627
1802.000000 2.561542
1803.000000 2.562450
1804.000000 2.563352
1805.000000 2.564248
1806.000000 2.565137
1807.000000 2.566020
1808.000000 2.566896
1809.000000 2.567766
1810.000000 2.568628
1811.000000 2.569484
1812.000000 2.570333
1813.000000 2.571175
1814.000000 2.572010
1815.000000 2.572837
1816.000000 2.573658
1817.000000 2.574470
1818.000000 2.575276
1819.000000 2.576074
1820.000000 2.576864
1821.000000 2.577647
1822.000000 2.578422
1823.000000 2.579189
1824.000000 2.579948
1825.000000 2.580699
1826.000000 2.581442
1827.000000 2.582177
1828.000000 2.582904
1829.000000 2.583622
1830.000000 2.584332
1831.000000 2.585034
1832.000000 2.585727
1833.000000 2.586411
1834.000000 2.587087
1835.000000 2.587755
1836.000000 2.588413
1837.000000 2.589063
1838.000000 2.589703
1839.000000 2.590335
1840.000000 2.590958
1841.000000 2.591571
1842.000000 2.592176
1843.000000 2.592771
1844.000000 2.593357
1845.000000 2.593934
1846.000000 2.594501
1847.000000 2.595058
1848.000000 2.595607
1849.000000 2.596145
1850.000000 2.596674
1851.000000 2.597194
1852.000000 2.597704
1853.000000 2.598203
1854.000000 2.598693
1855.000000 2.599174
1856.000000 2.599644
1857.000000 2.600104
1858.000000 2.600555
1859.000000 2.600995
1860.000000 2.601425
1861.000000 2.601845
1862.000000 2.602255
1863.000000 2.602655
1864.000000 2.603044
1865.000000 2.603423
1866.000000 2.603792
1867.000000 2.604150
1868.000000 2.604498
1869.000000 2.604835
1870.000000 2.605162
1871.000000 2.605479
1872.000000 2.605785
1873.000000 2.606080
1874.000000 2.606365
1875.000000 2.606639
1876.000000 2.606902
1877.000000 2.607155
1878.000000 2.607397
1879.000000 2.607628
1880.000000 2.607849
1881.000000 2.608059
1882.000000 2.608258
1883.000000 2.608446
1884.000000 2.608623
1885.000000 2.608789
1886.000000 2.608945
1887.000000 2.609089
1888.000000 2.609223
1889.000000 2.609346
1890.000000 2.609458
1891.000000 2.609559
1892.000000 2.609649
1893.000000 2.609728
1894.000000 2.609796
1895.000000 2.609853
1896.000000 2.609899
1897.000000 2.609934
1898.000000 2.609958
1899.000000 2.609971
1900.000000 2.609973
1901.000000 2.609964
1902.000000 2.609944
1903.000000 2.609913
1904.000000 2.609871
1905.000000 2.609819
1906.000000 2.609755
1907.000000 2.609680
1908.000000 2.609594
1909.000000 2.609497
1910.000000 2.609390
1911.000000 2.609271
1912.000000 2.609141
1913.000000 2.609001
1914.000000 2.608849
1915.000000 2.608687
1916.000000 2.608514
1917.000000 2.608330
1918.000000 2.608135
1919.000000 2.607929
1920.000000 2.607713
1921.000000 2.607486
1922.000000 2.607248
1923.000000 2.606999
1924.000000 2.606740
1925.000000 2.606470
1926.000000 2.606189
1927.000000 2.605898
1928.000000 2.605596
1929.000000 2.605283
1930.000000 2.604960
1931.000000 2.604627
1932.000000 2.604283
1933.000000 2.603928
1934.000000 2.603564
1935.000000 2.603188
1936.000000 2.602803
1937.000000 2.602407
1938.000000 2.602001
1939.000000 2.601585
1940.000000 2.601159
1941.000000 2.600722
1942.000000 2.600276
1943.000000 2.599819
1944.000000 2.599353
1945.000000 2.598876
1946.000000 2.598390
1947.000000 2.597894
1948.000000 2.597388
1949.000000 2.596872
1950.000000 2.596346
1951.000000 2.595811
1952.000000 2.595267
1953.000000 2.594713
1954.000000 2.594149
1955.000000 2.593576
1956.000000 2.592994
1957.000000 2.592402
1958.000000 2.591801
1959.000000 2.591191
1960.000000 2.590572
1961.000000 2.589943
1962.000000 2.589306
1963.000000 2.588660
1964.000000 2.588005
1965.000000 2.587341
1966.000000 2.586668
1967.000000 2.585987
1968.000000 2.585297
1969.000000 2.584599
1970.000000 2.583892
1971.000000 2.583176
1972.000000 2.582453
1973.000000 2.581721
1974.000000 2.580981
1975.000000 2.580233
1976.000000 2.579477
1977.000000 2.578713
1978.000000 2.577941
1979.000000 2.577161
1980.000000 2.576374
1981.000000 2.575579
1982.000000 2.574776
1983.000000 2.573966
1984.000000 2.573148
1985.000000 2.572323
1986.000000 2.571491
1987.000000 2.570652
1988.000000 2.569806
1989.000000 2.568953
1990.000000 2.568092
1991.000000 2.567225
1992.000000 2.566352
1993.000000 2.565471
1994.000000 2.564585
1995.000000 2.563691
1996.000000 2.562792
1997.000000 2.561886
1998.000000 2.560973
1999.000000 2.560055
2000.000000 2.559131
2001.000000 2.558201
2002.000000 2.557265
2003.000000 2.556323
2004.000000 2.555376
2005.000000 2.554423
2006.000000 2.553464
2007.000000 2.552501
2008.000000 2.551532
2009.000000 2.550558
2010.000000 2.549579
2011.000000 2.548594
2012.000000 2.547605
2013.000000 2.546612
2014.000000 2.545613
2015.000000 2.544610
2016.000000 2.543603
2017.000000 2.542591
2018.000000 2.541575
2019.000000 2.540555
2020.000000 2.539531
2021.000000 2.538503
2022.000000 2.537471
2023.000000 2.536435
2024.000000 2.535395
2025.000000 2.534352
2026.000000 2.533306
2027.000000 2.532256
2028.000000 2.531203
2029.000000 2.530147
2030.000000 2.529088
2031.000000 2.528026
2032.000000 2.526961
2033.000000 2.525894
2034.000000 2.524824
2035.000000 2.523751
2036.000000 2.522676
2037.000000 2.521599
2038.000000 2.520520
2039.000000 2.519438
2040.000000 2.518355
2041.000000 2.517270
2042.000000 2.516183
2043.000000 2.515094
2044.000000 2.514004
2045.000000 2.512913
2046.000000 2.511820
2047.000000 2.510726
2048.000000 2.509631
2049.000000 2.508535
2050.000000 2.507438
2051.000000 2.506340
2052.000000 2.505242
2053.000000 2.504144
2054.000000 2.503044
2055.000000 2.501945
2056.000000 2.500845
2057.000000 2.499746
2058.000000 2.498646
2059.000000 2.497546
2060.000000 2.496447
2061.000000 2.495348
2062.000000 2.494250
2063.000000 2.493152
2064.000000 2.492054
2065.000000 2.490958
2066.000000 2.489862
2067.000000 2.488768
2068.000000 2.487674
2069.000000 2.486582
2070.000000 2.485491
2071.000000 2.484402
2072.000000 2.483314
2073.000000 2.482228
2074.000000 2.481144
2075.000000 2.480061
2076.000000 2.478981
2077.000000 2.477902
2078.000000 2.476826
2079.000000 2.475752
2080.000000 2.474681
2081.000000 2.473612
2082.000000 2.472546
2083.000000 2.471482
2084.000000 2.470421
2085.000000 2.469364
2086.000000 2.468309
2087.000000 2.467258
2088.000000 2.466209
2089.000000 2.465165
2090.000000 2.464123
2091.000000 2.463085
2092.000000 2.462051
2093.000000 2.461021
2094.000000 2.459995
2095.000000 2.458972
2096.000000 2.457954
2097.000000 2.456940
2098.000000 2.455930
2099.000000 2.454925
2100.000000 2.453924
2101.000000 2.452928
2102.000000 2.451936
2103.000000 2.450950
2104.000000 2.449968
2105.000000 2.448991
2106.000000 2.448019
2107.000000 2.447053
2108.000000 2.446091
2109.000000 2.445136
2110.000000 2.444185
2111.000000 2.443241
2112.000000 2.442301
2113.000000 2.441368
2114.000000 2.440441
2115.000000 2.439519
2116.000000 2.438604
2117.000000 2.437694
2118.000000 2.436791
2119.000000 2.435895
2120.000000 2.435004
2121.000000 2.434120
2122.000000 2.433243
2123.000000 2.432373
2124.000000 2.431509
2125.000000 2.430652
2126.000000 2.429802
2127.000000 2.428959
2128.000000 2.428123
2129.000000 2.427294
2130.000000 2.426473
2131.000000 2.425658
2132.000000 2.424852
2133.000000 2.424053
2134.000000 2.423261
2135.000000 2.422477
2136.000000 2.421701
2137.000000 2.420933
2138.000000 2.420172
2139.000000 2.419420
2140.000000 2.418676
2141.000000 2.417939
2142.000000 2.417211
2143.000000 2.416492
2144.000000 2.415780
2145.000000 2.415077
2146.000000 2.414383
2147.000000 2.413697
2148.000000 2.413020
2149.000000 2.412351
2150.000000 2.411691
2151.000000 2.411040
2152.000000 2.410398
2153.000000 2.409765
2154.000000 2.409141
2155.000000 2.408526
2156.000000 2.407920
2157.000000 2.407323
2158.000000 2.406736
2159.000000 2.406158
2160.000000 2.405589
2161.000000 2.405030
2162.000000 2.404480
2163.000000 2.403940
2164.000000 2.403409
2165.000000 2.402888
2166.000000 2.402377
2167.000000 2.401876
2168.000000 2.401384
2169.000000 2.400902
2170.000000 2.400430
2171.000000 2.399968
2172.000000 2.399516
2173.000000 2.399075
2174.000000 2.398643
2175.000000 2.398221
2176.000000 2.397810
2177.000000 2.397408
2178.000000 2.397017
2179.000000 2.396637
2180.000000 2.396266
2181.000000 2.395906
2182.000000 2.395557
2183.000000 2.395218
2184.000000 2.394889
2185.000000 2.394571
2186.000000 2.394263
2187.000000 2.393966
2188.000000 2.393680
2189.000000 2.393404
2190.000000 2.393139
2191.000000 2.392884
2192.000000 2.392641
2193.000000 2.392408
2194.000000 2.392186
2195.000000 2.391974
2196.000000 2.391773
2197.000000 2.391584
2198.000000 2.391405
2199.000000 2.391236
2200.000000 2.391079
2201.000000 2.390933
2202.000000 2.390797
2203.000000 2.390673
2204.000000 2.390559
2205.000000 2.390457
2206.000000 2.390365
2207.000000 2.390284
2208.000000 2.390214
2209.000000 2.390156
2210.000000 2.390108
2211.000000 2.390071
2212.000000 2.390045
2213.000000 2.390030
2214.000000 2.390027
2215.000000 2.390034
2216.000000 2.390052
2217.000000 2.390081
2218.000000 2.390121
2219.000000 2.390172
2220.000000 2.390234
2221.000000 2.390308
2222.000000 2.390392
2223.000000 2.390487
2224.000000 2.390593
2225.000000 2.390710
2226.000000 2.390837
2227.000000 2.390976
2228.000000 2.391126
2229.000000 2.391286
2230.000000 2.391458
2231.000000 2.391640
2232.000000 2.391833
2233.000000 2.392037
2234.000000 2.392252
2235.000000 2.392477
2236.000000 2.392714
2237.000000 2.392961
2238.000000 2.393218
2239.000000 2.393487
2240.000000 2.393766
2241.000000 2.394055
2242.000000 2.394356
2243.000000 2.394666
2244.000000 2.394988
2245.000000 2.395319
2246.000000 2.395662
2247.000000 2.396015
2248.000000 2.396378
2249.000000 2.396751
2250.000000 2.397135
2251.000000 2.397529
2252.000000 2.397933
2253.000000 2.398348
2254.000000 2.398773
2255.000000 2.399208
2256.000000 2.399652
2257.000000 2.400107
2258.000000 2.400572
2259.000000 2.401047
2260.000000 2.401532
2261.000000 2.402027
2262.000000 2.402531
2263.000000 2.403045
2264.000000 2.403569
2265.000000 2.404103
2266.000000 2.404646
2267.000000 2.405198
2268.000000 2.405761
2269.000000 2.406332
2270.000000 2.406913
2271.000000 2.407503
2272.000000 2.408103
2273.000000 2.408711
2274.000000 2.409329
2275.000000 2.409956
2276.000000 2.410592
2277.000000 2.411237
2278.000000 2.411890
2279.000000 2.412553
2280.000000 2.413224
2281.000000 2.413904
2282.000000 2.414593
2283.000000 2.415290
2284.000000 2.415995
2285.000000 2.416709
2286.000000 2.417431
2287.000000 2.418162
2288.000000 2.418901
2289.000000 2.419647
2290.000000 2.420402
2291.000000 2.421165
2292.000000 2.421936
2293.000000 2.422714
2294.000000 2.423500
2295.000000 2.424294
2296.000000 2.425096
2297.000000 2.425905
2298.000000 2.426721
2299.000000 2.427545
2300.000000 2.428376
2301.000000 2.429214
2302.000000 2.430059
2303.000000 2.430911
2304.000000 2.431770
2305.000000 2.432636
2306.000000 2.433509
2307.000000 2.434388
2308.000000 2.435274
2309.000000 2.436166
2310.000000 2.437065
2311.000000 2.437970
2312.000000 2.438881
2313.000000 2.439798
2314.000000 2.440721
2315.000000 2.441651
2316.000000 2.442586
2317.000000 2.443527
2318.000000 2.444473
2319.000000 2.445425
2320.000000 2.446383
2321.000000 2.447345
2322.000000 2.448314
2323.000000 2.449287
2324.000000 2.450265
2325.000000 2.451248
2326.000000 2.452237
2327.000000 2.453230
2328.000000 2.454227
2329.000000 2.455230
2330.000000 2.456236
2331.000000 2.457247
2332.000000 2.458263
2333.000000 2.459282
2334.000000 2.460306
2335.000000 2.461333
2336.000000 2.462365
2337.000000 2.463400
2338.000000 2.464439
2339.000000 2.465481
2340.000000 2.466527
2341.000000 2.467576
2342.000000 2.468629
2343.000000 2.469684
2344.000000 2.470743
2345.000000 2.471805
2346.000000 2.472869
2347.000000 2.473936
2348.000000 2.475006
2349.000000 2.476078
2350.000000 2.477152
2351.000000 2.478229
2352.000000 2.479308
2353.000000 2.480389
2354.000000 2.481473
2355.000000 2.482557
2356.000000 2.483644
2357.000000 2.484732
2358.000000 2.485822
2359.000000 2.486914
2360.000000 2.488006
2361.000000 2.489100
2362.000000 2.490195
2363.000000 2.491291
2364.000000 2.492387
2365.000000 2.493485
2366.000000 2.494583
2367.000000 2.495681
2368.000000 2.496781
2369.000000 2.497880
2370.000000 2.498980
2371.000000 2.500079
2372.000000 2.501179
2373.000000 2.502279
2374.000000 2.503378
2375.000000 2.504477
2376.000000 2.505576
2377.000000 2.506674
2378.000000 2.507771
2379.000000 2.508868
2380.000000 2.509963
2381.000000 2.511058
2382.000000 2.512152
2383.000000 2.513244
2384.000000 2.514335
2385.000000 2.515425
2386.000000 2.516513
2387.000000 2.517599
2388.000000 2.518684
2389.000000 2.519767
2390.000000 2.520847
2391.000000 2.521926
2392.000000 2.523003
2393.000000 2.524077
2394.000000 2.525149
2395.000000 2.526218
2396.000000 2.527285
2397.000000 2.528349
2398.000000 2.529410
2399.000000 2.530468
2400.000000 2.531523
2401.000000 2.532575
2402.000000 2.533624
2403.000000 2.534669
2404.000000 2.535711
2405.000000 2.536750
2406.000000 2.537784
2407.000000 2.538815
2408.000000 2.539842
2409.000000 2.540865
2410.000000 2.541884
2411.000000 2.542899
2412.000000 2.543909
2413.000000 2.544915
2414.000000 2.545917
2415.000000 2.546914
2416.000000 2.547906
2417.000000 2.548894
2418.000000 2.549876
2419.000000 2.550854
2420.000000 2.551826
2421.000000 2.552794
2422.000000 2.553756
2423.000000 2.554712
2424.000000 2.555664
2425.000000 2.556609
2426.000000 2.557549
2427.000000 2.558484
2428.000000 2.559412
2429.000000 2.560334
2430.000000 2.561251
2431.000000 2.562161
2432.000000 2.563065
2433.000000 2.563963
2434.000000 2.564854
2435.000000 2.565739
2436.000000 2.566618
2437.000000 2.567489
2438.000000 2.568354
2439.000000 2.569212
2440.000000 2.570063
2441.000000 2.570908
2442.000000 2.571745
2443.000000 2.572574
2444.000000 2.573397
2445.000000 2.574212
2446.000000 2.575020
2447.000000 2.575821
2448.000000 2.576613
2449.000000 2.577399
2450.000000 2.578176
2451.000000 2.578945
2452.000000 2.579707
2453.000000 2.580461
2454.000000 2.581206
2455.000000 2.581944
2456.000000 2.582673
2457.000000 2.583394
2458.000000 2.584107
2459.000000 2.584811
2460.000000 2.585507
2461.000000 2.586195
2462.000000 2.586873
2463.000000 2.587543
2464.000000 2.588204
2465.000000 2.588857
2466.000000 2.589500
2467.000000 2.590135
2468.000000 2.590760
2469.000000 2.591377
2470.000000 2.591984
2471.000000 2.592582
2472.000000 2.593171
2473.000000 2.593751
2474.000000 2.594321
2475.000000 2.594882
2476.000000 2.595433
2477.000000 2.595975
2478.000000 2.596507
2479.000000 2.597029
2480.000000 2.597542
2481.000000 2.598045
2482.000000 2.598538
2483.000000 2.599022
2484.000000 2.599495
2485.000000 2.599959
2486.000000 2.600412
2487.000000 2.600856
2488.000000 2.601289
2489.000000 2.601712
2490.000000 2.602126
2491.000000 2.602528
2492.000000 2.602921
2493.000000 2.603303
2494.000000 2.603675
2495.000000 2.604037
2496.000000 2.604388
2497.000000 2.604729
2498.000000 2.605059
2499.000000 2.605379
2500.000000 2.605688
