1.000000 0.000000
2.000000 0.000000
3.000000 0.000000
4.000000 0.000000
5.000000 0.000000
6.000000 0.000000
7.000000 0.000000
8.000000 0.000000
9.000000 0.000000
10.000000 0.000000
11.000000 0.000000
12.000000 0.000000
13.000000 0.259220
14.000000 0.471468
15.000000 0.645268
16.000000 0.787593
17.000000 0.904154
18.000000 0.999624
19.000000 1.077829
20.000000 1.141899
21.000000 1.194397
22.000000 1.237420
23.000000 1.272687
24.000000 1.301602
25.000000 1.325316
26.000000 1.344770
27.000000 1.360737
28.000000 1.373846
29.000000 1.384614
30.000000 1.393465
31.000000 1.400744
32.000000 1.406736
33.000000 1.411672
34.000000 1.415743
35.000000 1.419103
36.000000 1.421882
37.000000 1.424182
38.000000 1.426089
39.000000 1.427674
40.000000 1.428994
41.000000 1.430096
42.000000 1.431018
43.000000 1.431792
44.000000 1.432444
45.000000 1.432996
46.000000 1.433464
47.000000 1.433863
48.000000 1.434205
49.000000 1.434499
50.000000 1.434753
51.000000 1.434975
52.000000 1.435168
53.000000 1.435339
54.000000 1.435489
55.000000 1.435623
56.000000 1.435743
57.000000 1.435851
58.000000 1.435949
59.000000 1.436037
60.000000 1.436118
61.000000 1.436192
62.000000 1.436261
63.000000 1.436324
64.000000 1.436382
65.000000 1.436436
66.000000 1.436487
67.000000 1.436535
68.000000 1.436579
69.000000 1.436621
70.000000 1.436660
71.000000 1.436697
72.000000 1.436732
73.000000 1.436764
74.000000 1.436796
75.000000 1.436825
76.000000 1.436853
77.000000 1.436879
78.000000 1.436904
79.000000 1.436928
80.000000 1.436950
81.000000 1.436972
82.000000 1.436992
83.000000 1.437011
84.000000 1.437030
85.000000 1.437047
86.000000 1.437064
87.000000 1.437079
88.000000 1.437094
89.000000 1.437108
90.000000 1.437122
91.000000 1.437135
92.000000 1.437147
93.000000 1.437159
94.000000 1.437170
95.000000 1.437180
96.000000 1.437190
97.000000 1.437200
98.000000 1.437209
99.000000 1.437217
100.000000 1.437226
101.000000 1.437233
102.000000 1.437241
103.000000 1.437248
104.000000 1.437255
105.000000 1.437261
106.000000 1.437267
107.000000 1.437273
108.000000 1.437278
109.000000 1.437284
110.000000 1.437289
111.000000 1.437293
112.000000 1.437298
113.000000 1.437302
114.000000 1.437306
115.000000 1.437310
116.000000 1.437314
117.000000 1.437317
118.000000 1.437321
119.000000 1.437324
120.000000 1.437327
121.000000 1.437330
122.000000 1.437333
123.000000 1.437335
124.000000 1.437338
125.000000 1.437340
126.000000 1.437342
127.000000 1.437344
128.000000 1.437346
129.000000 1.437348
130.000000 1.437350
131.000000 1.437352
132.000000 1.437354
133.000000 1.437355
134.000000 1.437357
135.000000 1.437358
136.000000 1.437360
137.000000 1.437361
138.000000 1.437362
139.000000 1.437363
140.000000 1.437364
141.000000 1.437365
142.000000 1.437366
143.000000 1.437367
144.000000 1.437368
145.000000 1.437369
146.000000 1.437370
147.000000 1.437371
148.000000 1.437372
149.000000 1.437372
150.000000 1.437373
