1.000000 0.000000
2.000000 0.000000
3.000000 0.000000
4.000000 0.000000
5.000000 0.000000
6.000000 0.000000
7.000000 0.000000
8.000000 0.000000
9.000000 0.000000
10.000000 0.000000
11.000000 0.000000
12.000000 0.000000
13.000000 0.000000
14.000000 0.000000
15.000000 0.000000
16.000000 0.000000
17.000000 0.000000
18.000000 0.000000
19.000000 0.000000
20.000000 0.000000
21.000000 1.797740
22.000000 2.660644
23.000000 2.897204
24.000000 2.845688
25.000000 2.568277
26.000000 2.251375
27.000000 1.840454
28.000000 1.307263
29.000000 0.920930
30.000000 0.808667
31.000000 0.659001
32.000000 0.576244
33.000000 0.776644
34.000000 0.829471
35.000000 0.884865
36.000000 0.894121
37.000000 0.804351
38.000000 0.855886
39.000000 0.868756
40.000000 0.868977
41.000000 0.826235
42.000000 0.983970
43.000000 0.982596
44.000000 0.847123
45.000000 0.807596
46.000000 0.743608
47.000000 0.683820
48.000000 0.713614
49.000000 0.868892
50.000000 0.735458
51.000000 0.819862
52.000000 0.910214
53.000000 0.900242
54.000000 0.860895
55.000000 0.831385
56.000000 0.780654
57.000000 0.742977
58.000000 0.723468
59.000000 0.658310
60.000000 0.700285
61.000000 0.680302
62.000000 0.766374
63.000000 0.842522
64.000000 0.863393
65.000000 0.857846
66.000000 0.844962
67.000000 0.811674
68.000000 0.839690
69.000000 0.718062
70.000000 0.692103
71.000000 0.839077
72.000000 0.895527
73.000000 0.992681
74.000000 0.957651
75.000000 0.950739
76.000000 0.887782
77.000000 0.663942
78.000000 0.610391
79.000000 0.556416
80.000000 0.641314
81.000000 0.646998
82.000000 0.658744
83.000000 0.815663
84.000000 0.889338
85.000000 0.942160
86.000000 0.884765
87.000000 0.925621
88.000000 0.871018
89.000000 0.831142
90.000000 0.679115
91.000000 0.681011
92.000000 0.679480
93.000000 0.792540
94.000000 0.758488
95.000000 0.848956
96.000000 0.867770
97.000000 0.941704
98.000000 0.928066
99.000000 0.913903
100.000000 0.905709
101.000000 0.821296
102.000000 0.749016
103.000000 0.608852
104.000000 0.696057
105.000000 0.792906
106.000000 0.827447
107.000000 0.858170
108.000000 0.818438
109.000000 0.817537
110.000000 0.576393
111.000000 0.626752
112.000000 0.649526
113.000000 0.730271
114.000000 0.779547
115.000000 0.842617
116.000000 0.999227
117.000000 0.996517
118.000000 0.813195
119.000000 0.792407
120.000000 0.698352
121.000000 0.674639
122.000000 0.799642
123.000000 0.738072
124.000000 0.763514
125.000000 0.909111
126.000000 0.947921
127.000000 0.962176
128.000000 0.979608
129.000000 0.892558
130.000000 0.761014
131.000000 0.676576
132.000000 0.774601
133.000000 0.758783
134.000000 0.849048
135.000000 0.707325
136.000000 0.749234
137.000000 0.724758
138.000000 0.697974
139.000000 0.681945
140.000000 0.680860
141.000000 0.812220
142.000000 0.839147
143.000000 0.852442
144.000000 0.977578
145.000000 0.832164
146.000000 0.864560
147.000000 0.787072
148.000000 0.697102
149.000000 0.720682
150.000000 0.713037
151.000000 0.674200
152.000000 0.676018
153.000000 0.815108
154.000000 0.914289
155.000000 0.771441
156.000000 0.878444
157.000000 0.948877
158.000000 0.930287
159.000000 0.902950
160.000000 0.828319
161.000000 -0.204573
162.000000 -0.825481
163.000000 -1.310432
164.000000 -1.676314
165.000000 -1.708419
166.000000 -1.312456
167.000000 -0.832423
168.000000 -0.379548
169.000000 0.063160
170.000000 0.373871
171.000000 0.526460
172.000000 0.577357
173.000000 0.613026
174.000000 0.583897
175.000000 0.430163
176.000000 0.193398
177.000000 0.140081
178.000000 0.070940
179.000000 0.078923
180.000000 0.185744
181.000000 0.122086
182.000000 0.140307
183.000000 0.210051
184.000000 0.273210
185.000000 0.236235
186.000000 0.345629
187.000000 0.351012
188.000000 0.283256
189.000000 0.319489
190.000000 0.274178
191.000000 0.183219
192.000000 0.121841
193.000000 0.121240
194.000000 0.182469
195.000000 0.213680
196.000000 0.314045
197.000000 0.219287
198.000000 0.284179
199.000000 0.333322
200.000000 0.269237
201.000000 0.296969
202.000000 0.241247
203.000000 0.282243
204.000000 0.200677
205.000000 0.182261
206.000000 0.215515
207.000000 0.257348
208.000000 0.404074
209.000000 0.436967
210.000000 0.344658
211.000000 0.349117
212.000000 0.391518
213.000000 0.227687
214.000000 0.189451
215.000000 0.073088
216.000000 0.017835
217.000000 0.080138
218.000000 0.152494
219.000000 0.257730
220.000000 0.230661
221.000000 0.272416
222.000000 0.228021
223.000000 0.224579
224.000000 0.184153
225.000000 0.195351
226.000000 0.215196
227.000000 0.210279
228.000000 0.447377
229.000000 0.441409
230.000000 0.423441
231.000000 0.449813
232.000000 0.341221
233.000000 0.294914
234.000000 0.126389
235.000000 0.123693
236.000000 0.212519
237.000000 0.071864
238.000000 0.146844
239.000000 0.261058
240.000000 0.337545
241.000000 0.327050
242.000000 0.260482
243.000000 0.323700
244.000000 0.262904
245.000000 0.190612
246.000000 0.063758
247.000000 0.127961
248.000000 0.193697
249.000000 0.213363
250.000000 0.130948
251.000000 0.239449
252.000000 0.322760
253.000000 0.310214
254.000000 0.309165
255.000000 0.247755
256.000000 0.253989
257.000000 0.189225
258.000000 0.213535
259.000000 0.204284
260.000000 0.198280
261.000000 0.259770
262.000000 0.194665
263.000000 0.197203
264.000000 0.295794
265.000000 0.250999
266.000000 0.249278
267.000000 0.353278
268.000000 0.271544
269.000000 0.376318
270.000000 0.348027
271.000000 0.332011
272.000000 0.301248
273.000000 0.271723
274.000000 0.265287
275.000000 0.159100
276.000000 0.153448
277.000000 0.120506
278.000000 0.106190
279.000000 0.099601
280.000000 0.212318
281.000000 0.309491
282.000000 0.313674
283.000000 0.324559
284.000000 0.240509
285.000000 0.238796
286.000000 0.243357
287.000000 0.240466
288.000000 0.323736
289.000000 0.318261
290.000000 0.269676
291.000000 0.245055
292.000000 0.258339
293.000000 0.145331
294.000000 0.290178
295.000000 0.319633
296.000000 0.284886
297.000000 0.219332
298.000000 0.181496
299.000000 0.241208
300.000000 0.196230
301.000000 0.206041
302.000000 0.368456
303.000000 0.364885
304.000000 0.323812
305.000000 0.282996
306.000000 0.324653
307.000000 0.233838
308.000000 0.212039
309.000000 0.276909
310.000000 0.211095
311.000000 0.214615
312.000000 0.205571
313.000000 0.140807
314.000000 0.135024
315.000000 0.144602
316.000000 0.174529
317.000000 0.324436
318.000000 0.220766
319.000000 0.270523
320.000000 0.238241
321.000000 0.188737
322.000000 0.193914
323.000000 0.179625
324.000000 0.240713
325.000000 0.182392
326.000000 0.356699
327.000000 0.373637
328.000000 0.309675
329.000000 0.306228
330.000000 0.188106
331.000000 0.221787
332.000000 0.146194
333.000000 0.245303
334.000000 0.340881
335.000000 0.284407
336.000000 0.348668
337.000000 0.364774
338.000000 0.345691
339.000000 0.275900
340.000000 0.275414
341.000000 0.201444
342.000000 0.150791
343.000000 0.131489
344.000000 0.127694
345.000000 0.188678
346.000000 0.205649
347.000000 0.255060
348.000000 0.356963
349.000000 0.198173
350.000000 0.234225
351.000000 0.235786
352.000000 0.183285
353.000000 0.191466
354.000000 0.185173
355.000000 0.149566
356.000000 0.194672
357.000000 0.213613
358.000000 0.325146
359.000000 0.313626
360.000000 0.349725
361.000000 0.317800
362.000000 0.304337
363.000000 0.374522
364.000000 0.278922
365.000000 0.195180
366.000000 0.184993
367.000000 0.272720
368.000000 0.334531
369.000000 0.237740
370.000000 0.205605
371.000000 0.260354
372.000000 0.227845
373.000000 0.241200
374.000000 0.299241
375.000000 0.193122
376.000000 0.238765
377.000000 0.239098
378.000000 0.285565
379.000000 0.325154
380.000000 0.270748
381.000000 0.315325
382.000000 0.298576
383.000000 0.090565
384.000000 0.057601
385.000000 0.246642
386.000000 0.276701
387.000000 0.192410
388.000000 0.279335
389.000000 0.309077
390.000000 0.236242
391.000000 0.198182
392.000000 0.184689
393.000000 0.206997
394.000000 0.187559
395.000000 0.206544
396.000000 0.231885
397.000000 0.247860
398.000000 0.310508
399.000000 0.345263
400.000000 0.331172
401.000000 0.310345
402.000000 0.347435
403.000000 0.274585
404.000000 0.304348
405.000000 0.326618
406.000000 0.294545
407.000000 0.181070
408.000000 0.157074
409.000000 0.200738
410.000000 0.165315
411.000000 0.136899
412.000000 0.178875
413.000000 0.103300
414.000000 0.143567
415.000000 0.244385
416.000000 0.273958
417.000000 0.284679
418.000000 0.265079
419.000000 0.315136
420.000000 0.339561
421.000000 0.380977
422.000000 0.367834
423.000000 0.299015
424.000000 0.261702
425.000000 0.253034
426.000000 0.152138
427.000000 -0.016449
428.000000 0.103470
429.000000 0.196248
430.000000 0.240367
431.000000 0.317409
432.000000 0.401893
433.000000 0.343190
434.000000 0.233072
435.000000 0.283002
436.000000 0.301612
437.000000 0.207663
438.000000 0.248102
439.000000 0.217991
440.000000 0.166172
441.000000 0.069922
442.000000 0.058514
443.000000 0.238042
444.000000 0.233879
445.000000 0.310346
446.000000 0.390295
447.000000 0.288573
448.000000 0.324913
449.000000 0.372563
450.000000 0.325680
451.000000 0.330285
452.000000 0.436384
453.000000 0.394711
454.000000 0.268669
455.000000 0.128841
456.000000 0.040736
457.000000 0.042398
458.000000 0.164317
459.000000 0.150088
460.000000 0.227891
461.000000 0.237685
462.000000 0.213398
463.000000 0.269486
464.000000 0.168106
465.000000 0.211586
466.000000 0.181115
467.000000 0.185233
468.000000 0.348472
469.000000 0.350326
470.000000 0.374071
471.000000 0.275380
472.000000 0.388419
473.000000 0.258765
474.000000 0.237047
475.000000 0.203134
476.000000 0.130926
477.000000 0.063635
478.000000 0.046279
479.000000 0.064564
480.000000 0.084675
481.000000 0.248856
482.000000 0.331002
483.000000 0.441389
484.000000 0.440892
485.000000 0.479047
486.000000 0.480344
487.000000 0.285842
488.000000 0.187253
489.000000 0.076577
490.000000 0.142640
491.000000 0.106479
492.000000 0.178879
493.000000 0.262396
494.000000 0.239072
495.000000 0.318179
496.000000 0.347683
497.000000 0.379233
498.000000 0.338945
499.000000 0.191435
500.000000 0.235691
501.000000 0.181389
502.000000 0.184676
503.000000 0.235971
504.000000 0.291032
505.000000 0.336909
506.000000 0.456645
507.000000 0.405085
508.000000 0.371259
509.000000 0.190531
510.000000 0.178542
511.000000 0.113644
512.000000 0.111555
513.000000 0.118234
514.000000 0.210235
515.000000 0.277846
516.000000 0.289787
517.000000 0.334325
518.000000 0.365070
519.000000 0.306133
520.000000 0.200411
521.000000 0.192351
522.000000 0.213212
523.000000 0.253477
524.000000 0.273094
525.000000 0.230487
526.000000 0.211518
527.000000 0.186539
528.000000 0.175580
529.000000 0.192912
530.000000 0.155739
531.000000 0.197111
532.000000 0.215687
533.000000 0.257600
534.000000 0.279998
535.000000 0.297195
536.000000 0.371811
537.000000 0.365834
538.000000 0.373582
539.000000 0.301073
540.000000 0.220400
541.000000 0.166672
542.000000 0.214216
543.000000 0.092193
544.000000 0.073261
545.000000 0.126674
546.000000 0.092962
547.000000 0.223798
548.000000 0.330464
549.000000 0.333860
550.000000 0.328694
551.000000 0.321754
552.000000 0.266713
553.000000 0.231330
554.000000 0.214202
555.000000 0.220945
556.000000 0.289452
557.000000 0.375742
558.000000 0.324801
559.000000 0.312497
560.000000 0.212452
561.000000 0.235380
562.000000 0.208372
563.000000 0.233679
564.000000 0.341481
565.000000 0.236357
566.000000 0.301754
567.000000 0.220483
568.000000 0.243361
569.000000 0.344283
570.000000 0.274324
571.000000 0.111067
572.000000 0.135542
573.000000 0.051598
574.000000 0.053646
575.000000 0.095031
576.000000 0.089098
577.000000 0.251094
578.000000 0.357088
579.000000 0.351265
580.000000 0.415203
581.000000 0.425373
582.000000 0.355731
583.000000 0.310868
584.000000 0.192311
585.000000 0.202556
586.000000 0.184287
587.000000 0.147824
588.000000 0.198201
589.000000 0.334323
590.000000 0.265254
591.000000 0.298935
592.000000 0.312763
593.000000 0.364781
594.000000 0.400772
595.000000 0.350356
596.000000 0.262172
597.000000 0.183650
598.000000 0.173732
599.000000 0.109937
600.000000 0.159208
601.000000 0.151096
602.000000 0.179779
603.000000 0.273484
604.000000 0.197223
605.000000 0.223525
606.000000 0.235595
607.000000 0.215652
608.000000 0.128878
609.000000 0.228987
610.000000 0.349768
611.000000 0.371219
612.000000 0.424001
613.000000 0.417202
614.000000 0.237258
615.000000 0.235145
616.000000 0.196239
617.000000 0.036276
618.000000 0.120311
619.000000 0.149714
620.000000 0.161458
621.000000 0.238587
622.000000 0.269780
623.000000 0.399983
624.000000 0.415567
625.000000 0.364763
626.000000 0.335338
627.000000 0.236336
628.000000 0.168206
629.000000 0.136790
630.000000 0.168019
631.000000 0.250171
632.000000 0.284152
633.000000 0.413938
634.000000 0.344926
635.000000 0.311662
636.000000 0.157189
637.000000 0.084287
638.000000 0.184534
639.000000 0.202138
640.000000 0.182078
641.000000 0.220722
642.000000 0.331341
643.000000 0.349100
644.000000 0.404358
645.000000 0.209723
646.000000 0.188150
647.000000 0.067490
648.000000 0.010953
649.000000 0.162206
650.000000 0.132200
651.000000 0.246575
652.000000 0.320111
653.000000 0.434530
654.000000 0.394615
655.000000 0.281191
656.000000 0.347232
657.000000 0.339354
658.000000 0.271975
659.000000 0.213373
660.000000 0.143790
661.000000 0.113214
662.000000 0.149172
663.000000 0.199984
664.000000 0.182891
665.000000 0.311804
666.000000 0.320229
667.000000 0.311754
668.000000 0.340549
669.000000 0.170583
670.000000 0.206114
671.000000 0.151348
672.000000 0.186620
673.000000 0.198720
674.000000 0.274811
675.000000 0.283623
676.000000 0.271950
677.000000 0.239795
678.000000 0.293253
679.000000 0.239012
680.000000 0.403625
681.000000 0.271409
682.000000 0.324841
683.000000 0.401480
684.000000 0.257181
685.000000 0.232724
686.000000 0.192911
687.000000 0.227819
688.000000 0.266328
689.000000 0.274373
690.000000 0.264658
691.000000 0.214604
692.000000 0.154128
693.000000 0.076152
694.000000 0.116692
695.000000 0.086432
696.000000 0.109356
697.000000 0.288154
698.000000 0.356135
699.000000 0.441866
700.000000 0.417735
701.000000 0.449925
702.000000 0.303590
703.000000 0.203946
704.000000 0.169303
705.000000 0.221788
706.000000 0.253623
707.000000 0.130013
708.000000 0.166277
709.000000 0.190453
710.000000 0.231605
711.000000 0.270196
712.000000 0.193667
713.000000 0.153635
714.000000 0.173519
715.000000 0.140997
716.000000 0.106308
717.000000 0.167218
718.000000 0.340003
719.000000 0.411812
720.000000 0.394617
721.000000 0.404404
722.000000 0.410563
723.000000 0.336279
724.000000 0.385437
725.000000 0.300135
726.000000 0.199211
727.000000 0.166339
728.000000 0.182885
729.000000 0.209530
730.000000 0.070472
731.000000 0.067094
732.000000 0.091218
733.000000 0.158903
734.000000 0.235564
735.000000 0.305835
736.000000 0.332914
737.000000 0.328645
738.000000 0.441338
739.000000 0.319175
740.000000 0.335775
741.000000 0.321234
742.000000 0.219477
743.000000 0.247834
744.000000 0.245263
745.000000 0.106203
746.000000 0.079805
747.000000 0.080571
748.000000 0.114266
749.000000 0.181307
750.000000 0.173333
751.000000 0.376316
752.000000 0.369723
753.000000 0.472238
754.000000 0.401984
755.000000 0.286409
756.000000 0.275344
757.000000 0.114390
758.000000 0.089702
759.000000 0.167759
760.000000 0.206500
761.000000 0.334015
762.000000 0.424183
763.000000 0.369144
764.000000 0.368664
765.000000 0.237394
766.000000 0.157869
767.000000 0.248918
768.000000 0.128820
769.000000 0.238262
770.000000 0.221662
771.000000 0.151053
772.000000 0.257972
773.000000 0.251692
774.000000 0.263513
775.000000 0.345537
776.000000 0.300804
777.000000 0.333501
778.000000 0.234906
779.000000 0.232207
780.000000 0.218376
781.000000 0.186206
782.000000 0.190442
783.000000 0.199812
784.000000 0.296628
785.000000 0.309882
786.000000 0.286295
787.000000 0.257028
788.000000 0.123972
789.000000 0.191101
790.000000 0.158550
791.000000 0.075919
792.000000 0.073607
793.000000 0.159399
794.000000 0.185157
795.000000 0.173888
796.000000 0.135718
797.000000 0.314688
798.000000 0.356450
799.000000 0.433107
800.000000 0.422359
801.000000 0.523021
802.000000 1.600136
803.000000 2.043213
804.000000 2.440584
805.000000 2.661043
806.000000 2.499343
807.000000 2.097695
808.000000 1.681103
809.000000 1.099327
810.000000 0.743927
811.000000 0.614877
812.000000 0.415991
813.000000 0.462671
814.000000 0.614202
815.000000 0.762505
816.000000 0.909958
817.000000 0.935377
818.000000 0.944002
819.000000 0.947048
820.000000 0.921944
821.000000 0.818356
822.000000 0.704138
823.000000 0.727206
824.000000 0.781805
825.000000 0.753044
826.000000 0.802601
827.000000 0.783265
828.000000 0.783173
829.000000 0.821917
830.000000 0.896487
831.000000 0.910761
832.000000 0.794276
833.000000 0.824455
834.000000 0.785400
835.000000 0.707300
836.000000 0.759867
837.000000 0.836910
838.000000 0.797200
839.000000 0.834254
840.000000 0.907087
841.000000 0.864008
842.000000 0.756195
843.000000 0.739032
844.000000 0.690821
845.000000 0.679130
846.000000 0.607001
847.000000 0.639725
848.000000 0.685817
849.000000 0.798740
850.000000 0.861792
851.000000 0.847877
852.000000 0.897850
853.000000 0.899005
854.000000 0.872282
855.000000 0.880351
856.000000 0.889333
857.000000 0.803674
858.000000 0.761499
859.000000 0.826689
860.000000 0.767180
861.000000 0.737265
862.000000 0.815086
863.000000 0.726869
864.000000 0.710290
865.000000 0.732593
866.000000 0.710569
867.000000 0.844789
868.000000 0.892032
869.000000 0.907964
870.000000 0.809927
871.000000 0.876569
872.000000 0.766788
873.000000 0.757002
874.000000 0.678046
875.000000 0.676079
876.000000 0.735322
877.000000 0.720619
878.000000 0.857317
879.000000 0.811946
880.000000 0.842516
881.000000 0.813816
882.000000 0.798456
883.000000 0.800918
884.000000 0.776530
885.000000 0.869793
886.000000 0.844835
887.000000 0.893979
888.000000 0.843413
889.000000 0.748986
890.000000 0.725136
891.000000 0.733228
892.000000 0.793363
893.000000 0.870595
894.000000 0.840168
895.000000 0.737454
896.000000 0.751960
897.000000 0.758715
898.000000 0.728379
899.000000 0.780137
900.000000 0.773143
901.000000 0.822949
902.000000 0.792986
903.000000 0.836108
904.000000 0.887201
905.000000 0.755995
906.000000 0.839254
907.000000 0.837008
908.000000 0.804664
909.000000 0.831351
910.000000 0.814321
911.000000 0.822526
912.000000 0.947932
913.000000 0.907250
914.000000 0.855065
915.000000 0.846559
916.000000 0.735592
917.000000 0.790838
918.000000 0.750752
919.000000 0.744325
920.000000 0.685297
921.000000 0.648031
922.000000 0.670922
923.000000 0.696227
924.000000 0.802850
925.000000 0.809837
926.000000 0.808083
927.000000 0.788500
928.000000 0.824594
929.000000 0.759327
930.000000 0.714614
931.000000 0.721758
932.000000 0.823095
933.000000 0.832254
934.000000 0.936303
935.000000 0.900297
936.000000 0.876401
937.000000 0.881527
938.000000 0.868045
939.000000 0.851985
940.000000 0.899226
941.000000 0.898666
942.000000 0.879921
943.000000 0.822964
944.000000 0.716071
945.000000 0.776694
946.000000 0.703606
947.000000 0.753990
948.000000 0.717958
949.000000 0.684675
950.000000 0.669545
951.000000 0.691121
952.000000 0.707518
953.000000 0.692908
954.000000 0.733133
955.000000 0.756649
956.000000 0.865097
957.000000 0.871312
958.000000 0.882774
959.000000 0.959048
960.000000 0.815455
961.000000 0.867971
962.000000 0.830562
963.000000 0.686767
964.000000 0.699554
965.000000 0.733230
966.000000 0.705338
967.000000 0.678803
968.000000 0.779010
969.000000 0.751751
970.000000 0.774774
971.000000 0.771247
972.000000 0.775880
973.000000 0.840307
974.000000 0.956702
975.000000 0.906718
976.000000 0.883966
977.000000 0.935121
978.000000 0.858103
979.000000 0.840905
980.000000 0.780573
981.000000 0.758022
982.000000 0.684739
983.000000 0.805014
984.000000 0.761259
985.000000 0.755483
986.000000 0.816201
987.000000 0.880177
988.000000 0.829101
989.000000 0.904299
990.000000 0.805567
991.000000 0.749406
992.000000 0.836529
993.000000 0.774712
994.000000 0.729124
995.000000 0.749688
996.000000 0.815273
997.000000 0.746573
998.000000 0.685844
999.000000 0.754793
1000.000000 0.747751
1001.000000 0.532037
1002.000000 0.342554
1003.000000 0.334192
1004.000000 0.440027
1005.000000 0.514628
1006.000000 0.591753
1007.000000 0.591516
1008.000000 0.628697
1009.000000 0.662914
1010.000000 0.711674
1011.000000 0.706278
1012.000000 0.870939
1013.000000 0.906309
1014.000000 0.833130
1015.000000 0.791765
1016.000000 0.657817
1017.000000 0.636025
1018.000000 0.488535
1019.000000 0.616817
1020.000000 0.621924
1021.000000 0.631432
1022.000000 0.705329
1023.000000 0.703161
1024.000000 0.651927
1025.000000 0.724895
1026.000000 0.821284
1027.000000 0.750509
1028.000000 0.789867
1029.000000 0.725365
1030.000000 0.682233
1031.000000 0.614655
1032.000000 0.605764
1033.000000 0.571137
1034.000000 0.581921
1035.000000 0.713349
1036.000000 0.671806
1037.000000 0.782129
1038.000000 0.752612
1039.000000 0.743653
1040.000000 0.782661
1041.000000 -0.254370
1042.000000 -0.779517
1043.000000 -1.258738
1044.000000 -1.611061
1045.000000 -1.630251
1046.000000 -1.539227
1047.000000 -0.977617
1048.000000 -0.628462
1049.000000 -0.253245
1050.000000 0.153886
1051.000000 0.490149
1052.000000 0.565432
1053.000000 0.597936
1054.000000 0.475171
1055.000000 0.401592
1056.000000 0.297221
1057.000000 0.176708
1058.000000 0.093922
1059.000000 -0.016998
1060.000000 -0.133573
1061.000000 -0.231820
1062.000000 -0.115319
1063.000000 -0.101383
1064.000000 -0.003274
1065.000000 0.234513
1066.000000 0.283344
1067.000000 0.351280
1068.000000 0.440551
1069.000000 0.378613
1070.000000 0.306475
1071.000000 0.179934
1072.000000 0.096099
1073.000000 0.097957
1074.000000 0.033398
1075.000000 0.030527
1076.000000 0.040438
1077.000000 0.027840
1078.000000 0.153651
1079.000000 0.207970
1080.000000 0.111623
1081.000000 0.104331
1082.000000 0.107051
1083.000000 0.112403
1084.000000 0.142968
1085.000000 0.102690
1086.000000 0.188110
1087.000000 0.237859
1088.000000 0.204597
1089.000000 0.188208
1090.000000 0.156719
1091.000000 0.179507
1092.000000 0.203912
1093.000000 0.124312
1094.000000 0.070575
1095.000000 0.051604
1096.000000 0.024626
1097.000000 0.134682
1098.000000 0.184887
1099.000000 0.214333
1100.000000 0.115318
1101.000000 0.137349
1102.000000 0.121625
1103.000000 0.104895
1104.000000 0.219805
1105.000000 0.279321
1106.000000 0.314046
1107.000000 0.262167
1108.000000 0.258180
1109.000000 0.164239
1110.000000 0.073682
1111.000000 0.067499
1112.000000 0.003927
1113.000000 0.043520
1114.000000 0.039901
1115.000000 0.184886
1116.000000 0.164043
1117.000000 0.111710
1118.000000 0.223583
1119.000000 0.192591
1120.000000 0.190860
1121.000000 0.209521
1122.000000 0.146125
1123.000000 0.191073
1124.000000 0.146385
1125.000000 0.250781
1126.000000 0.136515
1127.000000 0.013933
1128.000000 0.122848
1129.000000 -0.072050
1130.000000 0.031227
1131.000000 0.058342
1132.000000 0.105821
1133.000000 0.143518
1134.000000 0.241570
1135.000000 0.192929
1136.000000 0.147987
1137.000000 0.251048
1138.000000 0.181574
1139.000000 0.158636
1140.000000 0.193728
1141.000000 0.315262
1142.000000 0.218628
1143.000000 0.114818
1144.000000 0.031393
1145.000000 0.030098
1146.000000 0.017550
1147.000000 0.115479
1148.000000 0.174619
1149.000000 0.245214
1150.000000 0.157670
1151.000000 0.242018
1152.000000 0.071632
1153.000000 -0.014310
1154.000000 0.016394
1155.000000 0.066135
1156.000000 0.182875
1157.000000 0.315550
1158.000000 0.310307
1159.000000 0.431271
1160.000000 0.193520
1161.000000 0.218882
1162.000000 0.156676
1163.000000 0.019193
1164.000000 0.053103
1165.000000 -0.019874
1166.000000 -0.070497
1167.000000 -0.043870
1168.000000 -0.007490
1169.000000 0.106563
1170.000000 0.124789
1171.000000 0.167549
1172.000000 0.249538
1173.000000 0.315413
1174.000000 0.301127
1175.000000 0.320672
1176.000000 0.324763
1177.000000 0.155937
1178.000000 0.158243
1179.000000 0.181555
1180.000000 0.149491
1181.000000 0.154181
1182.000000 0.200827
1183.000000 0.240389
1184.000000 0.086783
1185.000000 0.084155
1186.000000 -0.030265
1187.000000 -0.002075
1188.000000 0.036145
1189.000000 0.152300
1190.000000 0.189486
1191.000000 0.117269
1192.000000 0.254185
1193.000000 0.209488
1194.000000 0.096970
1195.000000 0.103646
1196.000000 0.045195
1197.000000 0.210582
1198.000000 0.165063
1199.000000 0.193450
1200.000000 0.144616
1201.000000 0.150666
1202.000000 1.206778
1203.000000 1.779928
1204.000000 2.307599
1205.000000 2.661103
1206.000000 2.535910
1207.000000 2.077702
1208.000000 1.598029
1209.000000 1.161866
1210.000000 0.788409
1211.000000 0.527329
1212.000000 0.377137
1213.000000 0.495463
1214.000000 0.536390
1215.000000 0.523085
1216.000000 0.656288
1217.000000 0.810812
1218.000000 0.819986
1219.000000 0.729477
1220.000000 0.827913
1221.000000 0.771320
1222.000000 0.710527
1223.000000 0.666212
1224.000000 0.575425
1225.000000 0.693306
1226.000000 0.765744
1227.000000 0.735413
1228.000000 0.758878
1229.000000 0.727947
1230.000000 0.673486
1231.000000 0.682414
1232.000000 0.558218
1233.000000 0.569239
1234.000000 0.537438
1235.000000 0.601601
1236.000000 0.798740
1237.000000 0.811515
1238.000000 0.832087
1239.000000 0.723346
1240.000000 0.716366
1241.000000 0.822011
1242.000000 0.718190
1243.000000 0.734300
1244.000000 0.747079
1245.000000 0.688655
1246.000000 0.656364
1247.000000 0.620130
1248.000000 0.612685
1249.000000 0.714757
1250.000000 0.705428
1251.000000 0.752914
1252.000000 0.676525
1253.000000 0.635908
1254.000000 0.658576
1255.000000 0.623279
1256.000000 0.640997
1257.000000 0.722136
1258.000000 0.731313
1259.000000 0.744505
1260.000000 0.735005
1261.000000 0.738714
1262.000000 0.697836
1263.000000 0.614901
1264.000000 0.608767
1265.000000 0.659285
1266.000000 0.618486
1267.000000 0.703043
1268.000000 0.785787
1269.000000 0.875833
1270.000000 0.854163
1271.000000 0.757204
1272.000000 0.692335
1273.000000 0.732933
1274.000000 0.603592
1275.000000 0.499827
1276.000000 0.533961
1277.000000 0.641946
1278.000000 0.726436
1279.000000 0.773568
1280.000000 0.695148
1281.000000 0.603420
1282.000000 0.679237
1283.000000 0.621506
1284.000000 0.737081
1285.000000 0.717982
1286.000000 0.752005
1287.000000 0.850990
1288.000000 0.862740
1289.000000 0.782399
1290.000000 0.694318
1291.000000 0.638908
1292.000000 0.667024
1293.000000 0.596157
1294.000000 0.686592
1295.000000 0.710784
1296.000000 0.651027
1297.000000 0.728485
1298.000000 0.616388
1299.000000 0.641346
1300.000000 0.673225
1301.000000 0.735592
1302.000000 0.652718
1303.000000 0.710822
1304.000000 0.784389
1305.000000 0.782879
1306.000000 0.729048
1307.000000 0.636016
1308.000000 0.798132
1309.000000 0.750154
1310.000000 0.658400
1311.000000 0.667202
1312.000000 0.616568
1313.000000 0.658481
1314.000000 0.783288
1315.000000 0.816024
1316.000000 0.814132
1317.000000 0.793993
1318.000000 0.728157
1319.000000 0.801764
1320.000000 0.693780
1321.000000 0.712332
1322.000000 0.514398
1323.000000 0.458487
1324.000000 0.504090
1325.000000 0.428866
1326.000000 0.569389
1327.000000 0.620387
1328.000000 0.734542
1329.000000 0.861708
1330.000000 0.839282
1331.000000 0.969238
1332.000000 0.791882
1333.000000 0.698289
1334.000000 0.684227
1335.000000 0.621998
1336.000000 0.603370
1337.000000 0.526255
1338.000000 0.592810
1339.000000 0.759866
1340.000000 0.708790
1341.000000 0.771247
1342.000000 0.728353
1343.000000 0.720023
1344.000000 0.754098
1345.000000 0.632556
1346.000000 0.735777
1347.000000 0.753590
1348.000000 0.765310
1349.000000 0.690865
1350.000000 0.630288
1351.000000 0.609912
1352.000000 0.671346
1353.000000 0.717352
1354.000000 0.719339
1355.000000 0.729290
1356.000000 0.734415
1357.000000 0.664148
1358.000000 0.702397
1359.000000 0.804105
1360.000000 0.810977
1361.000000 0.696769
1362.000000 0.595651
1363.000000 0.564034
1364.000000 0.538752
1365.000000 0.662994
1366.000000 0.636878
1367.000000 0.683930
1368.000000 0.797717
1369.000000 0.728034
1370.000000 0.727818
1371.000000 0.725512
1372.000000 0.721625
1373.000000 0.656093
1374.000000 0.723974
1375.000000 0.676614
1376.000000 0.715543
1377.000000 0.655404
1378.000000 0.866786
1379.000000 0.828427
1380.000000 0.800308
1381.000000 0.670887
1382.000000 0.674214
1383.000000 0.591670
1384.000000 0.536018
1385.000000 0.550387
1386.000000 0.630447
1387.000000 0.647691
1388.000000 0.727822
1389.000000 0.838748
1390.000000 0.712117
1391.000000 0.754086
1392.000000 0.726498
1393.000000 0.660823
1394.000000 0.652778
1395.000000 0.677767
1396.000000 0.693955
1397.000000 0.787219
1398.000000 0.768571
1399.000000 0.753913
1400.000000 0.724569
1401.000000 0.663617
1402.000000 0.684525
1403.000000 0.552444
1404.000000 0.628347
1405.000000 0.716315
1406.000000 0.642009
1407.000000 0.836450
1408.000000 0.743153
1409.000000 0.632602
1410.000000 0.732680
1411.000000 0.758084
1412.000000 0.799518
1413.000000 0.763581
1414.000000 0.870420
1415.000000 0.722246
1416.000000 0.578195
1417.000000 0.532430
1418.000000 0.585811
1419.000000 0.560710
1420.000000 0.716562
1421.000000 0.675224
1422.000000 0.731202
1423.000000 0.734633
1424.000000 0.767805
1425.000000 0.835553
1426.000000 0.744517
1427.000000 0.689257
1428.000000 0.651986
1429.000000 0.524141
1430.000000 0.587739
1431.000000 0.518433
1432.000000 0.559628
1433.000000 0.710213
1434.000000 0.791181
1435.000000 0.916869
1436.000000 0.783380
1437.000000 0.731054
1438.000000 0.764256
1439.000000 0.708357
1440.000000 0.687753
1441.000000 0.715632
1442.000000 0.710954
1443.000000 0.667106
1444.000000 0.711974
1445.000000 0.645335
1446.000000 0.587109
1447.000000 0.488262
1448.000000 0.564407
1449.000000 0.662815
1450.000000 0.634281
1451.000000 0.792035
1452.000000 0.834194
1453.000000 0.930731
1454.000000 1.001635
1455.000000 0.892191
1456.000000 0.794503
1457.000000 0.630808
1458.000000 0.560211
1459.000000 0.436458
1460.000000 0.393929
1461.000000 0.392255
1462.000000 0.607183
1463.000000 0.611633
1464.000000 0.804458
1465.000000 0.943197
1466.000000 0.821343
1467.000000 0.863345
1468.000000 0.921018
1469.000000 0.723583
1470.000000 0.775069
1471.000000 0.608530
1472.000000 0.501617
1473.000000 0.583553
1474.000000 0.584393
1475.000000 0.663783
1476.000000 0.795194
1477.000000 0.742038
1478.000000 0.855636
1479.000000 0.772718
1480.000000 0.708909
1481.000000 0.717392
1482.000000 0.659328
1483.000000 0.604740
1484.000000 0.647492
1485.000000 0.663413
1486.000000 0.680534
1487.000000 0.792030
1488.000000 0.752433
1489.000000 0.742638
1490.000000 0.771730
1491.000000 0.798568
1492.000000 0.753187
1493.000000 0.653902
1494.000000 0.612481
1495.000000 0.653623
1496.000000 0.584480
1497.000000 0.602311
1498.000000 0.560500
1499.000000 0.659783
1500.000000 0.713078
1501.000000 1.908423
1502.000000 2.496312
1503.000000 2.779458
1504.000000 2.807816
1505.000000 2.564225
1506.000000 2.416403
1507.000000 2.035860
1508.000000 1.496652
1509.000000 1.324854
1510.000000 1.074903
1511.000000 1.113461
1512.000000 1.068038
1513.000000 1.113259
1514.000000 1.279789
1515.000000 1.352886
1516.000000 1.426395
1517.000000 1.433152
1518.000000 1.419423
1519.000000 1.396650
1520.000000 1.214911
1521.000000 1.229501
1522.000000 1.027750
1523.000000 1.015457
1524.000000 1.103005
1525.000000 1.160303
1526.000000 1.292066
1527.000000 1.360050
1528.000000 1.406291
1529.000000 1.352189
1530.000000 1.359958
1531.000000 1.309010
1532.000000 1.246536
1533.000000 1.240781
1534.000000 1.241597
1535.000000 1.198801
1536.000000 1.235848
1537.000000 1.279112
1538.000000 1.229724
1539.000000 1.326853
1540.000000 1.317453
1541.000000 1.315242
1542.000000 1.287691
1543.000000 1.196689
1544.000000 1.141099
1545.000000 1.128224
1546.000000 1.223385
1547.000000 1.245733
1548.000000 1.259222
1549.000000 1.232095
1550.000000 1.241285
1551.000000 1.275703
1552.000000 1.205850
1553.000000 1.257213
1554.000000 1.309880
1555.000000 1.217471
1556.000000 1.237636
1557.000000 1.132959
1558.000000 1.147564
1559.000000 1.143572
1560.000000 1.225745
1561.000000 1.290010
1562.000000 1.268692
1563.000000 1.317821
1564.000000 1.409291
1565.000000 1.315066
1566.000000 1.280276
1567.000000 1.251166
1568.000000 1.232193
1569.000000 1.297287
1570.000000 1.275624
1571.000000 1.095726
1572.000000 1.181101
1573.000000 1.072721
1574.000000 1.080361
1575.000000 1.251368
1576.000000 1.232496
1577.000000 1.324436
1578.000000 1.412447
1579.000000 1.332728
1580.000000 1.286358
1581.000000 1.218741
1582.000000 1.178168
1583.000000 1.210480
1584.000000 1.265085
1585.000000 1.153109
1586.000000 1.289370
1587.000000 1.382024
1588.000000 1.325106
1589.000000 1.238106
1590.000000 1.200327
1591.000000 1.196879
1592.000000 1.250660
1593.000000 1.211810
1594.000000 1.198025
1595.000000 1.190048
1596.000000 1.144123
1597.000000 1.261651
1598.000000 1.308515
1599.000000 1.306435
1600.000000 1.267619
1601.000000 1.347199
1602.000000 1.266934
1603.000000 1.355063
1604.000000 1.330586
1605.000000 1.294004
1606.000000 1.190172
1607.000000 1.235017
1608.000000 1.171051
1609.000000 1.090803
1610.000000 1.179227
1611.000000 1.125986
1612.000000 1.086138
1613.000000 1.194200
1614.000000 1.265868
1615.000000 1.433155
1616.000000 1.434704
1617.000000 1.431086
1618.000000 1.301563
1619.000000 1.278372
1620.000000 1.295481
1621.000000 1.126764
1622.000000 1.153363
1623.000000 1.148337
1624.000000 1.063141
1625.000000 1.221086
1626.000000 1.271076
1627.000000 1.342978
1628.000000 1.277801
1629.000000 1.381379
1630.000000 1.333639
1631.000000 1.241255
1632.000000 1.196785
1633.000000 1.194681
1634.000000 1.223310
1635.000000 1.203006
1636.000000 1.270728
1637.000000 1.275476
1638.000000 1.237327
1639.000000 1.424491
1640.000000 1.268815
1641.000000 0.168665
1642.000000 -0.390290
1643.000000 -0.764220
1644.000000 -1.115601
1645.000000 -0.991734
1646.000000 -0.732891
1647.000000 -0.352085
1648.000000 -0.037167
1649.000000 0.331885
1650.000000 0.655828
1651.000000 0.834426
1652.000000 0.957564
1653.000000 1.016947
1654.000000 0.918997
1655.000000 0.825192
1656.000000 0.685107
1657.000000 0.613599
1658.000000 0.628730
1659.000000 0.685150
1660.000000 0.707800
1661.000000 0.661095
1662.000000 0.715838
1663.000000 0.675374
1664.000000 0.537815
1665.000000 0.503399
1666.000000 0.463413
1667.000000 0.462183
1668.000000 0.663616
1669.000000 0.791552
1670.000000 0.778862
1671.000000 0.967374
1672.000000 0.882874
1673.000000 0.780820
1674.000000 0.778473
1675.000000 0.724835
1676.000000 0.750890
1677.000000 0.658980
1678.000000 0.681031
1679.000000 0.602303
1680.000000 0.647278
1681.000000 0.655370
1682.000000 0.562759
1683.000000 0.628369
1684.000000 0.660333
1685.000000 0.662464
1686.000000 0.798975
1687.000000 0.725308
1688.000000 0.646017
1689.000000 0.638879
1690.000000 0.634405
1691.000000 0.653805
1692.000000 0.570728
1693.000000 0.589322
1694.000000 0.751391
1695.000000 0.749297
1696.000000 0.752681
1697.000000 0.816546
1698.000000 0.702167
1699.000000 0.749556
1700.000000 0.712833
1701.000000 0.703002
1702.000000 0.631531
1703.000000 0.643864
1704.000000 0.689950
1705.000000 0.769469
1706.000000 0.703256
1707.000000 0.825183
1708.000000 0.839528
1709.000000 0.752456
1710.000000 0.717666
1711.000000 0.695971
1712.000000 0.577434
1713.000000 0.702298
1714.000000 0.639401
1715.000000 0.654209
1716.000000 0.738475
1717.000000 0.804349
1718.000000 0.668221
1719.000000 0.727071
1720.000000 0.771981
1721.000000 0.714038
1722.000000 0.717530
1723.000000 0.677974
1724.000000 0.607119
1725.000000 0.663888
1726.000000 0.771243
1727.000000 0.747474
1728.000000 0.696693
1729.000000 0.737982
1730.000000 0.768271
1731.000000 0.691587
1732.000000 0.664807
1733.000000 0.594227
1734.000000 0.573101
1735.000000 0.544510
1736.000000 0.561832
1737.000000 0.726991
1738.000000 0.739278
1739.000000 0.788837
1740.000000 0.703415
1741.000000 0.718241
1742.000000 0.769764
1743.000000 0.747395
1744.000000 0.732009
1745.000000 0.698535
1746.000000 0.796705
1747.000000 0.670998
1748.000000 0.617112
1749.000000 0.529496
1750.000000 0.534480
1751.000000 0.606031
1752.000000 0.715751
1753.000000 0.617844
1754.000000 0.609650
1755.000000 0.693451
1756.000000 0.745249
1757.000000 0.797793
1758.000000 0.792837
1759.000000 0.923430
1760.000000 0.782294
1761.000000 0.792959
1762.000000 0.621449
1763.000000 0.483558
1764.000000 0.598329
1765.000000 0.637570
1766.000000 0.673438
1767.000000 0.647143
1768.000000 0.673040
1769.000000 0.630690
1770.000000 0.654639
1771.000000 0.740233
1772.000000 0.720056
1773.000000 0.752696
1774.000000 0.738237
1775.000000 0.789021
1776.000000 0.836718
1777.000000 0.873703
1778.000000 0.767282
1779.000000 0.672286
1780.000000 0.638673
1781.000000 0.547512
1782.000000 0.608785
1783.000000 0.726829
1784.000000 0.745210
1785.000000 0.785881
1786.000000 0.709441
1787.000000 0.591504
1788.000000 0.665512
1789.000000 0.604135
1790.000000 0.697100
1791.000000 0.666498
1792.000000 0.653123
1793.000000 0.696490
1794.000000 0.651785
1795.000000 0.675572
1796.000000 0.670911
1797.000000 0.685308
1798.000000 0.730942
1799.000000 0.700234
1800.000000 0.712494
1801.000000 0.775145
1802.000000 0.767635
1803.000000 0.743379
1804.000000 0.763485
1805.000000 0.681854
1806.000000 0.706131
1807.000000 0.749970
1808.000000 0.634121
1809.000000 0.571722
1810.000000 0.598300
1811.000000 0.483046
1812.000000 0.544303
1813.000000 0.637985
1814.000000 0.676938
1815.000000 0.716312
1816.000000 0.765356
1817.000000 0.881993
1818.000000 0.943189
1819.000000 0.909683
1820.000000 0.757774
1821.000000 0.665135
1822.000000 0.565869
1823.000000 0.512413
1824.000000 0.482488
1825.000000 0.520526
1826.000000 0.690047
1827.000000 0.774193
1828.000000 0.820213
1829.000000 0.850386
1830.000000 0.656078
1831.000000 0.832319
1832.000000 0.715893
1833.000000 0.669637
1834.000000 0.673416
1835.000000 0.644783
1836.000000 0.621973
1837.000000 0.639075
1838.000000 0.632695
1839.000000 0.678633
1840.000000 0.814818
1841.000000 0.805456
1842.000000 0.769517
1843.000000 0.691573
1844.000000 0.746878
1845.000000 0.743403
1846.000000 0.581659
1847.000000 0.608784
1848.000000 0.620095
1849.000000 0.643511
1850.000000 0.656455
1851.000000 0.683171
1852.000000 0.772070
1853.000000 0.683929
1854.000000 0.676204
1855.000000 0.705836
1856.000000 0.720520
1857.000000 0.724489
1858.000000 0.756954
1859.000000 0.777505
1860.000000 0.646804
1861.000000 0.602148
1862.000000 0.685639
1863.000000 0.560383
1864.000000 0.581347
1865.000000 0.623159
1866.000000 0.749255
1867.000000 0.714297
1868.000000 0.740227
1869.000000 0.864914
1870.000000 0.758978
1871.000000 0.668454
1872.000000 0.664393
1873.000000 0.721444
1874.000000 0.683788
1875.000000 0.718138
1876.000000 0.761288
1877.000000 0.713205
1878.000000 0.745004
1879.000000 0.751438
1880.000000 0.665583
1881.000000 0.646252
1882.000000 0.664608
1883.000000 0.591180
1884.000000 0.698140
1885.000000 0.733104
1886.000000 0.837400
1887.000000 0.808834
1888.000000 0.684804
1889.000000 0.725875
1890.000000 0.629798
1891.000000 0.626726
1892.000000 0.555553
1893.000000 0.563406
1894.000000 0.676317
1895.000000 0.624175
1896.000000 0.636372
1897.000000 0.723579
1898.000000 0.700079
1899.000000 0.698773
1900.000000 0.692006
1901.000000 0.688859
1902.000000 0.830253
1903.000000 0.793903
1904.000000 0.690920
1905.000000 0.662561
1906.000000 0.576922
1907.000000 0.492733
1908.000000 0.566229
1909.000000 0.651027
1910.000000 0.637752
1911.000000 0.724299
1912.000000 0.833057
1913.000000 0.852580
1914.000000 0.844145
1915.000000 0.870622
1916.000000 0.811338
1917.000000 0.803721
1918.000000 0.709178
1919.000000 0.589453
1920.000000 0.561027
1921.000000 0.612596
1922.000000 0.581565
1923.000000 0.589579
1924.000000 0.707881
1925.000000 0.693372
1926.000000 0.846003
1927.000000 0.749121
1928.000000 0.704554
1929.000000 0.798791
1930.000000 0.762634
1931.000000 0.780306
1932.000000 0.736816
1933.000000 0.563855
1934.000000 0.515681
1935.000000 0.464299
1936.000000 0.431325
1937.000000 0.541918
1938.000000 0.634797
1939.000000 0.747207
1940.000000 0.671778
1941.000000 0.755482
1942.000000 0.855639
1943.000000 0.916936
1944.000000 0.855894
1945.000000 0.815997
1946.000000 0.772404
1947.000000 0.625292
1948.000000 0.603518
1949.000000 0.508069
1950.000000 0.578289
1951.000000 0.721113
1952.000000 0.785234
1953.000000 0.788119
1954.000000 0.694509
1955.000000 0.638710
1956.000000 0.661787
1957.000000 0.723767
1958.000000 0.764845
1959.000000 0.703029
1960.000000 0.772478
1961.000000 0.760654
1962.000000 0.754163
1963.000000 0.736389
1964.000000 0.639424
1965.000000 0.718573
1966.000000 0.753140
1967.000000 0.580700
1968.000000 0.556768
1969.000000 0.514954
1970.000000 0.625422
1971.000000 0.725582
1972.000000 0.692926
1973.000000 0.739580
1974.000000 0.741888
1975.000000 0.672107
1976.000000 0.699546
1977.000000 0.623650
1978.000000 0.630751
1979.000000 0.657670
1980.000000 0.673208
1981.000000 0.774348
1982.000000 0.697733
1983.000000 0.690488
1984.000000 0.702221
1985.000000 0.769646
1986.000000 0.873281
1987.000000 0.842947
1988.000000 0.775914
1989.000000 0.758838
1990.000000 0.749884
1991.000000 0.615917
1992.000000 0.461346
1993.000000 0.431659
1994.000000 0.522487
1995.000000 0.546462
1996.000000 0.657875
1997.000000 0.684343
1998.000000 0.826349
1999.000000 0.839708
2000.000000 0.789399
2001.000000 0.790503
2002.000000 1.873522
2003.000000 2.310026
2004.000000 2.771982
2005.000000 3.104944
2006.000000 3.011216
2007.000000 2.772754
2008.000000 2.274774
2009.000000 1.731107
2010.000000 1.298632
2011.000000 0.997679
2012.000000 0.895219
2013.000000 0.909659
2014.000000 1.009373
2015.000000 1.040105
2016.000000 1.135917
2017.000000 1.407440
2018.000000 1.496284
2019.000000 1.523857
2020.000000 1.441918
2021.000000 1.361025
2022.000000 1.327362
2023.000000 1.270018
2024.000000 1.257866
2025.000000 1.214811
2026.000000 1.092159
2027.000000 1.041306
2028.000000 1.095154
2029.000000 1.107889
2030.000000 1.145823
2031.000000 1.296214
2032.000000 1.395369
2033.000000 1.467287
2034.000000 1.381011
2035.000000 1.358650
2036.000000 1.263015
2037.000000 1.102745
2038.000000 1.051757
2039.000000 1.118919
2040.000000 1.254332
2041.000000 1.224129
2042.000000 1.252948
2043.000000 1.289758
2044.000000 1.236067
2045.000000 1.249292
2046.000000 1.195268
2047.000000 1.181299
2048.000000 1.281295
2049.000000 1.360685
2050.000000 1.418752
2051.000000 1.296906
2052.000000 1.282261
2053.000000 1.226113
2054.000000 1.220541
2055.000000 1.155985
2056.000000 1.136772
2057.000000 1.162312
2058.000000 1.168171
2059.000000 1.257501
2060.000000 1.205659
2061.000000 1.270034
2062.000000 1.198617
2063.000000 1.200632
2064.000000 1.263062
2065.000000 1.232955
2066.000000 1.298883
2067.000000 1.338755
2068.000000 1.253386
2069.000000 1.305547
2070.000000 1.251351
2071.000000 1.182673
2072.000000 1.286954
2073.000000 1.298540
2074.000000 1.192678
2075.000000 1.229465
2076.000000 1.251240
2077.000000 1.273501
2078.000000 1.244322
2079.000000 1.320524
2080.000000 1.339816
2081.000000 1.135775
2082.000000 1.102115
2083.000000 1.158827
2084.000000 1.221315
2085.000000 1.272770
2086.000000 1.282539
2087.000000 1.300341
2088.000000 1.338651
2089.000000 1.335854
2090.000000 1.367311
2091.000000 1.310309
2092.000000 1.178705
2093.000000 1.211969
2094.000000 1.192261
2095.000000 1.223435
2096.000000 1.174119
2097.000000 1.179463
2098.000000 1.148535
2099.000000 1.260919
2100.000000 1.211354
2101.000000 1.263539
2102.000000 1.241034
2103.000000 1.269987
2104.000000 1.222278
2105.000000 1.245616
2106.000000 1.234096
2107.000000 1.287656
2108.000000 1.234834
2109.000000 1.240116
2110.000000 1.232019
2111.000000 1.321912
2112.000000 1.330198
2113.000000 1.299073
2114.000000 1.288054
2115.000000 1.138277
2116.000000 1.161232
2117.000000 1.184897
2118.000000 1.262531
2119.000000 1.303036
2120.000000 1.228652
2121.000000 1.262982
2122.000000 1.250573
2123.000000 1.228591
2124.000000 1.217379
2125.000000 1.107317
2126.000000 1.127672
2127.000000 1.184074
2128.000000 1.226409
2129.000000 1.281084
2130.000000 1.299032
2131.000000 1.295554
2132.000000 1.307748
2133.000000 1.369581
2134.000000 1.244189
2135.000000 1.216929
2136.000000 1.236642
2137.000000 1.347599
2138.000000 1.299578
2139.000000 1.271629
2140.000000 1.252161
2141.000000 1.338922
2142.000000 1.319321
2143.000000 1.230463
2144.000000 1.183038
2145.000000 1.086569
2146.000000 1.135676
2147.000000 1.209418
2148.000000 1.232329
2149.000000 1.354826
2150.000000 1.306839
2151.000000 1.344151
2152.000000 1.277503
2153.000000 1.282007
2154.000000 1.263255
2155.000000 1.173728
2156.000000 1.163839
2157.000000 1.167991
2158.000000 1.166962
2159.000000 1.271359
2160.000000 1.335101
2161.000000 1.333177
2162.000000 1.302086
2163.000000 1.296105
2164.000000 1.320069
2165.000000 1.193558
2166.000000 1.242304
2167.000000 1.245995
2168.000000 1.219744
2169.000000 1.147222
2170.000000 1.239898
2171.000000 1.298929
2172.000000 1.312417
2173.000000 1.285798
2174.000000 1.177770
2175.000000 1.275230
2176.000000 1.155599
2177.000000 1.174603
2178.000000 1.152481
2179.000000 1.251081
2180.000000 1.289474
2181.000000 1.246978
2182.000000 1.274705
2183.000000 1.151394
2184.000000 1.317895
2185.000000 1.237447
2186.000000 1.234932
2187.000000 1.202654
2188.000000 1.139964
2189.000000 1.256187
2190.000000 1.255821
2191.000000 1.272700
2192.000000 1.238967
2193.000000 1.293392
2194.000000 1.167424
2195.000000 1.181300
2196.000000 1.190173
2197.000000 1.198379
2198.000000 1.256002
2199.000000 1.293279
2200.000000 1.346639
2201.000000 1.365203
2202.000000 1.312314
2203.000000 1.213240
2204.000000 1.313343
2205.000000 1.258534
2206.000000 1.230448
2207.000000 1.291055
2208.000000 1.304224
2209.000000 1.256610
2210.000000 1.227903
2211.000000 1.211323
2212.000000 1.149763
2213.000000 1.130025
2214.000000 1.157253
2215.000000 1.212968
2216.000000 1.275315
2217.000000 1.280355
2218.000000 1.298754
2219.000000 1.301894
2220.000000 1.280600
2221.000000 1.298469
2222.000000 1.290132
2223.000000 1.285711
2224.000000 1.224440
2225.000000 1.118448
2226.000000 1.031236
2227.000000 1.050714
2228.000000 1.226494
2229.000000 1.323617
2230.000000 1.316571
2231.000000 1.377174
2232.000000 1.306298
2233.000000 1.264587
2234.000000 1.191676
2235.000000 1.169761
2236.000000 1.109741
2237.000000 1.219399
2238.000000 1.176925
2239.000000 1.252254
2240.000000 1.219008
2241.000000 1.339253
2242.000000 1.312368
2243.000000 1.359067
2244.000000 1.416613
2245.000000 1.372673
2246.000000 1.350810
2247.000000 1.286731
2248.000000 1.170352
2249.000000 1.149056
2250.000000 1.078465
2251.000000 1.039236
2252.000000 1.141951
2253.000000 1.134773
2254.000000 1.295371
2255.000000 1.398377
2256.000000 1.522264
2257.000000 1.458746
2258.000000 1.278974
2259.000000 1.186577
2260.000000 1.129190
2261.000000 1.123146
2262.000000 1.076618
2263.000000 1.159671
2264.000000 1.238197
2265.000000 1.161365
2266.000000 1.293048
2267.000000 1.231561
2268.000000 1.292702
2269.000000 1.398409
2270.000000 1.254569
2271.000000 1.187766
2272.000000 1.365829
2273.000000 1.205415
2274.000000 1.284732
2275.000000 1.310577
2276.000000 1.301448
2277.000000 1.252567
2278.000000 1.234596
2279.000000 1.273688
2280.000000 1.205183
2281.000000 1.173425
2282.000000 1.224291
2283.000000 1.191960
2284.000000 1.136923
2285.000000 1.087625
2286.000000 1.216204
2287.000000 1.209419
2288.000000 1.256100
2289.000000 1.318499
2290.000000 1.274854
2291.000000 0.270187
2292.000000 -0.260835
2293.000000 -0.699416
2294.000000 -0.989768
2295.000000 -0.951801
2296.000000 -0.744884
2297.000000 -0.469803
2298.000000 -0.014271
2299.000000 0.384847
2300.000000 0.673749
2301.000000 0.974344
2302.000000 1.067083
2303.000000 1.036212
2304.000000 0.802147
2305.000000 0.794004
2306.000000 0.604172
2307.000000 0.528471
2308.000000 0.575626
2309.000000 0.599102
2310.000000 0.605220
2311.000000 0.758664
2312.000000 0.855869
2313.000000 0.855437
2314.000000 0.918480
2315.000000 0.911062
2316.000000 0.701525
2317.000000 0.545328
2318.000000 0.466164
2319.000000 0.474369
2320.000000 0.546199
2321.000000 0.655474
2322.000000 0.704475
2323.000000 0.696074
2324.000000 0.735858
2325.000000 0.649970
2326.000000 0.654041
2327.000000 0.681063
2328.000000 0.692797
2329.000000 0.677074
2330.000000 0.592432
2331.000000 0.612765
2332.000000 0.612703
2333.000000 0.791406
2334.000000 0.701971
2335.000000 0.715984
2336.000000 0.716510
2337.000000 0.824763
2338.000000 0.736462
2339.000000 0.802598
2340.000000 0.687739
2341.000000 0.710773
2342.000000 0.668874
2343.000000 0.715934
2344.000000 0.699464
2345.000000 0.734742
2346.000000 0.801117
2347.000000 0.668319
2348.000000 0.609459
2349.000000 0.646745
2350.000000 0.684051
2351.000000 0.704920
2352.000000 0.711596
2353.000000 0.727414
2354.000000 0.834755
2355.000000 0.806139
2356.000000 0.720825
2357.000000 0.728436
2358.000000 0.741667
2359.000000 0.715757
2360.000000 0.629033
2361.000000 0.612803
2362.000000 0.647356
2363.000000 0.512428
2364.000000 0.470388
2365.000000 0.527004
2366.000000 0.621241
2367.000000 0.671323
2368.000000 0.691661
2369.000000 0.783238
2370.000000 0.872812
2371.000000 0.831425
2372.000000 0.697841
2373.000000 0.728225
2374.000000 0.740602
2375.000000 0.746461
2376.000000 0.597342
2377.000000 0.623870
2378.000000 0.727813
2379.000000 0.717968
2380.000000 0.637089
2381.000000 0.607370
2382.000000 0.653654
2383.000000 0.624237
2384.000000 0.650237
2385.000000 0.756306
2386.000000 0.716019
2387.000000 0.832527
2388.000000 0.729893
2389.000000 0.688229
2390.000000 0.670638
2391.000000 0.712483
2392.000000 0.722300
2393.000000 0.679175
2394.000000 0.560760
2395.000000 0.644209
2396.000000 0.729227
2397.000000 0.654098
2398.000000 0.774493
2399.000000 0.872881
2400.000000 0.762946
2401.000000 0.746579
2402.000000 0.704707
2403.000000 0.617965
2404.000000 0.667794
2405.000000 0.796700
2406.000000 0.653243
2407.000000 0.639710
2408.000000 0.604844
2409.000000 0.540872
2410.000000 0.592719
2411.000000 0.644251
2412.000000 0.774916
2413.000000 0.812243
2414.000000 0.855058
2415.000000 0.915799
2416.000000 0.783628
2417.000000 0.599788
2418.000000 0.509365
2419.000000 0.626634
2420.000000 0.508255
2421.000000 0.624121
2422.000000 0.641134
2423.000000 0.729079
2424.000000 0.713067
2425.000000 0.721318
2426.000000 0.749751
2427.000000 0.742956
2428.000000 0.761899
2429.000000 0.768952
2430.000000 0.749445
2431.000000 0.685461
2432.000000 0.751879
2433.000000 0.730562
2434.000000 0.659393
2435.000000 0.648953
2436.000000 0.529550
2437.000000 0.609161
2438.000000 0.669219
2439.000000 0.579329
2440.000000 0.597062
2441.000000 0.627433
2442.000000 0.791075
2443.000000 0.821978
2444.000000 0.786500
2445.000000 0.745571
2446.000000 0.758863
2447.000000 0.715966
2448.000000 0.661769
2449.000000 0.628754
2450.000000 0.637706
2451.000000 0.669593
2452.000000 0.672100
2453.000000 0.650452
2454.000000 0.708109
2455.000000 0.716454
2456.000000 0.679589
2457.000000 0.776773
2458.000000 0.776865
2459.000000 0.760346
2460.000000 0.771326
2461.000000 0.739281
2462.000000 0.693152
2463.000000 0.640532
2464.000000 0.661172
2465.000000 0.733001
2466.000000 0.685520
2467.000000 0.671561
2468.000000 0.686836
2469.000000 0.583152
2470.000000 0.620535
2471.000000 0.648141
2472.000000 0.563592
2473.000000 0.681414
2474.000000 0.743705
2475.000000 0.702782
2476.000000 0.708714
2477.000000 0.687003
2478.000000 0.704091
2479.000000 0.585453
2480.000000 0.696989
2481.000000 0.685595
2482.000000 0.744413
2483.000000 0.842601
2484.000000 0.857362
2485.000000 0.700547
2486.000000 0.727762
2487.000000 0.655665
2488.000000 0.694214
2489.000000 0.659842
2490.000000 0.645482
2491.000000 0.661953
2492.000000 0.646395
2493.000000 0.738565
2494.000000 0.800888
2495.000000 0.749289
2496.000000 0.739638
2497.000000 0.696919
2498.000000 0.595009
2499.000000 0.640160
2500.000000 0.658328
