1.000000 0.000000
2.000000 0.000000
3.000000 0.000000
4.000000 0.000000
5.000000 0.000000
6.000000 0.000000
7.000000 0.000000
8.000000 0.000000
9.000000 0.000000
10.000000 0.000000
11.000000 0.000000
12.000000 0.000000
13.000000 0.000000
14.000000 0.000000
15.000000 0.000000
16.000000 0.000000
17.000000 0.000000
18.000000 0.000000
19.000000 0.000000
20.000000 0.000000
21.000000 1.797740
22.000000 2.724021
23.000000 3.046511
24.000000 2.985659
25.000000 2.710537
26.000000 2.342069
27.000000 1.763156
28.000000 1.221950
29.000000 0.827972
30.000000 0.604029
31.000000 0.526091
32.000000 0.551050
33.000000 0.655618
34.000000 0.790450
35.000000 0.911791
36.000000 0.993409
37.000000 1.027179
38.000000 1.018392
39.000000 0.977316
40.000000 0.918817
41.000000 0.858168
42.000000 0.807281
43.000000 0.772839
44.000000 0.756312
45.000000 0.755456
46.000000 0.765630
47.000000 0.781277
48.000000 0.797290
49.000000 0.809953
50.000000 0.817330
51.000000 0.819134
52.000000 0.816317
53.000000 0.810544
54.000000 0.803659
55.000000 0.797254
56.000000 0.792406
57.000000 0.789596
58.000000 0.788773
59.000000 0.789508
60.000000 0.791182
61.000000 0.793160
62.000000 0.794924
63.000000 0.796149
64.000000 0.796709
65.000000 0.796655
66.000000 0.796151
67.000000 0.795408
68.000000 0.794635
69.000000 0.793988
70.000000 0.793559
71.000000 0.793371
72.000000 0.793394
73.000000 0.793565
74.000000 0.793806
75.000000 0.794052
76.000000 0.794252
77.000000 0.794380
78.000000 0.794434
79.000000 0.794427
80.000000 0.794383
81.000000 0.794327
82.000000 0.794280
83.000000 0.794258
84.000000 0.794267
85.000000 0.794307
86.000000 0.794372
87.000000 0.794454
88.000000 0.794545
89.000000 0.794638
90.000000 0.794729
91.000000 0.794816
92.000000 0.794900
93.000000 0.794985
94.000000 0.795073
95.000000 0.795167
96.000000 0.795271
97.000000 0.795385
98.000000 0.795510
99.000000 0.795647
100.000000 0.795794
101.000000 0.795952
102.000000 0.796120
103.000000 0.796297
104.000000 0.796484
105.000000 0.796682
106.000000 0.796890
107.000000 0.797111
108.000000 0.797345
109.000000 0.797593
110.000000 0.797855
111.000000 0.798134
112.000000 0.798429
113.000000 0.798741
114.000000 0.799072
115.000000 0.799421
116.000000 0.799790
117.000000 0.800180
118.000000 0.800592
119.000000 0.801026
120.000000 0.801484
121.000000 0.801968
122.000000 0.802484
123.000000 0.803038
124.000000 0.803625
125.000000 0.804200
126.000000 0.804653
127.000000 0.804888
128.000000 0.804856
129.000000 0.804561
130.000000 0.804048
131.000000 0.803393
132.000000 0.801579
133.000000 0.798728
134.000000 0.795422
135.000000 0.792298
136.000000 0.789833
137.000000 0.788278
138.000000 0.787912
139.000000 0.788724
140.000000 0.790414
141.000000 0.792534
142.000000 0.794634
143.000000 0.796366
144.000000 0.797492
145.000000 0.797926
146.000000 0.797739
147.000000 0.797117
148.000000 0.796295
149.000000 0.795496
150.000000 0.794892
151.000000 0.794581
152.000000 0.794579
153.000000 0.794835
154.000000 0.795253
155.000000 0.795726
156.000000 0.796157
157.000000 0.796476
158.000000 0.796652
159.000000 0.796687
160.000000 0.796612
161.000000 0.796471
162.000000 0.796311
163.000000 0.796172
164.000000 0.796080
165.000000 0.796045
166.000000 0.796063
167.000000 0.796119
168.000000 0.796196
169.000000 0.796274
170.000000 0.796338
171.000000 0.796380
172.000000 0.796397
173.000000 0.796393
174.000000 0.796375
175.000000 0.796349
176.000000 0.796325
177.000000 0.796305
178.000000 0.796295
179.000000 0.796294
180.000000 0.796300
181.000000 0.796311
182.000000 0.796323
183.000000 0.796335
184.000000 0.796344
185.000000 0.796349
186.000000 0.796350
187.000000 0.796349
188.000000 0.796347
189.000000 0.796343
190.000000 0.796341
191.000000 0.796339
192.000000 0.796339
193.000000 0.796340
194.000000 0.796342
195.000000 0.796345
196.000000 0.796347
197.000000 0.796350
198.000000 0.796352
199.000000 0.796353
200.000000 0.796354
201.000000 0.796354
202.000000 0.796355
203.000000 0.796355
204.000000 0.796355
205.000000 0.796356
206.000000 0.796357
207.000000 0.796358
208.000000 0.796358
209.000000 0.796359
210.000000 0.796360
211.000000 0.796361
212.000000 0.796361
213.000000 0.796362
214.000000 0.796362
215.000000 0.796362
216.000000 0.796362
217.000000 0.796362
218.000000 0.796361
219.000000 0.796361
220.000000 0.796360
221.000000 0.796359
222.000000 0.796358
223.000000 0.796356
224.000000 0.796355
225.000000 0.796352
226.000000 0.796350
227.000000 0.796347
228.000000 0.796344
229.000000 0.796340
230.000000 0.796336
231.000000 0.796331
232.000000 0.796326
233.000000 0.796320
234.000000 0.796314
235.000000 0.796307
236.000000 0.796300
237.000000 0.796293
238.000000 0.796287
239.000000 0.796282
240.000000 0.796278
241.000000 0.796276
242.000000 0.796277
243.000000 0.796280
244.000000 0.796286
245.000000 0.796296
246.000000 0.796309
247.000000 0.796324
248.000000 0.796338
249.000000 0.796351
250.000000 0.796360
251.000000 0.796365
252.000000 0.796365
253.000000 0.796361
254.000000 0.796354
255.000000 0.796345
256.000000 0.796337
257.000000 0.796330
258.000000 0.796326
259.000000 0.796326
260.000000 0.796328
261.000000 0.796331
262.000000 0.796336
263.000000 0.796340
264.000000 0.796344
265.000000 0.796345
266.000000 0.796345
267.000000 0.796344
268.000000 0.796341
269.000000 0.796338
270.000000 0.796336
271.000000 0.796334
272.000000 0.796333
273.000000 0.796333
274.000000 0.796333
275.000000 0.796334
276.000000 0.796335
277.000000 0.796336
278.000000 0.796337
279.000000 0.796337
280.000000 0.796337
281.000000 0.796337
282.000000 0.796336
283.000000 0.796336
284.000000 0.796335
285.000000 0.796335
286.000000 0.796335
287.000000 0.796335
288.000000 0.796335
289.000000 0.796335
290.000000 0.796335
291.000000 0.796335
292.000000 0.796336
293.000000 0.796336
294.000000 0.796336
295.000000 0.796335
296.000000 0.796335
297.000000 0.796335
298.000000 0.796335
299.000000 0.796335
300.000000 0.796335
301.000000 0.796335
302.000000 0.796335
303.000000 0.796335
304.000000 0.796335
305.000000 0.796335
306.000000 0.796335
307.000000 0.796335
308.000000 0.796335
309.000000 0.796335
310.000000 0.796335
311.000000 0.796335
312.000000 0.796335
313.000000 0.796335
314.000000 0.796335
315.000000 0.796335
316.000000 0.796335
317.000000 0.796335
318.000000 0.796335
319.000000 0.796335
320.000000 0.796335
321.000000 0.796335
322.000000 0.796335
323.000000 0.796335
324.000000 0.796335
325.000000 0.796335
326.000000 0.796335
327.000000 0.796335
328.000000 0.796335
329.000000 0.796335
330.000000 0.796335
331.000000 0.796335
332.000000 0.796335
333.000000 0.796335
334.000000 0.796335
335.000000 0.796335
336.000000 0.796335
337.000000 0.796335
338.000000 0.796335
339.000000 0.796335
340.000000 0.796335
341.000000 0.796335
342.000000 0.796335
343.000000 0.796335
344.000000 0.796335
345.000000 0.796335
346.000000 0.796335
347.000000 0.796335
348.000000 0.796335
349.000000 0.796335
350.000000 0.796335
351.000000 0.796335
352.000000 0.796335
353.000000 0.796335
354.000000 0.796335
355.000000 0.796335
356.000000 0.796335
357.000000 0.796335
358.000000 0.796335
359.000000 0.796335
360.000000 0.796335
361.000000 0.796335
362.000000 0.796335
363.000000 0.796335
364.000000 0.796335
365.000000 0.796335
366.000000 0.796335
367.000000 0.796335
368.000000 0.796335
369.000000 0.796335
370.000000 0.796335
371.000000 0.796335
372.000000 0.796335
373.000000 0.796335
374.000000 0.796335
375.000000 0.796335
376.000000 0.796335
377.000000 0.796335
378.000000 0.796335
379.000000 0.796335
380.000000 0.796335
381.000000 0.796335
382.000000 0.796335
383.000000 0.796335
384.000000 0.796335
385.000000 0.796335
386.000000 0.796335
387.000000 0.796335
388.000000 0.796335
389.000000 0.796335
390.000000 0.796335
391.000000 0.796335
392.000000 0.796335
393.000000 0.796335
394.000000 0.796335
395.000000 0.796335
396.000000 0.796335
397.000000 0.796335
398.000000 0.796335
399.000000 0.796335
400.000000 0.796335
401.000000 0.796335
402.000000 0.796335
403.000000 0.796335
404.000000 0.796335
405.000000 0.796335
406.000000 0.796335
407.000000 0.796335
408.000000 0.796335
409.000000 0.796335
410.000000 0.796335
411.000000 0.796335
412.000000 0.796335
413.000000 0.796335
414.000000 0.796335
415.000000 0.796335
416.000000 0.796335
417.000000 0.796335
418.000000 0.796335
419.000000 0.796335
420.000000 0.796335
421.000000 0.796335
422.000000 0.796335
423.000000 0.796335
424.000000 0.796335
425.000000 0.796335
426.000000 0.796335
427.000000 0.796335
428.000000 0.796335
429.000000 0.796335
430.000000 0.796335
431.000000 0.796335
432.000000 0.796335
433.000000 0.796335
434.000000 0.796335
435.000000 0.796335
436.000000 0.796335
437.000000 0.796335
438.000000 0.796335
439.000000 0.796335
440.000000 0.796335
441.000000 0.796335
442.000000 0.796335
443.000000 0.796335
444.000000 0.796335
445.000000 0.796335
446.000000 0.796335
447.000000 0.796335
448.000000 0.796335
449.000000 0.796335
450.000000 0.796335
451.000000 0.796335
452.000000 0.796335
453.000000 0.796335
454.000000 0.796335
455.000000 0.796335
456.000000 0.796335
457.000000 0.796335
458.000000 0.796335
459.000000 0.796335
460.000000 0.796335
461.000000 0.796335
462.000000 0.796335
463.000000 0.796335
464.000000 0.796335
465.000000 0.796335
466.000000 0.796335
467.000000 0.796335
468.000000 0.796335
469.000000 0.796335
470.000000 0.796335
471.000000 0.796335
472.000000 0.796335
473.000000 0.796335
474.000000 0.796335
475.000000 0.796335
476.000000 0.796335
477.000000 0.796335
478.000000 0.796335
479.000000 0.796335
480.000000 0.796335
481.000000 0.796335
482.000000 0.796335
483.000000 0.796335
484.000000 0.796335
485.000000 0.796335
486.000000 0.796335
487.000000 0.796335
488.000000 0.796335
489.000000 0.796335
490.000000 0.796335
491.000000 0.796335
492.000000 0.796335
493.000000 0.796335
494.000000 0.796335
495.000000 0.796335
496.000000 0.796335
497.000000 0.796335
498.000000 0.796335
499.000000 0.796335
500.000000 0.796335
501.000000 0.796335
502.000000 0.796335
503.000000 0.796335
504.000000 0.796335
505.000000 0.796335
506.000000 0.796335
507.000000 0.796335
508.000000 0.796335
509.000000 0.796335
510.000000 0.796335
511.000000 0.796335
512.000000 0.796335
513.000000 0.796335
514.000000 0.796335
515.000000 0.796335
516.000000 0.796335
517.000000 0.796335
518.000000 0.796335
519.000000 0.796335
520.000000 0.796335
521.000000 0.796335
522.000000 0.796335
523.000000 0.796335
524.000000 0.796335
525.000000 0.796335
526.000000 0.796335
527.000000 0.796335
528.000000 0.796335
529.000000 0.796335
530.000000 0.796335
531.000000 0.796335
532.000000 0.796335
533.000000 0.796335
534.000000 0.796335
535.000000 0.796335
536.000000 0.796335
537.000000 0.796335
538.000000 0.796335
539.000000 0.796335
540.000000 0.796335
541.000000 0.796335
542.000000 0.796335
543.000000 0.796335
544.000000 0.796335
545.000000 0.796335
546.000000 0.796335
547.000000 0.796335
548.000000 0.796335
549.000000 0.796335
550.000000 0.796335
551.000000 0.796335
552.000000 0.796335
553.000000 0.796335
554.000000 0.796335
555.000000 0.796335
556.000000 0.796335
557.000000 0.796335
558.000000 0.796335
559.000000 0.796335
560.000000 0.796335
561.000000 0.796335
562.000000 0.796335
563.000000 0.796335
564.000000 0.796335
565.000000 0.796335
566.000000 0.796335
567.000000 0.796335
568.000000 0.796335
569.000000 0.796335
570.000000 0.796335
571.000000 0.796335
572.000000 0.796335
573.000000 0.796335
574.000000 0.796335
575.000000 0.796335
576.000000 0.796335
577.000000 0.796335
578.000000 0.796335
579.000000 0.796335
580.000000 0.796335
581.000000 0.796335
582.000000 0.796335
583.000000 0.796335
584.000000 0.796335
585.000000 0.796335
586.000000 0.796335
587.000000 0.796335
588.000000 0.796335
589.000000 0.796335
590.000000 0.796335
591.000000 0.796335
592.000000 0.796335
593.000000 0.796335
594.000000 0.796335
595.000000 0.796335
596.000000 0.796335
597.000000 0.796335
598.000000 0.796335
599.000000 0.796335
600.000000 0.796335
601.000000 0.796335
602.000000 0.796335
603.000000 0.796335
604.000000 0.796335
605.000000 0.796335
606.000000 0.796335
607.000000 0.796335
608.000000 0.796335
609.000000 0.796335
610.000000 0.796335
611.000000 0.796335
612.000000 0.796335
613.000000 0.796335
614.000000 0.796335
615.000000 0.796335
616.000000 0.796335
617.000000 0.796335
618.000000 0.796335
619.000000 0.796335
620.000000 0.796335
621.000000 0.796335
622.000000 0.796335
623.000000 0.796335
624.000000 0.796335
625.000000 0.796335
626.000000 0.796335
627.000000 0.796335
628.000000 0.796335
629.000000 0.796335
630.000000 0.796335
631.000000 0.796335
632.000000 0.796335
633.000000 0.796335
634.000000 0.796335
635.000000 0.796335
636.000000 0.796335
637.000000 0.796335
638.000000 0.796335
639.000000 0.796335
640.000000 0.796335
641.000000 0.796335
642.000000 0.796335
643.000000 0.796335
644.000000 0.796335
645.000000 0.796335
646.000000 0.796335
647.000000 0.796335
648.000000 0.796335
649.000000 0.796335
650.000000 0.796335
651.000000 0.796335
652.000000 0.796335
653.000000 0.796335
654.000000 0.796335
655.000000 0.796335
656.000000 0.796335
657.000000 0.796335
658.000000 0.796335
659.000000 0.796335
660.000000 0.796335
661.000000 0.796335
662.000000 0.796335
663.000000 0.796335
664.000000 0.796335
665.000000 0.796335
666.000000 0.796335
667.000000 0.796335
668.000000 0.796335
669.000000 0.796335
670.000000 0.796335
671.000000 0.796335
672.000000 0.796335
673.000000 0.796335
674.000000 0.796335
675.000000 0.796335
676.000000 0.796335
677.000000 0.796335
678.000000 0.796335
679.000000 0.796335
680.000000 0.796335
681.000000 0.796335
682.000000 0.796335
683.000000 0.796335
684.000000 0.796335
685.000000 0.796335
686.000000 0.796335
687.000000 0.796335
688.000000 0.796335
689.000000 0.796335
690.000000 0.796335
691.000000 0.796335
692.000000 0.796335
693.000000 0.796335
694.000000 0.796335
695.000000 0.796335
696.000000 0.796335
697.000000 0.796335
698.000000 0.796335
699.000000 0.796335
700.000000 0.796335
701.000000 0.796335
702.000000 0.796335
703.000000 0.796335
704.000000 0.796335
705.000000 0.796335
706.000000 0.796335
707.000000 0.796335
708.000000 0.796335
709.000000 0.796335
710.000000 0.796335
711.000000 0.796335
712.000000 0.796335
713.000000 0.796335
714.000000 0.796335
715.000000 0.796335
716.000000 0.796335
717.000000 0.796335
718.000000 0.796335
719.000000 0.796335
720.000000 0.796335
721.000000 0.796335
722.000000 0.796335
723.000000 0.796335
724.000000 0.796335
725.000000 0.796335
726.000000 0.796335
727.000000 0.796335
728.000000 0.796335
729.000000 0.796335
730.000000 0.796335
731.000000 0.796335
732.000000 0.796335
733.000000 0.796335
734.000000 0.796335
735.000000 0.796335
736.000000 0.796335
737.000000 0.796335
738.000000 0.796335
739.000000 0.796335
740.000000 0.796335
741.000000 0.796335
742.000000 0.796335
743.000000 0.796335
744.000000 0.796335
745.000000 0.796335
746.000000 0.796335
747.000000 0.796335
748.000000 0.796335
749.000000 0.796335
750.000000 0.796335
751.000000 0.796335
752.000000 0.796335
753.000000 0.796335
754.000000 0.796335
755.000000 0.796335
756.000000 0.796335
757.000000 0.796335
758.000000 0.796335
759.000000 0.796335
760.000000 0.796335
761.000000 0.796335
762.000000 0.796335
763.000000 0.796335
764.000000 0.796335
765.000000 0.796335
766.000000 0.796335
767.000000 0.796335
768.000000 0.796335
769.000000 0.796335
770.000000 0.796335
771.000000 0.796335
772.000000 0.796335
773.000000 0.796335
774.000000 0.796335
775.000000 0.796335
776.000000 0.796335
777.000000 0.796335
778.000000 0.796335
779.000000 0.796335
780.000000 0.796335
781.000000 0.796335
782.000000 0.796335
783.000000 0.796335
784.000000 0.796335
785.000000 0.796335
786.000000 0.796335
787.000000 0.796335
788.000000 0.796335
789.000000 0.796335
790.000000 0.796335
791.000000 0.796335
792.000000 0.796335
793.000000 0.796335
794.000000 0.796335
795.000000 0.796335
796.000000 0.796335
797.000000 0.796335
798.000000 0.796335
799.000000 0.796335
800.000000 0.796335
801.000000 0.796335
802.000000 0.796335
803.000000 0.796335
804.000000 0.796335
805.000000 0.796335
806.000000 0.796335
807.000000 0.796335
808.000000 0.796335
809.000000 0.796335
810.000000 0.796335
811.000000 0.796335
812.000000 0.796335
813.000000 0.796335
814.000000 0.796335
815.000000 0.796335
816.000000 0.796335
817.000000 0.796335
818.000000 0.796335
819.000000 0.796335
820.000000 0.796335
821.000000 0.796335
822.000000 0.796335
823.000000 0.796335
824.000000 0.796335
825.000000 0.796335
826.000000 0.796335
827.000000 0.796335
828.000000 0.796335
829.000000 0.796335
830.000000 0.796335
831.000000 0.796335
832.000000 0.796335
833.000000 0.796335
834.000000 0.796335
835.000000 0.796335
836.000000 0.796335
837.000000 0.796335
838.000000 0.796335
839.000000 0.796335
840.000000 0.796335
841.000000 0.796335
842.000000 0.796335
843.000000 0.796335
844.000000 0.796335
845.000000 0.796335
846.000000 0.796335
847.000000 0.796335
848.000000 0.796335
849.000000 0.796335
850.000000 0.796335
851.000000 0.796335
852.000000 0.796335
853.000000 0.796335
854.000000 0.796335
855.000000 0.796335
856.000000 0.796335
857.000000 0.796335
858.000000 0.796335
859.000000 0.796335
860.000000 0.796335
861.000000 0.796335
862.000000 0.796335
863.000000 0.796335
864.000000 0.796335
865.000000 0.796335
866.000000 0.796335
867.000000 0.796335
868.000000 0.796335
869.000000 0.796335
870.000000 0.796335
871.000000 0.796335
872.000000 0.796335
873.000000 0.796335
874.000000 0.796335
875.000000 0.796335
876.000000 0.796335
877.000000 0.796335
878.000000 0.796335
879.000000 0.796335
880.000000 0.796335
881.000000 0.796335
882.000000 0.796335
883.000000 0.796335
884.000000 0.796335
885.000000 0.796335
886.000000 0.796335
887.000000 0.796335
888.000000 0.796335
889.000000 0.796335
890.000000 0.796335
891.000000 0.796335
892.000000 0.796335
893.000000 0.796335
894.000000 0.796335
895.000000 0.796335
896.000000 0.796335
897.000000 0.796335
898.000000 0.796335
899.000000 0.796335
900.000000 0.796335
901.000000 0.796335
902.000000 0.796335
903.000000 0.796335
904.000000 0.796335
905.000000 0.796335
906.000000 0.796335
907.000000 0.796335
908.000000 0.796335
909.000000 0.796335
910.000000 0.796335
911.000000 0.796335
912.000000 0.796335
913.000000 0.796335
914.000000 0.796335
915.000000 0.796335
916.000000 0.796335
917.000000 0.796335
918.000000 0.796335
919.000000 0.796335
920.000000 0.796335
921.000000 0.796335
922.000000 0.796335
923.000000 0.796335
924.000000 0.796335
925.000000 0.796335
926.000000 0.796335
927.000000 0.796335
928.000000 0.796335
929.000000 0.796335
930.000000 0.796335
931.000000 0.796335
932.000000 0.796335
933.000000 0.796335
934.000000 0.796335
935.000000 0.796335
936.000000 0.796335
937.000000 0.796335
938.000000 0.796335
939.000000 0.796335
940.000000 0.796335
941.000000 0.796335
942.000000 0.796335
943.000000 0.796335
944.000000 0.796335
945.000000 0.796335
946.000000 0.796335
947.000000 0.796335
948.000000 0.796335
949.000000 0.796335
950.000000 0.796335
951.000000 0.796335
952.000000 0.796335
953.000000 0.796335
954.000000 0.796335
955.000000 0.796335
956.000000 0.796335
957.000000 0.796335
958.000000 0.796335
959.000000 0.796335
960.000000 0.796335
961.000000 0.796335
962.000000 0.796335
963.000000 0.796335
964.000000 0.796335
965.000000 0.796335
966.000000 0.796335
967.000000 0.796335
968.000000 0.796335
969.000000 0.796335
970.000000 0.796335
971.000000 0.796335
972.000000 0.796335
973.000000 0.796335
974.000000 0.796335
975.000000 0.796335
976.000000 0.796335
977.000000 0.796335
978.000000 0.796335
979.000000 0.796335
980.000000 0.796335
981.000000 0.796335
982.000000 0.796335
983.000000 0.796335
984.000000 0.796335
985.000000 0.796335
986.000000 0.796335
987.000000 0.796335
988.000000 0.796335
989.000000 0.796335
990.000000 0.796335
991.000000 0.796335
992.000000 0.796335
993.000000 0.796335
994.000000 0.796335
995.000000 0.796335
996.000000 0.796335
997.000000 0.796335
998.000000 0.796335
999.000000 0.796335
1000.000000 0.796335
1001.000000 0.571617
1002.000000 0.455832
1003.000000 0.415521
1004.000000 0.423128
1005.000000 0.457518
1006.000000 0.503576
1007.000000 0.575941
1008.000000 0.643591
1009.000000 0.692839
1010.000000 0.720831
1011.000000 0.730574
1012.000000 0.727454
1013.000000 0.714383
1014.000000 0.697529
1015.000000 0.682361
1016.000000 0.672159
1017.000000 0.667938
1018.000000 0.669036
1019.000000 0.674171
1020.000000 0.681483
1021.000000 0.689064
1022.000000 0.695425
1023.000000 0.699730
1024.000000 0.701796
1025.000000 0.701903
1026.000000 0.700631
1027.000000 0.698675
1028.000000 0.696674
1029.000000 0.695091
1030.000000 0.694169
1031.000000 0.693943
1032.000000 0.694295
1033.000000 0.695017
1034.000000 0.695878
1035.000000 0.696678
1036.000000 0.697284
1037.000000 0.697636
1038.000000 0.697738
1039.000000 0.697646
1040.000000 0.697437
1041.000000 0.697190
1042.000000 0.696970
1043.000000 0.696816
1044.000000 0.696746
1045.000000 0.696753
1046.000000 0.696816
1047.000000 0.696909
1048.000000 0.697006
1049.000000 0.697087
1050.000000 0.697140
1051.000000 0.697164
1052.000000 0.697161
1053.000000 0.697139
1054.000000 0.697109
1055.000000 0.697079
1056.000000 0.697054
1057.000000 0.697038
1058.000000 0.697031
1059.000000 0.697032
1060.000000 0.697037
1061.000000 0.697044
1062.000000 0.697050
1063.000000 0.697053
1064.000000 0.697052
1065.000000 0.697047
1066.000000 0.697039
1067.000000 0.697028
1068.000000 0.697017
1069.000000 0.697005
1070.000000 0.696994
1071.000000 0.696983
1072.000000 0.696973
1073.000000 0.696962
1074.000000 0.696951
1075.000000 0.696939
1076.000000 0.696926
1077.000000 0.696912
1078.000000 0.696896
1079.000000 0.696879
1080.000000 0.696861
1081.000000 0.696841
1082.000000 0.696820
1083.000000 0.696798
1084.000000 0.696775
1085.000000 0.696750
1086.000000 0.696724
1087.000000 0.696696
1088.000000 0.696667
1089.000000 0.696636
1090.000000 0.696603
1091.000000 0.696568
1092.000000 0.696531
1093.000000 0.696492
1094.000000 0.696451
1095.000000 0.696407
1096.000000 0.696361
1097.000000 0.696313
1098.000000 0.696261
1099.000000 0.696207
1100.000000 0.696150
1101.000000 0.696089
1102.000000 0.696025
1103.000000 0.695955
1104.000000 0.695882
1105.000000 0.695810
1106.000000 0.695753
1107.000000 0.695724
1108.000000 0.695728
1109.000000 0.695765
1110.000000 0.695829
1111.000000 0.695911
1112.000000 0.696138
1113.000000 0.696494
1114.000000 0.696907
1115.000000 0.697298
1116.000000 0.697606
1117.000000 0.697800
1118.000000 0.697846
1119.000000 0.697745
1120.000000 0.697533
1121.000000 0.697268
1122.000000 0.697006
1123.000000 0.696789
1124.000000 0.696649
1125.000000 0.696594
1126.000000 0.696618
1127.000000 0.696695
1128.000000 0.696798
1129.000000 0.696898
1130.000000 0.696974
1131.000000 0.697012
1132.000000 0.697013
1133.000000 0.696981
1134.000000 0.696928
1135.000000 0.696869
1136.000000 0.696815
1137.000000 0.696776
1138.000000 0.696754
1139.000000 0.696749
1140.000000 0.696759
1141.000000 0.696776
1142.000000 0.696796
1143.000000 0.696814
1144.000000 0.696825
1145.000000 0.696829
1146.000000 0.696827
1147.000000 0.696820
1148.000000 0.696811
1149.000000 0.696801
1150.000000 0.696793
1151.000000 0.696788
1152.000000 0.696785
1153.000000 0.696786
1154.000000 0.696788
1155.000000 0.696791
1156.000000 0.696794
1157.000000 0.696797
1158.000000 0.696798
1159.000000 0.696798
1160.000000 0.696798
1161.000000 0.696796
1162.000000 0.696795
1163.000000 0.696793
1164.000000 0.696792
1165.000000 0.696791
1166.000000 0.696791
1167.000000 0.696791
1168.000000 0.696792
1169.000000 0.696792
1170.000000 0.696792
1171.000000 0.696793
1172.000000 0.696793
1173.000000 0.696793
1174.000000 0.696792
1175.000000 0.696792
1176.000000 0.696792
1177.000000 0.696791
1178.000000 0.696791
1179.000000 0.696791
1180.000000 0.696791
1181.000000 0.696791
1182.000000 0.696791
1183.000000 0.696791
1184.000000 0.696791
1185.000000 0.696791
1186.000000 0.696790
1187.000000 0.696790
1188.000000 0.696790
1189.000000 0.696790
1190.000000 0.696790
1191.000000 0.696790
1192.000000 0.696790
1193.000000 0.696790
1194.000000 0.696790
1195.000000 0.696790
1196.000000 0.696790
1197.000000 0.696790
1198.000000 0.696790
1199.000000 0.696790
1200.000000 0.696790
1201.000000 0.696790
1202.000000 0.696790
1203.000000 0.696791
1204.000000 0.696791
1205.000000 0.696791
1206.000000 0.696791
1207.000000 0.696792
1208.000000 0.696792
1209.000000 0.696793
1210.000000 0.696793
1211.000000 0.696794
1212.000000 0.696794
1213.000000 0.696795
1214.000000 0.696796
1215.000000 0.696797
1216.000000 0.696798
1217.000000 0.696798
1218.000000 0.696799
1219.000000 0.696800
1220.000000 0.696800
1221.000000 0.696801
1222.000000 0.696800
1223.000000 0.696800
1224.000000 0.696799
1225.000000 0.696798
1226.000000 0.696796
1227.000000 0.696795
1228.000000 0.696793
1229.000000 0.696791
1230.000000 0.696790
1231.000000 0.696789
1232.000000 0.696789
1233.000000 0.696790
1234.000000 0.696791
1235.000000 0.696792
1236.000000 0.696793
1237.000000 0.696794
1238.000000 0.696794
1239.000000 0.696794
1240.000000 0.696794
1241.000000 0.696794
1242.000000 0.696793
1243.000000 0.696793
1244.000000 0.696792
1245.000000 0.696792
1246.000000 0.696792
1247.000000 0.696792
1248.000000 0.696792
1249.000000 0.696793
1250.000000 0.696793
1251.000000 0.696793
1252.000000 0.696793
1253.000000 0.696793
1254.000000 0.696793
1255.000000 0.696793
1256.000000 0.696793
1257.000000 0.696793
1258.000000 0.696793
1259.000000 0.696793
1260.000000 0.696793
1261.000000 0.696793
1262.000000 0.696793
1263.000000 0.696793
1264.000000 0.696793
1265.000000 0.696793
1266.000000 0.696793
1267.000000 0.696793
1268.000000 0.696793
1269.000000 0.696793
1270.000000 0.696793
1271.000000 0.696793
1272.000000 0.696793
1273.000000 0.696793
1274.000000 0.696793
1275.000000 0.696793
1276.000000 0.696793
1277.000000 0.696793
1278.000000 0.696793
1279.000000 0.696793
1280.000000 0.696793
1281.000000 0.696793
1282.000000 0.696793
1283.000000 0.696793
1284.000000 0.696793
1285.000000 0.696793
1286.000000 0.696793
1287.000000 0.696793
1288.000000 0.696793
1289.000000 0.696793
1290.000000 0.696793
1291.000000 0.696793
1292.000000 0.696793
1293.000000 0.696793
1294.000000 0.696793
1295.000000 0.696793
1296.000000 0.696793
1297.000000 0.696793
1298.000000 0.696793
1299.000000 0.696793
1300.000000 0.696793
1301.000000 0.696793
1302.000000 0.696793
1303.000000 0.696793
1304.000000 0.696793
1305.000000 0.696793
1306.000000 0.696793
1307.000000 0.696793
1308.000000 0.696793
1309.000000 0.696793
1310.000000 0.696793
1311.000000 0.696793
1312.000000 0.696793
1313.000000 0.696793
1314.000000 0.696793
1315.000000 0.696793
1316.000000 0.696793
1317.000000 0.696793
1318.000000 0.696793
1319.000000 0.696793
1320.000000 0.696793
1321.000000 0.696793
1322.000000 0.696793
1323.000000 0.696793
1324.000000 0.696793
1325.000000 0.696793
1326.000000 0.696793
1327.000000 0.696793
1328.000000 0.696793
1329.000000 0.696793
1330.000000 0.696793
1331.000000 0.696793
1332.000000 0.696793
1333.000000 0.696793
1334.000000 0.696793
1335.000000 0.696793
1336.000000 0.696793
1337.000000 0.696793
1338.000000 0.696793
1339.000000 0.696793
1340.000000 0.696793
1341.000000 0.696793
1342.000000 0.696793
1343.000000 0.696793
1344.000000 0.696793
1345.000000 0.696793
1346.000000 0.696793
1347.000000 0.696793
1348.000000 0.696793
1349.000000 0.696793
1350.000000 0.696793
1351.000000 0.696793
1352.000000 0.696793
1353.000000 0.696793
1354.000000 0.696793
1355.000000 0.696793
1356.000000 0.696793
1357.000000 0.696793
1358.000000 0.696793
1359.000000 0.696793
1360.000000 0.696793
1361.000000 0.696793
1362.000000 0.696793
1363.000000 0.696793
1364.000000 0.696793
1365.000000 0.696793
1366.000000 0.696793
1367.000000 0.696793
1368.000000 0.696793
1369.000000 0.696793
1370.000000 0.696793
1371.000000 0.696793
1372.000000 0.696793
1373.000000 0.696793
1374.000000 0.696793
1375.000000 0.696793
1376.000000 0.696793
1377.000000 0.696793
1378.000000 0.696793
1379.000000 0.696793
1380.000000 0.696793
1381.000000 0.696793
1382.000000 0.696793
1383.000000 0.696793
1384.000000 0.696793
1385.000000 0.696793
1386.000000 0.696793
1387.000000 0.696793
1388.000000 0.696793
1389.000000 0.696793
1390.000000 0.696793
1391.000000 0.696793
1392.000000 0.696793
1393.000000 0.696793
1394.000000 0.696793
1395.000000 0.696793
1396.000000 0.696793
1397.000000 0.696793
1398.000000 0.696793
1399.000000 0.696793
1400.000000 0.696793
1401.000000 0.696793
1402.000000 0.696793
1403.000000 0.696793
1404.000000 0.696793
1405.000000 0.696793
1406.000000 0.696793
1407.000000 0.696793
1408.000000 0.696793
1409.000000 0.696793
1410.000000 0.696793
1411.000000 0.696793
1412.000000 0.696793
1413.000000 0.696793
1414.000000 0.696793
1415.000000 0.696793
1416.000000 0.696793
1417.000000 0.696793
1418.000000 0.696793
1419.000000 0.696793
1420.000000 0.696793
1421.000000 0.696793
1422.000000 0.696793
1423.000000 0.696793
1424.000000 0.696793
1425.000000 0.696793
1426.000000 0.696793
1427.000000 0.696793
1428.000000 0.696793
1429.000000 0.696793
1430.000000 0.696793
1431.000000 0.696793
1432.000000 0.696793
1433.000000 0.696793
1434.000000 0.696793
1435.000000 0.696793
1436.000000 0.696793
1437.000000 0.696793
1438.000000 0.696793
1439.000000 0.696793
1440.000000 0.696793
1441.000000 0.696793
1442.000000 0.696793
1443.000000 0.696793
1444.000000 0.696793
1445.000000 0.696793
1446.000000 0.696793
1447.000000 0.696793
1448.000000 0.696793
1449.000000 0.696793
1450.000000 0.696793
1451.000000 0.696793
1452.000000 0.696793
1453.000000 0.696793
1454.000000 0.696793
1455.000000 0.696793
1456.000000 0.696793
1457.000000 0.696793
1458.000000 0.696793
1459.000000 0.696793
1460.000000 0.696793
1461.000000 0.696793
1462.000000 0.696793
1463.000000 0.696793
1464.000000 0.696793
1465.000000 0.696793
1466.000000 0.696793
1467.000000 0.696793
1468.000000 0.696793
1469.000000 0.696793
1470.000000 0.696793
1471.000000 0.696793
1472.000000 0.696793
1473.000000 0.696793
1474.000000 0.696793
1475.000000 0.696793
1476.000000 0.696793
1477.000000 0.696793
1478.000000 0.696793
1479.000000 0.696793
1480.000000 0.696793
1481.000000 0.696793
1482.000000 0.696793
1483.000000 0.696793
1484.000000 0.696793
1485.000000 0.696793
1486.000000 0.696793
1487.000000 0.696793
1488.000000 0.696793
1489.000000 0.696793
1490.000000 0.696793
1491.000000 0.696793
1492.000000 0.696793
1493.000000 0.696793
1494.000000 0.696793
1495.000000 0.696793
1496.000000 0.696793
1497.000000 0.696793
1498.000000 0.696793
1499.000000 0.696793
1500.000000 0.696793
1501.000000 1.932740
1502.000000 2.569558
1503.000000 2.791270
1504.000000 2.749434
1505.000000 2.560287
1506.000000 2.306966
1507.000000 1.908963
1508.000000 1.536884
1509.000000 1.266024
1510.000000 1.112063
1511.000000 1.058481
1512.000000 1.075640
1513.000000 1.147531
1514.000000 1.240228
1515.000000 1.323649
1516.000000 1.379762
1517.000000 1.402979
1518.000000 1.396938
1519.000000 1.368698
1520.000000 1.328480
1521.000000 1.286784
1522.000000 1.251799
1523.000000 1.228120
1524.000000 1.216758
1525.000000 1.216169
1526.000000 1.223164
1527.000000 1.233921
1528.000000 1.244930
1529.000000 1.253636
1530.000000 1.258708
1531.000000 1.259948
1532.000000 1.258011
1533.000000 1.254042
1534.000000 1.249309
1535.000000 1.244906
1536.000000 1.241572
1537.000000 1.239640
1538.000000 1.239074
1539.000000 1.239580
1540.000000 1.240731
1541.000000 1.242090
1542.000000 1.243304
1543.000000 1.244145
1544.000000 1.244531
1545.000000 1.244494
1546.000000 1.244147
1547.000000 1.243636
1548.000000 1.243104
1549.000000 1.242660
1550.000000 1.242365
1551.000000 1.242236
1552.000000 1.242252
1553.000000 1.242369
1554.000000 1.242535
1555.000000 1.242704
1556.000000 1.242841
1557.000000 1.242930
1558.000000 1.242967
1559.000000 1.242962
1560.000000 1.242931
1561.000000 1.242893
1562.000000 1.242861
1563.000000 1.242845
1564.000000 1.242852
1565.000000 1.242879
1566.000000 1.242924
1567.000000 1.242981
1568.000000 1.243043
1569.000000 1.243107
1570.000000 1.243169
1571.000000 1.243229
1572.000000 1.243287
1573.000000 1.243345
1574.000000 1.243406
1575.000000 1.243471
1576.000000 1.243542
1577.000000 1.243620
1578.000000 1.243707
1579.000000 1.243800
1580.000000 1.243902
1581.000000 1.244010
1582.000000 1.244126
1583.000000 1.244247
1584.000000 1.244376
1585.000000 1.244512
1586.000000 1.244655
1587.000000 1.244807
1588.000000 1.244968
1589.000000 1.245138
1590.000000 1.245319
1591.000000 1.245510
1592.000000 1.245713
1593.000000 1.245928
1594.000000 1.246155
1595.000000 1.246395
1596.000000 1.246649
1597.000000 1.246917
1598.000000 1.247200
1599.000000 1.247498
1600.000000 1.247814
1601.000000 1.248146
1602.000000 1.248501
1603.000000 1.248882
1604.000000 1.249285
1605.000000 1.249681
1606.000000 1.249992
1607.000000 1.250153
1608.000000 1.250132
1609.000000 1.249929
1610.000000 1.249576
1611.000000 1.249126
1612.000000 1.247879
1613.000000 1.245918
1614.000000 1.243646
1615.000000 1.241498
1616.000000 1.239803
1617.000000 1.238734
1618.000000 1.238483
1619.000000 1.239041
1620.000000 1.240203
1621.000000 1.241660
1622.000000 1.243104
1623.000000 1.244295
1624.000000 1.245069
1625.000000 1.245367
1626.000000 1.245239
1627.000000 1.244811
1628.000000 1.244246
1629.000000 1.243697
1630.000000 1.243282
1631.000000 1.243068
1632.000000 1.243066
1633.000000 1.243242
1634.000000 1.243530
1635.000000 1.243855
1636.000000 1.244151
1637.000000 1.244371
1638.000000 1.244492
1639.000000 1.244516
1640.000000 1.244464
1641.000000 1.244367
1642.000000 1.244257
1643.000000 1.244161
1644.000000 1.244098
1645.000000 1.244074
1646.000000 1.244086
1647.000000 1.244125
1648.000000 1.244178
1649.000000 1.244231
1650.000000 1.244275
1651.000000 1.244304
1652.000000 1.244316
1653.000000 1.244314
1654.000000 1.244301
1655.000000 1.244283
1656.000000 1.244266
1657.000000 1.244253
1658.000000 1.244246
1659.000000 1.244245
1660.000000 1.244249
1661.000000 1.244257
1662.000000 1.244266
1663.000000 1.244273
1664.000000 1.244279
1665.000000 1.244283
1666.000000 1.244284
1667.000000 1.244283
1668.000000 1.244281
1669.000000 1.244279
1670.000000 1.244277
1671.000000 1.244276
1672.000000 1.244276
1673.000000 1.244277
1674.000000 1.244279
1675.000000 1.244280
1676.000000 1.244282
1677.000000 1.244284
1678.000000 1.244285
1679.000000 1.244286
1680.000000 1.244286
1681.000000 1.244287
1682.000000 1.244287
1683.000000 1.244287
1684.000000 1.244287
1685.000000 1.244288
1686.000000 1.244288
1687.000000 1.244289
1688.000000 1.244290
1689.000000 1.244290
1690.000000 1.244291
1691.000000 1.244291
1692.000000 1.244292
1693.000000 1.244292
1694.000000 1.244292
1695.000000 1.244292
1696.000000 1.244292
1697.000000 1.244292
1698.000000 1.244291
1699.000000 1.244291
1700.000000 1.244291
1701.000000 1.244290
1702.000000 1.244289
1703.000000 1.244288
1704.000000 1.244287
1705.000000 1.244285
1706.000000 1.244284
1707.000000 1.244282
1708.000000 1.244280
1709.000000 1.244277
1710.000000 1.244274
1711.000000 1.244271
1712.000000 1.244267
1713.000000 1.244263
1714.000000 1.244259
1715.000000 1.244254
1716.000000 1.244250
1717.000000 1.244245
1718.000000 1.244240
1719.000000 1.244237
1720.000000 1.244234
1721.000000 1.244233
1722.000000 1.244233
1723.000000 1.244236
1724.000000 1.244240
1725.000000 1.244247
1726.000000 1.244256
1727.000000 1.244266
1728.000000 1.244276
1729.000000 1.244284
1730.000000 1.244291
1731.000000 1.244294
1732.000000 1.244294
1733.000000 1.244291
1734.000000 1.244286
1735.000000 1.244280
1736.000000 1.244275
1737.000000 1.244270
1738.000000 1.244268
1739.000000 1.244267
1740.000000 1.244268
1741.000000 1.244271
1742.000000 1.244274
1743.000000 1.244277
1744.000000 1.244279
1745.000000 1.244280
1746.000000 1.244280
1747.000000 1.244279
1748.000000 1.244278
1749.000000 1.244276
1750.000000 1.244274
1751.000000 1.244273
1752.000000 1.244272
1753.000000 1.244272
1754.000000 1.244272
1755.000000 1.244273
1756.000000 1.244274
1757.000000 1.244274
1758.000000 1.244275
1759.000000 1.244275
1760.000000 1.244275
1761.000000 1.244275
1762.000000 1.244274
1763.000000 1.244274
1764.000000 1.244274
1765.000000 1.244273
1766.000000 1.244273
1767.000000 1.244273
1768.000000 1.244273
1769.000000 1.244273
1770.000000 1.244274
1771.000000 1.244274
1772.000000 1.244274
1773.000000 1.244274
1774.000000 1.244274
1775.000000 1.244274
1776.000000 1.244274
1777.000000 1.244274
1778.000000 1.244274
1779.000000 1.244274
1780.000000 1.244274
1781.000000 1.244274
1782.000000 1.244274
1783.000000 1.244274
1784.000000 1.244274
1785.000000 1.244274
1786.000000 1.244274
1787.000000 1.244274
1788.000000 1.244274
1789.000000 1.244274
1790.000000 1.244274
1791.000000 1.244274
1792.000000 1.244274
1793.000000 1.244274
1794.000000 1.244274
1795.000000 1.244274
1796.000000 1.244274
1797.000000 1.244274
1798.000000 1.244274
1799.000000 1.244273
1800.000000 1.244273
1801.000000 1.244273
1802.000000 1.244273
1803.000000 1.244273
1804.000000 1.244273
1805.000000 1.244273
1806.000000 1.244273
1807.000000 1.244273
1808.000000 1.244273
1809.000000 1.244273
1810.000000 1.244273
1811.000000 1.244273
1812.000000 1.244273
1813.000000 1.244273
1814.000000 1.244273
1815.000000 1.244273
1816.000000 1.244273
1817.000000 1.244273
1818.000000 1.244273
1819.000000 1.244273
1820.000000 1.244273
1821.000000 1.244273
1822.000000 1.244273
1823.000000 1.244273
1824.000000 1.244273
1825.000000 1.244273
1826.000000 1.244273
1827.000000 1.244274
1828.000000 1.244274
1829.000000 1.244274
1830.000000 1.244274
1831.000000 1.244274
1832.000000 1.244274
1833.000000 1.244274
1834.000000 1.244274
1835.000000 1.244274
1836.000000 1.244274
1837.000000 1.244274
1838.000000 1.244274
1839.000000 1.244274
1840.000000 1.244274
1841.000000 1.244274
1842.000000 1.244274
1843.000000 1.244273
1844.000000 1.244273
1845.000000 1.244273
1846.000000 1.244273
1847.000000 1.244273
1848.000000 1.244273
1849.000000 1.244274
1850.000000 1.244274
1851.000000 1.244274
1852.000000 1.244274
1853.000000 1.244274
1854.000000 1.244274
1855.000000 1.244274
1856.000000 1.244274
1857.000000 1.244273
1858.000000 1.244273
1859.000000 1.244273
1860.000000 1.244273
1861.000000 1.244273
1862.000000 1.244273
1863.000000 1.244274
1864.000000 1.244274
1865.000000 1.244274
1866.000000 1.244274
1867.000000 1.244274
1868.000000 1.244274
1869.000000 1.244274
1870.000000 1.244274
1871.000000 1.244274
1872.000000 1.244274
1873.000000 1.244274
1874.000000 1.244274
1875.000000 1.244274
1876.000000 1.244274
1877.000000 1.244274
1878.000000 1.244274
1879.000000 1.244274
1880.000000 1.244274
1881.000000 1.244274
1882.000000 1.244274
1883.000000 1.244274
1884.000000 1.244274
1885.000000 1.244274
1886.000000 1.244274
1887.000000 1.244274
1888.000000 1.244274
1889.000000 1.244274
1890.000000 1.244274
1891.000000 1.244274
1892.000000 1.244274
1893.000000 1.244274
1894.000000 1.244274
1895.000000 1.244274
1896.000000 1.244274
1897.000000 1.244274
1898.000000 1.244274
1899.000000 1.244274
1900.000000 1.244274
1901.000000 1.244274
1902.000000 1.244274
1903.000000 1.244274
1904.000000 1.244274
1905.000000 1.244274
1906.000000 1.244274
1907.000000 1.244274
1908.000000 1.244274
1909.000000 1.244274
1910.000000 1.244274
1911.000000 1.244274
1912.000000 1.244274
1913.000000 1.244274
1914.000000 1.244274
1915.000000 1.244274
1916.000000 1.244274
1917.000000 1.244274
1918.000000 1.244274
1919.000000 1.244274
1920.000000 1.244274
1921.000000 1.244274
1922.000000 1.244274
1923.000000 1.244274
1924.000000 1.244274
1925.000000 1.244274
1926.000000 1.244274
1927.000000 1.244274
1928.000000 1.244274
1929.000000 1.244274
1930.000000 1.244274
1931.000000 1.244274
1932.000000 1.244274
1933.000000 1.244274
1934.000000 1.244274
1935.000000 1.244274
1936.000000 1.244274
1937.000000 1.244274
1938.000000 1.244274
1939.000000 1.244274
1940.000000 1.244274
1941.000000 1.244274
1942.000000 1.244274
1943.000000 1.244274
1944.000000 1.244274
1945.000000 1.244274
1946.000000 1.244274
1947.000000 1.244274
1948.000000 1.244274
1949.000000 1.244274
1950.000000 1.244274
1951.000000 1.244274
1952.000000 1.244274
1953.000000 1.244274
1954.000000 1.244274
1955.000000 1.244274
1956.000000 1.244274
1957.000000 1.244274
1958.000000 1.244274
1959.000000 1.244274
1960.000000 1.244274
1961.000000 1.244274
1962.000000 1.244274
1963.000000 1.244274
1964.000000 1.244274
1965.000000 1.244274
1966.000000 1.244274
1967.000000 1.244274
1968.000000 1.244274
1969.000000 1.244274
1970.000000 1.244274
1971.000000 1.244274
1972.000000 1.244274
1973.000000 1.244274
1974.000000 1.244274
1975.000000 1.244274
1976.000000 1.244274
1977.000000 1.244274
1978.000000 1.244274
1979.000000 1.244274
1980.000000 1.244274
1981.000000 1.244274
1982.000000 1.244274
1983.000000 1.244274
1984.000000 1.244274
1985.000000 1.244274
1986.000000 1.244274
1987.000000 1.244274
1988.000000 1.244274
1989.000000 1.244274
1990.000000 1.244274
1991.000000 1.244274
1992.000000 1.244274
1993.000000 1.244274
1994.000000 1.244274
1995.000000 1.244274
1996.000000 1.244274
1997.000000 1.244274
1998.000000 1.244274
1999.000000 1.244274
2000.000000 1.244274
2001.000000 1.244274
2002.000000 1.244274
2003.000000 1.244274
2004.000000 1.244274
2005.000000 1.244274
2006.000000 1.244274
2007.000000 1.244274
2008.000000 1.244274
2009.000000 1.244274
2010.000000 1.244274
2011.000000 1.244274
2012.000000 1.244274
2013.000000 1.244274
2014.000000 1.244274
2015.000000 1.244274
2016.000000 1.244274
2017.000000 1.244274
2018.000000 1.244274
2019.000000 1.244274
2020.000000 1.244274
2021.000000 1.244274
2022.000000 1.244274
2023.000000 1.244274
2024.000000 1.244274
2025.000000 1.244274
2026.000000 1.244274
2027.000000 1.244274
2028.000000 1.244274
2029.000000 1.244274
2030.000000 1.244274
2031.000000 1.244274
2032.000000 1.244274
2033.000000 1.244274
2034.000000 1.244274
2035.000000 1.244274
2036.000000 1.244274
2037.000000 1.244274
2038.000000 1.244274
2039.000000 1.244274
2040.000000 1.244274
2041.000000 1.244274
2042.000000 1.244274
2043.000000 1.244274
2044.000000 1.244274
2045.000000 1.244274
2046.000000 1.244274
2047.000000 1.244274
2048.000000 1.244274
2049.000000 1.244274
2050.000000 1.244274
2051.000000 1.244274
2052.000000 1.244274
2053.000000 1.244274
2054.000000 1.244274
2055.000000 1.244274
2056.000000 1.244274
2057.000000 1.244274
2058.000000 1.244274
2059.000000 1.244274
2060.000000 1.244274
2061.000000 1.244274
2062.000000 1.244274
2063.000000 1.244274
2064.000000 1.244274
2065.000000 1.244274
2066.000000 1.244274
2067.000000 1.244274
2068.000000 1.244274
2069.000000 1.244274
2070.000000 1.244274
2071.000000 1.244274
2072.000000 1.244274
2073.000000 1.244274
2074.000000 1.244274
2075.000000 1.244274
2076.000000 1.244274
2077.000000 1.244274
2078.000000 1.244274
2079.000000 1.244274
2080.000000 1.244274
2081.000000 1.244274
2082.000000 1.244274
2083.000000 1.244274
2084.000000 1.244274
2085.000000 1.244274
2086.000000 1.244274
2087.000000 1.244274
2088.000000 1.244274
2089.000000 1.244274
2090.000000 1.244274
2091.000000 1.244274
2092.000000 1.244274
2093.000000 1.244274
2094.000000 1.244274
2095.000000 1.244274
2096.000000 1.244274
2097.000000 1.244274
2098.000000 1.244274
2099.000000 1.244274
2100.000000 1.244274
2101.000000 1.244274
2102.000000 1.244274
2103.000000 1.244274
2104.000000 1.244274
2105.000000 1.244274
2106.000000 1.244274
2107.000000 1.244274
2108.000000 1.244274
2109.000000 1.244274
2110.000000 1.244274
2111.000000 1.244274
2112.000000 1.244274
2113.000000 1.244274
2114.000000 1.244274
2115.000000 1.244274
2116.000000 1.244274
2117.000000 1.244274
2118.000000 1.244274
2119.000000 1.244274
2120.000000 1.244274
2121.000000 1.244274
2122.000000 1.244274
2123.000000 1.244274
2124.000000 1.244274
2125.000000 1.244274
2126.000000 1.244274
2127.000000 1.244274
2128.000000 1.244274
2129.000000 1.244274
2130.000000 1.244274
2131.000000 1.244274
2132.000000 1.244274
2133.000000 1.244274
2134.000000 1.244274
2135.000000 1.244274
2136.000000 1.244274
2137.000000 1.244274
2138.000000 1.244274
2139.000000 1.244274
2140.000000 1.244274
2141.000000 1.244274
2142.000000 1.244274
2143.000000 1.244274
2144.000000 1.244274
2145.000000 1.244274
2146.000000 1.244274
2147.000000 1.244274
2148.000000 1.244274
2149.000000 1.244274
2150.000000 1.244274
2151.000000 1.244274
2152.000000 1.244274
2153.000000 1.244274
2154.000000 1.244274
2155.000000 1.244274
2156.000000 1.244274
2157.000000 1.244274
2158.000000 1.244274
2159.000000 1.244274
2160.000000 1.244274
2161.000000 1.244274
2162.000000 1.244274
2163.000000 1.244274
2164.000000 1.244274
2165.000000 1.244274
2166.000000 1.244274
2167.000000 1.244274
2168.000000 1.244274
2169.000000 1.244274
2170.000000 1.244274
2171.000000 1.244274
2172.000000 1.244274
2173.000000 1.244274
2174.000000 1.244274
2175.000000 1.244274
2176.000000 1.244274
2177.000000 1.244274
2178.000000 1.244274
2179.000000 1.244274
2180.000000 1.244274
2181.000000 1.244274
2182.000000 1.244274
2183.000000 1.244274
2184.000000 1.244274
2185.000000 1.244274
2186.000000 1.244274
2187.000000 1.244274
2188.000000 1.244274
2189.000000 1.244274
2190.000000 1.244274
2191.000000 1.244274
2192.000000 1.244274
2193.000000 1.244274
2194.000000 1.244274
2195.000000 1.244274
2196.000000 1.244274
2197.000000 1.244274
2198.000000 1.244274
2199.000000 1.244274
2200.000000 1.244274
2201.000000 0.008327
2202.000000 -0.628491
2203.000000 -0.850203
2204.000000 -0.808367
2205.000000 -0.619220
2206.000000 -0.365899
2207.000000 0.032104
2208.000000 0.404183
2209.000000 0.675043
2210.000000 0.829003
2211.000000 0.882586
2212.000000 0.865426
2213.000000 0.793536
2214.000000 0.700839
2215.000000 0.617417
2216.000000 0.561305
2217.000000 0.538088
2218.000000 0.544129
2219.000000 0.572369
2220.000000 0.612587
2221.000000 0.654283
2222.000000 0.689268
2223.000000 0.712947
2224.000000 0.724309
2225.000000 0.724898
2226.000000 0.717903
2227.000000 0.707145
2228.000000 0.696137
2229.000000 0.687431
2230.000000 0.682359
2231.000000 0.681119
2232.000000 0.683056
2233.000000 0.687025
2234.000000 0.691758
2235.000000 0.696161
2236.000000 0.699494
2237.000000 0.701427
2238.000000 0.701992
2239.000000 0.701486
2240.000000 0.700336
2241.000000 0.698976
2242.000000 0.697763
2243.000000 0.696921
2244.000000 0.696536
2245.000000 0.696573
2246.000000 0.696920
2247.000000 0.697430
2248.000000 0.697962
2249.000000 0.698407
2250.000000 0.698702
2251.000000 0.698831
2252.000000 0.698815
2253.000000 0.698698
2254.000000 0.698532
2255.000000 0.698363
2256.000000 0.698225
2257.000000 0.698137
2258.000000 0.698100
2259.000000 0.698105
2260.000000 0.698135
2261.000000 0.698174
2262.000000 0.698206
2263.000000 0.698221
2264.000000 0.698215
2265.000000 0.698187
2266.000000 0.698143
2267.000000 0.698086
2268.000000 0.698024
2269.000000 0.697960
2270.000000 0.697898
2271.000000 0.697838
2272.000000 0.697780
2273.000000 0.697721
2274.000000 0.697661
2275.000000 0.697596
2276.000000 0.697525
2277.000000 0.697446
2278.000000 0.697360
2279.000000 0.697266
2280.000000 0.697165
2281.000000 0.697056
2282.000000 0.696941
2283.000000 0.696819
2284.000000 0.696691
2285.000000 0.696555
2286.000000 0.696411
2287.000000 0.696260
2288.000000 0.696099
2289.000000 0.695929
2290.000000 0.695748
2291.000000 0.695556
2292.000000 0.695354
2293.000000 0.695139
2294.000000 0.694912
2295.000000 0.694671
2296.000000 0.694418
2297.000000 0.694150
2298.000000 0.693867
2299.000000 0.693568
2300.000000 0.693253
2301.000000 0.692920
2302.000000 0.692566
2303.000000 0.692185
2304.000000 0.691781
2305.000000 0.691386
2306.000000 0.691075
2307.000000 0.690913
2308.000000 0.690935
2309.000000 0.691138
2310.000000 0.691490
2311.000000 0.691941
2312.000000 0.693188
2313.000000 0.695148
2314.000000 0.697421
2315.000000 0.699569
2316.000000 0.701263
2317.000000 0.702333
2318.000000 0.702584
2319.000000 0.702026
2320.000000 0.700864
2321.000000 0.699406
2322.000000 0.697962
2323.000000 0.696772
2324.000000 0.695998
2325.000000 0.695700
2326.000000 0.695828
2327.000000 0.696256
2328.000000 0.696821
2329.000000 0.697370
2330.000000 0.697785
2331.000000 0.697999
2332.000000 0.698000
2333.000000 0.697825
2334.000000 0.697537
2335.000000 0.697212
2336.000000 0.696916
2337.000000 0.696696
2338.000000 0.696575
2339.000000 0.696551
2340.000000 0.696603
2341.000000 0.696700
2342.000000 0.696810
2343.000000 0.696906
2344.000000 0.696969
2345.000000 0.696993
2346.000000 0.696980
2347.000000 0.696941
2348.000000 0.696889
2349.000000 0.696835
2350.000000 0.696791
2351.000000 0.696763
2352.000000 0.696750
2353.000000 0.696753
2354.000000 0.696766
2355.000000 0.696783
2356.000000 0.696800
2357.000000 0.696814
2358.000000 0.696821
2359.000000 0.696822
2360.000000 0.696817
2361.000000 0.696810
2362.000000 0.696801
2363.000000 0.696793
2364.000000 0.696787
2365.000000 0.696784
2366.000000 0.696783
2367.000000 0.696783
2368.000000 0.696785
2369.000000 0.696787
2370.000000 0.696789
2371.000000 0.696790
2372.000000 0.696790
2373.000000 0.696790
2374.000000 0.696788
2375.000000 0.696786
2376.000000 0.696785
2377.000000 0.696783
2378.000000 0.696782
2379.000000 0.696781
2380.000000 0.696780
2381.000000 0.696780
2382.000000 0.696780
2383.000000 0.696780
2384.000000 0.696779
2385.000000 0.696779
2386.000000 0.696778
2387.000000 0.696778
2388.000000 0.696777
2389.000000 0.696776
2390.000000 0.696776
2391.000000 0.696775
2392.000000 0.696775
2393.000000 0.696775
2394.000000 0.696775
2395.000000 0.696775
2396.000000 0.696775
2397.000000 0.696775
2398.000000 0.696775
2399.000000 0.696776
2400.000000 0.696776
2401.000000 0.696777
2402.000000 0.696778
2403.000000 0.696779
2404.000000 0.696780
2405.000000 0.696781
2406.000000 0.696783
2407.000000 0.696785
2408.000000 0.696787
2409.000000 0.696790
2410.000000 0.696793
2411.000000 0.696796
2412.000000 0.696799
2413.000000 0.696803
2414.000000 0.696808
2415.000000 0.696812
2416.000000 0.696817
2417.000000 0.696822
2418.000000 0.696826
2419.000000 0.696830
2420.000000 0.696832
2421.000000 0.696834
2422.000000 0.696833
2423.000000 0.696831
2424.000000 0.696827
2425.000000 0.696820
2426.000000 0.696811
2427.000000 0.696801
2428.000000 0.696791
2429.000000 0.696782
2430.000000 0.696776
2431.000000 0.696773
2432.000000 0.696773
2433.000000 0.696775
2434.000000 0.696780
2435.000000 0.696786
2436.000000 0.696792
2437.000000 0.696797
2438.000000 0.696799
2439.000000 0.696800
2440.000000 0.696798
2441.000000 0.696796
2442.000000 0.696793
2443.000000 0.696790
2444.000000 0.696787
2445.000000 0.696786
2446.000000 0.696786
2447.000000 0.696787
2448.000000 0.696789
2449.000000 0.696791
2450.000000 0.696793
2451.000000 0.696794
2452.000000 0.696795
2453.000000 0.696795
2454.000000 0.696794
2455.000000 0.696794
2456.000000 0.696793
2457.000000 0.696792
2458.000000 0.696792
2459.000000 0.696792
2460.000000 0.696792
2461.000000 0.696792
2462.000000 0.696792
2463.000000 0.696793
2464.000000 0.696793
2465.000000 0.696793
2466.000000 0.696793
2467.000000 0.696793
2468.000000 0.696793
2469.000000 0.696793
2470.000000 0.696793
2471.000000 0.696793
2472.000000 0.696793
2473.000000 0.696793
2474.000000 0.696793
2475.000000 0.696793
2476.000000 0.696793
2477.000000 0.696793
2478.000000 0.696793
2479.000000 0.696793
2480.000000 0.696793
2481.000000 0.696793
2482.000000 0.696793
2483.000000 0.696793
2484.000000 0.696793
2485.000000 0.696793
2486.000000 0.696793
2487.000000 0.696793
2488.000000 0.696793
2489.000000 0.696793
2490.000000 0.696793
2491.000000 0.696793
2492.000000 0.696793
2493.000000 0.696793
2494.000000 0.696793
2495.000000 0.696793
2496.000000 0.696793
2497.000000 0.696793
2498.000000 0.696793
2499.000000 0.696793
2500.000000 0.696793
