1.000000 0.000000
2.000000 0.000000
3.000000 0.000000
4.000000 0.000000
5.000000 0.000000
6.000000 0.000000
7.000000 0.000000
8.000000 0.000000
9.000000 0.000000
10.000000 0.000000
11.000000 0.000000
12.000000 0.000000
13.000000 0.000000
14.000000 0.000000
15.000000 0.000000
16.000000 0.000000
17.000000 0.000000
18.000000 0.000000
19.000000 0.000000
20.000000 0.000000
21.000000 0.000000
22.000000 0.000000
23.000000 0.000000
24.000000 0.000000
25.000000 0.000000
26.000000 0.000000
27.000000 0.175353
28.000000 0.434211
29.000000 0.712315
30.000000 0.970113
31.000000 1.188607
32.000000 1.360494
33.000000 1.466781
34.000000 1.515944
35.000000 1.523673
36.000000 1.507437
37.000000 1.484313
38.000000 1.462175
39.000000 1.451536
40.000000 1.454619
41.000000 1.471284
42.000000 1.498551
43.000000 1.529294
44.000000 1.556601
45.000000 1.579956
46.000000 1.594666
47.000000 1.601280
48.000000 1.603196
49.000000 1.599567
50.000000 1.595803
51.000000 1.591524
52.000000 1.589111
53.000000 1.587974
54.000000 1.588255
55.000000 1.591317
56.000000 1.592960
57.000000 1.593661
58.000000 1.594139
59.000000 1.594723
60.000000 1.597028
61.000000 1.599067
62.000000 1.599793
63.000000 1.599813
64.000000 1.599164
65.000000 1.597854
66.000000 1.595232
67.000000 1.592405
68.000000 1.592498
69.000000 1.592842
70.000000 1.595661
71.000000 1.595893
72.000000 1.594666
73.000000 1.593027
74.000000 1.591502
75.000000 1.590284
76.000000 1.590515
77.000000 1.590713
78.000000 1.592344
79.000000 1.595954
80.000000 1.597703
81.000000 1.597550
82.000000 1.596965
83.000000 1.599033
84.000000 1.598942
85.000000 1.596335
86.000000 1.597079
87.000000 1.595665
88.000000 1.593866
89.000000 1.594268
90.000000 1.595279
91.000000 1.598884
92.000000 1.598696
93.000000 1.599791
94.000000 1.600248
95.000000 1.599927
96.000000 1.599106
97.000000 1.597734
98.000000 1.598118
99.000000 1.597932
100.000000 1.597590
101.000000 1.597691
102.000000 1.597136
103.000000 1.597416
104.000000 1.598502
105.000000 1.599143
106.000000 1.599918
107.000000 1.601173
108.000000 1.600465
109.000000 1.599641
110.000000 1.597896
111.000000 1.596508
112.000000 1.595011
113.000000 1.593365
114.000000 1.592787
115.000000 1.594180
116.000000 1.595955
117.000000 1.598631
118.000000 1.600114
119.000000 1.601396
120.000000 1.602640
121.000000 1.602085
122.000000 1.600374
123.000000 1.600136
124.000000 1.599753
125.000000 1.599050
126.000000 1.599120
127.000000 1.597695
128.000000 1.597846
129.000000 1.598098
130.000000 1.600257
131.000000 1.603347
132.000000 1.605377
133.000000 1.606642
134.000000 1.607205
135.000000 1.605281
136.000000 1.604663
137.000000 1.605020
138.000000 1.604386
139.000000 1.605440
140.000000 1.604043
141.000000 1.604002
142.000000 1.604451
143.000000 1.603265
144.000000 1.603653
145.000000 1.602789
146.000000 1.601550
147.000000 1.602150
148.000000 1.601603
149.000000 1.601286
150.000000 1.601974
151.000000 1.603087
152.000000 1.603887
153.000000 1.603995
154.000000 1.604678
155.000000 1.604303
156.000000 1.603665
157.000000 1.603664
158.000000 1.604082
159.000000 1.604442
160.000000 1.604900
161.000000 1.603450
162.000000 1.603064
163.000000 1.801384
164.000000 1.962748
165.000000 2.096070
166.000000 2.204581
167.000000 2.194208
168.000000 2.118175
169.000000 1.992337
170.000000 1.834331
171.000000 1.680138
172.000000 1.554643
173.000000 1.474497
174.000000 1.439451
175.000000 1.440415
176.000000 1.468595
177.000000 1.509863
178.000000 1.550843
179.000000 1.583186
180.000000 1.604694
181.000000 1.613432
182.000000 1.611077
183.000000 1.602207
184.000000 1.588824
185.000000 1.576052
186.000000 1.566510
187.000000 1.564847
188.000000 1.568110
189.000000 1.574830
190.000000 1.584459
191.000000 1.593893
192.000000 1.600305
193.000000 1.605493
194.000000 1.606167
195.000000 1.603153
196.000000 1.599875
197.000000 1.594805
198.000000 1.590081
199.000000 1.588100
200.000000 1.588886
201.000000 1.590736
202.000000 1.594784
203.000000 1.599288
204.000000 1.601962
205.000000 1.605270
206.000000 1.607780
207.000000 1.607806
208.000000 1.609069
209.000000 1.607873
210.000000 1.606401
211.000000 1.605127
212.000000 1.603781
213.000000 1.603310
214.000000 1.602929
215.000000 1.603295
216.000000 1.604404
217.000000 1.603959
218.000000 1.603651
219.000000 1.602822
220.000000 1.601512
221.000000 1.600989
222.000000 1.601103
223.000000 1.601078
224.000000 1.601791
225.000000 1.602030
226.000000 1.603512
227.000000 1.604478
228.000000 1.604787
229.000000 1.603539
230.000000 1.600762
231.000000 1.599403
232.000000 1.599390
233.000000 1.600932
234.000000 1.603179
235.000000 1.605039
236.000000 1.607652
237.000000 1.609257
238.000000 1.608816
239.000000 1.606190
240.000000 1.602643
241.000000 1.600538
242.000000 1.600995
243.000000 1.601808
244.000000 1.602400
245.000000 1.603103
246.000000 1.604072
247.000000 1.604866
248.000000 1.604326
249.000000 1.602104
250.000000 1.599764
251.000000 1.600307
252.000000 1.601306
253.000000 1.603055
254.000000 1.605137
255.000000 1.604544
256.000000 1.603277
257.000000 1.601576
258.000000 1.599779
259.000000 1.600216
260.000000 1.600415
261.000000 1.601051
262.000000 1.601462
263.000000 1.601934
264.000000 1.600948
265.000000 1.599841
266.000000 1.598254
267.000000 1.596036
268.000000 1.594437
269.000000 1.593296
270.000000 1.591882
271.000000 1.590536
272.000000 1.591560
273.000000 1.593945
274.000000 1.594372
275.000000 1.595299
276.000000 1.595659
277.000000 1.595292
278.000000 1.595160
279.000000 1.594689
280.000000 1.594963
281.000000 1.594303
282.000000 1.593760
283.000000 1.594859
284.000000 1.595348
285.000000 1.597699
286.000000 1.600792
287.000000 1.603924
288.000000 1.605875
289.000000 1.605694
290.000000 1.603665
291.000000 1.601838
292.000000 1.600553
293.000000 1.598968
294.000000 1.597298
295.000000 1.597634
296.000000 1.598473
297.000000 1.599101
298.000000 1.600171
299.000000 1.600969
300.000000 1.601774
301.000000 1.600196
302.000000 1.600687
303.000000 1.600489
304.000000 1.598112
305.000000 1.597246
306.000000 1.596403
307.000000 1.598233
308.000000 1.601297
309.000000 1.604607
310.000000 1.604963
311.000000 1.603659
312.000000 1.602503
313.000000 1.600292
314.000000 1.596416
315.000000 1.594902
316.000000 1.593844
317.000000 1.593091
318.000000 1.595029
319.000000 1.598230
320.000000 1.600557
321.000000 1.601731
322.000000 1.603748
323.000000 1.603282
324.000000 1.602716
325.000000 1.603605
326.000000 1.603020
327.000000 1.600974
328.000000 1.599626
329.000000 1.597059
330.000000 1.594820
331.000000 1.595289
332.000000 1.596926
333.000000 1.598765
334.000000 1.599316
335.000000 1.599466
336.000000 1.601040
337.000000 1.600270
338.000000 1.599524
339.000000 1.598264
340.000000 1.598068
341.000000 1.599336
342.000000 1.601164
343.000000 1.601495
344.000000 1.603796
345.000000 1.604809
346.000000 1.605243
347.000000 1.605301
348.000000 1.604759
349.000000 1.603891
350.000000 1.602128
351.000000 1.601099
352.000000 1.600865
353.000000 1.601753
354.000000 1.603017
355.000000 1.601895
356.000000 1.601204
357.000000 1.601670
358.000000 1.601915
359.000000 1.601153
360.000000 1.600215
361.000000 1.599081
362.000000 1.598248
363.000000 1.596077
364.000000 1.595455
365.000000 1.596118
366.000000 1.598541
367.000000 1.600457
368.000000 1.601852
369.000000 1.601919
370.000000 1.601755
371.000000 1.602039
372.000000 1.603230
373.000000 1.600321
374.000000 1.597695
375.000000 1.593801
376.000000 1.590863
377.000000 1.591411
378.000000 1.591523
379.000000 1.593651
380.000000 1.595076
381.000000 1.595822
382.000000 1.596535
383.000000 1.596936
384.000000 1.597966
385.000000 1.597168
386.000000 1.597444
387.000000 1.599473
388.000000 1.602257
389.000000 1.604178
390.000000 1.606117
391.000000 1.608503
392.000000 1.609236
393.000000 1.607813
394.000000 1.604689
395.000000 1.601709
396.000000 1.599813
397.000000 1.598725
398.000000 1.599661
399.000000 1.600229
400.000000 1.601520
401.000000 1.602881
402.000000 1.603586
403.000000 1.603692
404.000000 1.602472
405.000000 1.601006
406.000000 1.598195
407.000000 1.596500
408.000000 1.594959
409.000000 1.595439
410.000000 1.597618
411.000000 1.601220
412.000000 1.604209
413.000000 1.605651
414.000000 1.605978
415.000000 1.604444
416.000000 1.601887
417.000000 1.600308
418.000000 1.596943
419.000000 1.593725
420.000000 1.591521
421.000000 1.591224
422.000000 1.590807
423.000000 1.591215
424.000000 1.591869
425.000000 1.594319
426.000000 1.595794
427.000000 1.597771
428.000000 1.600538
429.000000 1.603411
430.000000 1.605949
431.000000 1.608578
432.000000 1.609893
433.000000 1.610352
434.000000 1.608193
435.000000 1.603756
436.000000 1.600474
437.000000 1.597728
438.000000 1.596853
439.000000 1.595705
440.000000 1.597043
441.000000 1.597217
442.000000 1.597051
443.000000 1.599456
444.000000 1.601295
445.000000 1.602860
446.000000 1.603026
447.000000 1.601299
448.000000 1.599891
449.000000 1.599023
450.000000 1.600848
451.000000 1.602476
452.000000 1.602202
453.000000 1.602720
454.000000 1.601739
455.000000 1.600092
456.000000 1.600202
457.000000 1.599981
458.000000 1.598914
459.000000 1.597826
460.000000 1.596507
461.000000 1.595859
462.000000 1.596713
463.000000 1.597138
464.000000 1.597765
465.000000 1.598888
466.000000 1.601243
467.000000 1.602591
468.000000 1.603949
469.000000 1.602690
470.000000 1.600791
471.000000 1.597380
472.000000 1.594837
473.000000 1.594016
474.000000 1.594699
475.000000 1.596858
476.000000 1.599479
477.000000 1.600324
478.000000 1.602272
479.000000 1.602484
480.000000 1.602229
481.000000 1.600305
482.000000 1.600091
483.000000 1.599643
484.000000 1.600274
485.000000 1.601512
486.000000 1.602170
487.000000 1.603131
488.000000 1.602889
489.000000 1.602246
490.000000 1.601048
491.000000 1.601288
492.000000 1.601477
493.000000 1.601785
494.000000 1.601873
495.000000 1.601574
496.000000 1.600247
497.000000 1.598914
498.000000 1.596697
499.000000 1.594255
500.000000 1.594740
501.000000 1.596751
502.000000 1.599504
503.000000 1.601622
504.000000 1.604215
505.000000 1.605154
506.000000 1.604397
507.000000 1.603192
508.000000 1.601835
509.000000 1.598680
510.000000 1.596786
511.000000 1.595041
512.000000 1.594925
513.000000 1.594490
514.000000 1.596918
515.000000 1.599752
516.000000 1.601715
517.000000 1.605186
518.000000 1.603481
519.000000 1.602109
520.000000 1.598388
521.000000 1.594759
522.000000 1.593210
523.000000 1.594178
524.000000 1.596645
525.000000 1.598960
526.000000 1.603315
527.000000 1.606568
528.000000 1.607330
529.000000 1.606126
530.000000 1.604184
531.000000 1.603101
532.000000 1.602787
533.000000 1.601947
534.000000 1.601027
535.000000 1.598472
536.000000 1.596355
537.000000 1.595141
538.000000 1.594545
539.000000 1.595237
540.000000 1.597069
541.000000 1.597966
542.000000 1.599249
543.000000 1.600006
544.000000 1.600072
545.000000 1.601014
546.000000 1.602349
547.000000 1.603475
548.000000 1.606008
549.000000 1.606215
550.000000 1.604674
551.000000 1.601541
552.000000 1.600247
553.000000 1.597745
554.000000 1.597524
555.000000 1.598452
556.000000 1.599350
557.000000 1.602083
558.000000 1.602869
559.000000 1.602972
560.000000 1.602520
561.000000 1.602760
562.000000 1.601674
563.000000 1.600692
564.000000 1.598263
565.000000 1.595078
566.000000 1.593543
567.000000 1.592726
568.000000 1.591947
569.000000 1.591392
570.000000 1.592289
571.000000 1.591796
572.000000 1.592022
573.000000 1.592298
574.000000 1.594217
575.000000 1.598280
576.000000 1.600547
577.000000 1.602226
578.000000 1.602897
579.000000 1.603979
580.000000 1.605017
581.000000 1.604044
582.000000 1.603749
583.000000 1.601726
584.000000 1.601125
585.000000 1.598897
586.000000 1.599441
587.000000 1.602833
588.000000 1.604607
589.000000 1.604191
590.000000 1.602629
591.000000 1.600078
592.000000 1.598365
593.000000 1.597073
594.000000 1.596448
595.000000 1.598224
596.000000 1.598371
597.000000 1.599584
598.000000 1.600365
599.000000 1.601235
600.000000 1.600157
601.000000 1.597923
602.000000 1.596277
603.000000 1.596016
604.000000 1.597931
605.000000 1.599604
606.000000 1.600348
607.000000 1.601606
608.000000 1.603917
609.000000 1.603055
610.000000 1.603622
611.000000 1.602087
612.000000 1.600002
613.000000 1.598714
614.000000 1.597714
615.000000 1.597392
616.000000 1.598257
617.000000 1.598998
618.000000 1.599559
619.000000 1.599504
620.000000 1.600869
621.000000 1.601646
622.000000 1.602297
623.000000 1.600909
624.000000 1.601805
625.000000 1.601670
626.000000 1.601939
627.000000 1.603376
628.000000 1.602536
629.000000 1.601140
630.000000 1.599204
631.000000 1.595705
632.000000 1.593426
633.000000 1.594045
634.000000 1.595542
635.000000 1.598854
636.000000 1.601598
637.000000 1.603877
638.000000 1.604785
639.000000 1.603947
640.000000 1.601305
641.000000 1.599794
642.000000 1.598090
643.000000 1.598429
644.000000 1.598241
645.000000 1.597773
646.000000 1.599174
647.000000 1.600330
648.000000 1.599564
649.000000 1.600968
650.000000 1.601590
651.000000 1.602981
652.000000 1.604753
653.000000 1.604461
654.000000 1.603550
655.000000 1.601369
656.000000 1.598205
657.000000 1.597604
658.000000 1.598195
659.000000 1.600049
660.000000 1.601648
661.000000 1.601333
662.000000 1.601170
663.000000 1.601107
664.000000 1.600579
665.000000 1.601544
666.000000 1.602781
667.000000 1.603300
668.000000 1.604492
669.000000 1.605786
670.000000 1.603503
671.000000 1.600789
672.000000 1.599458
673.000000 1.598996
674.000000 1.599103
675.000000 1.600124
676.000000 1.602084
677.000000 1.601439
678.000000 1.600105
679.000000 1.598772
680.000000 1.597262
681.000000 1.597390
682.000000 1.598244
683.000000 1.598941
684.000000 1.600621
685.000000 1.600522
686.000000 1.601746
687.000000 1.601461
688.000000 1.601307
689.000000 1.599729
690.000000 1.597817
691.000000 1.597555
692.000000 1.597405
693.000000 1.597605
694.000000 1.597337
695.000000 1.598293
696.000000 1.598580
697.000000 1.599237
698.000000 1.599139
699.000000 1.598147
700.000000 1.595951
701.000000 1.595804
702.000000 1.596867
703.000000 1.596116
704.000000 1.597477
705.000000 1.598983
706.000000 1.600561
707.000000 1.600875
708.000000 1.600609
709.000000 1.603159
710.000000 1.603040
711.000000 1.604268
712.000000 1.604653
713.000000 1.603817
714.000000 1.602572
715.000000 1.599604
716.000000 1.599461
717.000000 1.598664
718.000000 1.597673
719.000000 1.596057
720.000000 1.596055
721.000000 1.597684
722.000000 1.599726
723.000000 1.601925
724.000000 1.602373
725.000000 1.602723
726.000000 1.603042
727.000000 1.602637
728.000000 1.602758
729.000000 1.602466
730.000000 1.601041
731.000000 1.600745
732.000000 1.601237
733.000000 1.600611
734.000000 1.600586
735.000000 1.600125
736.000000 1.598263
737.000000 1.596985
738.000000 1.597872
739.000000 1.600641
740.000000 1.603585
741.000000 1.605115
742.000000 1.606463
743.000000 1.607264
744.000000 1.606300
745.000000 1.604210
746.000000 1.599848
747.000000 1.596318
748.000000 1.594253
749.000000 1.593288
750.000000 1.595930
751.000000 1.598529
752.000000 1.601494
753.000000 1.603568
754.000000 1.603326
755.000000 1.602196
756.000000 1.602472
757.000000 1.603050
758.000000 1.605524
759.000000 1.606757
760.000000 1.607971
761.000000 1.607987
762.000000 1.607047
763.000000 1.605498
764.000000 1.601684
765.000000 1.596577
766.000000 1.590914
767.000000 1.585370
768.000000 1.584117
769.000000 1.585344
770.000000 1.585986
771.000000 1.588604
772.000000 1.594176
773.000000 1.598816
774.000000 1.603218
775.000000 1.604180
776.000000 1.602678
777.000000 1.600689
778.000000 1.599929
779.000000 1.598168
780.000000 1.596667
781.000000 1.597175
782.000000 1.598753
783.000000 1.599517
784.000000 1.601786
785.000000 1.604944
786.000000 1.607732
787.000000 1.609048
788.000000 1.608134
789.000000 1.608285
790.000000 1.606718
791.000000 1.605516
792.000000 1.603112
793.000000 1.600376
794.000000 1.598097
795.000000 1.595311
796.000000 1.593841
797.000000 1.594475
798.000000 1.594884
799.000000 1.594510
800.000000 1.595628
801.000000 1.598430
802.000000 1.600859
803.000000 1.599901
804.000000 1.400295
805.000000 1.237722
806.000000 1.104644
807.000000 0.996211
808.000000 1.007842
809.000000 1.084945
810.000000 1.211455
811.000000 1.371361
812.000000 1.524805
813.000000 1.648833
814.000000 1.726766
815.000000 1.760604
816.000000 1.758312
817.000000 1.729829
818.000000 1.688435
819.000000 1.645807
820.000000 1.612915
821.000000 1.590582
822.000000 1.582238
823.000000 1.583256
824.000000 1.591167
825.000000 1.602861
826.000000 1.614324
827.000000 1.623593
828.000000 1.630262
829.000000 1.632799
830.000000 1.629625
831.000000 1.622419
832.000000 1.614396
833.000000 1.607277
834.000000 1.600937
835.000000 1.596021
836.000000 1.595282
837.000000 1.595137
838.000000 1.596222
839.000000 1.598062
840.000000 1.599664
841.000000 1.601331
842.000000 1.602332
843.000000 1.601717
844.000000 1.600564
845.000000 1.598155
846.000000 1.596298
847.000000 1.596665
848.000000 1.596438
849.000000 1.597416
850.000000 1.599662
851.000000 1.601365
852.000000 1.601159
853.000000 1.601869
854.000000 1.600936
855.000000 1.599971
856.000000 1.599203
857.000000 1.598849
858.000000 1.598792
859.000000 1.597266
860.000000 1.596619
861.000000 1.596160
862.000000 1.596942
863.000000 1.598438
864.000000 1.599284
865.000000 1.599101
866.000000 1.598430
867.000000 1.598098
868.000000 1.597463
869.000000 1.595763
870.000000 1.594801
871.000000 1.592681
872.000000 1.592535
873.000000 1.594342
874.000000 1.595406
875.000000 1.597062
876.000000 1.598262
877.000000 1.598694
878.000000 1.597046
879.000000 1.596710
880.000000 1.596008
881.000000 1.594392
882.000000 1.594621
883.000000 1.595017
884.000000 1.594535
885.000000 1.595828
886.000000 1.596524
887.000000 1.597712
888.000000 1.598396
889.000000 1.598011
890.000000 1.595916
891.000000 1.596276
892.000000 1.596452
893.000000 1.597079
894.000000 1.598442
895.000000 1.599889
896.000000 1.602377
897.000000 1.603605
898.000000 1.603412
899.000000 1.602978
900.000000 1.599387
901.000000 1.598560
902.000000 1.597862
903.000000 1.596101
904.000000 1.597362
905.000000 1.600215
906.000000 1.602430
907.000000 1.604843
908.000000 1.606955
909.000000 1.609034
910.000000 1.608892
911.000000 1.609169
912.000000 1.608460
913.000000 1.608336
914.000000 1.607579
915.000000 1.607132
916.000000 1.605104
917.000000 1.603433
918.000000 1.601332
919.000000 1.600731
920.000000 1.599852
921.000000 1.597765
922.000000 1.599165
923.000000 1.600524
924.000000 1.601491
925.000000 1.603406
926.000000 1.602023
927.000000 1.601127
928.000000 1.598292
929.000000 1.597235
930.000000 1.597202
931.000000 1.597919
932.000000 1.601628
933.000000 1.604788
934.000000 1.607037
935.000000 1.607667
936.000000 1.608275
937.000000 1.607034
938.000000 1.603959
939.000000 1.600638
940.000000 1.597684
941.000000 1.595210
942.000000 1.593317
943.000000 1.593304
944.000000 1.594019
945.000000 1.594235
946.000000 1.596725
947.000000 1.597825
948.000000 1.598515
949.000000 1.597387
950.000000 1.596264
951.000000 1.595669
952.000000 1.596238
953.000000 1.595581
954.000000 1.596714
955.000000 1.598963
956.000000 1.601098
957.000000 1.602887
958.000000 1.605037
959.000000 1.605886
960.000000 1.606103
961.000000 1.603664
962.000000 1.601787
963.000000 1.600525
964.000000 1.598190
965.000000 1.597524
966.000000 1.596665
967.000000 1.596755
968.000000 1.598924
969.000000 1.601079
970.000000 1.602811
971.000000 1.603410
972.000000 1.601511
973.000000 1.599710
974.000000 1.597257
975.000000 1.596618
976.000000 1.597784
977.000000 1.599562
978.000000 1.601286
979.000000 1.602287
980.000000 1.604022
981.000000 1.605086
982.000000 1.602781
983.000000 1.600376
984.000000 1.597544
985.000000 1.597015
986.000000 1.597127
987.000000 1.599238
988.000000 1.601367
989.000000 1.602634
990.000000 1.602025
991.000000 1.601477
992.000000 1.599853
993.000000 1.599367
994.000000 1.600583
995.000000 1.599867
996.000000 1.599227
997.000000 1.598022
998.000000 1.597045
999.000000 1.598321
1000.000000 1.598610
1001.000000 1.599309
1002.000000 1.599944
1003.000000 1.600273
1004.000000 1.601785
1005.000000 1.601632
1006.000000 1.602111
1007.000000 1.580429
1008.000000 1.549120
1009.000000 1.515592
1010.000000 1.486009
1011.000000 1.459189
1012.000000 1.437295
1013.000000 1.422225
1014.000000 1.414811
1015.000000 1.412579
1016.000000 1.413613
1017.000000 1.416019
1018.000000 1.417664
1019.000000 1.417720
1020.000000 1.415844
1021.000000 1.411146
1022.000000 1.405394
1023.000000 1.400727
1024.000000 1.397427
1025.000000 1.395567
1026.000000 1.395305
1027.000000 1.395436
1028.000000 1.395441
1029.000000 1.396266
1030.000000 1.397068
1031.000000 1.398604
1032.000000 1.402381
1033.000000 1.404818
1034.000000 1.408327
1035.000000 1.410378
1036.000000 1.408344
1037.000000 1.404983
1038.000000 1.402932
1039.000000 1.401169
1040.000000 1.399910
1041.000000 1.400417
1042.000000 1.400894
1043.000000 1.600594
1044.000000 1.764676
1045.000000 1.898880
1046.000000 2.007858
1047.000000 1.996178
1048.000000 1.917970
1049.000000 1.789665
1050.000000 1.628406
1051.000000 1.475014
1052.000000 1.349293
1053.000000 1.269001
1054.000000 1.233796
1055.000000 1.235790
1056.000000 1.265311
1057.000000 1.306163
1058.000000 1.349003
1059.000000 1.384454
1060.000000 1.407396
1061.000000 1.418497
1062.000000 1.418249
1063.000000 1.409779
1064.000000 1.397073
1065.000000 1.386623
1066.000000 1.378807
1067.000000 1.376218
1068.000000 1.379544
1069.000000 1.382987
1070.000000 1.386971
1071.000000 1.391424
1072.000000 1.393118
1073.000000 1.394679
1074.000000 1.395187
1075.000000 1.394962
1076.000000 1.395696
1077.000000 1.398184
1078.000000 1.399524
1079.000000 1.400833
1080.000000 1.403209
1081.000000 1.404990
1082.000000 1.405334
1083.000000 1.406146
1084.000000 1.406633
1085.000000 1.405858
1086.000000 1.404432
1087.000000 1.403514
1088.000000 1.402540
1089.000000 1.400964
1090.000000 1.401312
1091.000000 1.401276
1092.000000 1.401127
1093.000000 1.401857
1094.000000 1.402538
1095.000000 1.403232
1096.000000 1.403732
1097.000000 1.404339
1098.000000 1.403869
1099.000000 1.402471
1100.000000 1.402156
1101.000000 1.400976
1102.000000 1.401820
1103.000000 1.402630
1104.000000 1.402708
1105.000000 1.403993
1106.000000 1.403363
1107.000000 1.403388
1108.000000 1.404423
1109.000000 1.402878
1110.000000 1.401153
1111.000000 1.398974
1112.000000 1.393960
1113.000000 1.393188
1114.000000 1.392927
1115.000000 1.394045
1116.000000 1.395360
1117.000000 1.396040
1118.000000 1.396745
1119.000000 1.397702
1120.000000 1.400423
1121.000000 1.403604
1122.000000 1.405669
1123.000000 1.406192
1124.000000 1.404553
1125.000000 1.405398
1126.000000 1.406570
1127.000000 1.406929
1128.000000 1.405678
1129.000000 1.405585
1130.000000 1.404312
1131.000000 1.403122
1132.000000 1.400449
1133.000000 1.398264
1134.000000 1.397796
1135.000000 1.398047
1136.000000 1.398086
1137.000000 1.397959
1138.000000 1.398357
1139.000000 1.397344
1140.000000 1.397890
1141.000000 1.396761
1142.000000 1.397530
1143.000000 1.399219
1144.000000 1.398934
1145.000000 1.399486
1146.000000 1.400458
1147.000000 1.400847
1148.000000 1.401779
1149.000000 1.400885
1150.000000 1.401110
1151.000000 1.401987
1152.000000 1.401605
1153.000000 1.400470
1154.000000 1.399088
1155.000000 1.397298
1156.000000 1.396191
1157.000000 1.394949
1158.000000 1.394846
1159.000000 1.392587
1160.000000 1.391920
1161.000000 1.393042
1162.000000 1.393947
1163.000000 1.394957
1164.000000 1.395339
1165.000000 1.395821
1166.000000 1.394538
1167.000000 1.394690
1168.000000 1.393586
1169.000000 1.392469
1170.000000 1.392446
1171.000000 1.394459
1172.000000 1.397629
1173.000000 1.400619
1174.000000 1.402433
1175.000000 1.403722
1176.000000 1.403954
1177.000000 1.404109
1178.000000 1.403604
1179.000000 1.403887
1180.000000 1.404256
1181.000000 1.402883
1182.000000 1.401547
1183.000000 1.402458
1184.000000 1.402195
1185.000000 1.402613
1186.000000 1.403008
1187.000000 1.401597
1188.000000 1.399557
1189.000000 1.399244
1190.000000 1.397823
1191.000000 1.399834
1192.000000 1.401171
1193.000000 1.401512
1194.000000 1.403589
1195.000000 1.402439
1196.000000 1.400983
1197.000000 1.401185
1198.000000 1.402177
1199.000000 1.402969
1200.000000 1.401241
1201.000000 1.400052
1202.000000 1.400023
1203.000000 1.400680
1204.000000 1.202606
1205.000000 1.040743
1206.000000 0.906730
1207.000000 0.796026
1208.000000 0.805834
1209.000000 0.882276
1210.000000 1.008822
1211.000000 1.168084
1212.000000 1.322010
1213.000000 1.448539
1214.000000 1.529152
1215.000000 1.564402
1216.000000 1.560669
1217.000000 1.528376
1218.000000 1.483771
1219.000000 1.438933
1220.000000 1.402929
1221.000000 1.383123
1222.000000 1.376337
1223.000000 1.381568
1224.000000 1.393802
1225.000000 1.409680
1226.000000 1.421676
1227.000000 1.429576
1228.000000 1.432964
1229.000000 1.431084
1230.000000 1.424804
1231.000000 1.416397
1232.000000 1.407475
1233.000000 1.399567
1234.000000 1.394737
1235.000000 1.393223
1236.000000 1.393363
1237.000000 1.395990
1238.000000 1.399733
1239.000000 1.402388
1240.000000 1.403936
1241.000000 1.404358
1242.000000 1.404376
1243.000000 1.404476
1244.000000 1.404015
1245.000000 1.402447
1246.000000 1.403860
1247.000000 1.405659
1248.000000 1.404638
1249.000000 1.403931
1250.000000 1.403229
1251.000000 1.400689
1252.000000 1.399968
1253.000000 1.399510
1254.000000 1.398506
1255.000000 1.398285
1256.000000 1.397321
1257.000000 1.396042
1258.000000 1.395644
1259.000000 1.397299
1260.000000 1.398718
1261.000000 1.401089
1262.000000 1.402754
1263.000000 1.404038
1264.000000 1.403460
1265.000000 1.400973
1266.000000 1.398296
1267.000000 1.395431
1268.000000 1.392275
1269.000000 1.390910
1270.000000 1.389260
1271.000000 1.389452
1272.000000 1.390112
1273.000000 1.391365
1274.000000 1.393693
1275.000000 1.395586
1276.000000 1.396614
1277.000000 1.397667
1278.000000 1.399123
1279.000000 1.399485
1280.000000 1.399337
1281.000000 1.399299
1282.000000 1.399561
1283.000000 1.399200
1284.000000 1.398009
1285.000000 1.394188
1286.000000 1.390811
1287.000000 1.387057
1288.000000 1.385949
1289.000000 1.386864
1290.000000 1.388737
1291.000000 1.392993
1292.000000 1.398420
1293.000000 1.404053
1294.000000 1.408840
1295.000000 1.411386
1296.000000 1.412003
1297.000000 1.409763
1298.000000 1.406448
1299.000000 1.403952
1300.000000 1.402494
1301.000000 1.400610
1302.000000 1.400811
1303.000000 1.400846
1304.000000 1.399767
1305.000000 1.400082
1306.000000 1.398964
1307.000000 1.397845
1308.000000 1.397913
1309.000000 1.398498
1310.000000 1.398254
1311.000000 1.399040
1312.000000 1.401926
1313.000000 1.406045
1314.000000 1.408113
1315.000000 1.408999
1316.000000 1.409700
1317.000000 1.409242
1318.000000 1.408158
1319.000000 1.405600
1320.000000 1.402275
1321.000000 1.400062
1322.000000 1.399504
1323.000000 1.399124
1324.000000 1.397690
1325.000000 1.397404
1326.000000 1.397768
1327.000000 1.398411
1328.000000 1.400611
1329.000000 1.402077
1330.000000 1.402714
1331.000000 1.405894
1332.000000 1.408616
1333.000000 1.408880
1334.000000 1.408085
1335.000000 1.406207
1336.000000 1.403473
1337.000000 1.401710
1338.000000 1.399602
1339.000000 1.397184
1340.000000 1.396997
1341.000000 1.396508
1342.000000 1.397149
1343.000000 1.397243
1344.000000 1.396723
1345.000000 1.395533
1346.000000 1.394293
1347.000000 1.394226
1348.000000 1.394124
1349.000000 1.394530
1350.000000 1.395810
1351.000000 1.396432
1352.000000 1.396615
1353.000000 1.398259
1354.000000 1.399434
1355.000000 1.400504
1356.000000 1.399741
1357.000000 1.400533
1358.000000 1.401697
1359.000000 1.404085
1360.000000 1.407249
1361.000000 1.406141
1362.000000 1.404825
1363.000000 1.401719
1364.000000 1.399416
1365.000000 1.397762
1366.000000 1.397862
1367.000000 1.400849
1368.000000 1.400826
1369.000000 1.401049
1370.000000 1.401918
1371.000000 1.401859
1372.000000 1.399840
1373.000000 1.398185
1374.000000 1.395524
1375.000000 1.394402
1376.000000 1.395215
1377.000000 1.394923
1378.000000 1.397992
1379.000000 1.399745
1380.000000 1.399760
1381.000000 1.400359
1382.000000 1.399630
1383.000000 1.397510
1384.000000 1.396761
1385.000000 1.396625
1386.000000 1.397191
1387.000000 1.399026
1388.000000 1.398327
1389.000000 1.398855
1390.000000 1.398221
1391.000000 1.398208
1392.000000 1.399108
1393.000000 1.399635
1394.000000 1.400102
1395.000000 1.401795
1396.000000 1.401965
1397.000000 1.401668
1398.000000 1.401795
1399.000000 1.401128
1400.000000 1.401348
1401.000000 1.400860
1402.000000 1.402376
1403.000000 1.403282
1404.000000 1.403536
1405.000000 1.403096
1406.000000 1.400863
1407.000000 1.399821
1408.000000 1.398106
1409.000000 1.397550
1410.000000 1.398255
1411.000000 1.399492
1412.000000 1.400693
1413.000000 1.403267
1414.000000 1.405226
1415.000000 1.406445
1416.000000 1.408479
1417.000000 1.407246
1418.000000 1.405968
1419.000000 1.404524
1420.000000 1.400625
1421.000000 1.397586
1422.000000 1.395778
1423.000000 1.395502
1424.000000 1.394423
1425.000000 1.395834
1426.000000 1.397777
1427.000000 1.399230
1428.000000 1.401405
1429.000000 1.402304
1430.000000 1.403426
1431.000000 1.403206
1432.000000 1.402429
1433.000000 1.400669
1434.000000 1.398962
1435.000000 1.398815
1436.000000 1.398761
1437.000000 1.399163
1438.000000 1.398253
1439.000000 1.397548
1440.000000 1.397591
1441.000000 1.398294
1442.000000 1.398944
1443.000000 1.400765
1444.000000 1.404015
1445.000000 1.404873
1446.000000 1.404964
1447.000000 1.402148
1448.000000 1.397565
1449.000000 1.393379
1450.000000 1.391351
1451.000000 1.391308
1452.000000 1.391603
1453.000000 1.392645
1454.000000 1.395817
1455.000000 1.398785
1456.000000 1.401238
1457.000000 1.404148
1458.000000 1.404555
1459.000000 1.406264
1460.000000 1.407746
1461.000000 1.407610
1462.000000 1.406653
1463.000000 1.406108
1464.000000 1.403691
1465.000000 1.401606
1466.000000 1.400720
1467.000000 1.399633
1468.000000 1.399548
1469.000000 1.401382
1470.000000 1.404346
1471.000000 1.405495
1472.000000 1.406047
1473.000000 1.406728
1474.000000 1.404881
1475.000000 1.402008
1476.000000 1.400026
1477.000000 1.396762
1478.000000 1.395208
1479.000000 1.394473
1480.000000 1.394630
1481.000000 1.395120
1482.000000 1.394629
1483.000000 1.394682
1484.000000 1.394879
1485.000000 1.395305
1486.000000 1.396932
1487.000000 1.398604
1488.000000 1.401213
1489.000000 1.401852
1490.000000 1.402203
1491.000000 1.403325
1492.000000 1.402447
1493.000000 1.401180
1494.000000 1.399400
1495.000000 1.397880
1496.000000 1.398094
1497.000000 1.399849
1498.000000 1.401600
1499.000000 1.401929
1500.000000 1.403154
1501.000000 1.402859
1502.000000 1.401157
1503.000000 1.399327
1504.000000 1.396668
1505.000000 1.394607
1506.000000 1.393877
1507.000000 1.515875
1508.000000 1.696755
1509.000000 1.889708
1510.000000 2.069526
1511.000000 2.220130
1512.000000 2.335841
1513.000000 2.406769
1514.000000 2.438504
1515.000000 2.443615
1516.000000 2.432982
1517.000000 2.417860
1518.000000 2.404260
1519.000000 2.398711
1520.000000 2.401752
1521.000000 2.412659
1522.000000 2.428013
1523.000000 2.445297
1524.000000 2.463575
1525.000000 2.478280
1526.000000 2.490774
1527.000000 2.499016
1528.000000 2.502722
1529.000000 2.503511
1530.000000 2.500855
1531.000000 2.498175
1532.000000 2.492656
1533.000000 2.487874
1534.000000 2.484486
1535.000000 2.482086
1536.000000 2.485589
1537.000000 2.489898
1538.000000 2.494172
1539.000000 2.497489
1540.000000 2.497680
1541.000000 2.497321
1542.000000 2.496332
1543.000000 2.493994
1544.000000 2.492562
1545.000000 2.492424
1546.000000 2.494114
1547.000000 2.497756
1548.000000 2.501051
1549.000000 2.503829
1550.000000 2.505532
1551.000000 2.505365
1552.000000 2.502781
1553.000000 2.500556
1554.000000 2.499538
1555.000000 2.498185
1556.000000 2.497943
1557.000000 2.495961
1558.000000 2.493693
1559.000000 2.489978
1560.000000 2.489047
1561.000000 2.488803
1562.000000 2.489251
1563.000000 2.491791
1564.000000 2.493462
1565.000000 2.495817
1566.000000 2.498770
1567.000000 2.500304
1568.000000 2.502063
1569.000000 2.503296
1570.000000 2.503389
1571.000000 2.502661
1572.000000 2.501973
1573.000000 2.502211
1574.000000 2.501132
1575.000000 2.498405
1576.000000 2.496095
1577.000000 2.495371
1578.000000 2.493982
1579.000000 2.493800
1580.000000 2.492730
1581.000000 2.492387
1582.000000 2.494407
1583.000000 2.496553
1584.000000 2.497009
1585.000000 2.496455
1586.000000 2.496934
1587.000000 2.496965
1588.000000 2.497472
1589.000000 2.499456
1590.000000 2.502336
1591.000000 2.502063
1592.000000 2.501353
1593.000000 2.499805
1594.000000 2.499182
1595.000000 2.497354
1596.000000 2.496487
1597.000000 2.497420
1598.000000 2.499831
1599.000000 2.502283
1600.000000 2.503777
1601.000000 2.503300
1602.000000 2.502986
1603.000000 2.503561
1604.000000 2.502527
1605.000000 2.501935
1606.000000 2.501348
1607.000000 2.499978
1608.000000 2.499404
1609.000000 2.498799
1610.000000 2.499123
1611.000000 2.498961
1612.000000 2.499913
1613.000000 2.504136
1614.000000 2.506962
1615.000000 2.509133
1616.000000 2.508339
1617.000000 2.505340
1618.000000 2.503401
1619.000000 2.499731
1620.000000 2.496628
1621.000000 2.494601
1622.000000 2.494264
1623.000000 2.495949
1624.000000 2.498590
1625.000000 2.500973
1626.000000 2.502650
1627.000000 2.503576
1628.000000 2.503457
1629.000000 2.504040
1630.000000 2.505218
1631.000000 2.506062
1632.000000 2.507040
1633.000000 2.506290
1634.000000 2.505937
1635.000000 2.504301
1636.000000 2.500741
1637.000000 2.499223
1638.000000 2.497451
1639.000000 2.496703
1640.000000 2.497264
1641.000000 2.497155
1642.000000 2.497900
1643.000000 2.698297
1644.000000 2.861465
1645.000000 2.995649
1646.000000 3.106388
1647.000000 3.096445
1648.000000 3.018372
1649.000000 2.889848
1650.000000 2.729834
1651.000000 2.579005
1652.000000 2.452647
1653.000000 2.370763
1654.000000 2.333947
1655.000000 2.334143
1656.000000 2.363188
1657.000000 2.405424
1658.000000 2.449477
1659.000000 2.484783
1660.000000 2.508167
1661.000000 2.517657
1662.000000 2.515809
1663.000000 2.505477
1664.000000 2.492191
1665.000000 2.479755
1666.000000 2.470786
1667.000000 2.467764
1668.000000 2.468584
1669.000000 2.472283
1670.000000 2.479840
1671.000000 2.487214
1672.000000 2.495203
1673.000000 2.502603
1674.000000 2.507605
1675.000000 2.509340
1676.000000 2.507492
1677.000000 2.504971
1678.000000 2.502689
1679.000000 2.500000
1680.000000 2.498882
1681.000000 2.498793
1682.000000 2.499115
1683.000000 2.499162
1684.000000 2.499330
1685.000000 2.500887
1686.000000 2.500833
1687.000000 2.501113
1688.000000 2.501002
1689.000000 2.501623
1690.000000 2.502808
1691.000000 2.505260
1692.000000 2.507122
1693.000000 2.505857
1694.000000 2.504615
1695.000000 2.501134
1696.000000 2.498488
1697.000000 2.497411
1698.000000 2.498044
1699.000000 2.499151
1700.000000 2.501201
1701.000000 2.504823
1702.000000 2.506966
1703.000000 2.506310
1704.000000 2.505567
1705.000000 2.504800
1706.000000 2.503226
1707.000000 2.504880
1708.000000 2.506206
1709.000000 2.509097
1710.000000 2.513372
1711.000000 2.514082
1712.000000 2.513350
1713.000000 2.510995
1714.000000 2.507803
1715.000000 2.503948
1716.000000 2.500241
1717.000000 2.496919
1718.000000 2.494933
1719.000000 2.494780
1720.000000 2.494955
1721.000000 2.495668
1722.000000 2.497235
1723.000000 2.498664
1724.000000 2.499164
1725.000000 2.499538
1726.000000 2.500869
1727.000000 2.501791
1728.000000 2.502313
1729.000000 2.500950
1730.000000 2.499888
1731.000000 2.498029
1732.000000 2.498943
1733.000000 2.500604
1734.000000 2.502391
1735.000000 2.503440
1736.000000 2.504245
1737.000000 2.505057
1738.000000 2.503716
1739.000000 2.501247
1740.000000 2.500236
1741.000000 2.498750
1742.000000 2.497978
1743.000000 2.497511
1744.000000 2.498756
1745.000000 2.500519
1746.000000 2.502262
1747.000000 2.504265
1748.000000 2.503845
1749.000000 2.502403
1750.000000 2.499382
1751.000000 2.496455
1752.000000 2.492375
1753.000000 2.490344
1754.000000 2.489278
1755.000000 2.487706
1756.000000 2.490197
1757.000000 2.490679
1758.000000 2.491444
1759.000000 2.494530
1760.000000 2.495419
1761.000000 2.496422
1762.000000 2.497797
1763.000000 2.498661
1764.000000 2.498536
1765.000000 2.499690
1766.000000 2.500120
1767.000000 2.501633
1768.000000 2.500490
1769.000000 2.499172
1770.000000 2.498674
1771.000000 2.498294
1772.000000 2.498842
1773.000000 2.498879
1774.000000 2.498617
1775.000000 2.498127
1776.000000 2.496540
1777.000000 2.497509
1778.000000 2.498996
1779.000000 2.500419
1780.000000 2.503318
1781.000000 2.504473
1782.000000 2.505492
1783.000000 2.506509
1784.000000 2.504676
1785.000000 2.503767
1786.000000 2.504834
1787.000000 2.504253
1788.000000 2.502995
1789.000000 2.502389
1790.000000 2.502505
1791.000000 2.500671
1792.000000 2.501203
1793.000000 2.502670
1794.000000 2.505534
1795.000000 2.506655
1796.000000 2.506829
1797.000000 2.505703
1798.000000 2.503644
1799.000000 2.501096
1800.000000 2.499298
1801.000000 2.496490
1802.000000 2.494905
1803.000000 2.493582
1804.000000 2.494438
1805.000000 2.494931
1806.000000 2.496334
1807.000000 2.495941
1808.000000 2.497039
1809.000000 2.499629
1810.000000 2.501966
1811.000000 2.504087
1812.000000 2.504498
1813.000000 2.503709
1814.000000 2.501502
1815.000000 2.500309
1816.000000 2.499416
1817.000000 2.498038
1818.000000 2.497031
1819.000000 2.496714
1820.000000 2.495721
1821.000000 2.496853
1822.000000 2.499432
1823.000000 2.500094
1824.000000 2.502305
1825.000000 2.504577
1826.000000 2.504582
1827.000000 2.503613
1828.000000 2.502076
1829.000000 2.498783
1830.000000 2.496891
1831.000000 2.495280
1832.000000 2.491040
1833.000000 2.490957
1834.000000 2.491454
1835.000000 2.492351
1836.000000 2.495588
1837.000000 2.498114
1838.000000 2.501347
1839.000000 2.503123
1840.000000 2.503579
1841.000000 2.504549
1842.000000 2.502626
1843.000000 2.502641
1844.000000 2.502115
1845.000000 2.502124
1846.000000 2.501135
1847.000000 2.499775
1848.000000 2.499279
1849.000000 2.498352
1850.000000 2.498570
1851.000000 2.499966
1852.000000 2.500424
1853.000000 2.501497
1854.000000 2.502040
1855.000000 2.501756
1856.000000 2.502755
1857.000000 2.501393
1858.000000 2.501028
1859.000000 2.502048
1860.000000 2.501875
1861.000000 2.502310
1862.000000 2.501125
1863.000000 2.498566
1864.000000 2.497347
1865.000000 2.495290
1866.000000 2.494488
1867.000000 2.496155
1868.000000 2.498100
1869.000000 2.501590
1870.000000 2.502054
1871.000000 2.502746
1872.000000 2.503708
1873.000000 2.503305
1874.000000 2.502814
1875.000000 2.500917
1876.000000 2.499443
1877.000000 2.500303
1878.000000 2.498408
1879.000000 2.495356
1880.000000 2.492695
1881.000000 2.493107
1882.000000 2.495212
1883.000000 2.497168
1884.000000 2.501297
1885.000000 2.505290
1886.000000 2.507916
1887.000000 2.508297
1888.000000 2.506779
1889.000000 2.503741
1890.000000 2.499786
1891.000000 2.497440
1892.000000 2.497472
1893.000000 2.498073
1894.000000 2.497754
1895.000000 2.498437
1896.000000 2.498024
1897.000000 2.499167
1898.000000 2.498870
1899.000000 2.497963
1900.000000 2.496653
1901.000000 2.495440
1902.000000 2.494039
1903.000000 2.494334
1904.000000 2.496508
1905.000000 2.497653
1906.000000 2.497558
1907.000000 2.498972
1908.000000 2.500575
1909.000000 2.502548
1910.000000 2.504046
1911.000000 2.503223
1912.000000 2.504055
1913.000000 2.503972
1914.000000 2.503986
1915.000000 2.504487
1916.000000 2.504424
1917.000000 2.504314
1918.000000 2.503562
1919.000000 2.503388
1920.000000 2.503270
1921.000000 2.502283
1922.000000 2.500538
1923.000000 2.498288
1924.000000 2.495917
1925.000000 2.494023
1926.000000 2.493617
1927.000000 2.495593
1928.000000 2.496525
1929.000000 2.497846
1930.000000 2.499641
1931.000000 2.501281
1932.000000 2.502307
1933.000000 2.501890
1934.000000 2.499563
1935.000000 2.496671
1936.000000 2.494841
1937.000000 2.494156
1938.000000 2.494695
1939.000000 2.495876
1940.000000 2.498339
1941.000000 2.500666
1942.000000 2.503100
1943.000000 2.505250
1944.000000 2.506760
1945.000000 2.506259
1946.000000 2.504416
1947.000000 2.502693
1948.000000 2.499808
1949.000000 2.497882
1950.000000 2.496713
1951.000000 2.495863
1952.000000 2.496750
1953.000000 2.498723
1954.000000 2.499441
1955.000000 2.500449
1956.000000 2.500886
1957.000000 2.500173
1958.000000 2.500489
1959.000000 2.501215
1960.000000 2.501464
1961.000000 2.502179
1962.000000 2.503831
1963.000000 2.503530
1964.000000 2.503457
1965.000000 2.501856
1966.000000 2.501456
1967.000000 2.501191
1968.000000 2.500480
1969.000000 2.500765
1970.000000 2.499634
1971.000000 2.499608
1972.000000 2.501767
1973.000000 2.501712
1974.000000 2.504007
1975.000000 2.505802
1976.000000 2.506588
1977.000000 2.506162
1978.000000 2.504960
1979.000000 2.502250
1980.000000 2.499462
1981.000000 2.497947
1982.000000 2.496183
1983.000000 2.495835
1984.000000 2.495951
1985.000000 2.496485
1986.000000 2.497644
1987.000000 2.496212
1988.000000 2.496594
1989.000000 2.497109
1990.000000 2.497390
1991.000000 2.497192
1992.000000 2.497464
1993.000000 2.497159
1994.000000 2.498415
1995.000000 2.497785
1996.000000 2.497412
1997.000000 2.497880
1998.000000 2.499767
1999.000000 2.502540
2000.000000 2.504704
2001.000000 2.508217
2002.000000 2.509492
2003.000000 2.509969
2004.000000 2.308084
2005.000000 2.139630
2006.000000 2.002339
2007.000000 1.889531
2008.000000 1.898177
2009.000000 1.976370
2010.000000 2.105016
2011.000000 2.267600
2012.000000 2.425096
2013.000000 2.553113
2014.000000 2.634544
2015.000000 2.669724
2016.000000 2.667517
2017.000000 2.637005
2018.000000 2.593272
2019.000000 2.548950
2020.000000 2.513252
2021.000000 2.489627
2022.000000 2.478012
2023.000000 2.480399
2024.000000 2.489441
2025.000000 2.501924
2026.000000 2.514209
2027.000000 2.522079
2028.000000 2.525964
2029.000000 2.525774
2030.000000 2.520933
2031.000000 2.514993
2032.000000 2.509013
2033.000000 2.501644
2034.000000 2.497744
2035.000000 2.496255
2036.000000 2.495297
2037.000000 2.495099
2038.000000 2.496660
2039.000000 2.499844
2040.000000 2.501210
2041.000000 2.501900
2042.000000 2.501713
2043.000000 2.501660
2044.000000 2.500112
2045.000000 2.499623
2046.000000 2.498846
2047.000000 2.498525
2048.000000 2.499378
2049.000000 2.498507
2050.000000 2.497468
2051.000000 2.495581
2052.000000 2.494058
2053.000000 2.492338
2054.000000 2.491385
2055.000000 2.492214
2056.000000 2.494305
2057.000000 2.496087
2058.000000 2.497282
2059.000000 2.497708
2060.000000 2.499459
2061.000000 2.501437
2062.000000 2.500753
2063.000000 2.499925
2064.000000 2.498793
2065.000000 2.497580
2066.000000 2.495519
2067.000000 2.493280
2068.000000 2.491994
2069.000000 2.491935
2070.000000 2.493489
2071.000000 2.495838
2072.000000 2.499094
2073.000000 2.503360
2074.000000 2.504490
2075.000000 2.504312
2076.000000 2.504220
2077.000000 2.503029
2078.000000 2.499587
2079.000000 2.496778
2080.000000 2.491703
2081.000000 2.488652
2082.000000 2.487287
2083.000000 2.486567
2084.000000 2.487522
2085.000000 2.490024
2086.000000 2.493151
2087.000000 2.498753
2088.000000 2.502931
2089.000000 2.504908
2090.000000 2.506206
2091.000000 2.506446
2092.000000 2.507281
2093.000000 2.505974
2094.000000 2.504457
2095.000000 2.501192
2096.000000 2.498559
2097.000000 2.497135
2098.000000 2.498407
2099.000000 2.500464
2100.000000 2.501779
2101.000000 2.503940
2102.000000 2.504519
2103.000000 2.503630
2104.000000 2.503142
2105.000000 2.501440
2106.000000 2.498551
2107.000000 2.496535
2108.000000 2.496054
2109.000000 2.497502
2110.000000 2.498714
2111.000000 2.501347
2112.000000 2.504379
2113.000000 2.506800
2114.000000 2.507676
2115.000000 2.509370
2116.000000 2.509253
2117.000000 2.507629
2118.000000 2.506746
2119.000000 2.506520
2120.000000 2.505287
2121.000000 2.506068
2122.000000 2.506778
2123.000000 2.505874
2124.000000 2.505197
2125.000000 2.503619
2126.000000 2.500813
2127.000000 2.498477
2128.000000 2.496582
2129.000000 2.495943
2130.000000 2.494578
2131.000000 2.493174
2132.000000 2.494718
2133.000000 2.497149
2134.000000 2.499284
2135.000000 2.501263
2136.000000 2.500149
2137.000000 2.498889
2138.000000 2.498904
2139.000000 2.500418
2140.000000 2.500581
2141.000000 2.500787
2142.000000 2.500308
2143.000000 2.500675
2144.000000 2.501664
2145.000000 2.501223
2146.000000 2.501665
2147.000000 2.501769
2148.000000 2.502254
2149.000000 2.500934
2150.000000 2.499804
2151.000000 2.499925
2152.000000 2.499697
2153.000000 2.500960
2154.000000 2.501123
2155.000000 2.500396
2156.000000 2.499660
2157.000000 2.499416
2158.000000 2.497152
2159.000000 2.495864
2160.000000 2.496553
2161.000000 2.498488
2162.000000 2.499833
2163.000000 2.500859
2164.000000 2.503861
2165.000000 2.505164
2166.000000 2.504081
2167.000000 2.501640
2168.000000 2.497398
2169.000000 2.493791
2170.000000 2.491835
2171.000000 2.491112
2172.000000 2.490307
2173.000000 2.490889
2174.000000 2.493851
2175.000000 2.499087
2176.000000 2.503934
2177.000000 2.506395
2178.000000 2.510109
2179.000000 2.512912
2180.000000 2.513770
2181.000000 2.511926
2182.000000 2.507771
2183.000000 2.502696
2184.000000 2.498021
2185.000000 2.496349
2186.000000 2.493842
2187.000000 2.492357
2188.000000 2.491947
2189.000000 2.492277
2190.000000 2.493322
2191.000000 2.494773
2192.000000 2.495896
2193.000000 2.497940
2194.000000 2.499150
2195.000000 2.498755
2196.000000 2.500552
2197.000000 2.502281
2198.000000 2.503906
2199.000000 2.506226
2200.000000 2.507576
2201.000000 2.508120
2202.000000 2.507528
2203.000000 2.505855
2204.000000 2.501194
2205.000000 2.496334
2206.000000 2.493412
2207.000000 2.492492
2208.000000 2.492324
2209.000000 2.495315
2210.000000 2.499692
2211.000000 2.503851
2212.000000 2.506235
2213.000000 2.507033
2214.000000 2.506446
2215.000000 2.505316
2216.000000 2.504306
2217.000000 2.503960
2218.000000 2.504457
2219.000000 2.502973
2220.000000 2.500275
2221.000000 2.497274
2222.000000 2.495918
2223.000000 2.494911
2224.000000 2.495847
2225.000000 2.497542
2226.000000 2.499690
2227.000000 2.501679
2228.000000 2.504079
2229.000000 2.505448
2230.000000 2.505462
2231.000000 2.505366
2232.000000 2.502632
2233.000000 2.501695
2234.000000 2.502154
2235.000000 2.500072
2236.000000 2.498335
2237.000000 2.497793
2238.000000 2.497283
2239.000000 2.496908
2240.000000 2.496491
2241.000000 2.496362
2242.000000 2.496626
2243.000000 2.496675
2244.000000 2.498061
2245.000000 2.499936
2246.000000 2.500879
2247.000000 2.501209
2248.000000 2.501101
2249.000000 2.498939
2250.000000 2.496422
2251.000000 2.494090
2252.000000 2.492362
2253.000000 2.493620
2254.000000 2.494235
2255.000000 2.496783
2256.000000 2.499297
2257.000000 2.501416
2258.000000 2.504633
2259.000000 2.507196
2260.000000 2.507663
2261.000000 2.506225
2262.000000 2.503320
2263.000000 2.499278
2264.000000 2.495261
2265.000000 2.493446
2266.000000 2.493764
2267.000000 2.492823
2268.000000 2.494095
2269.000000 2.497469
2270.000000 2.502467
2271.000000 2.505448
2272.000000 2.505986
2273.000000 2.505234
2274.000000 2.503780
2275.000000 2.502690
2276.000000 2.501488
2277.000000 2.499566
2278.000000 2.497123
2279.000000 2.495255
2280.000000 2.493842
2281.000000 2.494029
2282.000000 2.495286
2283.000000 2.497770
2284.000000 2.500406
2285.000000 2.502128
2286.000000 2.501653
2287.000000 2.500703
2288.000000 2.498456
2289.000000 2.497785
2290.000000 2.497071
2291.000000 2.496003
2292.000000 2.495792
2293.000000 2.695227
2294.000000 2.859581
2295.000000 2.996715
2296.000000 3.108790
2297.000000 3.101648
2298.000000 3.026534
2299.000000 2.898574
2300.000000 2.738443
2301.000000 2.583091
2302.000000 2.454440
2303.000000 2.373106
2304.000000 2.336071
2305.000000 2.338143
2306.000000 2.369199
2307.000000 2.412756
2308.000000 2.456546
2309.000000 2.491712
2310.000000 2.513154
2311.000000 2.519401
2312.000000 2.515087
2313.000000 2.504142
2314.000000 2.491092
2315.000000 2.480725
2316.000000 2.473749
2317.000000 2.470436
2318.000000 2.471996
2319.000000 2.477248
2320.000000 2.484142
2321.000000 2.490134
2322.000000 2.495291
2323.000000 2.498268
2324.000000 2.500060
2325.000000 2.500821
2326.000000 2.500302
2327.000000 2.499226
2328.000000 2.498118
2329.000000 2.498359
2330.000000 2.498360
2331.000000 2.498820
2332.000000 2.500344
2333.000000 2.500174
2334.000000 2.501714
2335.000000 2.503443
2336.000000 2.503097
2337.000000 2.502239
2338.000000 2.501283
2339.000000 2.500501
2340.000000 2.499165
2341.000000 2.496979
2342.000000 2.496505
2343.000000 2.495899
2344.000000 2.496204
2345.000000 2.499118
2346.000000 2.501985
2347.000000 2.504925
2348.000000 2.507806
2349.000000 2.509298
2350.000000 2.509492
2351.000000 2.507430
2352.000000 2.506026
2353.000000 2.504028
2354.000000 2.503646
2355.000000 2.502674
2356.000000 2.501998
2357.000000 2.502699
2358.000000 2.503822
2359.000000 2.503332
2360.000000 2.501904
2361.000000 2.499845
2362.000000 2.499167
2363.000000 2.498431
2364.000000 2.498680
2365.000000 2.499216
2366.000000 2.499523
2367.000000 2.498499
2368.000000 2.498583
2369.000000 2.499596
2370.000000 2.501929
2371.000000 2.504347
2372.000000 2.505473
2373.000000 2.506869
2374.000000 2.507163
2375.000000 2.509304
2376.000000 2.511478
2377.000000 2.511203
2378.000000 2.508702
2379.000000 2.506543
2380.000000 2.503646
2381.000000 2.503243
2382.000000 2.504140
2383.000000 2.503524
2384.000000 2.502607
2385.000000 2.499586
2386.000000 2.495671
2387.000000 2.494343
2388.000000 2.494446
2389.000000 2.494706
2390.000000 2.495896
2391.000000 2.496989
2392.000000 2.497809
2393.000000 2.498440
2394.000000 2.498394
2395.000000 2.497855
2396.000000 2.496729
2397.000000 2.497215
2398.000000 2.498031
2399.000000 2.497769
2400.000000 2.496965
2401.000000 2.495713
2402.000000 2.496239
2403.000000 2.495793
2404.000000 2.495676
2405.000000 2.495667
2406.000000 2.494876
2407.000000 2.494167
2408.000000 2.494433
2409.000000 2.493487
2410.000000 2.494861
2411.000000 2.497243
2412.000000 2.499188
2413.000000 2.500241
2414.000000 2.502697
2415.000000 2.506310
2416.000000 2.506003
2417.000000 2.505321
2418.000000 2.504684
2419.000000 2.501261
2420.000000 2.496593
2421.000000 2.492589
2422.000000 2.489678
2423.000000 2.488527
2424.000000 2.488875
2425.000000 2.491370
2426.000000 2.494784
2427.000000 2.498425
2428.000000 2.501420
2429.000000 2.503044
2430.000000 2.503885
2431.000000 2.504722
2432.000000 2.504843
2433.000000 2.504581
2434.000000 2.504688
2435.000000 2.504291
2436.000000 2.503966
2437.000000 2.504196
2438.000000 2.502274
2439.000000 2.500619
2440.000000 2.501150
2441.000000 2.500688
2442.000000 2.500438
2443.000000 2.499814
2444.000000 2.498520
2445.000000 2.498941
2446.000000 2.496997
2447.000000 2.495603
2448.000000 2.496536
2449.000000 2.498051
2450.000000 2.499803
2451.000000 2.500033
2452.000000 2.498935
2453.000000 2.498154
2454.000000 2.497149
2455.000000 2.497805
2456.000000 2.498294
2457.000000 2.501653
2458.000000 2.503853
2459.000000 2.503610
2460.000000 2.504461
2461.000000 2.504090
2462.000000 2.503905
2463.000000 2.502842
2464.000000 2.501628
2465.000000 2.501311
2466.000000 2.498500
2467.000000 2.497317
2468.000000 2.498721
2469.000000 2.499858
2470.000000 2.501833
2471.000000 2.503815
2472.000000 2.503111
2473.000000 2.503830
2474.000000 2.503786
2475.000000 2.503434
2476.000000 2.505209
2477.000000 2.504005
2478.000000 2.500600
2479.000000 2.497685
2480.000000 2.495917
2481.000000 2.493907
2482.000000 2.492916
2483.000000 2.493302
2484.000000 2.493427
2485.000000 2.496586
2486.000000 2.498248
2487.000000 2.498358
2488.000000 2.498224
2489.000000 2.496477
2490.000000 2.495576
2491.000000 2.494149
2492.000000 2.494478
2493.000000 2.495995
2494.000000 2.496300
2495.000000 2.497382
2496.000000 2.498755
2497.000000 2.499691
2498.000000 2.500765
2499.000000 2.501139
2500.000000 2.502961
