1.000000 0.000000
2.000000 0.000000
3.000000 0.199400
4.000000 0.362668
5.000000 0.496360
6.000000 0.605841
7.000000 0.695503
8.000000 0.768942
9.000000 0.829099
10.000000 0.878384
11.000000 0.918767
12.000000 0.951862
13.000000 0.978990
14.000000 1.001232
15.000000 1.019474
16.000000 1.034439
17.000000 1.046720
18.000000 1.056804
19.000000 1.065088
20.000000 1.071896
21.000000 1.077496
22.000000 1.082105
23.000000 1.085902
24.000000 1.089033
25.000000 1.091618
26.000000 1.093755
27.000000 1.095524
28.000000 1.096992
29.000000 1.098211
30.000000 1.099226
31.000000 1.100074
32.000000 1.100783
33.000000 1.101379
34.000000 1.101880
35.000000 1.102304
36.000000 1.102664
37.000000 1.102971
38.000000 1.103234
39.000000 1.103461
40.000000 1.103656
41.000000 1.103827
42.000000 1.103976
43.000000 1.104107
44.000000 1.104223
45.000000 1.104326
46.000000 1.104418
47.000000 1.104501
48.000000 1.104576
49.000000 1.104644
50.000000 1.104706
51.000000 1.104763
52.000000 1.104816
53.000000 1.104864
54.000000 1.104909
55.000000 1.104951
56.000000 1.104990
57.000000 1.105027
58.000000 1.105061
59.000000 1.105093
60.000000 1.105123
61.000000 1.105151
62.000000 1.105178
63.000000 1.105203
64.000000 1.105227
65.000000 1.105250
66.000000 1.105271
67.000000 1.105292
68.000000 1.105311
69.000000 1.105329
70.000000 1.105346
71.000000 1.105363
72.000000 1.105379
73.000000 1.105393
74.000000 1.105407
75.000000 1.105421
76.000000 1.105434
77.000000 1.105446
78.000000 1.105457
79.000000 1.105468
80.000000 1.105478
81.000000 1.105488
82.000000 1.105498
83.000000 1.105507
84.000000 1.105515
85.000000 1.105523
86.000000 1.105531
87.000000 1.105538
88.000000 1.105545
89.000000 1.105552
90.000000 1.105558
91.000000 1.105564
92.000000 1.105570
93.000000 1.105575
94.000000 1.105580
95.000000 1.105585
96.000000 1.105590
97.000000 1.105595
98.000000 1.105599
99.000000 1.105603
100.000000 1.105607
101.000000 1.105610
102.000000 1.105614
103.000000 1.105617
104.000000 1.105620
105.000000 1.105623
106.000000 1.105626
107.000000 1.105629
108.000000 1.105631
109.000000 1.105634
110.000000 1.105636
111.000000 1.105638
112.000000 1.105640
113.000000 1.105642
114.000000 1.105644
115.000000 1.105646
116.000000 1.105648
117.000000 1.105650
118.000000 1.105651
119.000000 1.105653
120.000000 1.105654
121.000000 1.105655
122.000000 1.105657
123.000000 1.105658
124.000000 1.105659
125.000000 1.105660
126.000000 1.105661
127.000000 1.105662
128.000000 1.105663
129.000000 1.105664
130.000000 1.105665
