1.000000 0.000000
2.000000 0.000000
3.000000 0.000000
4.000000 0.000000
5.000000 0.000000
6.000000 0.000000
7.000000 0.000000
8.000000 0.000000
9.000000 0.000000
10.000000 0.000000
11.000000 0.000000
12.000000 0.000000
13.000000 0.000000
14.000000 0.000000
15.000000 0.000000
16.000000 0.000000
17.000000 0.000000
18.000000 0.000000
19.000000 0.000000
20.000000 0.000000
21.000000 0.000000
22.000000 0.000000
23.000000 0.000000
24.000000 0.000000
25.000000 0.000000
26.000000 0.000000
27.000000 0.175353
28.000000 0.470224
29.000000 0.764335
30.000000 1.065704
31.000000 1.318456
32.000000 1.518065
33.000000 1.635950
34.000000 1.609475
35.000000 1.577619
36.000000 1.551002
37.000000 1.482332
38.000000 1.478327
39.000000 1.496374
40.000000 1.572678
41.000000 1.633876
42.000000 1.664056
43.000000 1.672866
44.000000 1.668569
45.000000 1.637839
46.000000 1.626366
47.000000 1.671897
48.000000 1.712388
49.000000 1.708306
50.000000 1.651795
51.000000 1.577983
52.000000 1.543668
53.000000 1.509520
54.000000 1.535926
55.000000 1.552296
56.000000 1.565821
57.000000 1.640181
58.000000 1.691818
59.000000 1.667614
60.000000 1.710849
61.000000 1.737797
62.000000 1.781073
63.000000 1.819964
64.000000 1.859356
65.000000 1.837435
66.000000 1.806367
67.000000 1.739436
68.000000 1.632627
69.000000 1.551967
70.000000 1.462890
71.000000 1.416123
72.000000 1.410362
73.000000 1.412992
74.000000 1.410283
75.000000 1.442005
76.000000 1.427754
77.000000 1.477011
78.000000 1.590056
79.000000 1.651711
80.000000 1.768568
81.000000 1.910554
82.000000 1.957787
83.000000 1.932490
84.000000 1.862553
85.000000 1.762318
86.000000 1.629518
87.000000 1.524832
88.000000 1.441401
89.000000 1.405659
90.000000 1.415660
91.000000 1.383226
92.000000 1.330552
93.000000 1.319792
94.000000 1.311792
95.000000 1.300620
96.000000 1.385466
97.000000 1.548757
98.000000 1.633936
99.000000 1.700265
100.000000 1.780253
101.000000 1.776072
102.000000 1.721108
103.000000 1.597177
104.000000 1.510276
105.000000 1.463470
106.000000 1.479126
107.000000 1.598330
108.000000 1.709283
109.000000 1.749349
110.000000 1.799083
111.000000 1.786584
112.000000 1.784848
113.000000 1.698601
114.000000 1.571320
115.000000 1.512456
116.000000 1.497475
117.000000 1.466958
118.000000 1.434976
119.000000 1.411720
120.000000 1.420868
121.000000 1.439905
122.000000 1.460329
123.000000 1.514326
124.000000 1.505513
125.000000 1.550126
126.000000 1.614089
127.000000 1.652980
128.000000 1.683790
129.000000 1.729889
130.000000 1.787504
131.000000 1.823608
132.000000 1.830411
133.000000 1.803507
134.000000 1.793150
135.000000 1.771583
136.000000 1.737928
137.000000 1.724663
138.000000 1.656562
139.000000 1.579723
140.000000 1.531129
141.000000 1.440561
142.000000 1.359472
143.000000 1.336058
144.000000 1.316941
145.000000 1.354233
146.000000 1.432925
147.000000 1.541093
148.000000 1.590995
149.000000 1.583191
150.000000 1.550750
151.000000 1.532214
152.000000 1.482549
153.000000 1.471300
154.000000 1.484982
155.000000 1.521056
156.000000 1.588444
157.000000 1.638427
158.000000 1.675016
159.000000 1.732753
160.000000 1.752778
161.000000 1.668138
162.000000 1.594064
163.000000 1.696333
164.000000 1.798454
165.000000 1.935937
166.000000 2.085853
167.000000 2.189957
168.000000 2.235289
169.000000 2.166574
170.000000 2.021503
171.000000 1.860113
172.000000 1.611285
173.000000 1.383013
174.000000 1.259405
175.000000 1.226608
176.000000 1.253829
177.000000 1.361910
178.000000 1.460042
179.000000 1.560955
180.000000 1.635182
181.000000 1.722648
182.000000 1.766683
183.000000 1.765291
184.000000 1.793109
185.000000 1.820409
186.000000 1.845921
187.000000 1.810117
188.000000 1.736201
189.000000 1.723744
190.000000 1.681038
191.000000 1.688405
192.000000 1.680202
193.000000 1.646174
194.000000 1.682555
195.000000 1.637382
196.000000 1.599260
197.000000 1.605509
198.000000 1.512864
199.000000 1.402532
200.000000 1.333972
201.000000 1.317493
202.000000 1.314696
203.000000 1.330319
204.000000 1.469348
205.000000 1.617640
206.000000 1.772838
207.000000 1.884610
208.000000 1.885829
209.000000 1.895555
210.000000 1.854988
211.000000 1.752766
212.000000 1.751131
213.000000 1.664357
214.000000 1.660561
215.000000 1.651032
216.000000 1.628626
217.000000 1.611019
218.000000 1.556646
219.000000 1.569397
220.000000 1.526154
221.000000 1.498222
222.000000 1.484140
223.000000 1.512406
224.000000 1.542857
225.000000 1.551825
226.000000 1.562490
227.000000 1.551639
228.000000 1.582653
229.000000 1.667760
230.000000 1.710187
231.000000 1.761281
232.000000 1.771930
233.000000 1.730738
234.000000 1.719021
235.000000 1.727517
236.000000 1.730133
237.000000 1.731442
238.000000 1.708290
239.000000 1.671834
240.000000 1.585458
241.000000 1.511962
242.000000 1.430471
243.000000 1.386891
244.000000 1.417192
245.000000 1.427189
246.000000 1.481342
247.000000 1.580157
248.000000 1.623047
249.000000 1.627260
250.000000 1.599959
251.000000 1.588003
252.000000 1.564729
253.000000 1.564295
254.000000 1.559735
255.000000 1.570273
256.000000 1.557296
257.000000 1.552802
258.000000 1.566577
259.000000 1.563814
260.000000 1.605349
261.000000 1.632907
262.000000 1.679362
263.000000 1.713964
264.000000 1.676649
265.000000 1.629456
266.000000 1.591679
267.000000 1.538319
268.000000 1.492987
269.000000 1.482939
270.000000 1.527340
271.000000 1.507963
272.000000 1.508045
273.000000 1.467855
274.000000 1.451494
275.000000 1.421162
276.000000 1.399009
277.000000 1.420674
278.000000 1.511197
279.000000 1.617598
280.000000 1.708547
281.000000 1.737023
282.000000 1.712700
283.000000 1.669798
284.000000 1.622850
285.000000 1.566589
286.000000 1.551816
287.000000 1.521075
288.000000 1.542376
289.000000 1.620730
290.000000 1.677602
291.000000 1.766406
292.000000 1.796993
293.000000 1.750913
294.000000 1.742626
295.000000 1.752295
296.000000 1.734843
297.000000 1.705455
298.000000 1.629223
299.000000 1.557822
300.000000 1.490920
301.000000 1.472174
302.000000 1.473974
303.000000 1.457613
304.000000 1.451053
305.000000 1.474249
306.000000 1.514649
307.000000 1.477702
308.000000 1.463065
309.000000 1.493454
310.000000 1.537594
311.000000 1.579632
312.000000 1.575457
313.000000 1.596508
314.000000 1.609374
315.000000 1.562807
316.000000 1.511740
317.000000 1.507750
318.000000 1.551389
319.000000 1.558102
320.000000 1.586414
321.000000 1.626384
322.000000 1.700367
323.000000 1.830477
324.000000 1.917840
325.000000 1.899926
326.000000 1.868013
327.000000 1.824161
328.000000 1.756994
329.000000 1.658269
330.000000 1.600474
331.000000 1.631859
332.000000 1.662954
333.000000 1.641156
334.000000 1.580570
335.000000 1.496853
336.000000 1.424433
337.000000 1.377840
338.000000 1.402384
339.000000 1.424688
340.000000 1.495289
341.000000 1.550066
342.000000 1.637195
343.000000 1.697779
344.000000 1.678979
345.000000 1.668076
346.000000 1.625656
347.000000 1.586607
348.000000 1.571594
349.000000 1.551577
350.000000 1.565988
351.000000 1.563517
352.000000 1.591289
353.000000 1.639352
354.000000 1.676631
355.000000 1.664404
356.000000 1.630035
357.000000 1.569532
358.000000 1.454928
359.000000 1.405720
360.000000 1.411478
361.000000 1.416431
362.000000 1.468394
363.000000 1.514380
364.000000 1.546211
365.000000 1.560173
366.000000 1.582195
367.000000 1.543896
368.000000 1.537118
369.000000 1.597125
370.000000 1.661215
371.000000 1.689576
372.000000 1.667613
373.000000 1.665844
374.000000 1.602098
375.000000 1.556137
376.000000 1.555385
377.000000 1.531852
378.000000 1.556054
379.000000 1.628491
380.000000 1.776193
381.000000 1.842620
382.000000 1.849423
383.000000 1.860789
384.000000 1.855982
385.000000 1.879419
386.000000 1.872283
387.000000 1.843245
388.000000 1.757659
389.000000 1.668101
390.000000 1.515841
391.000000 1.426913
392.000000 1.413974
393.000000 1.424826
394.000000 1.457693
395.000000 1.495130
396.000000 1.530321
397.000000 1.544803
398.000000 1.535242
399.000000 1.540753
400.000000 1.577896
401.000000 1.596468
402.000000 1.572928
403.000000 1.492885
404.000000 1.454611
405.000000 1.484002
406.000000 1.564444
407.000000 1.654972
408.000000 1.760783
409.000000 1.828954
410.000000 1.884262
411.000000 1.860101
412.000000 1.741000
413.000000 1.591259
414.000000 1.464435
415.000000 1.368792
416.000000 1.336507
417.000000 1.390117
418.000000 1.503844
419.000000 1.627557
420.000000 1.709572
421.000000 1.808157
422.000000 1.849653
423.000000 1.823160
424.000000 1.750344
425.000000 1.640165
426.000000 1.476686
427.000000 1.387111
428.000000 1.326747
429.000000 1.371146
430.000000 1.413107
431.000000 1.491509
432.000000 1.550986
433.000000 1.508580
434.000000 1.526102
435.000000 1.546786
436.000000 1.507189
437.000000 1.460110
438.000000 1.436256
439.000000 1.462322
440.000000 1.531385
441.000000 1.632508
442.000000 1.741355
443.000000 1.802436
444.000000 1.817616
445.000000 1.746740
446.000000 1.672857
447.000000 1.589975
448.000000 1.550997
449.000000 1.532579
450.000000 1.575723
451.000000 1.600484
452.000000 1.673771
453.000000 1.719435
454.000000 1.700740
455.000000 1.669347
456.000000 1.610226
457.000000 1.579656
458.000000 1.642554
459.000000 1.691285
460.000000 1.709214
461.000000 1.764254
462.000000 1.797370
463.000000 1.732991
464.000000 1.667965
465.000000 1.596825
466.000000 1.580788
467.000000 1.565162
468.000000 1.522433
469.000000 1.565479
470.000000 1.602444
471.000000 1.632120
472.000000 1.634889
473.000000 1.578751
474.000000 1.484203
475.000000 1.404681
476.000000 1.315837
477.000000 1.310028
478.000000 1.357293
479.000000 1.465947
480.000000 1.505563
481.000000 1.618050
482.000000 1.685858
483.000000 1.728030
484.000000 1.734647
485.000000 1.761264
486.000000 1.815753
487.000000 1.804919
488.000000 1.711931
489.000000 1.617272
490.000000 1.519892
491.000000 1.477409
492.000000 1.451750
493.000000 1.478455
494.000000 1.547568
495.000000 1.635013
496.000000 1.708927
497.000000 1.717759
498.000000 1.637153
499.000000 1.561931
500.000000 1.506811
501.000000 1.515825
502.000000 1.509946
503.000000 1.508564
504.000000 1.562257
505.000000 1.576428
506.000000 1.553869
507.000000 1.565237
508.000000 1.575347
509.000000 1.541352
510.000000 1.541881
511.000000 1.535110
512.000000 1.557544
513.000000 1.588144
514.000000 1.679983
515.000000 1.775119
516.000000 1.822515
517.000000 1.857785
518.000000 1.900953
519.000000 1.860029
520.000000 1.803544
521.000000 1.702197
522.000000 1.634303
523.000000 1.644007
524.000000 1.580026
525.000000 1.556173
526.000000 1.543764
527.000000 1.550256
528.000000 1.569281
529.000000 1.529183
530.000000 1.475887
531.000000 1.469586
532.000000 1.453086
533.000000 1.469115
534.000000 1.505595
535.000000 1.557205
536.000000 1.618140
537.000000 1.598403
538.000000 1.591370
539.000000 1.556952
540.000000 1.522527
541.000000 1.489971
542.000000 1.475267
543.000000 1.501839
544.000000 1.539414
545.000000 1.515445
546.000000 1.516331
547.000000 1.552796
548.000000 1.592812
549.000000 1.574620
550.000000 1.613477
551.000000 1.649316
552.000000 1.693362
553.000000 1.771764
554.000000 1.780117
555.000000 1.751262
556.000000 1.686863
557.000000 1.595628
558.000000 1.545925
559.000000 1.501948
560.000000 1.535603
561.000000 1.643886
562.000000 1.721583
563.000000 1.724535
564.000000 1.759335
565.000000 1.764881
566.000000 1.679753
567.000000 1.539312
568.000000 1.392677
569.000000 1.291352
570.000000 1.272501
571.000000 1.289484
572.000000 1.380994
573.000000 1.459250
574.000000 1.542512
575.000000 1.651953
576.000000 1.716977
577.000000 1.726521
578.000000 1.670469
579.000000 1.668948
580.000000 1.679278
581.000000 1.664449
582.000000 1.635432
583.000000 1.610017
584.000000 1.610750
585.000000 1.496219
586.000000 1.498179
587.000000 1.463779
588.000000 1.467522
589.000000 1.551799
590.000000 1.628790
591.000000 1.669518
592.000000 1.671893
593.000000 1.733018
594.000000 1.729071
595.000000 1.697557
596.000000 1.638875
597.000000 1.538088
598.000000 1.563251
599.000000 1.539786
600.000000 1.566309
601.000000 1.633576
602.000000 1.704109
603.000000 1.748498
604.000000 1.769932
605.000000 1.752857
606.000000 1.740016
607.000000 1.652805
608.000000 1.575770
609.000000 1.560721
610.000000 1.540153
611.000000 1.545821
612.000000 1.528154
613.000000 1.552697
614.000000 1.549972
615.000000 1.536746
616.000000 1.486345
617.000000 1.468099
618.000000 1.434674
619.000000 1.442646
620.000000 1.453168
621.000000 1.528396
622.000000 1.620675
623.000000 1.688432
624.000000 1.721589
625.000000 1.759114
626.000000 1.779636
627.000000 1.804028
628.000000 1.708703
629.000000 1.656242
630.000000 1.618527
631.000000 1.634202
632.000000 1.682714
633.000000 1.702844
634.000000 1.742822
635.000000 1.737211
636.000000 1.673658
637.000000 1.626933
638.000000 1.539520
639.000000 1.444884
640.000000 1.343272
641.000000 1.286175
642.000000 1.293865
643.000000 1.282517
644.000000 1.314454
645.000000 1.394213
646.000000 1.501798
647.000000 1.613743
648.000000 1.710441
649.000000 1.801733
650.000000 1.845343
651.000000 1.827293
652.000000 1.790291
653.000000 1.768840
654.000000 1.747950
655.000000 1.699596
656.000000 1.635598
657.000000 1.567646
658.000000 1.552327
659.000000 1.563506
660.000000 1.619059
661.000000 1.675900
662.000000 1.742673
663.000000 1.809728
664.000000 1.796350
665.000000 1.819007
666.000000 1.797747
667.000000 1.719394
668.000000 1.643524
669.000000 1.558271
670.000000 1.484093
671.000000 1.343364
672.000000 1.297969
673.000000 1.285404
674.000000 1.351949
675.000000 1.412657
676.000000 1.461801
677.000000 1.499627
678.000000 1.549393
679.000000 1.605396
680.000000 1.613016
681.000000 1.608476
682.000000 1.559387
683.000000 1.507513
684.000000 1.405907
685.000000 1.321734
686.000000 1.359440
687.000000 1.474096
688.000000 1.609917
689.000000 1.773280
690.000000 1.893353
691.000000 1.913484
692.000000 1.851567
693.000000 1.789397
694.000000 1.668678
695.000000 1.555661
696.000000 1.494983
697.000000 1.446148
698.000000 1.408426
699.000000 1.435361
700.000000 1.491245
701.000000 1.554643
702.000000 1.633829
703.000000 1.680114
704.000000 1.697258
705.000000 1.662793
706.000000 1.630846
707.000000 1.632544
708.000000 1.633466
709.000000 1.645145
710.000000 1.673423
711.000000 1.610572
712.000000 1.589903
713.000000 1.578377
714.000000 1.592628
715.000000 1.617603
716.000000 1.650115
717.000000 1.678129
718.000000 1.683627
719.000000 1.690994
720.000000 1.674636
721.000000 1.569506
722.000000 1.469390
723.000000 1.393668
724.000000 1.399070
725.000000 1.419429
726.000000 1.439052
727.000000 1.573450
728.000000 1.670716
729.000000 1.660300
730.000000 1.695774
731.000000 1.738388
732.000000 1.706371
733.000000 1.729369
734.000000 1.743243
735.000000 1.727107
736.000000 1.721118
737.000000 1.701219
738.000000 1.674459
739.000000 1.663070
740.000000 1.645740
741.000000 1.664558
742.000000 1.733711
743.000000 1.725239
744.000000 1.768663
745.000000 1.785619
746.000000 1.705912
747.000000 1.707113
748.000000 1.664618
749.000000 1.582845
750.000000 1.470177
751.000000 1.397476
752.000000 1.376828
753.000000 1.446664
754.000000 1.509084
755.000000 1.595770
756.000000 1.687383
757.000000 1.718914
758.000000 1.725039
759.000000 1.715994
760.000000 1.716711
761.000000 1.684420
762.000000 1.667041
763.000000 1.661964
764.000000 1.624412
765.000000 1.548470
766.000000 1.504468
767.000000 1.468877
768.000000 1.466572
769.000000 1.478682
770.000000 1.530813
771.000000 1.604391
772.000000 1.660504
773.000000 1.643908
774.000000 1.643928
775.000000 1.638966
776.000000 1.568191
777.000000 1.552302
778.000000 1.517165
779.000000 1.524531
780.000000 1.542133
781.000000 1.547915
782.000000 1.544499
783.000000 1.549965
784.000000 1.578392
785.000000 1.601345
786.000000 1.578371
787.000000 1.506280
788.000000 1.458114
789.000000 1.402304
790.000000 1.415488
791.000000 1.446420
792.000000 1.461245
793.000000 1.507995
794.000000 1.571222
795.000000 1.665349
796.000000 1.673111
797.000000 1.672202
798.000000 1.644918
799.000000 1.562961
800.000000 1.525276
801.000000 1.534815
802.000000 1.561500
803.000000 1.655859
804.000000 1.557240
805.000000 1.449916
806.000000 1.343253
807.000000 1.163929
808.000000 1.075691
809.000000 1.062503
810.000000 1.105978
811.000000 1.215967
812.000000 1.353569
813.000000 1.504976
814.000000 1.663601
815.000000 1.746886
816.000000 1.785144
817.000000 1.825362
818.000000 1.838839
819.000000 1.825219
820.000000 1.816181
821.000000 1.774542
822.000000 1.721661
823.000000 1.701839
824.000000 1.610811
825.000000 1.614037
826.000000 1.626605
827.000000 1.599599
828.000000 1.540831
829.000000 1.536171
830.000000 1.557404
831.000000 1.513822
832.000000 1.492220
833.000000 1.522329
834.000000 1.540686
835.000000 1.616239
836.000000 1.716010
837.000000 1.751126
838.000000 1.819731
839.000000 1.838779
840.000000 1.768970
841.000000 1.721655
842.000000 1.577594
843.000000 1.435111
844.000000 1.404304
845.000000 1.361595
846.000000 1.421491
847.000000 1.529527
848.000000 1.555242
849.000000 1.563525
850.000000 1.504042
851.000000 1.428940
852.000000 1.387514
853.000000 1.331573
854.000000 1.396052
855.000000 1.462297
856.000000 1.556617
857.000000 1.650217
858.000000 1.678922
859.000000 1.653543
860.000000 1.645808
861.000000 1.663527
862.000000 1.675756
863.000000 1.662766
864.000000 1.663162
865.000000 1.666624
866.000000 1.641097
867.000000 1.647332
868.000000 1.620341
869.000000 1.584139
870.000000 1.578356
871.000000 1.520462
872.000000 1.560808
873.000000 1.551779
874.000000 1.560665
875.000000 1.630636
876.000000 1.660872
877.000000 1.726863
878.000000 1.681445
879.000000 1.624556
880.000000 1.647063
881.000000 1.664152
882.000000 1.675697
883.000000 1.695517
884.000000 1.684016
885.000000 1.729054
886.000000 1.702692
887.000000 1.717927
888.000000 1.746845
889.000000 1.756682
890.000000 1.663624
891.000000 1.595822
892.000000 1.497366
893.000000 1.458832
894.000000 1.451844
895.000000 1.410075
896.000000 1.438565
897.000000 1.452856
898.000000 1.458628
899.000000 1.472979
900.000000 1.528238
901.000000 1.590783
902.000000 1.618289
903.000000 1.655536
904.000000 1.687769
905.000000 1.635576
906.000000 1.576239
907.000000 1.526481
908.000000 1.528852
909.000000 1.528414
910.000000 1.599784
911.000000 1.638407
912.000000 1.648350
913.000000 1.656176
914.000000 1.599726
915.000000 1.591649
916.000000 1.527636
917.000000 1.498585
918.000000 1.521802
919.000000 1.497618
920.000000 1.576374
921.000000 1.677131
922.000000 1.746213
923.000000 1.751245
924.000000 1.719458
925.000000 1.668432
926.000000 1.629253
927.000000 1.696266
928.000000 1.778317
929.000000 1.816814
930.000000 1.826744
931.000000 1.761917
932.000000 1.669354
933.000000 1.554712
934.000000 1.453963
935.000000 1.411744
936.000000 1.390585
937.000000 1.392072
938.000000 1.443736
939.000000 1.496320
940.000000 1.525552
941.000000 1.571944
942.000000 1.633512
943.000000 1.608550
944.000000 1.621366
945.000000 1.532155
946.000000 1.475916
947.000000 1.487419
948.000000 1.522470
949.000000 1.605363
950.000000 1.662021
951.000000 1.719197
952.000000 1.763689
953.000000 1.774033
954.000000 1.735575
955.000000 1.658674
956.000000 1.620882
957.000000 1.635654
958.000000 1.676173
959.000000 1.732311
960.000000 1.780641
961.000000 1.831397
962.000000 1.848442
963.000000 1.806471
964.000000 1.717924
965.000000 1.622182
966.000000 1.515482
967.000000 1.466532
968.000000 1.460010
969.000000 1.480886
970.000000 1.539906
971.000000 1.596126
972.000000 1.636801
973.000000 1.687767
974.000000 1.638165
975.000000 1.546193
976.000000 1.434691
977.000000 1.332440
978.000000 1.317950
979.000000 1.327359
980.000000 1.377709
981.000000 1.442444
982.000000 1.466152
983.000000 1.531541
984.000000 1.551854
985.000000 1.558182
986.000000 1.562014
987.000000 1.575441
988.000000 1.639785
989.000000 1.696798
990.000000 1.763959
991.000000 1.810690
992.000000 1.761636
993.000000 1.761654
994.000000 1.753308
995.000000 1.688902
996.000000 1.679647
997.000000 1.618393
998.000000 1.554923
999.000000 1.487613
1000.000000 1.398274
1001.000000 1.343984
1002.000000 1.401667
1003.000000 1.471140
1004.000000 1.525109
1005.000000 1.684884
1006.000000 1.807824
1007.000000 1.852141
1008.000000 1.836118
1009.000000 1.721970
1010.000000 1.614827
1011.000000 1.514188
1012.000000 1.432724
1013.000000 1.387484
1014.000000 1.422797
1015.000000 1.425361
1016.000000 1.429789
1017.000000 1.425187
1018.000000 1.410843
1019.000000 1.416929
1020.000000 1.403903
1021.000000 1.329874
1022.000000 1.274718
1023.000000 1.247929
1024.000000 1.197026
1025.000000 1.170779
1026.000000 1.196498
1027.000000 1.264541
1028.000000 1.361068
1029.000000 1.460540
1030.000000 1.587078
1031.000000 1.666084
1032.000000 1.713532
1033.000000 1.578183
1034.000000 1.502502
1035.000000 1.429489
1036.000000 1.374653
1037.000000 1.354795
1038.000000 1.333929
1039.000000 1.301815
1040.000000 1.248257
1041.000000 1.256336
1042.000000 1.273773
1043.000000 1.521566
1044.000000 1.764091
1045.000000 1.914323
1046.000000 1.999710
1047.000000 1.979791
1048.000000 1.891017
1049.000000 1.781347
1050.000000 1.622297
1051.000000 1.509992
1052.000000 1.469744
1053.000000 1.396942
1054.000000 1.345685
1055.000000 1.320419
1056.000000 1.281927
1057.000000 1.277957
1058.000000 1.321366
1059.000000 1.319390
1060.000000 1.404274
1061.000000 1.454902
1062.000000 1.405545
1063.000000 1.422684
1064.000000 1.413403
1065.000000 1.417876
1066.000000 1.365666
1067.000000 1.331859
1068.000000 1.307611
1069.000000 1.306562
1070.000000 1.330170
1071.000000 1.291233
1072.000000 1.263772
1073.000000 1.212051
1074.000000 1.203723
1075.000000 1.228970
1076.000000 1.246230
1077.000000 1.284654
1078.000000 1.363733
1079.000000 1.463895
1080.000000 1.539214
1081.000000 1.573703
1082.000000 1.574864
1083.000000 1.544482
1084.000000 1.446618
1085.000000 1.323928
1086.000000 1.215310
1087.000000 1.174190
1088.000000 1.163437
1089.000000 1.267718
1090.000000 1.366707
1091.000000 1.496772
1092.000000 1.639521
1093.000000 1.728020
1094.000000 1.699712
1095.000000 1.590141
1096.000000 1.471814
1097.000000 1.305816
1098.000000 1.183918
1099.000000 1.158243
1100.000000 1.183039
1101.000000 1.258895
1102.000000 1.358317
1103.000000 1.411715
1104.000000 1.460018
1105.000000 1.546351
1106.000000 1.525612
1107.000000 1.487388
1108.000000 1.408463
1109.000000 1.339654
1110.000000 1.303681
1111.000000 1.240806
1112.000000 1.293396
1113.000000 1.382488
1114.000000 1.447804
1115.000000 1.565732
1116.000000 1.620475
1117.000000 1.621462
1118.000000 1.605081
1119.000000 1.568261
1120.000000 1.552156
1121.000000 1.533917
1122.000000 1.487787
1123.000000 1.438660
1124.000000 1.433349
1125.000000 1.408662
1126.000000 1.405534
1127.000000 1.445336
1128.000000 1.503875
1129.000000 1.562808
1130.000000 1.561268
1131.000000 1.581553
1132.000000 1.589681
1133.000000 1.554839
1134.000000 1.572589
1135.000000 1.562488
1136.000000 1.454989
1137.000000 1.358805
1138.000000 1.257742
1139.000000 1.141862
1140.000000 1.180474
1141.000000 1.256980
1142.000000 1.392228
1143.000000 1.440444
1144.000000 1.486397
1145.000000 1.500079
1146.000000 1.471948
1147.000000 1.446418
1148.000000 1.399743
1149.000000 1.326631
1150.000000 1.281206
1151.000000 1.258001
1152.000000 1.294482
1153.000000 1.298610
1154.000000 1.228426
1155.000000 1.228509
1156.000000 1.217442
1157.000000 1.156992
1158.000000 1.109241
1159.000000 1.099053
1160.000000 1.089988
1161.000000 1.195632
1162.000000 1.303792
1163.000000 1.353521
1164.000000 1.449988
1165.000000 1.550706
1166.000000 1.632667
1167.000000 1.693472
1168.000000 1.689743
1169.000000 1.667240
1170.000000 1.600558
1171.000000 1.534344
1172.000000 1.447385
1173.000000 1.393108
1174.000000 1.347736
1175.000000 1.307569
1176.000000 1.342108
1177.000000 1.347821
1178.000000 1.355726
1179.000000 1.335463
1180.000000 1.293288
1181.000000 1.223120
1182.000000 1.176613
1183.000000 1.140985
1184.000000 1.176827
1185.000000 1.204605
1186.000000 1.215342
1187.000000 1.291798
1188.000000 1.378445
1189.000000 1.397503
1190.000000 1.422806
1191.000000 1.523299
1192.000000 1.505193
1193.000000 1.516847
1194.000000 1.463350
1195.000000 1.432294
1196.000000 1.406474
1197.000000 1.331954
1198.000000 1.317792
1199.000000 1.403771
1200.000000 1.476706
1201.000000 1.535657
1202.000000 1.570719
1203.000000 1.573043
1204.000000 1.349252
1205.000000 1.151507
1206.000000 1.000748
1207.000000 0.917138
1208.000000 0.887724
1209.000000 0.961746
1210.000000 1.122340
1211.000000 1.256383
1212.000000 1.402521
1213.000000 1.472396
1214.000000 1.465018
1215.000000 1.513851
1216.000000 1.488759
1217.000000 1.410242
1218.000000 1.334215
1219.000000 1.260403
1220.000000 1.216806
1221.000000 1.202669
1222.000000 1.192831
1223.000000 1.228453
1224.000000 1.248830
1225.000000 1.331720
1226.000000 1.373410
1227.000000 1.421768
1228.000000 1.422428
1229.000000 1.466864
1230.000000 1.516577
1231.000000 1.571819
1232.000000 1.604445
1233.000000 1.589827
1234.000000 1.617552
1235.000000 1.645882
1236.000000 1.568185
1237.000000 1.480042
1238.000000 1.395562
1239.000000 1.386913
1240.000000 1.418255
1241.000000 1.420473
1242.000000 1.445523
1243.000000 1.424823
1244.000000 1.348925
1245.000000 1.382920
1246.000000 1.360552
1247.000000 1.362929
1248.000000 1.404134
1249.000000 1.389662
1250.000000 1.431798
1251.000000 1.450828
1252.000000 1.429797
1253.000000 1.366070
1254.000000 1.296729
1255.000000 1.285991
1256.000000 1.228086
1257.000000 1.206658
1258.000000 1.217423
1259.000000 1.238068
1260.000000 1.332740
1261.000000 1.397347
1262.000000 1.396096
1263.000000 1.376539
1264.000000 1.378017
1265.000000 1.401898
1266.000000 1.485797
1267.000000 1.515697
1268.000000 1.556290
1269.000000 1.603749
1270.000000 1.582104
1271.000000 1.536939
1272.000000 1.482288
1273.000000 1.403383
1274.000000 1.327251
1275.000000 1.314685
1276.000000 1.360262
1277.000000 1.408779
1278.000000 1.408660
1279.000000 1.405156
1280.000000 1.431892
1281.000000 1.447016
1282.000000 1.523572
1283.000000 1.571430
1284.000000 1.628545
1285.000000 1.647440
1286.000000 1.643040
1287.000000 1.604748
1288.000000 1.575458
1289.000000 1.522677
1290.000000 1.453593
1291.000000 1.392015
1292.000000 1.363729
1293.000000 1.355461
1294.000000 1.316127
1295.000000 1.283572
1296.000000 1.305176
1297.000000 1.330536
1298.000000 1.334918
1299.000000 1.335759
1300.000000 1.258609
1301.000000 1.255685
1302.000000 1.221084
1303.000000 1.232751
1304.000000 1.228923
1305.000000 1.198048
1306.000000 1.216344
1307.000000 1.250470
1308.000000 1.288445
1309.000000 1.278903
1310.000000 1.331220
1311.000000 1.356546
1312.000000 1.402982
1313.000000 1.437239
1314.000000 1.474849
1315.000000 1.525808
1316.000000 1.601421
1317.000000 1.584775
1318.000000 1.588252
1319.000000 1.537357
1320.000000 1.488053
1321.000000 1.426224
1322.000000 1.355422
1323.000000 1.357428
1324.000000 1.363597
1325.000000 1.414356
1326.000000 1.475618
1327.000000 1.500426
1328.000000 1.529581
1329.000000 1.554927
1330.000000 1.601341
1331.000000 1.604073
1332.000000 1.521733
1333.000000 1.398964
1334.000000 1.303284
1335.000000 1.216131
1336.000000 1.176154
1337.000000 1.198254
1338.000000 1.232823
1339.000000 1.295095
1340.000000 1.331468
1341.000000 1.337624
1342.000000 1.357574
1343.000000 1.387480
1344.000000 1.441596
1345.000000 1.456697
1346.000000 1.450125
1347.000000 1.423907
1348.000000 1.342993
1349.000000 1.262337
1350.000000 1.238896
1351.000000 1.225000
1352.000000 1.227899
1353.000000 1.240411
1354.000000 1.281565
1355.000000 1.309059
1356.000000 1.343322
1357.000000 1.400217
1358.000000 1.410442
1359.000000 1.467614
1360.000000 1.544865
1361.000000 1.568416
1362.000000 1.584093
1363.000000 1.562443
1364.000000 1.521971
1365.000000 1.415518
1366.000000 1.383954
1367.000000 1.402786
1368.000000 1.354720
1369.000000 1.364268
1370.000000 1.395392
1371.000000 1.415172
1372.000000 1.417818
1373.000000 1.439957
1374.000000 1.449775
1375.000000 1.499361
1376.000000 1.509173
1377.000000 1.516571
1378.000000 1.508146
1379.000000 1.482446
1380.000000 1.423710
1381.000000 1.321395
1382.000000 1.215391
1383.000000 1.183519
1384.000000 1.158822
1385.000000 1.198817
1386.000000 1.264406
1387.000000 1.390853
1388.000000 1.499483
1389.000000 1.578948
1390.000000 1.603599
1391.000000 1.596911
1392.000000 1.543921
1393.000000 1.441570
1394.000000 1.330798
1395.000000 1.251601
1396.000000 1.200231
1397.000000 1.222241
1398.000000 1.295664
1399.000000 1.419695
1400.000000 1.504283
1401.000000 1.556999
1402.000000 1.589176
1403.000000 1.572049
1404.000000 1.552449
1405.000000 1.551018
1406.000000 1.495377
1407.000000 1.435249
1408.000000 1.393506
1409.000000 1.333016
1410.000000 1.361687
1411.000000 1.368491
1412.000000 1.377018
1413.000000 1.396935
1414.000000 1.382572
1415.000000 1.319880
1416.000000 1.256724
1417.000000 1.187979
1418.000000 1.206409
1419.000000 1.232508
1420.000000 1.277052
1421.000000 1.346304
1422.000000 1.414046
1423.000000 1.450749
1424.000000 1.449240
1425.000000 1.427031
1426.000000 1.385390
1427.000000 1.349574
1428.000000 1.346366
1429.000000 1.366303
1430.000000 1.395867
1431.000000 1.460355
1432.000000 1.511976
1433.000000 1.530214
1434.000000 1.526594
1435.000000 1.514303
1436.000000 1.484133
1437.000000 1.463731
1438.000000 1.454022
1439.000000 1.439529
1440.000000 1.421417
1441.000000 1.413757
1442.000000 1.403760
1443.000000 1.402044
1444.000000 1.440993
1445.000000 1.396617
1446.000000 1.379650
1447.000000 1.354714
1448.000000 1.322594
1449.000000 1.296245
1450.000000 1.279319
1451.000000 1.274033
1452.000000 1.276791
1453.000000 1.303948
1454.000000 1.385242
1455.000000 1.479741
1456.000000 1.546807
1457.000000 1.529149
1458.000000 1.473595
1459.000000 1.404416
1460.000000 1.339771
1461.000000 1.283572
1462.000000 1.256126
1463.000000 1.244446
1464.000000 1.331813
1465.000000 1.427147
1466.000000 1.484569
1467.000000 1.541383
1468.000000 1.550437
1469.000000 1.493549
1470.000000 1.462745
1471.000000 1.382884
1472.000000 1.310437
1473.000000 1.284766
1474.000000 1.286846
1475.000000 1.382557
1476.000000 1.430561
1477.000000 1.424886
1478.000000 1.403565
1479.000000 1.415761
1480.000000 1.432608
1481.000000 1.466576
1482.000000 1.534179
1483.000000 1.585337
1484.000000 1.562820
1485.000000 1.517440
1486.000000 1.473512
1487.000000 1.382985
1488.000000 1.338433
1489.000000 1.279767
1490.000000 1.277709
1491.000000 1.290221
1492.000000 1.287890
1493.000000 1.334343
1494.000000 1.336324
1495.000000 1.310374
1496.000000 1.287474
1497.000000 1.297420
1498.000000 1.310972
1499.000000 1.291589
1500.000000 1.305890
1501.000000 1.380399
1502.000000 1.440860
1503.000000 1.518791
1504.000000 1.541763
1505.000000 1.542547
1506.000000 1.575773
1507.000000 1.690975
1508.000000 1.798885
1509.000000 1.905571
1510.000000 2.000767
1511.000000 2.148958
1512.000000 2.290247
1513.000000 2.355647
1514.000000 2.389368
1515.000000 2.408562
1516.000000 2.392476
1517.000000 2.366273
1518.000000 2.387091
1519.000000 2.420758
1520.000000 2.520353
1521.000000 2.534606
1522.000000 2.580396
1523.000000 2.620663
1524.000000 2.598277
1525.000000 2.593799
1526.000000 2.558712
1527.000000 2.541022
1528.000000 2.510720
1529.000000 2.478840
1530.000000 2.418280
1531.000000 2.407238
1532.000000 2.368820
1533.000000 2.359821
1534.000000 2.336294
1535.000000 2.346703
1536.000000 2.326298
1537.000000 2.335486
1538.000000 2.366477
1539.000000 2.450243
1540.000000 2.518077
1541.000000 2.595384
1542.000000 2.622467
1543.000000 2.620365
1544.000000 2.619393
1545.000000 2.540815
1546.000000 2.490292
1547.000000 2.477886
1548.000000 2.470720
1549.000000 2.471642
1550.000000 2.503631
1551.000000 2.563276
1552.000000 2.640833
1553.000000 2.677999
1554.000000 2.704812
1555.000000 2.699589
1556.000000 2.645528
1557.000000 2.543466
1558.000000 2.414154
1559.000000 2.327394
1560.000000 2.259181
1561.000000 2.299620
1562.000000 2.341796
1563.000000 2.390450
1564.000000 2.463369
1565.000000 2.487298
1566.000000 2.537168
1567.000000 2.541899
1568.000000 2.545142
1569.000000 2.598302
1570.000000 2.586358
1571.000000 2.566090
1572.000000 2.579860
1573.000000 2.572580
1574.000000 2.555463
1575.000000 2.534798
1576.000000 2.482500
1577.000000 2.460795
1578.000000 2.405213
1579.000000 2.344988
1580.000000 2.353155
1581.000000 2.369492
1582.000000 2.403374
1583.000000 2.470479
1584.000000 2.524075
1585.000000 2.567914
1586.000000 2.630247
1587.000000 2.574365
1588.000000 2.513365
1589.000000 2.461335
1590.000000 2.383201
1591.000000 2.409717
1592.000000 2.376182
1593.000000 2.478177
1594.000000 2.585722
1595.000000 2.642902
1596.000000 2.739766
1597.000000 2.780602
1598.000000 2.721672
1599.000000 2.637401
1600.000000 2.525158
1601.000000 2.424087
1602.000000 2.329825
1603.000000 2.288345
1604.000000 2.335010
1605.000000 2.365096
1606.000000 2.437988
1607.000000 2.527686
1608.000000 2.630808
1609.000000 2.690089
1610.000000 2.632516
1611.000000 2.567942
1612.000000 2.531932
1613.000000 2.495761
1614.000000 2.465552
1615.000000 2.428095
1616.000000 2.453021
1617.000000 2.465302
1618.000000 2.380032
1619.000000 2.350030
1620.000000 2.339800
1621.000000 2.358962
1622.000000 2.428362
1623.000000 2.467037
1624.000000 2.495334
1625.000000 2.526174
1626.000000 2.526286
1627.000000 2.537457
1628.000000 2.553407
1629.000000 2.547610
1630.000000 2.598723
1631.000000 2.568935
1632.000000 2.518645
1633.000000 2.494773
1634.000000 2.491044
1635.000000 2.479938
1636.000000 2.405230
1637.000000 2.363856
1638.000000 2.391261
1639.000000 2.366041
1640.000000 2.402124
1641.000000 2.475182
1642.000000 2.539441
1643.000000 2.801755
1644.000000 3.004300
1645.000000 3.169421
1646.000000 3.315934
1647.000000 3.279639
1648.000000 3.146536
1649.000000 2.972175
1650.000000 2.728438
1651.000000 2.432055
1652.000000 2.229633
1653.000000 2.159769
1654.000000 2.149276
1655.000000 2.160039
1656.000000 2.182909
1657.000000 2.243516
1658.000000 2.329542
1659.000000 2.476369
1660.000000 2.520238
1661.000000 2.554351
1662.000000 2.590102
1663.000000 2.584191
1664.000000 2.533398
1665.000000 2.494276
1666.000000 2.459841
1667.000000 2.405465
1668.000000 2.424128
1669.000000 2.470281
1670.000000 2.517809
1671.000000 2.541068
1672.000000 2.569130
1673.000000 2.625708
1674.000000 2.606508
1675.000000 2.607355
1676.000000 2.609868
1677.000000 2.553551
1678.000000 2.484321
1679.000000 2.428835
1680.000000 2.400577
1681.000000 2.452519
1682.000000 2.523292
1683.000000 2.583694
1684.000000 2.625871
1685.000000 2.630070
1686.000000 2.614248
1687.000000 2.584874
1688.000000 2.544306
1689.000000 2.536554
1690.000000 2.526523
1691.000000 2.545875
1692.000000 2.539297
1693.000000 2.521419
1694.000000 2.547353
1695.000000 2.564249
1696.000000 2.528335
1697.000000 2.528712
1698.000000 2.459734
1699.000000 2.390932
1700.000000 2.396410
1701.000000 2.348291
1702.000000 2.406293
1703.000000 2.430031
1704.000000 2.440697
1705.000000 2.454705
1706.000000 2.398372
1707.000000 2.406076
1708.000000 2.404711
1709.000000 2.418033
1710.000000 2.470156
1711.000000 2.565646
1712.000000 2.596306
1713.000000 2.596407
1714.000000 2.571623
1715.000000 2.503463
1716.000000 2.463973
1717.000000 2.425352
1718.000000 2.389121
1719.000000 2.383618
1720.000000 2.357521
1721.000000 2.412185
1722.000000 2.458261
1723.000000 2.536800
1724.000000 2.641371
1725.000000 2.722629
1726.000000 2.736587
1727.000000 2.752570
1728.000000 2.686918
1729.000000 2.600057
1730.000000 2.548464
1731.000000 2.457778
1732.000000 2.423676
1733.000000 2.422459
1734.000000 2.421902
1735.000000 2.445067
1736.000000 2.415436
1737.000000 2.428770
1738.000000 2.400246
1739.000000 2.376655
1740.000000 2.367365
1741.000000 2.386835
1742.000000 2.388118
1743.000000 2.404486
1744.000000 2.436033
1745.000000 2.488111
1746.000000 2.505831
1747.000000 2.568933
1748.000000 2.635434
1749.000000 2.643826
1750.000000 2.622787
1751.000000 2.597797
1752.000000 2.586869
1753.000000 2.613401
1754.000000 2.499820
1755.000000 2.456637
1756.000000 2.440561
1757.000000 2.449628
1758.000000 2.469338
1759.000000 2.491669
1760.000000 2.576736
1761.000000 2.671371
1762.000000 2.730693
1763.000000 2.692825
1764.000000 2.650342
1765.000000 2.569134
1766.000000 2.463076
1767.000000 2.350378
1768.000000 2.258689
1769.000000 2.211172
1770.000000 2.201452
1771.000000 2.237328
1772.000000 2.235623
1773.000000 2.268079
1774.000000 2.342051
1775.000000 2.430189
1776.000000 2.473290
1777.000000 2.495655
1778.000000 2.543357
1779.000000 2.580883
1780.000000 2.633946
1781.000000 2.675703
1782.000000 2.685666
1783.000000 2.699513
1784.000000 2.701860
1785.000000 2.710849
1786.000000 2.678072
1787.000000 2.638837
1788.000000 2.640055
1789.000000 2.598678
1790.000000 2.530311
1791.000000 2.522238
1792.000000 2.534908
1793.000000 2.557636
1794.000000 2.658020
1795.000000 2.692254
1796.000000 2.664915
1797.000000 2.576602
1798.000000 2.424555
1799.000000 2.339046
1800.000000 2.321853
1801.000000 2.344696
1802.000000 2.346542
1803.000000 2.361520
1804.000000 2.413425
1805.000000 2.500035
1806.000000 2.526258
1807.000000 2.547172
1808.000000 2.587587
1809.000000 2.576722
1810.000000 2.566674
1811.000000 2.525499
1812.000000 2.511335
1813.000000 2.458480
1814.000000 2.444773
1815.000000 2.437086
1816.000000 2.449710
1817.000000 2.441676
1818.000000 2.453162
1819.000000 2.425204
1820.000000 2.443772
1821.000000 2.418964
1822.000000 2.399325
1823.000000 2.393557
1824.000000 2.430574
1825.000000 2.460502
1826.000000 2.431562
1827.000000 2.402285
1828.000000 2.408101
1829.000000 2.399934
1830.000000 2.434516
1831.000000 2.480987
1832.000000 2.489509
1833.000000 2.510279
1834.000000 2.499053
1835.000000 2.508666
1836.000000 2.536640
1837.000000 2.511181
1838.000000 2.522666
1839.000000 2.532408
1840.000000 2.523215
1841.000000 2.534917
1842.000000 2.569432
1843.000000 2.618821
1844.000000 2.690345
1845.000000 2.722465
1846.000000 2.732150
1847.000000 2.719007
1848.000000 2.664550
1849.000000 2.589816
1850.000000 2.501472
1851.000000 2.507707
1852.000000 2.528870
1853.000000 2.527120
1854.000000 2.476792
1855.000000 2.405345
1856.000000 2.357878
1857.000000 2.354771
1858.000000 2.332153
1859.000000 2.333680
1860.000000 2.327331
1861.000000 2.346970
1862.000000 2.396409
1863.000000 2.432987
1864.000000 2.484326
1865.000000 2.456934
1866.000000 2.455431
1867.000000 2.477352
1868.000000 2.526988
1869.000000 2.563832
1870.000000 2.640234
1871.000000 2.634187
1872.000000 2.578352
1873.000000 2.536036
1874.000000 2.519510
1875.000000 2.463325
1876.000000 2.458696
1877.000000 2.462997
1878.000000 2.466635
1879.000000 2.502578
1880.000000 2.539927
1881.000000 2.538647
1882.000000 2.528752
1883.000000 2.478988
1884.000000 2.435426
1885.000000 2.471356
1886.000000 2.534982
1887.000000 2.582925
1888.000000 2.576942
1889.000000 2.543206
1890.000000 2.541582
1891.000000 2.523066
1892.000000 2.537211
1893.000000 2.572761
1894.000000 2.573267
1895.000000 2.582483
1896.000000 2.595845
1897.000000 2.624984
1898.000000 2.545578
1899.000000 2.491817
1900.000000 2.424377
1901.000000 2.358400
1902.000000 2.283702
1903.000000 2.225148
1904.000000 2.226747
1905.000000 2.296128
1906.000000 2.333200
1907.000000 2.370917
1908.000000 2.476634
1909.000000 2.592810
1910.000000 2.646936
1911.000000 2.680888
1912.000000 2.728067
1913.000000 2.709120
1914.000000 2.690745
1915.000000 2.670998
1916.000000 2.639511
1917.000000 2.658811
1918.000000 2.644057
1919.000000 2.645192
1920.000000 2.605645
1921.000000 2.543156
1922.000000 2.481912
1923.000000 2.417698
1924.000000 2.378961
1925.000000 2.364487
1926.000000 2.387969
1927.000000 2.363337
1928.000000 2.323489
1929.000000 2.275536
1930.000000 2.250182
1931.000000 2.295855
1932.000000 2.370161
1933.000000 2.451691
1934.000000 2.521600
1935.000000 2.562022
1936.000000 2.609067
1937.000000 2.611777
1938.000000 2.615596
1939.000000 2.609775
1940.000000 2.552286
1941.000000 2.494338
1942.000000 2.459667
1943.000000 2.497774
1944.000000 2.539184
1945.000000 2.588819
1946.000000 2.633915
1947.000000 2.628140
1948.000000 2.577659
1949.000000 2.594982
1950.000000 2.523141
1951.000000 2.442561
1952.000000 2.448407
1953.000000 2.427181
1954.000000 2.395487
1955.000000 2.353865
1956.000000 2.337129
1957.000000 2.341901
1958.000000 2.336302
1959.000000 2.263895
1960.000000 2.265555
1961.000000 2.283818
1962.000000 2.398744
1963.000000 2.478622
1964.000000 2.535467
1965.000000 2.602335
1966.000000 2.599956
1967.000000 2.598176
1968.000000 2.514851
1969.000000 2.462173
1970.000000 2.438602
1971.000000 2.475704
1972.000000 2.538804
1973.000000 2.570679
1974.000000 2.649294
1975.000000 2.698834
1976.000000 2.685728
1977.000000 2.659325
1978.000000 2.662228
1979.000000 2.624812
1980.000000 2.612441
1981.000000 2.611839
1982.000000 2.619136
1983.000000 2.605733
1984.000000 2.566571
1985.000000 2.581509
1986.000000 2.612198
1987.000000 2.618301
1988.000000 2.646925
1989.000000 2.573578
1990.000000 2.472497
1991.000000 2.397491
1992.000000 2.363309
1993.000000 2.348123
1994.000000 2.317980
1995.000000 2.317611
1996.000000 2.320585
1997.000000 2.344192
1998.000000 2.364368
1999.000000 2.410606
2000.000000 2.538768
2001.000000 2.616210
2002.000000 2.709883
2003.000000 2.652115
2004.000000 2.357711
2005.000000 2.102062
2006.000000 1.893559
2007.000000 1.703054
2008.000000 1.679159
2009.000000 1.724415
2010.000000 1.880837
2011.000000 2.114307
2012.000000 2.323951
2013.000000 2.489787
2014.000000 2.625675
2015.000000 2.667786
2016.000000 2.674630
2017.000000 2.663288
2018.000000 2.645399
2019.000000 2.594908
2020.000000 2.520607
2021.000000 2.447242
2022.000000 2.415611
2023.000000 2.425423
2024.000000 2.422554
2025.000000 2.465961
2026.000000 2.541273
2027.000000 2.631622
2028.000000 2.653047
2029.000000 2.620122
2030.000000 2.591290
2031.000000 2.564501
2032.000000 2.519686
2033.000000 2.512358
2034.000000 2.526417
2035.000000 2.546182
2036.000000 2.579791
2037.000000 2.620115
2038.000000 2.594042
2039.000000 2.518925
2040.000000 2.534303
2041.000000 2.517626
2042.000000 2.516686
2043.000000 2.576232
2044.000000 2.610376
2045.000000 2.660376
2046.000000 2.668006
2047.000000 2.638892
2048.000000 2.579947
2049.000000 2.454218
2050.000000 2.405568
2051.000000 2.362577
2052.000000 2.276978
2053.000000 2.201295
2054.000000 2.197373
2055.000000 2.267139
2056.000000 2.300102
2057.000000 2.369623
2058.000000 2.458540
2059.000000 2.538413
2060.000000 2.620863
2061.000000 2.662393
2062.000000 2.713716
2063.000000 2.755030
2064.000000 2.766673
2065.000000 2.714495
2066.000000 2.658991
2067.000000 2.592693
2068.000000 2.505819
2069.000000 2.489205
2070.000000 2.485145
2071.000000 2.467033
2072.000000 2.444360
2073.000000 2.466541
2074.000000 2.481714
2075.000000 2.474893
2076.000000 2.418620
2077.000000 2.368531
2078.000000 2.325111
2079.000000 2.304952
2080.000000 2.403954
2081.000000 2.509530
2082.000000 2.515166
2083.000000 2.538897
2084.000000 2.494948
2085.000000 2.400222
2086.000000 2.326897
2087.000000 2.266243
2088.000000 2.192670
2089.000000 2.183669
2090.000000 2.220272
2091.000000 2.315342
2092.000000 2.445452
2093.000000 2.592302
2094.000000 2.714157
2095.000000 2.731105
2096.000000 2.745905
2097.000000 2.680336
2098.000000 2.636361
2099.000000 2.618947
2100.000000 2.591423
2101.000000 2.534847
2102.000000 2.538787
2103.000000 2.621947
2104.000000 2.679495
2105.000000 2.713723
2106.000000 2.756944
2107.000000 2.763086
2108.000000 2.746677
2109.000000 2.664897
2110.000000 2.566584
2111.000000 2.443573
2112.000000 2.380022
2113.000000 2.342944
2114.000000 2.375880
2115.000000 2.430323
2116.000000 2.480245
2117.000000 2.541244
2118.000000 2.544149
2119.000000 2.509103
2120.000000 2.461378
2121.000000 2.394346
2122.000000 2.340970
2123.000000 2.317925
2124.000000 2.306740
2125.000000 2.324003
2126.000000 2.326141
2127.000000 2.324319
2128.000000 2.374748
2129.000000 2.453502
2130.000000 2.530116
2131.000000 2.605681
2132.000000 2.688579
2133.000000 2.756809
2134.000000 2.707130
2135.000000 2.604433
2136.000000 2.498813
2137.000000 2.447034
2138.000000 2.405805
2139.000000 2.425850
2140.000000 2.466325
2141.000000 2.467768
2142.000000 2.518617
2143.000000 2.535659
2144.000000 2.522915
2145.000000 2.508821
2146.000000 2.527835
2147.000000 2.529433
2148.000000 2.508019
2149.000000 2.473081
2150.000000 2.476864
2151.000000 2.501528
2152.000000 2.529266
2153.000000 2.506007
2154.000000 2.502365
2155.000000 2.437370
2156.000000 2.368956
2157.000000 2.359892
2158.000000 2.386162
2159.000000 2.410097
2160.000000 2.404088
2161.000000 2.475685
2162.000000 2.505963
2163.000000 2.572493
2164.000000 2.616925
2165.000000 2.607867
2166.000000 2.628330
2167.000000 2.691300
2168.000000 2.679770
2169.000000 2.717339
2170.000000 2.687134
2171.000000 2.656732
2172.000000 2.618599
2173.000000 2.584660
2174.000000 2.514193
2175.000000 2.500606
2176.000000 2.488433
2177.000000 2.384849
2178.000000 2.349505
2179.000000 2.346404
2180.000000 2.307169
2181.000000 2.260634
2182.000000 2.300175
2183.000000 2.352077
2184.000000 2.394776
2185.000000 2.461786
2186.000000 2.534050
2187.000000 2.635459
2188.000000 2.675308
2189.000000 2.644149
2190.000000 2.594268
2191.000000 2.525826
2192.000000 2.403638
2193.000000 2.349157
2194.000000 2.367106
2195.000000 2.402088
2196.000000 2.502828
2197.000000 2.597937
2198.000000 2.609188
2199.000000 2.635136
2200.000000 2.696443
2201.000000 2.735148
2202.000000 2.771762
2203.000000 2.745399
2204.000000 2.688050
2205.000000 2.612209
2206.000000 2.503494
2207.000000 2.370128
2208.000000 2.311863
2209.000000 2.254647
2210.000000 2.229481
2211.000000 2.274506
2212.000000 2.311713
2213.000000 2.322594
2214.000000 2.301306
2215.000000 2.346659
2216.000000 2.440339
2217.000000 2.527524
2218.000000 2.616776
2219.000000 2.692885
2220.000000 2.748612
2221.000000 2.766331
2222.000000 2.670338
2223.000000 2.564437
2224.000000 2.503328
2225.000000 2.410750
2226.000000 2.337050
2227.000000 2.294898
2228.000000 2.294902
2229.000000 2.345792
2230.000000 2.422802
2231.000000 2.526433
2232.000000 2.627458
2233.000000 2.753080
2234.000000 2.782143
2235.000000 2.783290
2236.000000 2.732340
2237.000000 2.666855
2238.000000 2.584946
2239.000000 2.475963
2240.000000 2.389818
2241.000000 2.342667
2242.000000 2.384667
2243.000000 2.430722
2244.000000 2.467471
2245.000000 2.528276
2246.000000 2.596774
2247.000000 2.617561
2248.000000 2.545543
2249.000000 2.497315
2250.000000 2.378420
2251.000000 2.286103
2252.000000 2.254596
2253.000000 2.264962
2254.000000 2.327433
2255.000000 2.397193
2256.000000 2.513951
2257.000000 2.623608
2258.000000 2.721427
2259.000000 2.762303
2260.000000 2.747856
2261.000000 2.681364
2262.000000 2.601948
2263.000000 2.529215
2264.000000 2.522561
2265.000000 2.464298
2266.000000 2.493764
2267.000000 2.444325
2268.000000 2.430705
2269.000000 2.467622
2270.000000 2.456972
2271.000000 2.419598
2272.000000 2.365912
2273.000000 2.325776
2274.000000 2.316087
2275.000000 2.352460
2276.000000 2.402954
2277.000000 2.458756
2278.000000 2.507952
2279.000000 2.514481
2280.000000 2.536253
2281.000000 2.506213
2282.000000 2.477190
2283.000000 2.504775
2284.000000 2.496443
2285.000000 2.469718
2286.000000 2.506608
2287.000000 2.533643
2288.000000 2.524022
2289.000000 2.543447
2290.000000 2.548907
2291.000000 2.566831
2292.000000 2.607395
2293.000000 2.819748
2294.000000 3.032051
2295.000000 3.184241
2296.000000 3.274202
2297.000000 3.227924
2298.000000 3.081754
2299.000000 2.911494
2300.000000 2.662384
2301.000000 2.442088
2302.000000 2.233997
2303.000000 2.186789
2304.000000 2.227883
2305.000000 2.285950
2306.000000 2.409679
2307.000000 2.478742
2308.000000 2.607207
2309.000000 2.693105
2310.000000 2.669234
2311.000000 2.660931
2312.000000 2.592701
2313.000000 2.479674
2314.000000 2.338677
2315.000000 2.256678
2316.000000 2.153243
2317.000000 2.140826
2318.000000 2.135979
2319.000000 2.241034
2320.000000 2.402047
2321.000000 2.576818
2322.000000 2.776845
2323.000000 2.856772
2324.000000 2.850062
2325.000000 2.775268
2326.000000 2.651814
2327.000000 2.589176
2328.000000 2.474271
2329.000000 2.423673
2330.000000 2.387692
2331.000000 2.353746
2332.000000 2.351558
2333.000000 2.339369
2334.000000 2.351601
2335.000000 2.363256
2336.000000 2.413595
2337.000000 2.499816
2338.000000 2.571363
2339.000000 2.646679
2340.000000 2.662398
2341.000000 2.657159
2342.000000 2.617289
2343.000000 2.544753
2344.000000 2.463141
2345.000000 2.398271
2346.000000 2.368970
2347.000000 2.381456
2348.000000 2.460935
2349.000000 2.526404
2350.000000 2.588874
2351.000000 2.608782
2352.000000 2.579985
2353.000000 2.558822
2354.000000 2.555537
2355.000000 2.520381
2356.000000 2.497780
2357.000000 2.435736
2358.000000 2.368112
2359.000000 2.341196
2360.000000 2.389063
2361.000000 2.429991
2362.000000 2.495727
2363.000000 2.563449
2364.000000 2.617043
2365.000000 2.666070
2366.000000 2.707844
2367.000000 2.700534
2368.000000 2.666485
2369.000000 2.560375
2370.000000 2.484954
2371.000000 2.445548
2372.000000 2.404006
2373.000000 2.362957
2374.000000 2.310648
2375.000000 2.316964
2376.000000 2.350973
2377.000000 2.381411
2378.000000 2.425735
2379.000000 2.485344
2380.000000 2.507385
2381.000000 2.517124
2382.000000 2.493274
2383.000000 2.480094
2384.000000 2.448204
2385.000000 2.407851
2386.000000 2.406281
2387.000000 2.459848
2388.000000 2.493421
2389.000000 2.529592
2390.000000 2.521579
2391.000000 2.523486
2392.000000 2.510359
2393.000000 2.497134
2394.000000 2.512199
2395.000000 2.521529
2396.000000 2.517779
2397.000000 2.526528
2398.000000 2.546548
2399.000000 2.534129
2400.000000 2.552636
2401.000000 2.601189
2402.000000 2.613713
2403.000000 2.647429
2404.000000 2.694307
2405.000000 2.688161
2406.000000 2.636752
2407.000000 2.590360
2408.000000 2.516326
2409.000000 2.492966
2410.000000 2.465838
2411.000000 2.479745
2412.000000 2.520513
2413.000000 2.563789
2414.000000 2.653706
2415.000000 2.655848
2416.000000 2.680436
2417.000000 2.655471
2418.000000 2.578011
2419.000000 2.528021
2420.000000 2.459177
2421.000000 2.332018
2422.000000 2.222972
2423.000000 2.183528
2424.000000 2.208063
2425.000000 2.269048
2426.000000 2.375220
2427.000000 2.452634
2428.000000 2.523975
2429.000000 2.642106
2430.000000 2.642741
2431.000000 2.611678
2432.000000 2.537371
2433.000000 2.467608
2434.000000 2.430856
2435.000000 2.417198
2436.000000 2.496318
2437.000000 2.530906
2438.000000 2.478007
2439.000000 2.446159
2440.000000 2.396092
2441.000000 2.326798
2442.000000 2.289520
2443.000000 2.255542
2444.000000 2.229908
2445.000000 2.293655
2446.000000 2.352197
2447.000000 2.389732
2448.000000 2.447066
2449.000000 2.488930
2450.000000 2.500633
2451.000000 2.480268
2452.000000 2.472764
2453.000000 2.461120
2454.000000 2.519985
2455.000000 2.550691
2456.000000 2.629562
2457.000000 2.674686
2458.000000 2.686327
2459.000000 2.700594
2460.000000 2.666380
2461.000000 2.595151
2462.000000 2.526961
2463.000000 2.493342
2464.000000 2.509115
2465.000000 2.510029
2466.000000 2.557887
2467.000000 2.618014
2468.000000 2.641185
2469.000000 2.701019
2470.000000 2.709347
2471.000000 2.738691
2472.000000 2.660603
2473.000000 2.564995
2474.000000 2.474077
2475.000000 2.386764
2476.000000 2.292596
2477.000000 2.246617
2478.000000 2.212442
2479.000000 2.201991
2480.000000 2.307011
2481.000000 2.408530
2482.000000 2.520828
2483.000000 2.552398
2484.000000 2.607573
2485.000000 2.612876
2486.000000 2.600379
2487.000000 2.607861
2488.000000 2.580628
2489.000000 2.599268
2490.000000 2.616880
2491.000000 2.557255
2492.000000 2.528810
2493.000000 2.509246
2494.000000 2.501724
2495.000000 2.451945
2496.000000 2.355340
2497.000000 2.346386
2498.000000 2.367336
2499.000000 2.323857
2500.000000 2.341652
