1.000000 0.000000
2.000000 0.000000
3.000000 0.000000
4.000000 0.000000
5.000000 0.000000
6.000000 0.000000
7.000000 0.000000
8.000000 0.000000
9.000000 0.000000
10.000000 0.000000
11.000000 0.000000
12.000000 0.000000
13.000000 0.000000
14.000000 0.000000
15.000000 0.000000
16.000000 0.000000
17.000000 0.000000
18.000000 0.000000
19.000000 0.000000
20.000000 0.000000
21.000000 -0.029283
22.000000 -0.058109
23.000000 -0.086471
24.000000 -0.114365
25.000000 -0.141791
26.000000 -0.168795
27.000000 -0.195419
28.000000 -0.221684
29.000000 -0.247584
30.000000 -0.273087
31.000000 -0.298143
32.000000 -0.322696
33.000000 -0.359435
34.000000 -0.407939
35.000000 -0.461117
36.000000 -0.512168
37.000000 -0.563649
38.000000 -0.615571
39.000000 -0.665537
40.000000 -0.709976
41.000000 -0.737957
42.000000 -0.748558
43.000000 -0.749817
44.000000 -0.742753
45.000000 -0.728619
46.000000 -0.710985
47.000000 -0.693678
48.000000 -0.676838
49.000000 -0.661057
50.000000 -0.646889
51.000000 -0.634790
52.000000 -0.625125
53.000000 -0.617824
54.000000 -0.612586
55.000000 -0.609019
56.000000 -0.606715
57.000000 -0.605314
58.000000 -0.604522
59.000000 -0.604112
60.000000 -0.603919
61.000000 -0.603824
62.000000 -0.603754
63.000000 -0.603669
64.000000 -0.603559
65.000000 -0.603434
66.000000 -0.603314
67.000000 -0.603221
68.000000 -0.603168
69.000000 -0.603156
70.000000 -0.603178
71.000000 -0.603217
72.000000 -0.603255
73.000000 -0.603280
74.000000 -0.603284
75.000000 -0.603266
76.000000 -0.603231
77.000000 -0.603186
78.000000 -0.603137
79.000000 -0.603090
80.000000 -0.603048
81.000000 -0.603014
82.000000 -0.602988
83.000000 -0.602969
84.000000 -0.602957
85.000000 -0.602951
86.000000 -0.602948
87.000000 -0.602949
88.000000 -0.602951
89.000000 -0.602954
90.000000 -0.602956
91.000000 -0.602959
92.000000 -0.602961
93.000000 -0.602962
94.000000 -0.602963
95.000000 -0.602964
96.000000 -0.602964
97.000000 -0.602964
98.000000 -0.602964
99.000000 -0.602964
100.000000 -0.602965
101.000000 -0.602965
102.000000 -0.602965
103.000000 -0.602966
104.000000 -0.602966
105.000000 -0.602966
106.000000 -0.602966
107.000000 -0.602967
108.000000 -0.602966
109.000000 -0.602966
110.000000 -0.602966
111.000000 -0.602966
112.000000 -0.602966
113.000000 -0.602966
114.000000 -0.602966
115.000000 -0.602966
116.000000 -0.602966
117.000000 -0.602966
118.000000 -0.602966
119.000000 -0.602966
120.000000 -0.602966
121.000000 -0.602966
122.000000 -0.602966
123.000000 -0.602966
124.000000 -0.602966
125.000000 -0.602966
126.000000 -0.602966
127.000000 -0.602966
128.000000 -0.602966
129.000000 -0.602966
130.000000 -0.602966
131.000000 -0.602966
132.000000 -0.602966
133.000000 -0.602966
134.000000 -0.602966
135.000000 -0.602966
136.000000 -0.602966
137.000000 -0.602966
138.000000 -0.602966
139.000000 -0.602966
140.000000 -0.602966
141.000000 -0.602966
142.000000 -0.602966
143.000000 -0.602966
144.000000 -0.602966
145.000000 -0.602966
146.000000 -0.602966
147.000000 -0.602966
148.000000 -0.602966
149.000000 -0.602966
150.000000 -0.602966
151.000000 -0.602966
152.000000 -0.602966
153.000000 -0.602966
154.000000 -0.602966
155.000000 -0.602966
156.000000 -0.602966
157.000000 -0.602966
158.000000 -0.602966
159.000000 -0.602966
160.000000 -0.602966
161.000000 -0.602966
162.000000 -0.602966
163.000000 -0.602966
164.000000 -0.602966
165.000000 -0.602966
166.000000 -0.602966
167.000000 -0.602966
168.000000 -0.602966
169.000000 -0.602966
170.000000 -0.602966
171.000000 -0.602966
172.000000 -0.602966
173.000000 -0.602966
174.000000 -0.602966
175.000000 -0.602966
176.000000 -0.602966
177.000000 -0.602966
178.000000 -0.602966
179.000000 -0.602966
180.000000 -0.602966
181.000000 -0.602966
182.000000 -0.602966
183.000000 -0.602966
184.000000 -0.602966
185.000000 -0.602966
186.000000 -0.602966
187.000000 -0.602966
188.000000 -0.602966
189.000000 -0.602966
190.000000 -0.602966
191.000000 -0.602966
192.000000 -0.602966
193.000000 -0.602966
194.000000 -0.602966
195.000000 -0.602966
196.000000 -0.602966
197.000000 -0.602966
198.000000 -0.602966
199.000000 -0.602966
200.000000 -0.602966
201.000000 -0.410386
202.000000 -0.319957
203.000000 -0.296640
204.000000 -0.311100
205.000000 -0.341387
206.000000 -0.370838
207.000000 -0.392624
208.000000 -0.406604
209.000000 -0.410516
210.000000 -0.402798
211.000000 -0.386594
212.000000 -0.365588
213.000000 -0.342073
214.000000 -0.319129
215.000000 -0.299629
216.000000 -0.284933
217.000000 -0.274683
218.000000 -0.267669
219.000000 -0.262810
220.000000 -0.259529
221.000000 -0.257557
222.000000 -0.256865
223.000000 -0.256739
224.000000 -0.256671
225.000000 -0.256455
226.000000 -0.256099
227.000000 -0.255699
228.000000 -0.255346
229.000000 -0.255087
230.000000 -0.254925
231.000000 -0.254837
232.000000 -0.254789
233.000000 -0.254752
234.000000 -0.254711
235.000000 -0.254658
236.000000 -0.254597
237.000000 -0.254534
238.000000 -0.254475
239.000000 -0.254424
240.000000 -0.254385
241.000000 -0.254356
242.000000 -0.254336
243.000000 -0.254323
244.000000 -0.254315
245.000000 -0.254310
246.000000 -0.254308
247.000000 -0.254307
248.000000 -0.254307
249.000000 -0.254308
250.000000 -0.254309
251.000000 -0.254310
252.000000 -0.254311
253.000000 -0.254312
254.000000 -0.254313
255.000000 -0.254313
256.000000 -0.254313
257.000000 -0.254313
258.000000 -0.254313
259.000000 -0.254313
260.000000 -0.254313
261.000000 -0.254313
262.000000 -0.254313
263.000000 -0.254313
264.000000 -0.254313
265.000000 -0.254313
266.000000 -0.254313
267.000000 -0.254313
268.000000 -0.254313
269.000000 -0.254313
270.000000 -0.254313
271.000000 -0.254313
272.000000 -0.254313
273.000000 -0.254313
274.000000 -0.254313
275.000000 -0.254313
276.000000 -0.254313
277.000000 -0.254313
278.000000 -0.254313
279.000000 -0.254313
280.000000 -0.254313
281.000000 -0.254313
282.000000 -0.254313
283.000000 -0.254313
284.000000 -0.254313
285.000000 -0.254313
286.000000 -0.254313
287.000000 -0.254313
288.000000 -0.254313
289.000000 -0.254313
290.000000 -0.254313
291.000000 -0.254313
292.000000 -0.254313
293.000000 -0.254313
294.000000 -0.254313
295.000000 -0.254313
296.000000 -0.254313
297.000000 -0.254313
298.000000 -0.254313
299.000000 -0.254313
300.000000 -0.254313
301.000000 -0.254313
302.000000 -0.254313
303.000000 -0.254313
304.000000 -0.254313
305.000000 -0.254313
306.000000 -0.254313
307.000000 -0.254313
308.000000 -0.254313
309.000000 -0.254313
310.000000 -0.254313
311.000000 -0.254313
312.000000 -0.254313
313.000000 -0.254313
314.000000 -0.254313
315.000000 -0.254313
316.000000 -0.254313
317.000000 -0.254313
318.000000 -0.254313
319.000000 -0.254313
320.000000 -0.254313
321.000000 -0.254313
322.000000 -0.254313
323.000000 -0.254313
324.000000 -0.254313
325.000000 -0.254313
326.000000 -0.254313
327.000000 -0.254313
328.000000 -0.254313
329.000000 -0.254313
330.000000 -0.254313
331.000000 -0.254313
332.000000 -0.254313
333.000000 -0.254313
334.000000 -0.254313
335.000000 -0.254313
336.000000 -0.254313
337.000000 -0.254313
338.000000 -0.254313
339.000000 -0.254313
340.000000 -0.254313
341.000000 -0.254313
342.000000 -0.254313
343.000000 -0.254313
344.000000 -0.254313
345.000000 -0.254313
346.000000 -0.254313
347.000000 -0.254313
348.000000 -0.254313
349.000000 -0.254313
350.000000 -0.254313
351.000000 -0.254313
352.000000 -0.254313
353.000000 -0.254313
354.000000 -0.254313
355.000000 -0.254313
356.000000 -0.254313
357.000000 -0.254313
358.000000 -0.254313
359.000000 -0.254313
360.000000 -0.254313
361.000000 -0.254313
362.000000 -0.254313
363.000000 -0.254313
364.000000 -0.254313
365.000000 -0.254313
366.000000 -0.254313
367.000000 -0.254313
368.000000 -0.254313
369.000000 -0.254313
370.000000 -0.254313
371.000000 -0.254313
372.000000 -0.254313
373.000000 -0.254313
374.000000 -0.254313
375.000000 -0.254313
376.000000 -0.254313
377.000000 -0.254313
378.000000 -0.254313
379.000000 -0.254313
380.000000 -0.254313
381.000000 -0.254313
382.000000 -0.254313
383.000000 -0.254313
384.000000 -0.254313
385.000000 -0.254313
386.000000 -0.254313
387.000000 -0.254313
388.000000 -0.254313
389.000000 -0.254313
390.000000 -0.254313
391.000000 -0.254313
392.000000 -0.254313
393.000000 -0.254313
394.000000 -0.254313
395.000000 -0.254313
396.000000 -0.254313
397.000000 -0.254313
398.000000 -0.254313
399.000000 -0.254313
400.000000 -0.254313
401.000000 -0.738896
402.000000 -1.000000
403.000000 -1.000000
404.000000 -1.000000
405.000000 -1.000000
406.000000 -1.000000
407.000000 -1.000000
408.000000 -1.000000
409.000000 -1.000000
410.000000 -1.000000
411.000000 -1.000000
412.000000 -0.995543
413.000000 -0.973241
414.000000 -0.940857
415.000000 -0.907444
416.000000 -0.882674
417.000000 -0.869295
418.000000 -0.862909
419.000000 -0.860009
420.000000 -0.858621
421.000000 -0.857829
422.000000 -0.857156
423.000000 -0.856284
424.000000 -0.855064
425.000000 -0.853599
426.000000 -0.852225
427.000000 -0.851359
428.000000 -0.851313
429.000000 -0.852062
430.000000 -0.853394
431.000000 -0.855049
432.000000 -0.857048
433.000000 -0.859133
434.000000 -0.861035
435.000000 -0.862590
436.000000 -0.863753
437.000000 -0.864574
438.000000 -0.865145
439.000000 -0.865557
440.000000 -0.865866
441.000000 -0.866088
442.000000 -0.866208
443.000000 -0.866208
444.000000 -0.866078
445.000000 -0.865829
446.000000 -0.865491
447.000000 -0.865104
448.000000 -0.864710
449.000000 -0.864338
450.000000 -0.864009
451.000000 -0.863729
452.000000 -0.863500
453.000000 -0.863316
454.000000 -0.863173
455.000000 -0.863066
456.000000 -0.862992
457.000000 -0.862947
458.000000 -0.862930
459.000000 -0.862938
460.000000 -0.862968
461.000000 -0.863014
462.000000 -0.863072
463.000000 -0.863137
464.000000 -0.863205
465.000000 -0.863272
466.000000 -0.863334
467.000000 -0.863390
468.000000 -0.863438
469.000000 -0.863478
470.000000 -0.863509
471.000000 -0.863533
472.000000 -0.863549
473.000000 -0.863559
474.000000 -0.863563
475.000000 -0.863561
476.000000 -0.863556
477.000000 -0.863548
478.000000 -0.863537
479.000000 -0.863525
480.000000 -0.863512
481.000000 -0.863499
482.000000 -0.863487
483.000000 -0.863477
484.000000 -0.863467
485.000000 -0.863459
486.000000 -0.863453
487.000000 -0.863448
488.000000 -0.863444
489.000000 -0.863442
490.000000 -0.863441
491.000000 -0.863441
492.000000 -0.863442
493.000000 -0.863444
494.000000 -0.863446
495.000000 -0.863448
496.000000 -0.863450
497.000000 -0.863453
498.000000 -0.863455
499.000000 -0.863457
500.000000 -0.863459
501.000000 -0.863461
502.000000 -0.863462
503.000000 -0.863463
504.000000 -0.863464
505.000000 -0.863464
506.000000 -0.863464
507.000000 -0.863464
508.000000 -0.863464
509.000000 -0.863464
510.000000 -0.863464
511.000000 -0.863463
512.000000 -0.863463
513.000000 -0.863462
514.000000 -0.863462
515.000000 -0.863461
516.000000 -0.863461
517.000000 -0.863461
518.000000 -0.863460
519.000000 -0.863460
520.000000 -0.863460
521.000000 -0.863460
522.000000 -0.863460
523.000000 -0.863460
524.000000 -0.863460
525.000000 -0.863460
526.000000 -0.863460
527.000000 -0.863460
528.000000 -0.863460
529.000000 -0.863460
530.000000 -0.863460
531.000000 -0.863460
532.000000 -0.863460
533.000000 -0.863461
534.000000 -0.863461
535.000000 -0.863461
536.000000 -0.863461
537.000000 -0.863461
538.000000 -0.863461
539.000000 -0.863461
540.000000 -0.863461
541.000000 -0.863461
542.000000 -0.863461
543.000000 -0.863461
544.000000 -0.863461
545.000000 -0.863461
546.000000 -0.863461
547.000000 -0.863461
548.000000 -0.863461
549.000000 -0.863461
550.000000 -0.863461
551.000000 -0.863461
552.000000 -0.863461
553.000000 -0.863461
554.000000 -0.863461
555.000000 -0.863461
556.000000 -0.863461
557.000000 -0.863461
558.000000 -0.863461
559.000000 -0.863461
560.000000 -0.863461
561.000000 -0.863461
562.000000 -0.863461
563.000000 -0.863461
564.000000 -0.863461
565.000000 -0.863461
566.000000 -0.863461
567.000000 -0.863461
568.000000 -0.863461
569.000000 -0.863461
570.000000 -0.863461
571.000000 -0.863461
572.000000 -0.863461
573.000000 -0.863461
574.000000 -0.863461
575.000000 -0.863461
576.000000 -0.863461
577.000000 -0.863461
578.000000 -0.863461
579.000000 -0.863461
580.000000 -0.863461
581.000000 -0.863461
582.000000 -0.863461
583.000000 -0.863461
584.000000 -0.863461
585.000000 -0.863461
586.000000 -0.863461
587.000000 -0.863461
588.000000 -0.863461
589.000000 -0.863461
590.000000 -0.863461
591.000000 -0.863461
592.000000 -0.863461
593.000000 -0.863461
594.000000 -0.863461
595.000000 -0.863461
596.000000 -0.863461
597.000000 -0.863461
598.000000 -0.863461
599.000000 -0.863461
600.000000 -0.863461
601.000000 -0.362752
602.000000 -0.127636
603.000000 -0.067012
604.000000 -0.104608
605.000000 -0.183355
606.000000 -0.274332
607.000000 -0.371013
608.000000 -0.445269
609.000000 -0.495715
610.000000 -0.516184
611.000000 -0.496270
612.000000 -0.468378
613.000000 -0.435487
614.000000 -0.366734
615.000000 -0.304277
616.000000 -0.250358
617.000000 -0.218744
618.000000 -0.200717
619.000000 -0.182971
620.000000 -0.167215
621.000000 -0.154678
622.000000 -0.142000
623.000000 -0.131075
624.000000 -0.122286
625.000000 -0.113019
626.000000 -0.101903
627.000000 -0.091357
628.000000 -0.084099
629.000000 -0.079773
630.000000 -0.075957
631.000000 -0.072291
632.000000 -0.068756
633.000000 -0.065345
634.000000 -0.062047
635.000000 -0.058845
636.000000 -0.055723
637.000000 -0.052667
638.000000 -0.049668
639.000000 -0.046721
640.000000 -0.043820
641.000000 -0.040963
642.000000 -0.038150
643.000000 -0.035377
644.000000 -0.032645
645.000000 -0.029953
646.000000 -0.027298
647.000000 -0.024681
648.000000 -0.022099
649.000000 -0.019552
650.000000 -0.017039
651.000000 -0.014559
652.000000 -0.012110
653.000000 -0.009692
654.000000 -0.007304
655.000000 -0.004945
656.000000 -0.002614
657.000000 -0.000310
658.000000 0.001967
659.000000 0.004218
660.000000 0.006444
661.000000 0.008646
662.000000 0.010824
663.000000 0.012978
664.000000 0.015110
665.000000 0.017568
666.000000 0.020443
667.000000 0.023715
668.000000 0.027368
669.000000 0.031382
670.000000 0.035750
671.000000 0.040478
672.000000 0.045583
673.000000 0.051094
674.000000 0.057035
675.000000 0.063430
676.000000 0.070294
677.000000 0.077636
678.000000 0.085457
679.000000 0.093754
680.000000 0.102518
681.000000 0.111733
682.000000 0.121379
683.000000 0.131432
684.000000 0.141861
685.000000 0.152631
686.000000 0.163704
687.000000 0.174906
688.000000 0.185735
689.000000 0.196196
690.000000 0.206298
691.000000 0.216050
692.000000 0.225465
693.000000 0.234556
694.000000 0.243345
695.000000 0.251854
696.000000 0.260107
697.000000 0.268125
698.000000 0.275929
699.000000 0.283536
700.000000 0.290961
701.000000 0.298217
702.000000 0.305316
703.000000 0.312268
704.000000 0.319081
705.000000 0.325763
706.000000 0.332322
707.000000 0.338764
708.000000 0.345093
709.000000 0.351315
710.000000 0.357434
711.000000 0.363456
712.000000 0.369382
713.000000 0.375217
714.000000 0.380963
715.000000 0.386624
716.000000 0.392203
717.000000 0.397701
718.000000 0.403121
719.000000 0.408466
720.000000 0.413736
721.000000 0.418934
722.000000 0.424062
723.000000 0.429122
724.000000 0.434114
725.000000 0.439041
726.000000 0.443903
727.000000 0.448703
728.000000 0.453440
729.000000 0.458118
730.000000 0.462735
731.000000 0.467295
732.000000 0.471797
733.000000 0.476242
734.000000 0.480633
735.000000 0.484968
736.000000 0.489250
737.000000 0.493480
738.000000 0.497657
739.000000 0.501783
740.000000 0.505859
741.000000 0.509885
742.000000 0.513862
743.000000 0.517791
744.000000 0.521672
745.000000 0.525506
746.000000 0.529294
747.000000 0.533036
748.000000 0.536733
749.000000 0.540385
750.000000 0.543994
751.000000 0.547559
752.000000 0.551082
753.000000 0.554562
754.000000 0.558001
755.000000 0.561399
756.000000 0.564755
757.000000 0.568072
758.000000 0.571349
759.000000 0.574587
760.000000 0.577786
761.000000 0.580947
762.000000 0.584070
763.000000 0.587156
764.000000 0.590205
765.000000 0.593218
766.000000 0.596195
767.000000 0.599136
768.000000 0.602042
769.000000 0.604914
770.000000 0.607751
771.000000 0.610554
772.000000 0.613324
773.000000 0.616061
774.000000 0.618765
775.000000 0.621437
776.000000 0.624077
777.000000 0.626686
778.000000 0.629263
779.000000 0.631810
780.000000 0.634326
781.000000 0.636812
782.000000 0.639268
783.000000 0.641695
784.000000 0.644094
785.000000 0.646463
786.000000 0.648804
787.000000 0.651117
788.000000 0.653402
789.000000 0.655661
790.000000 0.657892
791.000000 0.660096
792.000000 0.662274
793.000000 0.664426
794.000000 0.666552
795.000000 0.668653
796.000000 0.670728
797.000000 0.672779
798.000000 0.674805
799.000000 0.676807
800.000000 0.678784
801.000000 0.307508
802.000000 -0.057707
803.000000 -0.416927
804.000000 -0.770231
805.000000 -1.000000
806.000000 -1.000000
807.000000 -1.000000
808.000000 -1.000000
809.000000 -1.000000
810.000000 -1.000000
811.000000 -1.000000
812.000000 -0.976751
813.000000 -0.920354
814.000000 -0.859876
815.000000 -0.809470
816.000000 -0.774622
817.000000 -0.753452
818.000000 -0.741292
819.000000 -0.733873
820.000000 -0.728897
821.000000 -0.724776
822.000000 -0.721384
823.000000 -0.719126
824.000000 -0.718215
825.000000 -0.718665
826.000000 -0.720297
827.000000 -0.722808
828.000000 -0.725849
829.000000 -0.729070
830.000000 -0.732184
831.000000 -0.734994
832.000000 -0.737618
833.000000 -0.739954
834.000000 -0.741886
835.000000 -0.743361
836.000000 -0.744398
837.000000 -0.745080
838.000000 -0.745517
839.000000 -0.745802
840.000000 -0.745987
841.000000 -0.746073
842.000000 -0.746039
843.000000 -0.745868
844.000000 -0.745569
845.000000 -0.745177
846.000000 -0.744744
847.000000 -0.744322
848.000000 -0.743951
849.000000 -0.743651
850.000000 -0.743422
851.000000 -0.743255
852.000000 -0.743136
853.000000 -0.743054
854.000000 -0.742999
855.000000 -0.742966
856.000000 -0.742952
857.000000 -0.742954
858.000000 -0.742971
859.000000 -0.743000
860.000000 -0.743037
861.000000 -0.743079
862.000000 -0.743121
863.000000 -0.743162
864.000000 -0.743200
865.000000 -0.743232
866.000000 -0.743260
867.000000 -0.743282
868.000000 -0.743298
869.000000 -0.743311
870.000000 -0.743319
871.000000 -0.743324
872.000000 -0.743326
873.000000 -0.743325
874.000000 -0.743324
875.000000 -0.743320
876.000000 -0.743316
877.000000 -0.743311
878.000000 -0.743306
879.000000 -0.743301
880.000000 -0.743297
881.000000 -0.743293
882.000000 -0.743289
883.000000 -0.743287
884.000000 -0.743285
885.000000 -0.743283
886.000000 -0.743282
887.000000 -0.743282
888.000000 -0.743282
889.000000 -0.743282
890.000000 -0.743282
891.000000 -0.743282
892.000000 -0.743283
893.000000 -0.743283
894.000000 -0.743284
895.000000 -0.743284
896.000000 -0.743285
897.000000 -0.743285
898.000000 -0.743286
899.000000 -0.743286
900.000000 -0.743286
901.000000 -0.743286
902.000000 -0.743287
903.000000 -0.743287
904.000000 -0.743287
905.000000 -0.743287
906.000000 -0.743287
907.000000 -0.743287
908.000000 -0.743287
909.000000 -0.743287
910.000000 -0.743286
911.000000 -0.743286
912.000000 -0.743286
913.000000 -0.743286
914.000000 -0.743286
915.000000 -0.743286
916.000000 -0.743286
917.000000 -0.743286
918.000000 -0.743286
919.000000 -0.743286
920.000000 -0.743286
921.000000 -0.743286
922.000000 -0.743286
923.000000 -0.743286
924.000000 -0.743286
925.000000 -0.743286
926.000000 -0.743286
927.000000 -0.743286
928.000000 -0.743286
929.000000 -0.743286
930.000000 -0.743286
931.000000 -0.743286
932.000000 -0.743286
933.000000 -0.743286
934.000000 -0.743286
935.000000 -0.743286
936.000000 -0.743286
937.000000 -0.743286
938.000000 -0.743286
939.000000 -0.743286
940.000000 -0.743286
941.000000 -0.743286
942.000000 -0.743286
943.000000 -0.743286
944.000000 -0.743286
945.000000 -0.743286
946.000000 -0.743286
947.000000 -0.743286
948.000000 -0.743286
949.000000 -0.743286
950.000000 -0.743286
951.000000 -0.743286
952.000000 -0.743286
953.000000 -0.743286
954.000000 -0.743286
955.000000 -0.743286
956.000000 -0.743286
957.000000 -0.743286
958.000000 -0.743286
959.000000 -0.743286
960.000000 -0.743286
961.000000 -0.743286
962.000000 -0.743286
963.000000 -0.743286
964.000000 -0.743286
965.000000 -0.743286
966.000000 -0.743286
967.000000 -0.743286
968.000000 -0.743286
969.000000 -0.743286
970.000000 -0.743286
971.000000 -0.743286
972.000000 -0.743286
973.000000 -0.743286
974.000000 -0.743286
975.000000 -0.743286
976.000000 -0.743286
977.000000 -0.743286
978.000000 -0.743286
979.000000 -0.743286
980.000000 -0.743286
981.000000 -0.743286
982.000000 -0.743286
983.000000 -0.743286
984.000000 -0.743286
985.000000 -0.743286
986.000000 -0.743286
987.000000 -0.743286
988.000000 -0.743286
989.000000 -0.743286
990.000000 -0.743286
991.000000 -0.743286
992.000000 -0.743286
993.000000 -0.743286
994.000000 -0.743286
995.000000 -0.743286
996.000000 -0.743286
997.000000 -0.743286
998.000000 -0.743286
999.000000 -0.743286
1000.000000 -0.743286
