1.000000 -0.004545
2.000000 -0.004545
3.000000 -0.004545
4.000000 -0.004545
5.000000 -0.004545
6.000000 -0.003455
7.000000 -0.003455
8.000000 -0.003455
9.000000 -0.003455
10.000000 -0.003455
11.000000 -0.003455
12.000000 -0.003455
13.000000 -0.003455
14.000000 -0.003455
15.000000 -0.003455
16.000000 -0.003455
17.000000 -0.003455
18.000000 -0.003455
19.000000 -0.003455
20.000000 -0.002364
21.000000 -0.001273
22.000000 -0.001273
23.000000 0.000000
24.000000 0.001091
25.000000 0.002182
26.000000 0.004545
27.000000 0.006727
28.000000 0.007818
29.000000 0.010182
30.000000 0.011273
31.000000 0.013636
32.000000 0.015818
33.000000 0.018182
34.000000 0.020364
35.000000 0.023818
36.000000 0.026000
37.000000 0.028364
38.000000 0.031818
39.000000 0.035091
40.000000 0.037455
41.000000 0.040909
42.000000 0.043091
43.000000 0.046545
44.000000 0.048727
45.000000 0.052182
46.000000 0.054545
47.000000 0.057818
48.000000 0.060182
49.000000 0.063636
50.000000 0.065818
51.000000 0.069273
52.000000 0.071455
53.000000 0.073818
54.000000 0.077273
55.000000 0.079455
56.000000 0.082909
57.000000 0.085091
58.000000 0.087455
59.000000 0.090909
60.000000 0.094182
61.000000 0.096545
62.000000 0.098727
63.000000 0.102182
64.000000 0.104545
65.000000 0.106727
66.000000 0.109091
67.000000 0.111273
68.000000 0.113636
69.000000 0.115818
70.000000 0.118182
71.000000 0.120364
72.000000 0.122727
73.000000 0.124909
74.000000 0.127273
75.000000 0.129455
76.000000 0.131818
77.000000 0.134000
78.000000 0.136364
79.000000 0.138545
80.000000 0.140909
81.000000 0.143091
82.000000 0.145455
83.000000 0.147636
84.000000 0.150000
85.000000 0.151091
86.000000 0.153273
87.000000 0.155636
88.000000 0.156727
89.000000 0.157818
90.000000 0.160182
91.000000 0.161273
92.000000 0.163636
93.000000 0.164727
94.000000 0.165818
95.000000 0.166909
96.000000 0.169273
97.000000 0.170364
98.000000 0.171455
99.000000 0.172727
100.000000 0.173818
101.000000 0.174909
102.000000 0.176000
103.000000 0.177273
104.000000 0.178364
105.000000 0.179455
106.000000 0.180545
107.000000 0.181818
108.000000 0.184000
109.000000 0.185091
110.000000 0.186364
111.000000 0.187455
112.000000 0.189636
113.000000 0.189636
114.000000 0.190909
115.000000 0.192000
116.000000 0.193091
117.000000 0.194182
118.000000 0.196545
119.000000 0.197636
120.000000 0.198727
121.000000 0.200000
122.000000 0.201091
123.000000 0.202182
124.000000 0.203273
125.000000 0.204545
126.000000 0.205636
127.000000 0.206727
128.000000 0.207818
129.000000 0.209091
130.000000 0.210182
131.000000 0.211273
132.000000 0.211273
133.000000 0.212364
134.000000 0.213636
135.000000 0.213636
136.000000 0.214727
137.000000 0.214727
138.000000 0.215818
139.000000 0.215818
140.000000 0.216909
141.000000 0.218182
142.000000 0.219273
143.000000 0.220364
144.000000 0.221455
145.000000 0.221455
146.000000 0.222727
147.000000 0.222727
148.000000 0.223818
149.000000 0.223818
150.000000 0.224909
151.000000 0.224909
152.000000 0.226000
153.000000 0.226000
154.000000 0.227273
155.000000 0.227273
156.000000 0.227273
157.000000 0.228364
158.000000 0.228364
159.000000 0.229455
160.000000 0.230545
161.000000 0.230545
162.000000 0.231818
163.000000 0.231818
164.000000 0.232909
165.000000 0.234000
166.000000 0.234000
167.000000 0.235091
168.000000 0.236364
169.000000 0.237455
170.000000 0.238545
171.000000 0.239636
172.000000 0.240909
173.000000 0.242000
174.000000 0.242000
175.000000 0.243091
176.000000 0.243091
177.000000 0.244182
178.000000 0.244182
179.000000 0.244182
180.000000 0.244182
181.000000 0.244182
182.000000 0.244182
183.000000 0.244182
184.000000 0.244182
185.000000 0.244182
186.000000 0.244182
187.000000 0.244182
188.000000 0.245455
189.000000 0.245455
190.000000 0.246545
191.000000 0.246545
192.000000 0.246545
193.000000 0.246545
194.000000 0.246545
195.000000 0.247636
196.000000 0.247636
197.000000 0.247636
198.000000 0.247636
199.000000 0.247636
200.000000 0.247636
201.000000 0.248727
202.000000 0.248727
203.000000 0.250000
204.000000 0.251091
205.000000 0.252182
206.000000 0.252182
207.000000 0.253273
208.000000 0.253273
209.000000 0.254545
210.000000 0.254545
211.000000 0.255636
212.000000 0.256727
213.000000 0.256727
214.000000 0.257818
215.000000 0.257818
216.000000 0.257818
217.000000 0.257818
218.000000 0.259091
219.000000 0.259091
220.000000 0.259091
221.000000 0.259091
222.000000 0.259091
223.000000 0.259091
224.000000 0.259091
225.000000 0.259091
226.000000 0.257818
227.000000 0.257818
228.000000 0.259091
229.000000 0.260182
230.000000 0.260182
231.000000 0.261273
232.000000 0.261273
233.000000 0.262364
234.000000 0.262364
235.000000 0.263636
236.000000 0.263636
237.000000 0.264727
238.000000 0.264727
239.000000 0.265818
240.000000 0.265818
241.000000 0.265818
242.000000 0.265818
243.000000 0.265818
244.000000 0.265818
245.000000 0.265818
246.000000 0.265818
247.000000 0.265818
248.000000 0.265818
249.000000 0.266909
250.000000 0.266909
251.000000 0.268182
252.000000 0.268182
253.000000 0.269273
254.000000 0.269273
255.000000 0.270364
256.000000 0.271455
257.000000 0.270364
258.000000 0.270364
259.000000 0.270364
260.000000 0.270364
261.000000 0.270364
262.000000 0.270364
263.000000 0.270364
264.000000 0.270364
265.000000 0.270364
266.000000 0.271455
267.000000 0.271455
268.000000 0.271455
269.000000 0.271455
270.000000 0.271455
271.000000 0.271455
272.000000 0.271455
273.000000 0.271455
274.000000 0.271455
275.000000 0.271455
276.000000 0.272727
277.000000 0.272727
278.000000 0.273818
279.000000 0.273818
280.000000 0.273818
281.000000 0.274909
282.000000 0.274909
283.000000 0.276000
284.000000 0.276000
285.000000 0.276000
286.000000 0.276000
287.000000 0.277273
288.000000 0.277273
289.000000 0.278364
290.000000 0.278364
291.000000 0.278364
292.000000 0.278364
293.000000 0.278364
294.000000 0.278364
295.000000 0.278364
296.000000 0.278364
297.000000 0.279455
298.000000 0.279455
299.000000 0.279455
300.000000 0.279455
301.000000 0.279455
302.000000 0.278364
303.000000 0.278364
304.000000 0.278364
305.000000 0.278364
306.000000 0.278364
307.000000 0.278364
308.000000 0.278364
309.000000 0.278364
310.000000 0.278364
311.000000 0.278364
312.000000 0.279455
313.000000 0.279455
314.000000 0.280545
315.000000 0.280545
316.000000 0.281818
317.000000 0.281818
318.000000 0.282909
319.000000 0.282909
320.000000 0.282909
321.000000 0.282909
322.000000 0.282909
323.000000 0.281818
324.000000 0.281818
325.000000 0.281818
326.000000 0.281818
327.000000 0.281818
328.000000 0.280545
329.000000 0.280545
330.000000 0.280545
331.000000 0.280545
332.000000 0.280545
333.000000 0.280545
334.000000 0.280545
335.000000 0.280545
336.000000 0.280545
337.000000 0.280545
338.000000 0.281818
339.000000 0.281818
340.000000 0.282909
341.000000 0.284000
342.000000 0.285091
343.000000 0.286364
344.000000 0.286364
345.000000 0.287455
346.000000 0.287455
347.000000 0.287455
348.000000 0.288545
349.000000 0.289636
350.000000 0.289636
351.000000 0.290909
352.000000 0.290909
353.000000 0.292000
354.000000 0.292000
355.000000 0.293091
356.000000 0.292000
357.000000 0.292000
358.000000 0.292000
359.000000 0.290909
360.000000 0.290909
361.000000 0.290909
362.000000 0.290909
363.000000 0.290909
364.000000 0.290909
365.000000 0.290909
366.000000 0.290909
367.000000 0.289636
368.000000 0.289636
369.000000 0.289636
370.000000 0.289636
371.000000 0.289636
372.000000 0.288545
373.000000 0.288545
374.000000 0.288545
375.000000 0.288545
376.000000 0.288545
377.000000 0.288545
378.000000 0.289636
379.000000 0.288545
380.000000 0.288545
381.000000 0.288545
382.000000 0.288545
383.000000 0.287455
384.000000 0.287455
385.000000 0.287455
386.000000 0.287455
387.000000 0.287455
388.000000 0.287455
389.000000 0.287455
390.000000 0.287455
391.000000 0.286364
392.000000 0.286364
393.000000 0.286364
394.000000 0.286364
395.000000 0.286364
396.000000 0.287455
397.000000 0.287455
398.000000 0.287455
399.000000 0.287455
400.000000 0.288545
