1.000000 35.000000
2.000000 35.000000
3.000000 35.000000
4.000000 35.000000
5.000000 35.000000
6.000000 35.000000
7.000000 35.000000
8.000000 35.000000
9.000000 35.000000
10.000000 35.000000
11.000000 35.000000
12.000000 35.000000
13.000000 35.349809
14.000000 35.699106
15.000000 36.047821
16.000000 36.395876
17.000000 36.743194
18.000000 37.089695
19.000000 37.435295
20.000000 37.779909
21.000000 38.123453
22.000000 38.465838
23.000000 38.806976
24.000000 39.099082
25.000000 39.365442
26.000000 39.606042
27.000000 39.820900
28.000000 40.010038
29.000000 40.173490
30.000000 40.311306
31.000000 40.423557
32.000000 40.510336
33.000000 40.571756
34.000000 40.607948
35.000000 40.625569
36.000000 40.624927
37.000000 40.607892
38.000000 40.576339
39.000000 40.532146
40.000000 40.477195
41.000000 40.413367
42.000000 40.342543
43.000000 40.266595
44.000000 40.187386
45.000000 40.106770
46.000000 40.025699
47.000000 39.945523
48.000000 39.867356
49.000000 39.792173
50.000000 39.720818
51.000000 39.653995
52.000000 39.592270
53.000000 39.536075
54.000000 39.485704
55.000000 39.441315
56.000000 39.402932
57.000000 39.370565
58.000000 39.344098
59.000000 39.323349
60.000000 39.308069
61.000000 39.297953
62.000000 39.292654
63.000000 39.291789
64.000000 39.294948
65.000000 39.301708
66.000000 39.311640
67.000000 39.324319
68.000000 39.339317
69.000000 39.356221
70.000000 39.374634
71.000000 39.394179
72.000000 39.414501
73.000000 39.435274
74.000000 39.456200
75.000000 39.477009
76.000000 39.497464
77.000000 39.517357
78.000000 39.536511
79.000000 39.554778
80.000000 39.572040
81.000000 39.588206
82.000000 39.603210
83.000000 39.617011
84.000000 39.629590
85.000000 39.640946
86.000000 39.651099
87.000000 39.660083
88.000000 39.667943
89.000000 39.674739
90.000000 39.680539
91.000000 39.685416
92.000000 39.689450
93.000000 39.692726
94.000000 39.695327
95.000000 39.697340
96.000000 39.698850
97.000000 39.699938
98.000000 39.700685
99.000000 39.701165
100.000000 39.701450
101.000000 39.701605
102.000000 39.701690
103.000000 39.701759
104.000000 39.701861
105.000000 39.702037
106.000000 39.702324
107.000000 39.702750
108.000000 39.703340
109.000000 39.704113
110.000000 39.705081
111.000000 39.706255
112.000000 39.707636
113.000000 39.709227
114.000000 39.711023
115.000000 39.713018
116.000000 39.715202
117.000000 39.717564
118.000000 39.720091
119.000000 39.722767
120.000000 39.725577
121.000000 39.728505
122.000000 39.731533
123.000000 39.734644
124.000000 39.737822
125.000000 39.741050
126.000000 39.744312
127.000000 39.747593
128.000000 39.750879
129.000000 39.754158
130.000000 39.757416
131.000000 39.760645
132.000000 39.763833
133.000000 39.766973
134.000000 39.770058
135.000000 39.773082
136.000000 39.776041
137.000000 39.778930
138.000000 39.781749
139.000000 39.784494
140.000000 39.787165
141.000000 39.789764
142.000000 39.792290
143.000000 39.794745
144.000000 39.797132
145.000000 39.799453
146.000000 39.801710
147.000000 39.803909
148.000000 39.806051
149.000000 39.808140
150.000000 39.810180
151.000000 39.812176
152.000000 39.814130
153.000000 39.816046
154.000000 39.817927
155.000000 39.819778
156.000000 39.821601
157.000000 39.823399
158.000000 39.825174
159.000000 39.826930
160.000000 39.828668
161.000000 39.830390
162.000000 39.832099
163.000000 39.833794
164.000000 39.835479
165.000000 39.837153
166.000000 39.838817
167.000000 39.840472
168.000000 39.842118
169.000000 39.843756
170.000000 39.845386
171.000000 39.847007
172.000000 39.848619
173.000000 39.850222
174.000000 39.851816
175.000000 39.853400
176.000000 39.854974
177.000000 39.856537
178.000000 39.858089
179.000000 39.859629
180.000000 39.861157
181.000000 39.862672
182.000000 39.864173
183.000000 39.865661
184.000000 39.867135
185.000000 39.868594
186.000000 39.870038
187.000000 39.871467
188.000000 39.872880
189.000000 39.874278
190.000000 39.875660
191.000000 39.877026
192.000000 39.878376
193.000000 39.879711
194.000000 39.881029
195.000000 39.882332
196.000000 39.883618
197.000000 39.884890
198.000000 39.886146
199.000000 39.887386
200.000000 39.888612
201.000000 39.889823
202.000000 39.891020
203.000000 39.892202
204.000000 39.893370
205.000000 39.894525
206.000000 39.895666
207.000000 39.896794
208.000000 39.897909
209.000000 39.899012
210.000000 39.900102
211.000000 39.901180
212.000000 39.902246
213.000000 39.903301
214.000000 39.904344
215.000000 39.905376
216.000000 39.906398
217.000000 39.907408
218.000000 39.908407
219.000000 39.909397
220.000000 39.910376
221.000000 39.911344
222.000000 39.912303
223.000000 39.913252
224.000000 39.914191
225.000000 39.915121
226.000000 39.916041
227.000000 39.916951
228.000000 39.917852
229.000000 39.918744
230.000000 39.919627
231.000000 39.920500
232.000000 39.921365
233.000000 39.922220
234.000000 39.923067
235.000000 39.923905
236.000000 39.924734
237.000000 39.925554
238.000000 39.926366
239.000000 39.927169
240.000000 39.927963
241.000000 39.928749
242.000000 39.929527
243.000000 39.930296
244.000000 39.931058
245.000000 39.931811
246.000000 39.932556
247.000000 39.933293
248.000000 39.934022
249.000000 39.934743
250.000000 39.935457
251.000000 39.936163
252.000000 39.936861
253.000000 39.937551
254.000000 39.938235
255.000000 39.938911
256.000000 39.939579
257.000000 39.940241
258.000000 39.940895
259.000000 39.941542
260.000000 39.942182
261.000000 39.942816
262.000000 39.943442
263.000000 39.944062
264.000000 39.944675
265.000000 39.945282
266.000000 39.945882
267.000000 39.946476
268.000000 39.947063
269.000000 39.947644
270.000000 39.948219
271.000000 39.948788
272.000000 39.949350
273.000000 39.949907
274.000000 39.950458
275.000000 39.951002
276.000000 39.951541
277.000000 39.952075
278.000000 39.952602
279.000000 39.953124
280.000000 39.953641
281.000000 39.954152
282.000000 39.954657
283.000000 39.955157
284.000000 39.955653
285.000000 39.956146
286.000000 39.956638
287.000000 39.957131
288.000000 39.957630
289.000000 39.958138
290.000000 39.958657
291.000000 39.959193
292.000000 39.959748
293.000000 39.960328
294.000000 39.960935
295.000000 39.961575
296.000000 39.962250
297.000000 39.962963
298.000000 39.963716
299.000000 39.964512
300.000000 39.965352
301.000000 39.966237
302.000000 39.967166
303.000000 39.968139
304.000000 39.969155
305.000000 39.970211
306.000000 39.971306
307.000000 39.972436
308.000000 39.973598
309.000000 39.974787
310.000000 39.976001
311.000000 39.977233
312.000000 39.978480
313.000000 39.979737
314.000000 39.980994
315.000000 39.982242
316.000000 39.983472
317.000000 39.984676
318.000000 39.985843
319.000000 39.986967
320.000000 39.988040
321.000000 39.989053
322.000000 39.990001
323.000000 39.990877
324.000000 39.991674
325.000000 39.992390
326.000000 39.993020
327.000000 39.993562
328.000000 39.994017
329.000000 39.994384
330.000000 39.994664
331.000000 39.994860
332.000000 39.994976
333.000000 39.995014
334.000000 39.994980
335.000000 39.994881
336.000000 39.994721
337.000000 39.994508
338.000000 39.994250
339.000000 39.993952
340.000000 39.993623
341.000000 39.993271
342.000000 39.992901
343.000000 39.992522
344.000000 39.992141
345.000000 39.991763
346.000000 39.991395
347.000000 39.991042
348.000000 39.990709
349.000000 39.990401
350.000000 39.990121
351.000000 39.989872
352.000000 39.989658
353.000000 39.989479
354.000000 39.989337
355.000000 39.989232
356.000000 39.989166
357.000000 39.989136
358.000000 39.989143
359.000000 39.989186
360.000000 39.989261
361.000000 39.989368
362.000000 39.989505
363.000000 39.989667
364.000000 39.989854
365.000000 39.990061
366.000000 39.990286
367.000000 39.990526
368.000000 39.990779
369.000000 39.991040
370.000000 39.991308
371.000000 39.991580
372.000000 39.991852
373.000000 39.992124
374.000000 39.992392
375.000000 39.992654
376.000000 39.992910
377.000000 39.993157
378.000000 39.993394
379.000000 39.993620
380.000000 39.993834
381.000000 39.994035
382.000000 39.994224
383.000000 39.994399
384.000000 39.994561
385.000000 39.994711
386.000000 39.994847
387.000000 39.994971
388.000000 39.995084
389.000000 39.995185
390.000000 39.995276
391.000000 39.995357
392.000000 39.995429
393.000000 39.995494
394.000000 39.995551
395.000000 39.995603
396.000000 39.995649
397.000000 39.995691
398.000000 39.995729
399.000000 39.995765
400.000000 39.995799
401.000000 39.995831
402.000000 39.995864
403.000000 39.995896
404.000000 39.995928
405.000000 39.995962
406.000000 39.995997
407.000000 39.996034
408.000000 39.996073
409.000000 39.996114
410.000000 39.996157
411.000000 39.996203
412.000000 39.996251
413.000000 39.996301
414.000000 39.996354
415.000000 39.996409
416.000000 39.996466
417.000000 39.996525
418.000000 39.996586
419.000000 39.996648
420.000000 39.996711
421.000000 39.996776
422.000000 39.996842
423.000000 39.996908
424.000000 39.996974
425.000000 39.997041
426.000000 39.997108
427.000000 39.997175
428.000000 39.997241
429.000000 39.997306
430.000000 39.997371
431.000000 39.997435
432.000000 39.997498
433.000000 39.997559
434.000000 39.997620
435.000000 39.997679
436.000000 39.997737
437.000000 39.997793
438.000000 39.997848
439.000000 39.997902
440.000000 39.997954
441.000000 39.998005
442.000000 39.998054
443.000000 39.998102
444.000000 39.998149
445.000000 39.998194
446.000000 39.998239
447.000000 39.998282
448.000000 39.998324
449.000000 39.998365
450.000000 39.998405
451.000000 39.998444
452.000000 39.998483
453.000000 39.998520
454.000000 39.998557
455.000000 39.998594
456.000000 39.998630
457.000000 39.998665
458.000000 39.998700
459.000000 39.998734
460.000000 39.998768
461.000000 39.998802
462.000000 39.998835
463.000000 39.998868
464.000000 39.998901
465.000000 39.998933
466.000000 39.998966
467.000000 39.998998
468.000000 39.999029
469.000000 39.999061
470.000000 39.999092
471.000000 39.999124
472.000000 39.999155
473.000000 39.999185
474.000000 39.999216
475.000000 39.999246
476.000000 39.999276
477.000000 39.999306
478.000000 39.999335
479.000000 39.999364
480.000000 39.999393
481.000000 39.999422
482.000000 39.999450
483.000000 39.999478
484.000000 39.999505
485.000000 39.999533
486.000000 39.999560
487.000000 39.999586
488.000000 39.999612
489.000000 39.999638
490.000000 39.999664
491.000000 39.999689
492.000000 39.999714
493.000000 39.999738
494.000000 39.999762
495.000000 39.999786
496.000000 39.999809
497.000000 39.999832
498.000000 39.999855
499.000000 39.999878
500.000000 39.999900
501.000000 39.440227
502.000000 38.881372
503.000000 38.323451
504.000000 37.766583
505.000000 37.210895
506.000000 36.656514
507.000000 36.103574
508.000000 35.552210
509.000000 35.002559
510.000000 34.454762
511.000000 33.908961
512.000000 33.441610
513.000000 33.015452
514.000000 32.630510
515.000000 32.286756
516.000000 31.984152
517.000000 31.722647
518.000000 31.502159
519.000000 31.322574
520.000000 31.183744
521.000000 31.085489
522.000000 31.027598
523.000000 30.999421
524.000000 31.000464
525.000000 31.027735
526.000000 31.078236
527.000000 31.148960
528.000000 31.236898
529.000000 31.339037
530.000000 31.452370
531.000000 31.573903
532.000000 31.700651
533.000000 31.829651
534.000000 31.959378
535.000000 32.087673
536.000000 32.212756
537.000000 32.333061
538.000000 32.447242
539.000000 32.554173
540.000000 32.652946
541.000000 32.742871
542.000000 32.823477
543.000000 32.894512
544.000000 32.955938
545.000000 33.007737
546.000000 33.050095
547.000000 33.083306
548.000000 33.107767
549.000000 33.123963
550.000000 33.132453
551.000000 33.133849
552.000000 33.128805
553.000000 33.118000
554.000000 33.102120
555.000000 33.081845
556.000000 33.057859
557.000000 33.030822
558.000000 33.001372
559.000000 32.970111
560.000000 32.937605
561.000000 32.904377
562.000000 32.870906
563.000000 32.837621
564.000000 32.804903
565.000000 32.773083
566.000000 32.742446
567.000000 32.713228
568.000000 32.685617
569.000000 32.659761
570.000000 32.635764
571.000000 32.613691
572.000000 32.593574
573.000000 32.575412
574.000000 32.559175
575.000000 32.544810
576.000000 32.532242
577.000000 32.521376
578.000000 32.512106
579.000000 32.504310
580.000000 32.497863
581.000000 32.492631
582.000000 32.488476
583.000000 32.485263
584.000000 32.482856
585.000000 32.481123
586.000000 32.479937
587.000000 32.479177
588.000000 32.478729
589.000000 32.478489
590.000000 32.478361
591.000000 32.478258
592.000000 32.478104
593.000000 32.477830
594.000000 32.477380
595.000000 32.476707
596.000000 32.475771
597.000000 32.474543
598.000000 32.473002
599.000000 32.471133
600.000000 32.468931
601.000000 32.466395
602.000000 32.463530
603.000000 32.460347
604.000000 32.456860
605.000000 32.453089
606.000000 32.449055
607.000000 32.444781
608.000000 32.440292
609.000000 32.435616
610.000000 32.430779
611.000000 32.425808
612.000000 32.420731
613.000000 32.415573
614.000000 32.410360
615.000000 32.405117
616.000000 32.399865
617.000000 32.394625
618.000000 32.389416
619.000000 32.384256
620.000000 32.379159
621.000000 32.374139
622.000000 32.369207
623.000000 32.364372
624.000000 32.359641
625.000000 32.355021
626.000000 32.350514
627.000000 32.346124
628.000000 32.341852
629.000000 32.337696
630.000000 32.333656
631.000000 32.329728
632.000000 32.325910
633.000000 32.322198
634.000000 32.318586
635.000000 32.315069
636.000000 32.311642
637.000000 32.308299
638.000000 32.305035
639.000000 32.301842
640.000000 32.298716
641.000000 32.295650
642.000000 32.292640
643.000000 32.289679
644.000000 32.286763
645.000000 32.283887
646.000000 32.281046
647.000000 32.278238
648.000000 32.275458
649.000000 32.272703
650.000000 32.269971
651.000000 32.267259
652.000000 32.264566
653.000000 32.261890
654.000000 32.259229
655.000000 32.256582
656.000000 32.253950
657.000000 32.251332
658.000000 32.248727
659.000000 32.246136
660.000000 32.243559
661.000000 32.240997
662.000000 32.238449
663.000000 32.235918
664.000000 32.233402
665.000000 32.230904
666.000000 32.228424
667.000000 32.225963
668.000000 32.223522
669.000000 32.221101
670.000000 32.218702
671.000000 32.216324
672.000000 32.213969
673.000000 32.211638
674.000000 32.209330
675.000000 32.207046
676.000000 32.204787
677.000000 32.202553
678.000000 32.200345
679.000000 32.198161
680.000000 32.196003
681.000000 32.193870
682.000000 32.191762
683.000000 32.189680
684.000000 32.187623
685.000000 32.185590
686.000000 32.183582
687.000000 32.181599
688.000000 32.179639
689.000000 32.177703
690.000000 32.175789
691.000000 32.173899
692.000000 32.172031
693.000000 32.170184
694.000000 32.168360
695.000000 32.166556
696.000000 32.164772
697.000000 32.163009
698.000000 32.161266
699.000000 32.159542
700.000000 32.157837
701.000000 32.156150
702.000000 32.154482
703.000000 32.152831
704.000000 32.151198
705.000000 32.149583
706.000000 32.147984
707.000000 32.146402
708.000000 32.144837
709.000000 32.143288
710.000000 32.141755
711.000000 32.140237
712.000000 32.138736
713.000000 32.137249
714.000000 32.135779
715.000000 32.134323
716.000000 32.132882
717.000000 32.131456
718.000000 32.130045
719.000000 32.128648
720.000000 32.127266
721.000000 32.125898
722.000000 32.124545
723.000000 32.123206
724.000000 32.121880
725.000000 32.120569
726.000000 32.119271
727.000000 32.117987
728.000000 32.116717
729.000000 32.115460
730.000000 32.114217
731.000000 32.112986
732.000000 32.111769
733.000000 32.110565
734.000000 32.109374
735.000000 32.108196
736.000000 32.107030
737.000000 32.105877
738.000000 32.104736
739.000000 32.103607
740.000000 32.102491
741.000000 32.101387
742.000000 32.100294
743.000000 32.099213
744.000000 32.098144
745.000000 32.097087
746.000000 32.096041
747.000000 32.095006
748.000000 32.093982
749.000000 32.092969
750.000000 32.091967
751.000000 32.090976
752.000000 32.089996
753.000000 32.089026
754.000000 32.088066
755.000000 32.087117
756.000000 32.086178
757.000000 32.085249
758.000000 32.084329
759.000000 32.083420
760.000000 32.082520
761.000000 32.081630
762.000000 32.080749
763.000000 32.079878
764.000000 32.079016
765.000000 32.078164
766.000000 32.077320
767.000000 32.076485
768.000000 32.075659
769.000000 32.074842
770.000000 32.074034
771.000000 32.073234
772.000000 32.072442
773.000000 32.071654
774.000000 32.070867
775.000000 32.070078
776.000000 32.069280
777.000000 32.068468
778.000000 32.067638
779.000000 32.066781
780.000000 32.065893
781.000000 32.064966
782.000000 32.063994
783.000000 32.062971
784.000000 32.061892
785.000000 32.060752
786.000000 32.059547
787.000000 32.058273
788.000000 32.056929
789.000000 32.055514
790.000000 32.054028
791.000000 32.052472
792.000000 32.050847
793.000000 32.049157
794.000000 32.047406
795.000000 32.045598
796.000000 32.043740
797.000000 32.041837
798.000000 32.039896
799.000000 32.037924
800.000000 32.035929
801.000000 32.033919
802.000000 32.031907
803.000000 32.029911
804.000000 32.027943
805.000000 32.026018
806.000000 32.024150
807.000000 32.022352
808.000000 32.020636
809.000000 32.019015
810.000000 32.017498
811.000000 32.016098
812.000000 32.014822
813.000000 32.013678
814.000000 32.012670
815.000000 32.011802
816.000000 32.011075
817.000000 32.010488
818.000000 32.010040
819.000000 32.009726
820.000000 32.009542
821.000000 32.009481
822.000000 32.009535
823.000000 32.009695
824.000000 32.009950
825.000000 32.010291
826.000000 32.010705
827.000000 32.011181
828.000000 32.011707
829.000000 32.012272
830.000000 32.012863
831.000000 32.013470
832.000000 32.014080
833.000000 32.014685
834.000000 32.015274
835.000000 32.015839
836.000000 32.016372
837.000000 32.016865
838.000000 32.017313
839.000000 32.017711
840.000000 32.018055
841.000000 32.018341
842.000000 32.018569
843.000000 32.018736
844.000000 32.018843
845.000000 32.018890
846.000000 32.018879
847.000000 32.018811
848.000000 32.018690
849.000000 32.018519
850.000000 32.018301
851.000000 32.018041
852.000000 32.017743
853.000000 32.017412
854.000000 32.017052
855.000000 32.016667
856.000000 32.016264
857.000000 32.015845
858.000000 32.015417
859.000000 32.014983
860.000000 32.014546
861.000000 32.014112
862.000000 32.013684
863.000000 32.013263
864.000000 32.012855
865.000000 32.012460
866.000000 32.012081
867.000000 32.011720
868.000000 32.011377
869.000000 32.011055
870.000000 32.010754
871.000000 32.010473
872.000000 32.010213
873.000000 32.009975
874.000000 32.009756
875.000000 32.009558
876.000000 32.009378
877.000000 32.009216
878.000000 32.009071
879.000000 32.008942
880.000000 32.008826
881.000000 32.008723
882.000000 32.008631
883.000000 32.008549
884.000000 32.008475
885.000000 32.008408
886.000000 32.008347
887.000000 32.008289
888.000000 32.008235
889.000000 32.008183
890.000000 32.008132
891.000000 32.008081
892.000000 32.008028
893.000000 32.007975
894.000000 32.007918
895.000000 32.007860
896.000000 32.007798
897.000000 32.007732
898.000000 32.007663
899.000000 32.007590
900.000000 32.007513
901.000000 32.007433
902.000000 32.007348
903.000000 32.007261
904.000000 32.007169
905.000000 32.007075
906.000000 32.006978
907.000000 32.006878
908.000000 32.006777
909.000000 32.006673
910.000000 32.006569
911.000000 32.006463
912.000000 32.006356
913.000000 32.006249
914.000000 32.006143
915.000000 32.006036
916.000000 32.005931
917.000000 32.005826
918.000000 32.005722
919.000000 32.005620
920.000000 32.005520
921.000000 32.005421
922.000000 32.005324
923.000000 32.005230
924.000000 32.005137
925.000000 32.005047
926.000000 32.004959
927.000000 32.004873
928.000000 32.004790
929.000000 32.004709
930.000000 32.004630
931.000000 32.004553
932.000000 32.004478
933.000000 32.004405
934.000000 32.004335
935.000000 32.004266
936.000000 32.004198
937.000000 32.004133
938.000000 32.004069
939.000000 32.004006
940.000000 32.003944
941.000000 32.003884
942.000000 32.003825
943.000000 32.003767
944.000000 32.003710
945.000000 32.003653
946.000000 32.003597
947.000000 32.003542
948.000000 32.003488
949.000000 32.003434
950.000000 32.003381
951.000000 32.003328
952.000000 32.003276
953.000000 32.003224
954.000000 32.003172
955.000000 32.003121
956.000000 32.003070
957.000000 32.003019
958.000000 32.002969
959.000000 32.002919
960.000000 32.002870
961.000000 32.002821
962.000000 32.002772
963.000000 32.002724
964.000000 32.002676
965.000000 32.002628
966.000000 32.002581
967.000000 32.002535
968.000000 32.002489
969.000000 32.002443
970.000000 32.002398
971.000000 32.002353
972.000000 32.002309
973.000000 32.002266
974.000000 32.002223
975.000000 32.002180
976.000000 32.002138
977.000000 32.002097
978.000000 32.002056
979.000000 32.002016
980.000000 32.001976
981.000000 32.001937
982.000000 32.001898
983.000000 32.001860
984.000000 32.001823
985.000000 32.001786
986.000000 32.001750
987.000000 32.001714
988.000000 32.001679
989.000000 32.001644
990.000000 32.001610
991.000000 32.001576
992.000000 32.001543
993.000000 32.001510
994.000000 32.001478
995.000000 32.001446
996.000000 32.001414
997.000000 32.001383
998.000000 32.001353
999.000000 32.001322
1000.000000 32.001293
