1.000000 35.000000
2.000000 35.000000
3.000000 34.938783
4.000000 34.925610
5.000000 34.911377
6.000000 34.873336
7.000000 34.853980
8.000000 34.813805
9.000000 34.789645
10.000000 34.744726
11.000000 34.695415
12.000000 34.637959
13.000000 34.578428
14.000000 34.514093
15.000000 34.445014
16.000000 34.367789
17.000000 34.288489
18.000000 34.224790
19.000000 34.160738
20.000000 34.076281
21.000000 37.408774
22.000000 38.071799
23.000000 38.793768
24.000000 39.495331
25.000000 40.212909
26.000000 40.930133
27.000000 41.647357
28.000000 42.340775
29.000000 43.052876
30.000000 43.764565
31.000000 44.476254
32.000000 45.167537
33.000000 45.874835
34.000000 46.581779
35.000000 47.268318
36.000000 47.970871
37.000000 48.652665
38.000000 49.350474
39.000000 50.024123
40.000000 50.716455
41.000000 51.387969
42.000000 52.055092
43.000000 52.737876
44.000000 53.399901
45.000000 54.054134
46.000000 54.706292
47.000000 55.353646
48.000000 55.996255
49.000000 56.630719
50.000000 57.263107
51.000000 57.890692
52.000000 58.533938
53.000000 59.156425
54.000000 59.771120
55.000000 60.383739
56.000000 60.991555
57.000000 61.615031
58.000000 62.217749
59.000000 62.812675
60.000000 63.405525
61.000000 63.993571
62.000000 64.576873
63.000000 65.152030
64.000000 65.725111
65.000000 66.272983
66.000000 66.828724
67.000000 67.382036
68.000000 67.910138
69.000000 68.446110
70.000000 68.959247
71.000000 69.483596
72.000000 69.979039
73.000000 70.468016
74.000000 70.944044
75.000000 71.413252
76.000000 71.849105
77.000000 72.314559
78.000000 72.750695
79.000000 73.200770
80.000000 73.621882
81.000000 74.056932
82.000000 74.466420
83.000000 74.883777
84.000000 75.278300
85.000000 75.660227
86.000000 76.055739
87.000000 76.425689
88.000000 76.783102
89.000000 77.133695
90.000000 77.471339
91.000000 77.802163
92.000000 78.120038
93.000000 78.431093
94.000000 78.729199
95.000000 79.020484
96.000000 79.298821
97.000000 79.570338
98.000000 79.828905
99.000000 80.080653
100.000000 80.319451
101.000000 80.551429
102.000000 80.750053
103.000000 80.954470
104.000000 81.151655
105.000000 81.335890
106.000000 81.513306
107.000000 81.677772
108.000000 81.855824
109.000000 82.028719
110.000000 82.173063
111.000000 82.310940
112.000000 82.459675
113.000000 82.579505
114.000000 82.692868
115.000000 82.793283
116.000000 82.886877
117.000000 82.967522
118.000000 83.041348
119.000000 83.081818
120.000000 83.128082
121.000000 83.167114
122.000000 83.172791
123.000000 83.187662
124.000000 83.209637
125.000000 83.208776
126.000000 83.195321
127.000000 83.195450
128.000000 83.170017
129.000000 83.152454
130.000000 83.132460
131.000000 83.107664
132.000000 83.078123
133.000000 83.020031
134.000000 82.975877
135.000000 82.926567
136.000000 82.869111
137.000000 82.809580
138.000000 82.745245
139.000000 82.652359
140.000000 82.573413
141.000000 82.468903
142.000000 82.351857
143.000000 82.227991
144.000000 82.111581
145.000000 81.972337
146.000000 81.820497
147.000000 81.682243
148.000000 81.518426
149.000000 81.362478
150.000000 81.204101
151.000000 81.020515
152.000000 80.844798
153.000000 80.646247
154.000000 80.435100
155.000000 80.217132
156.000000 79.986216
157.000000 79.768885
158.000000 79.546398
159.000000 79.319165
160.000000 79.063381
161.000000 78.841943
162.000000 78.599332
163.000000 78.352330
164.000000 78.120990
165.000000 77.865489
166.000000 77.628672
167.000000 77.371037
168.000000 77.129416
169.000000 76.887442
170.000000 76.645468
171.000000 76.383088
172.000000 76.116317
173.000000 75.865207
174.000000 75.589938
175.000000 75.312946
176.000000 75.031151
177.000000 74.744611
178.000000 74.449925
179.000000 74.153164
180.000000 73.831194
181.000000 73.517093
182.000000 73.180158
183.000000 72.854433
184.000000 72.520210
185.000000 72.204316
186.000000 71.867604
187.000000 71.567313
188.000000 71.250653
189.000000 70.934347
190.000000 70.618041
191.000000 70.301735
192.000000 69.985428
193.000000 69.669122
194.000000 69.352816
195.000000 69.036510
196.000000 68.744010
197.000000 68.432827
198.000000 68.142462
199.000000 67.836082
200.000000 67.530056
201.000000 67.224030
202.000000 66.918003
203.000000 66.611977
204.000000 66.305951
205.000000 65.979519
206.000000 65.669102
207.000000 65.334525
208.000000 65.018631
209.000000 64.681919
210.000000 64.340817
211.000000 63.994969
212.000000 63.640977
213.000000 63.284908
214.000000 62.944442
215.000000 62.603622
216.000000 62.283208
217.000000 61.946779
218.000000 61.634510
219.000000 61.323963
220.000000 61.018220
221.000000 60.717221
222.000000 60.444774
223.000000 60.158387
224.000000 59.877157
225.000000 59.580266
226.000000 59.307536
227.000000 59.016122
228.000000 58.745526
229.000000 58.479321
230.000000 58.217860
231.000000 57.940739
232.000000 57.663971
233.000000 57.387203
234.000000 57.110435
235.000000 56.833667
236.000000 56.580706
237.000000 56.309061
238.000000 56.058234
239.000000 55.791392
240.000000 55.545310
241.000000 55.303618
242.000000 55.046266
243.000000 54.789267
244.000000 54.532268
245.000000 54.275270
246.000000 53.997865
247.000000 53.736476
248.000000 53.474732
249.000000 53.212989
250.000000 52.951246
251.000000 52.669097
252.000000 52.402962
253.000000 52.156880
254.000000 51.915189
255.000000 51.681643
256.000000 51.450173
257.000000 51.223506
258.000000 51.025390
259.000000 50.813335
260.000000 50.626843
261.000000 50.432482
262.000000 50.240550
263.000000 50.053421
264.000000 49.871037
265.000000 49.696799
266.000000 49.524636
267.000000 49.357276
268.000000 49.218468
269.000000 49.065721
270.000000 48.918130
271.000000 48.775285
272.000000 48.640584
273.000000 48.507960
274.000000 48.380138
275.000000 48.257062
276.000000 48.142131
277.000000 48.008870
278.000000 47.876021
279.000000 47.763578
280.000000 47.635120
281.000000 47.507016
282.000000 47.378912
283.000000 47.271214
284.000000 47.167907
285.000000 47.072745
286.000000 46.979658
287.000000 46.891375
288.000000 46.807837
289.000000 46.732444
290.000000 46.659127
291.000000 46.570208
292.000000 46.502048
293.000000 46.417873
294.000000 46.354457
295.000000 46.275027
296.000000 46.195951
297.000000 46.140681
298.000000 46.066727
299.000000 45.993186
300.000000 45.919644
301.000000 45.846103
302.000000 45.772562
303.000000 45.719426
304.000000 45.670682
305.000000 45.606276
306.000000 45.562630
307.000000 45.526775
308.000000 45.513402
309.000000 45.488817
310.000000 45.472732
311.000000 45.458722
312.000000 45.469921
313.000000 45.473251
314.000000 45.479011
315.000000 45.489573
316.000000 45.504881
317.000000 45.528334
318.000000 45.574268
319.000000 45.608990
320.000000 45.652213
321.000000 45.717916
322.000000 45.772408
323.000000 45.855804
324.000000 45.925262
325.000000 45.999877
326.000000 46.082637
327.000000 46.147067
328.000000 46.232316
329.000000 46.321955
330.000000 46.416339
331.000000 46.518868
332.000000 46.603067
333.000000 46.708085
334.000000 46.817493
335.000000 46.931646
336.000000 47.030138
337.000000 47.152791
338.000000 47.277165
339.000000 47.406342
340.000000 47.540264
341.000000 47.682332
342.000000 47.806070
343.000000 47.950626
344.000000 48.099572
345.000000 48.232858
346.000000 48.366497
347.000000 48.520542
348.000000 48.658572
349.000000 48.820763
350.000000 48.964270
351.000000 49.128595
352.000000 49.276905
353.000000 49.425569
354.000000 49.574233
355.000000 49.722896
356.000000 49.871560
357.000000 50.020224
358.000000 50.148483
359.000000 50.268949
360.000000 50.387340
361.000000 50.500927
362.000000 50.609770
363.000000 50.734274
364.000000 50.834617
365.000000 50.977451
366.000000 51.101189
367.000000 51.225339
368.000000 51.369895
369.000000 51.518842
370.000000 51.672533
371.000000 51.810563
372.000000 51.972754
373.000000 52.136666
374.000000 52.284976
375.000000 52.454046
376.000000 52.607101
377.000000 52.780915
378.000000 52.938714
379.000000 53.096867
380.000000 53.255020
381.000000 53.413173
382.000000 53.571326
383.000000 53.709074
384.000000 53.842430
385.000000 53.991448
386.000000 54.119706
387.000000 54.240173
388.000000 54.378969
389.000000 54.496947
390.000000 54.610535
391.000000 54.719378
392.000000 54.820075
393.000000 54.918697
394.000000 55.012515
395.000000 55.101589
396.000000 55.182517
397.000000 55.281775
398.000000 55.360215
399.000000 55.454670
400.000000 55.548771
401.000000 55.642872
402.000000 55.716567
403.000000 55.806278
404.000000 55.895634
405.000000 55.984991
406.000000 56.074347
407.000000 56.163704
408.000000 56.232654
409.000000 56.317620
410.000000 56.378425
411.000000 56.457914
412.000000 56.516585
413.000000 56.570865
414.000000 56.640806
415.000000 56.710394
416.000000 56.800387
417.000000 56.874365
418.000000 56.969103
419.000000 57.047825
420.000000 57.150709
421.000000 57.255313
422.000000 57.344316
423.000000 57.454078
424.000000 57.568231
425.000000 57.690530
426.000000 57.794498
427.000000 57.919285
428.000000 58.048463
429.000000 58.161979
430.000000 58.275849
431.000000 58.410125
432.000000 58.528386
433.000000 58.647001
434.000000 58.745210
435.000000 58.859434
436.000000 58.973304
437.000000 59.066769
438.000000 59.176248
439.000000 59.264968
440.000000 59.369703
441.000000 59.450277
442.000000 59.549536
443.000000 59.627976
444.000000 59.702025
445.000000 59.771329
446.000000 59.856295
447.000000 59.917100
448.000000 59.976184
449.000000 60.030464
450.000000 60.100405
451.000000 60.149587
452.000000 60.190976
453.000000 60.230291
454.000000 60.285207
455.000000 60.339770
456.000000 60.394333
457.000000 60.448896
458.000000 60.503459
459.000000 60.558021
460.000000 60.612584
461.000000 60.667147
462.000000 60.721710
463.000000 60.776273
464.000000 60.830835
465.000000 60.885398
466.000000 60.939961
467.000000 61.014929
468.000000 61.073883
469.000000 61.133191
470.000000 61.192498
471.000000 61.251805
472.000000 61.290707
473.000000 61.345624
474.000000 61.400186
475.000000 61.454749
476.000000 61.509312
477.000000 61.563875
478.000000 61.618438
479.000000 61.652595
480.000000 61.702767
481.000000 61.752585
482.000000 61.802403
483.000000 61.831816
484.000000 61.877243
485.000000 61.898510
486.000000 61.938461
487.000000 61.977999
488.000000 62.017538
489.000000 62.057076
490.000000 62.076209
491.000000 62.090950
492.000000 62.121353
493.000000 62.130996
494.000000 62.132848
495.000000 62.132624
496.000000 62.127597
497.000000 62.117825
498.000000 62.099907
499.000000 62.100320
500.000000 62.059509
501.000000 62.030321
502.000000 62.016441
503.000000 61.978401
504.000000 61.982851
505.000000 61.968204
506.000000 61.953971
507.000000 61.939737
508.000000 61.925503
509.000000 61.911269
510.000000 61.897035
511.000000 61.882802
512.000000 61.888973
513.000000 61.879131
514.000000 61.869641
515.000000 61.839747
516.000000 61.825867
517.000000 61.811633
518.000000 61.773592
519.000000 61.754236
520.000000 61.734467
521.000000 61.694292
522.000000 61.649726
523.000000 61.600416
524.000000 61.566767
525.000000 61.508957
526.000000 61.469832
527.000000 61.430293
528.000000 61.390755
529.000000 61.375023
530.000000 61.340608
531.000000 61.306605
532.000000 61.272602
533.000000 61.214793
534.000000 61.175667
535.000000 61.136129
536.000000 61.076185
537.000000 61.032256
538.000000 60.987973
539.000000 60.943690
540.000000 60.879001
541.000000 60.830328
542.000000 60.781300
543.000000 60.752678
544.000000 60.708042
545.000000 60.684165
546.000000 60.644273
547.000000 60.604734
548.000000 60.565196
549.000000 60.525658
550.000000 60.486120
551.000000 60.426176
552.000000 60.382246
553.000000 60.337964
554.000000 60.293681
555.000000 60.249398
556.000000 60.184709
557.000000 60.136036
558.000000 60.087008
559.000000 60.017575
560.000000 59.964157
561.000000 59.886578
562.000000 59.807278
563.000000 59.743579
564.000000 59.679527
565.000000 59.595070
566.000000 59.526627
567.000000 59.457830
568.000000 59.389034
569.000000 59.340643
570.000000 59.276237
571.000000 59.212185
572.000000 59.168539
573.000000 59.108878
574.000000 59.049570
575.000000 58.990263
576.000000 58.930955
577.000000 58.871648
578.000000 58.836147
579.000000 58.781962
580.000000 58.728190
581.000000 58.674418
582.000000 58.620646
583.000000 58.587280
584.000000 58.537899
585.000000 58.488871
586.000000 58.419438
587.000000 58.342213
588.000000 58.262913
589.000000 58.199215
590.000000 58.114757
591.000000 58.025908
592.000000 57.952721
593.000000 57.855373
594.000000 57.776709
595.000000 57.677227
596.000000 57.593760
597.000000 57.530344
598.000000 57.450914
599.000000 57.395644
600.000000 57.342096
601.000000 57.293351
602.000000 57.228946
603.000000 57.185299
604.000000 57.125638
605.000000 57.090137
606.000000 57.035953
607.000000 56.958374
608.000000 56.899479
609.000000 56.819766
610.000000 56.756068
611.000000 56.671610
612.000000 56.603167
613.000000 56.534371
614.000000 56.465574
615.000000 56.396778
616.000000 56.348387
617.000000 56.283981
618.000000 56.219929
619.000000 56.155877
620.000000 56.091825
621.000000 56.027773
622.000000 55.943315
623.000000 55.874872
624.000000 55.806076
625.000000 55.757685
626.000000 55.693279
627.000000 55.629227
628.000000 55.585581
629.000000 55.525920
630.000000 55.466612
631.000000 55.407305
632.000000 55.371804
633.000000 55.317619
634.000000 55.263847
635.000000 55.210075
636.000000 55.156303
637.000000 55.122937
638.000000 55.073556
639.000000 55.044934
640.000000 55.020703
641.000000 54.980811
642.000000 54.965079
643.000000 54.951069
644.000000 54.921457
645.000000 54.912605
646.000000 54.908143
647.000000 54.911827
648.000000 54.917586
649.000000 54.928149
650.000000 54.923051
651.000000 54.938712
652.000000 54.938358
653.000000 54.938358
654.000000 54.938358
655.000000 54.938358
656.000000 54.938358
657.000000 54.917952
658.000000 54.913561
659.000000 54.888411
660.000000 54.879276
661.000000 54.869786
662.000000 54.839892
663.000000 54.846417
664.000000 54.836574
665.000000 54.827085
666.000000 54.838002
667.000000 54.832903
668.000000 54.848564
669.000000 54.848211
670.000000 54.872017
671.000000 54.877140
672.000000 54.903081
673.000000 54.913007
674.000000 54.923287
675.000000 54.933567
676.000000 54.923441
677.000000 54.949736
678.000000 54.959662
679.000000 54.969942
680.000000 54.959817
681.000000 54.965706
682.000000 54.971241
683.000000 54.976776
684.000000 54.982312
685.000000 54.987847
686.000000 54.993382
687.000000 54.998918
688.000000 55.004453
689.000000 55.009989
690.000000 55.015524
691.000000 54.997253
692.000000 54.997665
693.000000 54.997665
694.000000 54.997665
695.000000 54.997665
696.000000 54.997665
697.000000 54.997665
698.000000 55.021472
699.000000 55.026595
700.000000 55.032130
701.000000 55.037665
702.000000 55.043201
703.000000 55.048736
704.000000 55.054271
705.000000 55.059807
706.000000 55.041536
707.000000 55.041948
708.000000 55.021543
709.000000 55.017152
710.000000 55.012407
711.000000 55.007662
712.000000 54.982512
713.000000 54.973377
714.000000 54.984293
715.000000 54.979195
716.000000 54.994856
717.000000 54.994502
718.000000 54.994502
719.000000 54.994502
720.000000 54.994502
721.000000 54.994502
722.000000 54.974097
723.000000 54.969706
724.000000 54.944555
725.000000 54.915014
726.000000 54.901134
727.000000 54.886900
728.000000 54.848860
729.000000 54.829504
730.000000 54.809734
731.000000 54.789965
732.000000 54.770196
733.000000 54.750427
734.000000 54.754464
735.000000 54.716012
736.000000 54.720462
737.000000 54.705815
738.000000 54.711987
739.000000 54.702144
740.000000 54.713061
741.000000 54.728368
742.000000 54.751821
743.000000 54.756944
744.000000 54.782885
745.000000 54.813217
746.000000 54.827887
747.000000 54.863318
748.000000 54.906540
749.000000 54.951837
750.000000 54.981532
751.000000 55.031987
752.000000 55.066427
753.000000 55.101221
754.000000 55.156420
755.000000 55.195605
756.000000 55.235143
757.000000 55.298488
758.000000 55.343149
759.000000 55.388223
760.000000 55.433296
761.000000 55.478370
762.000000 55.523443
763.000000 55.544710
764.000000 55.584661
765.000000 55.624200
766.000000 55.663738
767.000000 55.703276
768.000000 55.742814
769.000000 55.782353
770.000000 55.821891
771.000000 55.841024
772.000000 55.876171
773.000000 55.910965
774.000000 55.925353
775.000000 55.955755
776.000000 55.965399
777.000000 55.967250
778.000000 55.987432
779.000000 56.007201
780.000000 56.006565
781.000000 56.021943
782.000000 56.036968
783.000000 56.051992
784.000000 56.067017
785.000000 56.082041
786.000000 56.076660
787.000000 56.107699
788.000000 56.101965
789.000000 56.133004
790.000000 56.147675
791.000000 56.183105
792.000000 56.226327
793.000000 56.251219
794.000000 56.296929
795.000000 56.347030
796.000000 56.381470
797.000000 56.436669
798.000000 56.475854
799.000000 56.539199
800.000000 56.583860
801.000000 51.187435
802.000000 50.037788
803.000000 48.812514
804.000000 47.566422
805.000000 46.336345
806.000000 45.085508
807.000000 43.830281
808.000000 42.590714
809.000000 41.326988
810.000000 40.081945
811.000000 38.836489
812.000000 37.591034
813.000000 36.345578
814.000000 35.100123
815.000000 33.878474
816.000000 32.638141
817.000000 31.418627
818.000000 30.203503
819.000000 28.972719
820.000000 27.762694
821.000000 26.560460
822.000000 25.339897
823.000000 24.119746
824.000000 22.899595
825.000000 21.679444
826.000000 20.459293
827.000000 19.259547
828.000000 18.064193
829.000000 16.873583
830.000000 15.711524
831.000000 14.535527
832.000000 13.388492
833.000000 12.227519
834.000000 11.092109
835.000000 9.969235
836.000000 8.853181
837.000000 7.750076
838.000000 6.653791
839.000000 5.570455
840.000000 4.493939
841.000000 3.430373
842.000000 2.353220
843.000000 1.305032
844.000000 0.263310
845.000000 0.000000
846.000000 0.000000
847.000000 0.000000
848.000000 0.000000
849.000000 0.000000
850.000000 0.000000
851.000000 0.000000
852.000000 0.000000
853.000000 0.000000
854.000000 0.000000
855.000000 0.000000
856.000000 0.000000
857.000000 0.000000
858.000000 0.000000
859.000000 0.000000
860.000000 0.000000
861.000000 0.000000
862.000000 0.000000
863.000000 0.000000
864.000000 0.000000
865.000000 0.000000
866.000000 0.000000
867.000000 0.000000
868.000000 0.000000
869.000000 0.000000
870.000000 0.000000
871.000000 0.000000
872.000000 0.000000
873.000000 0.000000
874.000000 0.000000
875.000000 0.000000
876.000000 0.000000
877.000000 0.000000
878.000000 0.000000
879.000000 0.000000
880.000000 0.000000
881.000000 0.000000
882.000000 0.000000
883.000000 0.000000
884.000000 0.000000
885.000000 0.000000
886.000000 0.000000
887.000000 0.000000
888.000000 0.000000
889.000000 0.000000
890.000000 0.000000
891.000000 0.000000
892.000000 0.000000
893.000000 0.000000
894.000000 0.000000
895.000000 0.000000
896.000000 0.000000
897.000000 0.000000
898.000000 0.000000
899.000000 0.000000
900.000000 0.000000
901.000000 0.000000
902.000000 0.000000
903.000000 0.000000
904.000000 0.000000
905.000000 0.000000
906.000000 0.000000
907.000000 0.000000
908.000000 0.000000
909.000000 0.000000
910.000000 0.000000
911.000000 0.000000
912.000000 0.000000
913.000000 0.000000
914.000000 0.000000
915.000000 0.000000
916.000000 0.000000
917.000000 0.000000
918.000000 0.000000
919.000000 0.000000
920.000000 0.000000
921.000000 0.000000
922.000000 0.000000
923.000000 0.000000
924.000000 0.000000
925.000000 0.000000
926.000000 0.000000
927.000000 0.000000
928.000000 0.000000
929.000000 0.000000
930.000000 0.000000
931.000000 0.000000
932.000000 0.000000
933.000000 0.000000
934.000000 0.000000
935.000000 0.000000
936.000000 0.000000
937.000000 0.000000
938.000000 0.000000
939.000000 0.000000
940.000000 0.000000
941.000000 0.000000
942.000000 0.000000
943.000000 0.000000
944.000000 0.000000
945.000000 0.000000
946.000000 0.000000
947.000000 0.000000
948.000000 0.000000
949.000000 0.000000
950.000000 0.000000
951.000000 0.000000
952.000000 0.000000
953.000000 0.000000
954.000000 0.000000
955.000000 0.000000
956.000000 0.000000
957.000000 0.000000
958.000000 0.000000
959.000000 0.000000
960.000000 0.000000
961.000000 0.000000
962.000000 0.000000
963.000000 0.000000
964.000000 0.000000
965.000000 0.000000
966.000000 0.000000
967.000000 0.000000
968.000000 0.000000
969.000000 0.000000
970.000000 0.000000
971.000000 0.000000
972.000000 0.000000
973.000000 0.000000
974.000000 0.000000
975.000000 0.000000
976.000000 0.000000
977.000000 0.000000
978.000000 0.000000
979.000000 0.000000
980.000000 0.000000
981.000000 0.000000
982.000000 0.000000
983.000000 0.000000
984.000000 0.000000
985.000000 0.000000
986.000000 0.000000
987.000000 0.000000
988.000000 0.004037
989.000000 0.000000
990.000000 0.000000
991.000000 0.000000
992.000000 0.006172
993.000000 0.000000
994.000000 0.000000
995.000000 0.000000
996.000000 0.010916
997.000000 0.005818
998.000000 0.021479
999.000000 0.021126
1000.000000 0.021126
1001.000000 0.044932
1002.000000 0.050055
1003.000000 0.075996
1004.000000 0.085922
1005.000000 0.116608
1006.000000 0.131279
1007.000000 0.166709
1008.000000 0.186124
1009.000000 0.229700
1010.000000 0.254592
1011.000000 0.300302
1012.000000 0.329997
1013.000000 0.380452
1014.000000 0.414892
1015.000000 0.470091
1016.000000 0.509276
1017.000000 0.548814
1018.000000 0.612159
1019.000000 0.656820
1020.000000 0.722299
1021.000000 0.771764
1022.000000 0.821582
1023.000000 0.871400
1024.000000 0.941624
1025.000000 0.995833
1026.000000 1.050396
1027.000000 1.125364
1028.000000 1.184318
1029.000000 1.243626
1030.000000 1.326740
1031.000000 1.391170
1032.000000 1.476418
1033.000000 1.545652
1034.000000 1.615239
1035.000000 1.705232
1036.000000 1.779210
1037.000000 1.853542
1038.000000 1.948280
1039.000000 2.027003
1040.000000 2.106079
1041.000000 2.185156
1042.000000 2.264232
1043.000000 2.367115
1044.000000 2.451315
1045.000000 2.535927
1046.000000 2.620539
1047.000000 2.725556
1048.000000 2.814559
1049.000000 2.903915
1050.000000 2.993272
1051.000000 3.082628
1052.000000 3.171985
1053.000000 3.281747
1054.000000 3.375494
1055.000000 3.469595
1056.000000 3.563697
1057.000000 3.657798
1058.000000 3.772304
1059.000000 3.870796
1060.000000 3.969642
1061.000000 4.068488
1062.000000 4.167333
1063.000000 4.266179
1064.000000 4.365025
1065.000000 4.487677
1066.000000 4.591645
1067.000000 4.696026
1068.000000 4.800407
1069.000000 4.904788
1070.000000 5.009169
1071.000000 5.113550
1072.000000 5.194125
1073.000000 5.293383
1074.000000 5.392229
1075.000000 5.491075
1076.000000 5.589920
1077.000000 5.668360
1078.000000 5.762815
1079.000000 5.856916
1080.000000 5.951017
1081.000000 6.045118
1082.000000 6.139219
1083.000000 6.233320
1084.000000 6.327421
1085.000000 6.421523
1086.000000 6.515624
1087.000000 6.609725
1088.000000 6.703826
1089.000000 6.797927
1090.000000 6.892028
1091.000000 6.986129
1092.000000 7.080230
1093.000000 7.174331
1094.000000 7.268432
1095.000000 7.362533
1096.000000 7.456634
1097.000000 7.550735
1098.000000 7.644837
1099.000000 7.738938
1100.000000 7.833039
1101.000000 7.927140
1102.000000 8.021241
1103.000000 8.094936
1104.000000 8.184646
1105.000000 8.274003
1106.000000 8.363359
1107.000000 8.452716
1108.000000 8.542072
1109.000000 8.631429
1110.000000 8.720785
1111.000000 8.810142
1112.000000 8.879093
1113.000000 8.964058
1114.000000 9.048670
1115.000000 9.133282
1116.000000 9.194087
1117.000000 9.273577
1118.000000 9.352653
1119.000000 9.431730
1120.000000 9.510806
1121.000000 9.589883
1122.000000 9.648554
1123.000000 9.723239
1124.000000 9.797571
1125.000000 9.871903
1126.000000 9.946235
1127.000000 10.020567
1128.000000 10.074493
1129.000000 10.144434
1130.000000 10.214022
1131.000000 10.283609
1132.000000 10.332791
1133.000000 10.397987
1134.000000 10.462830
1135.000000 10.527673
1136.000000 10.568709
1137.000000 10.628429
1138.000000 10.687736
1139.000000 10.726638
1140.000000 10.781555
1141.000000 10.836117
1142.000000 10.890680
1143.000000 10.924837
1144.000000 10.975009
1145.000000 11.024828
1146.000000 11.074646
1147.000000 11.104058
1148.000000 11.149486
1149.000000 11.194559
1150.000000 11.239633
1151.000000 11.260900
1152.000000 11.300851
1153.000000 11.340389
1154.000000 11.359522
1155.000000 11.394669
1156.000000 11.429463
1157.000000 11.464256
1158.000000 11.499050
1159.000000 11.533844
1160.000000 11.568637
1161.000000 11.603431
1162.000000 11.638225
1163.000000 11.673019
1164.000000 11.707812
1165.000000 11.742606
1166.000000 11.777400
1167.000000 11.791788
1168.000000 11.822190
1169.000000 11.852239
1170.000000 11.882289
1171.000000 11.912338
1172.000000 11.921981
1173.000000 11.947639
1174.000000 11.972944
1175.000000 11.998248
1176.000000 11.999746
1177.000000 12.019928
1178.000000 12.039697
1179.000000 12.039061
1180.000000 12.054439
1181.000000 12.069463
1182.000000 12.064082
1183.000000 12.074716
1184.000000 12.064590
1185.000000 12.070479
1186.000000 12.076015
1187.000000 12.057743
1188.000000 12.058156
1189.000000 12.058156
1190.000000 12.058156
1191.000000 12.037750
1192.000000 12.033359
1193.000000 12.028615
1194.000000 12.023870
1195.000000 11.998720
1196.000000 11.989584
1197.000000 11.980095
1198.000000 11.950200
1199.000000 11.936320
1200.000000 11.922087
1201.000000 11.884046
1202.000000 11.864690
1203.000000 11.844921
1204.000000 11.825151
1205.000000 11.784977
1206.000000 11.760817
1207.000000 11.736303
1208.000000 11.711789
1209.000000 11.687275
1210.000000 11.642356
1211.000000 11.613451
1212.000000 11.584193
1213.000000 11.554935
1214.000000 11.546082
1215.000000 11.521215
1216.000000 11.496701
1217.000000 11.472187
1218.000000 11.447674
1219.000000 11.423160
1220.000000 11.398646
1221.000000 11.374132
1222.000000 11.349619
1223.000000 11.325105
1224.000000 11.300591
1225.000000 11.276077
1226.000000 11.251564
1227.000000 11.227050
1228.000000 11.202536
1229.000000 11.178023
1230.000000 11.153509
1231.000000 11.128995
1232.000000 11.104481
1233.000000 11.079968
1234.000000 11.035048
1235.000000 11.006144
1236.000000 10.976885
1237.000000 10.947627
1238.000000 10.918369
1239.000000 10.868705
1240.000000 10.835056
1241.000000 10.801053
1242.000000 10.767050
1243.000000 10.733047
1244.000000 10.699044
1245.000000 10.641234
1246.000000 10.602109
1247.000000 10.562570
1248.000000 10.523032
1249.000000 10.483494
1250.000000 10.443956
1251.000000 10.404417
1252.000000 10.364879
1253.000000 10.325341
1254.000000 10.285803
1255.000000 10.246264
1256.000000 10.206726
1257.000000 10.167188
1258.000000 10.127650
1259.000000 10.088111
1260.000000 10.048573
1261.000000 10.009035
1262.000000 9.969496
1263.000000 9.929958
1264.000000 9.890420
1265.000000 9.850882
1266.000000 9.811343
1267.000000 9.771805
1268.000000 9.732267
1269.000000 9.692729
1270.000000 9.653190
1271.000000 9.613652
1272.000000 9.574114
1273.000000 9.534576
1274.000000 9.495037
1275.000000 9.455499
1276.000000 9.415961
1277.000000 9.376422
1278.000000 9.336884
1279.000000 9.297346
1280.000000 9.257808
1281.000000 9.218269
1282.000000 9.178731
1283.000000 9.139193
1284.000000 9.099655
1285.000000 9.060116
1286.000000 9.020578
1287.000000 8.981040
1288.000000 8.941501
1289.000000 8.901963
1290.000000 8.862425
1291.000000 8.822887
1292.000000 8.807155
1293.000000 8.772739
1294.000000 8.738737
1295.000000 8.704734
1296.000000 8.670731
1297.000000 8.636728
1298.000000 8.602725
1299.000000 8.568722
1300.000000 8.555125
1301.000000 8.525513
1302.000000 8.496254
1303.000000 8.466996
1304.000000 8.437738
1305.000000 8.408479
1306.000000 8.379221
1307.000000 8.370368
1308.000000 8.345501
1309.000000 8.320987
1310.000000 8.316879
1311.000000 8.296756
1312.000000 8.276987
1313.000000 8.257218
1314.000000 8.261256
1315.000000 8.246609
1316.000000 8.232375
1317.000000 8.238547
1318.000000 8.228704
1319.000000 8.219215
1320.000000 8.209726
1321.000000 8.220642
1322.000000 8.215544
1323.000000 8.210800
1324.000000 8.206055
1325.000000 8.201310
1326.000000 8.196566
1327.000000 8.212227
1328.000000 8.211873
1329.000000 8.211873
1330.000000 8.211873
1331.000000 8.211873
1332.000000 8.235680
1333.000000 8.240802
1334.000000 8.246338
1335.000000 8.251873
1336.000000 8.257409
1337.000000 8.262944
1338.000000 8.268479
1339.000000 8.274015
1340.000000 8.279550
1341.000000 8.285085
1342.000000 8.290621
1343.000000 8.296156
1344.000000 8.301691
1345.000000 8.307227
1346.000000 8.312762
1347.000000 8.318298
1348.000000 8.323833
1349.000000 8.329368
1350.000000 8.334904
1351.000000 8.340439
1352.000000 8.345974
1353.000000 8.351510
1354.000000 8.357045
1355.000000 8.362580
1356.000000 8.368116
1357.000000 8.373651
1358.000000 8.379186
1359.000000 8.384722
1360.000000 8.390257
1361.000000 8.395793
1362.000000 8.401328
1363.000000 8.406863
1364.000000 8.412399
1365.000000 8.417934
1366.000000 8.423469
1367.000000 8.429005
1368.000000 8.454946
1369.000000 8.464872
1370.000000 8.475152
1371.000000 8.485432
1372.000000 8.495712
1373.000000 8.505992
1374.000000 8.516272
1375.000000 8.526552
1376.000000 8.536832
1377.000000 8.547112
1378.000000 8.557391
1379.000000 8.567671
1380.000000 8.577951
1381.000000 8.588231
1382.000000 8.598511
1383.000000 8.608791
1384.000000 8.619071
1385.000000 8.629351
1386.000000 8.639631
1387.000000 8.649911
1388.000000 8.680597
1389.000000 8.695267
1390.000000 8.710292
1391.000000 8.745722
1392.000000 8.765138
1393.000000 8.784907
1394.000000 8.804676
1395.000000 8.824445
1396.000000 8.844214
1397.000000 8.863983
1398.000000 8.883752
1399.000000 8.903522
1400.000000 8.923291
1401.000000 8.943060
1402.000000 8.962829
1403.000000 8.982598
1404.000000 9.026174
1405.000000 9.051066
1406.000000 9.076370
1407.000000 9.101675
1408.000000 9.126979
1409.000000 9.152284
1410.000000 9.177588
1411.000000 9.202893
1412.000000 9.228197
1413.000000 9.253502
1414.000000 9.278806
1415.000000 9.304111
1416.000000 9.329415
1417.000000 9.354720
1418.000000 9.380024
1419.000000 9.405329
1420.000000 9.430633
1421.000000 9.455938
1422.000000 9.481242
1423.000000 9.506547
1424.000000 9.508044
1425.000000 9.528226
1426.000000 9.547995
1427.000000 9.567764
1428.000000 9.587534
1429.000000 9.586897
1430.000000 9.602275
1431.000000 9.617300
1432.000000 9.652730
1433.000000 9.672146
1434.000000 9.691915
1435.000000 9.711684
1436.000000 9.731453
1437.000000 9.751222
1438.000000 9.750586
1439.000000 9.765964
1440.000000 9.780988
1441.000000 9.796013
1442.000000 9.811037
1443.000000 9.826062
1444.000000 9.841086
1445.000000 9.876517
1446.000000 9.895932
1447.000000 9.915701
1448.000000 9.935470
1449.000000 9.955240
1450.000000 9.975009
1451.000000 9.994778
1452.000000 10.014547
1453.000000 10.034316
1454.000000 10.054085
1455.000000 10.073854
1456.000000 10.093623
1457.000000 10.137199
1458.000000 10.162091
1459.000000 10.187396
1460.000000 10.212700
1461.000000 10.214198
1462.000000 10.234380
1463.000000 10.254149
1464.000000 10.273918
1465.000000 10.293687
1466.000000 10.313456
1467.000000 10.333225
1468.000000 10.332589
1469.000000 10.347967
1470.000000 10.362992
1471.000000 10.378016
1472.000000 10.393041
1473.000000 10.387660
1474.000000 10.398293
1475.000000 10.408573
1476.000000 10.418853
1477.000000 10.429133
1478.000000 10.419007
1479.000000 10.424896
1480.000000 10.430432
1481.000000 10.435967
1482.000000 10.441503
1483.000000 10.447038
1484.000000 10.452573
1485.000000 10.458109
1486.000000 10.463644
1487.000000 10.469179
1488.000000 10.474715
1489.000000 10.480250
1490.000000 10.485785
1491.000000 10.491321
1492.000000 10.496856
1493.000000 10.502391
1494.000000 10.507927
1495.000000 10.513462
1496.000000 10.518998
1497.000000 10.524533
1498.000000 10.530068
1499.000000 10.535604
1500.000000 10.541139
1501.000000 10.546674
1502.000000 10.528403
1503.000000 10.528816
1504.000000 10.528816
1505.000000 10.528816
1506.000000 10.528816
1507.000000 10.508410
1508.000000 10.504019
1509.000000 10.499275
1510.000000 10.494530
1511.000000 10.469380
1512.000000 10.480650
1513.000000 10.475552
1514.000000 10.470807
1515.000000 10.466062
1516.000000 10.461318
1517.000000 10.456573
1518.000000 10.451829
1519.000000 10.447084
1520.000000 10.442339
1521.000000 10.437595
1522.000000 10.432850
1523.000000 10.428106
1524.000000 10.423361
1525.000000 10.418617
1526.000000 10.413872
1527.000000 10.409127
1528.000000 10.404383
1529.000000 10.399638
1530.000000 10.394894
1531.000000 10.390149
1532.000000 10.385404
1533.000000 10.360254
1534.000000 10.351119
1535.000000 10.341629
1536.000000 10.332140
1537.000000 10.322651
1538.000000 10.313162
1539.000000 10.283267
1540.000000 10.269387
1541.000000 10.255153
1542.000000 10.240919
1543.000000 10.226686
1544.000000 10.212452
1545.000000 10.198218
1546.000000 10.183984
1547.000000 10.169751
1548.000000 10.155517
1549.000000 10.141283
1550.000000 10.127049
1551.000000 10.112815
1552.000000 10.098582
1553.000000 10.084348
1554.000000 10.070114
1555.000000 10.055880
1556.000000 10.041647
1557.000000 10.027413
1558.000000 10.013179
1559.000000 10.019351
1560.000000 10.009508
1561.000000 10.000019
1562.000000 9.990530
1563.000000 9.981040
1564.000000 9.971551
1565.000000 9.962062
1566.000000 9.952573
1567.000000 9.943084
1568.000000 9.933595
1569.000000 9.924105
1570.000000 9.914616
1571.000000 9.905127
1572.000000 9.895638
1573.000000 9.886149
1574.000000 9.876659
1575.000000 9.867170
1576.000000 9.857681
1577.000000 9.848192
1578.000000 9.838703
1579.000000 9.829213
1580.000000 9.819724
1581.000000 9.810235
1582.000000 9.800746
1583.000000 9.791257
1584.000000 9.781768
1585.000000 9.772278
1586.000000 9.762789
1587.000000 9.753300
1588.000000 9.743811
1589.000000 9.734322
1590.000000 9.724832
1591.000000 9.735749
1592.000000 9.730651
1593.000000 9.705500
1594.000000 9.716771
1595.000000 9.711672
1596.000000 9.706928
1597.000000 9.702183
1598.000000 9.677033
1599.000000 9.667897
1600.000000 9.658408
