1.000000 35.000000
2.000000 35.000000
3.000000 35.000000
4.000000 35.000000
5.000000 35.000000
6.000000 35.000000
7.000000 35.060000
8.000000 35.060000
9.000000 35.060000
10.000000 35.060000
11.000000 35.060000
12.000000 35.060000
13.000000 35.060000
14.000000 35.060000
15.000000 35.060000
16.000000 35.060000
17.000000 35.060000
18.000000 35.120000
19.000000 35.120000
20.000000 35.120000
21.000000 35.120000
22.000000 35.180000
23.000000 35.180000
24.000000 35.250000
25.000000 35.250000
26.000000 35.310000
27.000000 35.370000
28.000000 35.430000
29.000000 35.500000
30.000000 35.620000
31.000000 35.680000
32.000000 35.810000
33.000000 35.870000
34.000000 35.930000
35.000000 36.060000
36.000000 36.180000
37.000000 36.250000
38.000000 36.370000
39.000000 36.500000
40.000000 36.560000
41.000000 36.680000
42.000000 36.750000
43.000000 36.870000
44.000000 37.000000
45.000000 37.120000
46.000000 37.250000
47.000000 37.310000
48.000000 37.430000
49.000000 37.560000
50.000000 37.680000
51.000000 37.810000
52.000000 37.930000
53.000000 38.000000
54.000000 38.120000
55.000000 38.250000
56.000000 38.370000
57.000000 38.500000
58.000000 38.620000
59.000000 38.750000
60.000000 38.870000
61.000000 38.930000
62.000000 39.060000
63.000000 39.120000
64.000000 39.180000
65.000000 39.310000
66.000000 39.370000
67.000000 39.430000
68.000000 39.560000
69.000000 39.620000
70.000000 39.750000
71.000000 39.810000
72.000000 39.870000
73.000000 40.000000
74.000000 40.060000
75.000000 40.120000
76.000000 40.180000
77.000000 40.310000
78.000000 40.370000
79.000000 40.430000
80.000000 40.500000
81.000000 40.560000
82.000000 40.620000
83.000000 40.680000
84.000000 40.750000
85.000000 40.870000
86.000000 40.930000
87.000000 41.000000
88.000000 41.060000
89.000000 41.120000
90.000000 41.180000
91.000000 41.250000
92.000000 41.370000
93.000000 41.430000
94.000000 41.500000
95.000000 41.560000
96.000000 41.620000
97.000000 41.680000
98.000000 41.810000
99.000000 41.870000
100.000000 41.930000
101.000000 42.000000
102.000000 42.060000
103.000000 42.060000
104.000000 42.120000
105.000000 42.180000
106.000000 42.250000
107.000000 42.310000
108.000000 42.370000
109.000000 42.430000
110.000000 42.500000
111.000000 42.560000
112.000000 42.620000
113.000000 42.680000
114.000000 42.750000
115.000000 42.750000
116.000000 42.810000
117.000000 42.810000
118.000000 42.870000
119.000000 42.870000
120.000000 42.930000
121.000000 43.000000
122.000000 43.000000
123.000000 43.060000
124.000000 43.060000
125.000000 43.060000
126.000000 43.060000
127.000000 43.060000
128.000000 43.120000
129.000000 43.120000
130.000000 43.180000
131.000000 43.250000
132.000000 43.250000
133.000000 43.310000
134.000000 43.310000
135.000000 43.310000
136.000000 43.370000
137.000000 43.430000
138.000000 43.430000
139.000000 43.500000
140.000000 43.500000
141.000000 43.560000
142.000000 43.620000
143.000000 43.620000
144.000000 43.680000
145.000000 43.750000
146.000000 43.750000
147.000000 43.810000
148.000000 43.810000
149.000000 43.870000
150.000000 43.870000
151.000000 43.870000
152.000000 43.930000
153.000000 43.930000
154.000000 44.000000
155.000000 44.000000
156.000000 44.000000
157.000000 44.000000
158.000000 44.060000
159.000000 44.060000
160.000000 44.120000
161.000000 44.120000
162.000000 44.180000
163.000000 44.180000
164.000000 44.250000
165.000000 44.250000
166.000000 44.250000
167.000000 44.310000
168.000000 44.310000
169.000000 44.310000
170.000000 44.310000
171.000000 44.370000
172.000000 44.370000
173.000000 44.370000
174.000000 44.430000
175.000000 44.430000
176.000000 44.430000
177.000000 44.430000
178.000000 44.500000
179.000000 44.500000
180.000000 44.560000
181.000000 44.620000
182.000000 44.620000
183.000000 44.620000
184.000000 44.620000
185.000000 44.680000
186.000000 44.680000
187.000000 44.680000
188.000000 44.750000
189.000000 44.750000
190.000000 44.750000
191.000000 44.750000
192.000000 44.750000
193.000000 44.750000
194.000000 44.750000
195.000000 44.810000
196.000000 44.810000
197.000000 44.810000
198.000000 44.810000
199.000000 44.810000
200.000000 44.810000
201.000000 44.810000
202.000000 44.870000
203.000000 44.870000
204.000000 44.870000
205.000000 44.870000
206.000000 44.870000
207.000000 44.870000
208.000000 44.870000
209.000000 44.870000
210.000000 44.930000
211.000000 44.930000
212.000000 44.930000
213.000000 44.930000
214.000000 45.000000
215.000000 45.000000
216.000000 45.000000
217.000000 45.060000
218.000000 45.060000
219.000000 45.120000
220.000000 45.120000
221.000000 45.120000
222.000000 45.120000
223.000000 45.120000
224.000000 45.120000
225.000000 45.120000
226.000000 45.120000
227.000000 45.120000
228.000000 45.120000
229.000000 45.120000
230.000000 45.120000
231.000000 45.180000
232.000000 45.180000
233.000000 45.250000
234.000000 45.250000
235.000000 45.310000
236.000000 45.310000
237.000000 45.310000
238.000000 45.370000
239.000000 45.310000
240.000000 45.310000
241.000000 45.370000
242.000000 45.310000
243.000000 45.310000
244.000000 45.310000
245.000000 45.310000
246.000000 45.310000
247.000000 45.370000
248.000000 45.370000
249.000000 45.370000
250.000000 45.370000
251.000000 45.370000
252.000000 45.370000
253.000000 45.370000
254.000000 45.370000
255.000000 45.370000
256.000000 45.370000
257.000000 45.370000
258.000000 45.370000
259.000000 45.370000
260.000000 45.370000
261.000000 45.430000
262.000000 45.430000
263.000000 45.500000
264.000000 45.500000
265.000000 45.500000
266.000000 45.560000
267.000000 45.560000
268.000000 45.560000
269.000000 45.560000
270.000000 45.560000
271.000000 45.620000
272.000000 45.620000
273.000000 45.620000
274.000000 45.620000
275.000000 45.620000
276.000000 45.620000
277.000000 45.680000
278.000000 45.680000
279.000000 45.680000
280.000000 45.680000
281.000000 45.680000
282.000000 45.680000
283.000000 45.680000
284.000000 45.680000
285.000000 45.680000
286.000000 45.680000
287.000000 45.620000
288.000000 45.680000
289.000000 45.680000
290.000000 45.680000
291.000000 45.750000
292.000000 45.750000
293.000000 45.750000
294.000000 45.750000
295.000000 45.810000
296.000000 45.810000
297.000000 45.870000
298.000000 45.870000
299.000000 45.870000
300.000000 45.930000
301.000000 45.930000
302.000000 45.930000
303.000000 45.930000
304.000000 45.930000
305.000000 45.930000
306.000000 45.930000
307.000000 45.930000
308.000000 45.930000
309.000000 45.930000
310.000000 45.930000
311.000000 46.000000
312.000000 46.060000
313.000000 46.060000
314.000000 46.060000
315.000000 46.060000
316.000000 46.060000
317.000000 46.060000
318.000000 46.060000
319.000000 46.060000
320.000000 46.060000
321.000000 46.060000
322.000000 46.000000
323.000000 46.000000
324.000000 46.000000
325.000000 46.000000
326.000000 45.930000
327.000000 45.930000
328.000000 45.930000
329.000000 46.000000
330.000000 46.000000
331.000000 46.000000
332.000000 46.000000
333.000000 46.000000
334.000000 46.000000
335.000000 46.060000
336.000000 46.060000
337.000000 46.120000
338.000000 46.120000
339.000000 46.120000
340.000000 46.120000
341.000000 46.180000
342.000000 46.180000
343.000000 46.180000
344.000000 46.180000
345.000000 46.250000
346.000000 46.250000
347.000000 46.250000
348.000000 46.250000
349.000000 46.250000
350.000000 46.250000
351.000000 46.250000
352.000000 46.180000
353.000000 46.180000
354.000000 46.180000
355.000000 46.180000
356.000000 46.180000
357.000000 46.180000
358.000000 46.180000
359.000000 46.180000
360.000000 46.180000
361.000000 46.180000
362.000000 46.180000
363.000000 46.120000
364.000000 46.120000
365.000000 46.180000
366.000000 46.180000
367.000000 46.180000
368.000000 46.180000
369.000000 46.180000
370.000000 46.180000
371.000000 46.180000
372.000000 46.180000
373.000000 46.180000
374.000000 46.120000
375.000000 46.180000
376.000000 46.120000
377.000000 46.120000
378.000000 46.180000
379.000000 46.120000
380.000000 46.180000
381.000000 46.120000
382.000000 46.120000
383.000000 46.120000
384.000000 46.120000
385.000000 46.120000
386.000000 46.120000
387.000000 46.120000
388.000000 46.180000
389.000000 46.120000
390.000000 46.120000
391.000000 46.180000
392.000000 46.180000
393.000000 46.180000
394.000000 46.250000
395.000000 46.250000
396.000000 46.250000
397.000000 46.250000
398.000000 46.250000
399.000000 46.180000
400.000000 46.180000
