1.000000 35.000000
2.000000 35.000000
3.000000 35.000000
4.000000 35.000000
5.000000 35.000000
6.000000 35.000000
7.000000 35.000000
8.000000 35.000000
9.000000 35.000000
10.000000 35.000000
11.000000 35.000000
12.000000 35.000000
13.000000 35.000000
14.000000 35.000000
15.000000 35.000000
16.000000 35.000000
17.000000 35.000000
18.000000 35.000000
19.000000 35.000000
20.000000 35.000000
21.000000 35.000000
22.000000 35.000000
23.000000 35.000000
24.000000 35.681730
25.000000 36.030320
26.000000 36.378485
27.000000 36.725809
28.000000 37.072322
29.000000 37.417941
30.000000 37.762582
31.000000 38.106157
32.000000 38.448579
33.000000 38.789761
34.000000 39.129611
35.000000 39.375089
36.000000 39.616947
37.000000 39.833016
38.000000 40.023376
39.000000 40.188044
40.000000 40.327066
41.000000 40.440508
42.000000 40.528460
43.000000 40.591036
44.000000 40.628367
45.000000 40.640604
46.000000 40.640592
47.000000 40.622614
48.000000 40.590026
49.000000 40.544701
50.000000 40.488523
51.000000 40.423377
52.000000 40.351144
53.000000 40.273699
54.000000 40.192910
55.000000 40.110631
56.000000 40.028703
57.000000 39.947224
58.000000 39.867922
59.000000 39.791683
60.000000 39.719357
61.000000 39.651656
62.000000 39.589154
63.000000 39.532287
64.000000 39.481358
65.000000 39.436530
66.000000 39.397832
67.000000 39.365160
68.000000 39.338514
69.000000 39.317656
70.000000 39.302340
71.000000 39.292254
72.000000 39.287044
73.000000 39.286319
74.000000 39.289662
75.000000 39.296640
76.000000 39.306816
77.000000 39.319756
78.000000 39.335038
79.000000 39.352233
80.000000 39.370941
81.000000 39.390781
82.000000 39.411394
83.000000 39.432448
84.000000 39.453643
85.000000 39.474707
86.000000 39.495400
87.000000 39.515512
88.000000 39.534866
89.000000 39.553313
90.000000 39.570733
91.000000 39.587036
92.000000 39.602156
93.000000 39.616053
94.000000 39.628708
95.000000 39.640122
96.000000 39.650316
97.000000 39.659323
98.000000 39.667194
99.000000 39.673986
100.000000 39.679770
101.000000 39.684621
102.000000 39.688621
103.000000 39.691855
104.000000 39.694409
105.000000 39.696370
106.000000 39.697824
107.000000 39.698855
108.000000 39.699543
109.000000 39.699965
110.000000 39.700192
111.000000 39.700291
112.000000 39.700323
113.000000 39.700342
114.000000 39.700397
115.000000 39.700529
116.000000 39.700776
117.000000 39.701167
118.000000 39.701726
119.000000 39.702471
120.000000 39.703417
121.000000 39.704571
122.000000 39.705938
123.000000 39.707518
124.000000 39.709306
125.000000 39.711296
126.000000 39.713479
127.000000 39.715842
128.000000 39.718372
129.000000 39.721054
130.000000 39.723872
131.000000 39.726809
132.000000 39.729847
133.000000 39.732969
134.000000 39.736159
135.000000 39.739398
136.000000 39.742673
137.000000 39.745966
138.000000 39.749265
139.000000 39.752555
140.000000 39.755825
141.000000 39.759064
142.000000 39.762262
143.000000 39.765412
144.000000 39.768505
145.000000 39.771537
146.000000 39.774502
147.000000 39.777398
148.000000 39.780221
149.000000 39.782971
150.000000 39.785646
151.000000 39.788247
152.000000 39.790775
153.000000 39.793231
154.000000 39.795619
155.000000 39.797940
156.000000 39.800197
157.000000 39.802395
158.000000 39.804535
159.000000 39.806623
160.000000 39.808662
161.000000 39.810656
162.000000 39.812607
163.000000 39.814521
164.000000 39.816401
165.000000 39.818250
166.000000 39.820070
167.000000 39.821866
168.000000 39.823640
169.000000 39.825394
170.000000 39.827130
171.000000 39.828851
172.000000 39.830557
173.000000 39.832252
174.000000 39.833935
175.000000 39.835608
176.000000 39.837272
177.000000 39.838926
178.000000 39.840572
179.000000 39.842210
180.000000 39.843839
181.000000 39.845460
182.000000 39.847073
183.000000 39.848676
184.000000 39.850270
185.000000 39.851855
186.000000 39.853429
187.000000 39.854993
188.000000 39.856545
189.000000 39.858086
190.000000 39.859614
191.000000 39.861130
192.000000 39.862632
193.000000 39.864121
194.000000 39.865595
195.000000 39.867055
196.000000 39.868499
197.000000 39.869929
198.000000 39.871343
199.000000 39.872741
200.000000 39.874124
201.000000 39.875490
202.000000 39.876841
203.000000 39.878176
204.000000 39.879494
205.000000 39.880797
206.000000 39.882085
207.000000 39.883356
208.000000 39.884612
209.000000 39.885853
210.000000 39.887079
211.000000 39.888290
212.000000 39.889487
213.000000 39.890669
214.000000 39.891838
215.000000 39.892992
216.000000 39.894134
217.000000 39.895262
218.000000 39.896377
219.000000 39.897480
220.000000 39.898570
221.000000 39.899648
222.000000 39.900714
223.000000 39.901769
224.000000 39.902812
225.000000 39.903844
226.000000 39.904866
227.000000 39.905876
228.000000 39.906876
229.000000 39.907865
230.000000 39.908844
231.000000 39.909813
232.000000 39.910772
233.000000 39.911721
234.000000 39.912660
235.000000 39.913590
236.000000 39.914510
237.000000 39.915420
238.000000 39.916322
239.000000 39.917213
240.000000 39.918096
241.000000 39.918970
242.000000 39.919834
243.000000 39.920690
244.000000 39.921537
245.000000 39.922375
246.000000 39.923204
247.000000 39.924024
248.000000 39.924836
249.000000 39.925639
250.000000 39.926434
251.000000 39.927220
252.000000 39.927998
253.000000 39.928767
254.000000 39.929529
255.000000 39.930282
256.000000 39.931027
257.000000 39.931764
258.000000 39.932494
259.000000 39.933215
260.000000 39.933929
261.000000 39.934634
262.000000 39.935333
263.000000 39.936024
264.000000 39.936707
265.000000 39.937383
266.000000 39.938051
267.000000 39.938713
268.000000 39.939367
269.000000 39.940015
270.000000 39.940655
271.000000 39.941288
272.000000 39.941915
273.000000 39.942535
274.000000 39.943148
275.000000 39.943755
276.000000 39.944355
277.000000 39.944949
278.000000 39.945536
279.000000 39.946117
280.000000 39.946692
281.000000 39.947261
282.000000 39.947824
283.000000 39.948380
284.000000 39.948931
285.000000 39.949476
286.000000 39.950015
287.000000 39.950549
288.000000 39.951076
289.000000 39.951598
290.000000 39.952115
291.000000 39.952626
292.000000 39.953131
293.000000 39.953632
294.000000 39.954126
295.000000 39.954618
296.000000 39.955107
297.000000 39.955598
298.000000 39.956094
299.000000 39.956598
300.000000 39.957113
301.000000 39.957644
302.000000 39.958194
303.000000 39.958769
304.000000 39.959371
305.000000 39.960005
306.000000 39.960674
307.000000 39.961382
308.000000 39.962131
309.000000 39.962923
310.000000 39.963760
311.000000 39.964641
312.000000 39.965568
313.000000 39.966539
314.000000 39.967553
315.000000 39.968609
316.000000 39.969704
317.000000 39.970835
318.000000 39.971998
319.000000 39.973189
320.000000 39.974405
321.000000 39.975640
322.000000 39.976891
323.000000 39.978151
324.000000 39.979417
325.000000 39.980674
326.000000 39.981913
327.000000 39.983126
328.000000 39.984303
329.000000 39.985437
330.000000 39.986519
331.000000 39.987542
332.000000 39.988500
333.000000 39.989385
334.000000 39.990192
335.000000 39.990915
336.000000 39.991552
337.000000 39.992100
338.000000 39.992560
339.000000 39.992931
340.000000 39.993215
341.000000 39.993413
342.000000 39.993529
343.000000 39.993567
344.000000 39.993533
345.000000 39.993431
346.000000 39.993268
347.000000 39.993052
348.000000 39.992789
349.000000 39.992487
350.000000 39.992152
351.000000 39.991794
352.000000 39.991419
353.000000 39.991034
354.000000 39.990646
355.000000 39.990262
356.000000 39.989888
357.000000 39.989529
358.000000 39.989190
359.000000 39.988877
360.000000 39.988592
361.000000 39.988339
362.000000 39.988120
363.000000 39.987938
364.000000 39.987793
365.000000 39.987686
366.000000 39.987617
367.000000 39.987586
368.000000 39.987593
369.000000 39.987634
370.000000 39.987710
371.000000 39.987817
372.000000 39.987954
373.000000 39.988118
374.000000 39.988305
375.000000 39.988514
376.000000 39.988741
377.000000 39.988984
378.000000 39.989238
379.000000 39.989502
380.000000 39.989772
381.000000 39.990046
382.000000 39.990321
383.000000 39.990594
384.000000 39.990865
385.000000 39.991129
386.000000 39.991387
387.000000 39.991635
388.000000 39.991874
389.000000 39.992101
390.000000 39.992317
391.000000 39.992519
392.000000 39.992709
393.000000 39.992885
394.000000 39.993048
395.000000 39.993198
396.000000 39.993335
397.000000 39.993459
398.000000 39.993571
399.000000 39.993673
400.000000 39.993763
401.000000 39.993844
402.000000 39.993916
403.000000 39.993980
404.000000 39.994037
405.000000 39.994088
406.000000 39.994134
407.000000 39.994175
408.000000 39.994213
409.000000 39.994248
410.000000 39.994281
411.000000 39.994313
412.000000 39.994345
413.000000 39.994376
414.000000 39.994408
415.000000 39.994441
416.000000 39.994476
417.000000 39.994513
418.000000 39.994551
419.000000 39.994592
420.000000 39.994635
421.000000 39.994680
422.000000 39.994728
423.000000 39.994778
424.000000 39.994831
425.000000 39.994886
426.000000 39.994943
427.000000 39.995002
428.000000 39.995063
429.000000 39.995125
430.000000 39.995189
431.000000 39.995254
432.000000 39.995319
433.000000 39.995386
434.000000 39.995452
435.000000 39.995519
436.000000 39.995586
437.000000 39.995653
438.000000 39.995719
439.000000 39.995785
440.000000 39.995850
441.000000 39.995914
442.000000 39.995977
443.000000 39.996039
444.000000 39.996099
445.000000 39.996159
446.000000 39.996217
447.000000 39.996273
448.000000 39.996328
449.000000 39.996382
450.000000 39.996434
451.000000 39.996485
452.000000 39.996534
453.000000 39.996582
454.000000 39.996629
455.000000 39.996675
456.000000 39.996719
457.000000 39.996762
458.000000 39.996804
459.000000 39.996845
460.000000 39.996885
461.000000 39.996924
462.000000 39.996963
463.000000 39.997000
464.000000 39.997037
465.000000 39.997074
466.000000 39.997109
467.000000 39.997145
468.000000 39.997179
469.000000 39.997214
470.000000 39.997248
471.000000 39.997281
472.000000 39.997315
473.000000 39.997348
474.000000 39.997381
475.000000 39.997413
476.000000 39.997445
477.000000 39.997477
478.000000 39.997509
479.000000 39.997541
480.000000 39.997572
481.000000 39.997603
482.000000 39.997634
483.000000 39.997665
484.000000 39.997696
485.000000 39.997726
486.000000 39.997756
487.000000 39.997785
488.000000 39.997815
489.000000 39.997844
490.000000 39.997873
491.000000 39.997901
492.000000 39.997930
493.000000 39.997958
494.000000 39.997985
495.000000 39.998013
496.000000 39.998039
497.000000 39.998066
498.000000 39.998092
499.000000 39.998118
500.000000 39.998144
501.000000 39.998169
502.000000 39.998194
503.000000 39.998218
504.000000 39.998242
505.000000 39.998266
506.000000 39.998289
507.000000 39.998312
508.000000 39.998335
509.000000 39.998358
510.000000 39.998380
511.000000 39.998401
512.000000 38.907655
513.000000 38.349931
514.000000 37.792889
515.000000 37.237191
516.000000 36.682790
517.000000 36.129820
518.000000 35.578415
519.000000 35.028714
520.000000 34.480857
521.000000 33.934985
522.000000 33.391244
523.000000 32.998498
524.000000 32.611542
525.000000 32.265850
526.000000 31.961292
527.000000 31.697840
528.000000 31.475422
529.000000 31.293933
530.000000 31.153226
531.000000 31.053121
532.000000 30.993408
533.000000 30.973845
534.000000 30.973880
535.000000 31.002661
536.000000 31.054817
537.000000 31.127352
538.000000 31.217252
539.000000 31.321501
540.000000 31.437089
541.000000 31.561015
542.000000 31.690293
543.000000 31.821954
544.000000 31.953053
545.000000 32.083433
546.000000 32.210329
547.000000 32.332325
548.000000 32.448060
549.000000 32.556395
550.000000 32.656412
551.000000 32.747411
552.000000 32.828911
553.000000 32.900649
554.000000 32.962578
555.000000 33.014864
556.000000 33.057511
557.000000 33.090895
558.000000 33.115413
559.000000 33.131562
560.000000 33.139909
561.000000 33.141080
562.000000 33.135743
563.000000 33.124588
564.000000 33.108318
565.000000 33.087626
566.000000 33.063185
567.000000 33.035684
568.000000 33.005760
569.000000 32.974027
570.000000 32.941056
571.000000 32.907379
572.000000 32.873477
573.000000 32.839784
574.000000 32.806686
575.000000 32.774515
576.000000 32.743558
577.000000 32.714053
578.000000 32.686189
579.000000 32.660114
580.000000 32.635930
581.000000 32.613704
582.000000 32.593465
583.000000 32.575210
584.000000 32.558909
585.000000 32.544505
586.000000 32.531921
587.000000 32.521062
588.000000 32.511816
589.000000 32.504062
590.000000 32.497670
591.000000 32.492504
592.000000 32.488425
593.000000 32.485296
594.000000 32.482977
595.000000 32.481336
596.000000 32.480243
597.000000 32.479576
598.000000 32.479221
599.000000 32.479070
600.000000 32.479028
601.000000 32.479006
602.000000 32.478927
603.000000 32.478723
604.000000 32.478337
605.000000 32.477720
606.000000 32.476834
607.000000 32.475650
608.000000 32.474145
609.000000 32.472307
610.000000 32.470128
611.000000 32.467610
612.000000 32.464757
613.000000 32.461581
614.000000 32.458097
615.000000 32.454324
616.000000 32.450284
617.000000 32.446001
618.000000 32.441500
619.000000 32.436810
620.000000 32.431956
621.000000 32.426968
622.000000 32.421872
623.000000 32.416695
624.000000 32.411463
625.000000 32.406200
626.000000 32.400928
627.000000 32.395669
628.000000 32.390443
629.000000 32.385265
630.000000 32.380153
631.000000 32.375118
632.000000 32.370172
633.000000 32.365325
634.000000 32.360583
635.000000 32.355953
636.000000 32.351439
637.000000 32.347042
638.000000 32.342764
639.000000 32.338604
640.000000 32.334560
641.000000 32.330631
642.000000 32.326812
643.000000 32.323099
644.000000 32.319487
645.000000 32.315972
646.000000 32.312547
647.000000 32.309206
648.000000 32.305944
649.000000 32.302755
650.000000 32.299632
651.000000 32.296570
652.000000 32.293562
653.000000 32.290605
654.000000 32.287692
655.000000 32.284819
656.000000 32.281982
657.000000 32.279177
658.000000 32.276399
659.000000 32.273647
660.000000 32.270917
661.000000 32.268208
662.000000 32.265516
663.000000 32.262841
664.000000 32.260181
665.000000 32.257536
666.000000 32.254904
667.000000 32.252286
668.000000 32.249682
669.000000 32.247091
670.000000 32.244514
671.000000 32.241951
672.000000 32.239403
673.000000 32.236871
674.000000 32.234355
675.000000 32.231856
676.000000 32.229375
677.000000 32.226913
678.000000 32.224470
679.000000 32.222049
680.000000 32.219648
681.000000 32.217269
682.000000 32.214913
683.000000 32.212581
684.000000 32.210272
685.000000 32.207987
686.000000 32.205728
687.000000 32.203493
688.000000 32.201283
689.000000 32.199099
690.000000 32.196940
691.000000 32.194806
692.000000 32.192698
693.000000 32.190615
694.000000 32.188558
695.000000 32.186525
696.000000 32.184516
697.000000 32.182532
698.000000 32.180572
699.000000 32.178636
700.000000 32.176722
701.000000 32.174832
702.000000 32.172963
703.000000 32.171117
704.000000 32.169292
705.000000 32.167488
706.000000 32.165704
707.000000 32.163941
708.000000 32.162198
709.000000 32.160473
710.000000 32.158768
711.000000 32.157082
712.000000 32.155413
713.000000 32.153763
714.000000 32.152130
715.000000 32.150514
716.000000 32.148915
717.000000 32.147333
718.000000 32.145768
719.000000 32.144219
720.000000 32.142685
721.000000 32.141168
722.000000 32.139666
723.000000 32.138180
724.000000 32.136709
725.000000 32.135253
726.000000 32.133812
727.000000 32.132386
728.000000 32.130974
729.000000 32.129577
730.000000 32.128195
731.000000 32.126827
732.000000 32.125473
733.000000 32.124134
734.000000 32.122808
735.000000 32.121497
736.000000 32.120199
737.000000 32.118915
738.000000 32.117644
739.000000 32.116387
740.000000 32.115144
741.000000 32.113913
742.000000 32.112696
743.000000 32.111492
744.000000 32.110300
745.000000 32.109122
746.000000 32.107956
747.000000 32.106802
748.000000 32.105661
749.000000 32.104533
750.000000 32.103416
751.000000 32.102312
752.000000 32.101219
753.000000 32.100138
754.000000 32.099069
755.000000 32.098011
756.000000 32.096965
757.000000 32.095930
758.000000 32.094906
759.000000 32.093893
760.000000 32.092891
761.000000 32.091900
762.000000 32.090919
763.000000 32.089949
764.000000 32.088990
765.000000 32.088040
766.000000 32.087101
767.000000 32.086172
768.000000 32.085252
769.000000 32.084343
770.000000 32.083443
771.000000 32.082553
772.000000 32.081672
773.000000 32.080801
774.000000 32.079939
775.000000 32.079086
776.000000 32.078242
777.000000 32.077407
778.000000 32.076581
779.000000 32.075764
780.000000 32.074956
781.000000 32.074156
782.000000 32.073365
783.000000 32.072579
784.000000 32.071796
785.000000 32.071011
786.000000 32.070218
787.000000 32.069413
788.000000 32.068589
789.000000 32.067740
790.000000 32.066859
791.000000 32.065941
792.000000 32.064978
793.000000 32.063964
794.000000 32.062893
795.000000 32.061761
796.000000 32.060563
797.000000 32.059296
798.000000 32.057958
799.000000 32.056548
800.000000 32.055066
801.000000 32.053513
802.000000 32.051890
803.000000 32.050201
804.000000 32.048449
805.000000 32.046641
806.000000 32.044780
807.000000 32.042874
808.000000 32.040929
809.000000 32.038953
810.000000 32.036952
811.000000 32.034936
812.000000 32.032911
813.000000 32.030901
814.000000 32.028918
815.000000 32.026978
816.000000 32.025095
817.000000 32.023281
818.000000 32.021550
819.000000 32.019913
820.000000 32.018381
821.000000 32.016965
822.000000 32.015675
823.000000 32.014518
824.000000 32.013499
825.000000 32.012621
826.000000 32.011886
827.000000 32.011293
828.000000 32.010839
829.000000 32.010522
830.000000 32.010337
831.000000 32.010276
832.000000 32.010332
833.000000 32.010495
834.000000 32.010755
835.000000 32.011101
836.000000 32.011522
837.000000 32.012006
838.000000 32.012541
839.000000 32.013115
840.000000 32.013716
841.000000 32.014332
842.000000 32.014953
843.000000 32.015567
844.000000 32.016166
845.000000 32.016740
846.000000 32.017282
847.000000 32.017784
848.000000 32.018240
849.000000 32.018645
850.000000 32.018995
851.000000 32.019287
852.000000 32.019519
853.000000 32.019690
854.000000 32.019800
855.000000 32.019850
856.000000 32.019840
857.000000 32.019774
858.000000 32.019653
859.000000 32.019481
860.000000 32.019262
861.000000 32.019001
862.000000 32.018701
863.000000 32.018367
864.000000 32.018003
865.000000 32.017616
866.000000 32.017209
867.000000 32.016787
868.000000 32.016355
869.000000 32.015917
870.000000 32.015477
871.000000 32.015040
872.000000 32.014607
873.000000 32.014184
874.000000 32.013772
875.000000 32.013374
876.000000 32.012993
877.000000 32.012629
878.000000 32.012285
879.000000 32.011961
880.000000 32.011657
881.000000 32.011375
882.000000 32.011115
883.000000 32.010875
884.000000 32.010657
885.000000 32.010458
886.000000 32.010278
887.000000 32.010116
888.000000 32.009972
889.000000 32.009842
890.000000 32.009727
891.000000 32.009625
892.000000 32.009534
893.000000 32.009453
894.000000 32.009380
895.000000 32.009314
896.000000 32.009253
897.000000 32.009197
898.000000 32.009144
899.000000 32.009093
900.000000 32.009043
901.000000 32.008992
902.000000 32.008941
903.000000 32.008888
904.000000 32.008833
905.000000 32.008774
906.000000 32.008713
907.000000 32.008648
908.000000 32.008579
909.000000 32.008507
910.000000 32.008430
911.000000 32.008350
912.000000 32.008266
913.000000 32.008178
914.000000 32.008086
915.000000 32.007992
916.000000 32.007895
917.000000 32.007795
918.000000 32.007693
919.000000 32.007590
920.000000 32.007485
921.000000 32.007379
922.000000 32.007272
923.000000 32.007165
924.000000 32.007058
925.000000 32.006951
926.000000 32.006845
927.000000 32.006740
928.000000 32.006636
929.000000 32.006534
930.000000 32.006433
931.000000 32.006334
932.000000 32.006237
933.000000 32.006142
934.000000 32.006050
935.000000 32.005959
936.000000 32.005871
937.000000 32.005785
938.000000 32.005702
939.000000 32.005621
940.000000 32.005542
941.000000 32.005465
942.000000 32.005390
943.000000 32.005317
944.000000 32.005246
945.000000 32.005178
946.000000 32.005110
947.000000 32.005045
948.000000 32.004981
949.000000 32.004918
950.000000 32.004857
951.000000 32.004796
952.000000 32.004737
953.000000 32.004679
954.000000 32.004622
955.000000 32.004566
956.000000 32.004510
957.000000 32.004455
958.000000 32.004401
959.000000 32.004347
960.000000 32.004294
961.000000 32.004241
962.000000 32.004188
963.000000 32.004137
964.000000 32.004085
965.000000 32.004034
966.000000 32.003983
967.000000 32.003932
968.000000 32.003882
969.000000 32.003832
970.000000 32.003783
971.000000 32.003734
972.000000 32.003685
973.000000 32.003637
974.000000 32.003589
975.000000 32.003541
976.000000 32.003494
977.000000 32.003447
978.000000 32.003401
979.000000 32.003356
980.000000 32.003310
981.000000 32.003266
982.000000 32.003222
983.000000 32.003178
984.000000 32.003135
985.000000 32.003092
986.000000 32.003051
987.000000 32.003009
988.000000 32.002968
989.000000 32.002928
990.000000 32.002888
991.000000 32.002849
992.000000 32.002811
993.000000 32.002773
994.000000 32.002735
995.000000 32.002699
996.000000 32.002662
997.000000 32.002626
998.000000 32.002591
999.000000 32.002556
1000.000000 32.002522
