1.000000 35.250000
2.000000 35.250000
3.000000 35.250000
4.000000 35.250000
5.000000 35.250000
6.000000 35.180000
7.000000 35.180000
8.000000 35.180000
9.000000 35.250000
10.000000 35.250000
11.000000 35.250000
12.000000 35.250000
13.000000 35.310000
14.000000 35.310000
15.000000 35.310000
16.000000 35.310000
17.000000 35.310000
18.000000 35.370000
19.000000 35.370000
20.000000 35.370000
21.000000 35.370000
22.000000 35.370000
23.000000 35.370000
24.000000 35.370000
25.000000 35.370000
26.000000 35.430000
27.000000 35.430000
28.000000 35.500000
29.000000 35.500000
30.000000 35.560000
31.000000 35.560000
32.000000 35.620000
33.000000 35.620000
34.000000 35.680000
35.000000 35.750000
36.000000 35.750000
37.000000 35.810000
38.000000 35.870000
39.000000 35.870000
40.000000 35.930000
41.000000 36.000000
42.000000 36.060000
43.000000 36.060000
44.000000 36.120000
45.000000 36.180000
46.000000 36.180000
47.000000 36.250000
48.000000 36.310000
49.000000 36.310000
50.000000 36.370000
51.000000 36.430000
52.000000 36.430000
53.000000 36.430000
54.000000 36.500000
55.000000 36.560000
56.000000 36.560000
57.000000 36.620000
58.000000 36.680000
59.000000 36.750000
60.000000 36.810000
61.000000 36.810000
62.000000 36.870000
63.000000 36.870000
64.000000 36.930000
65.000000 36.930000
66.000000 37.000000
67.000000 37.060000
68.000000 37.060000
69.000000 37.120000
70.000000 37.120000
71.000000 37.180000
72.000000 37.180000
73.000000 37.250000
74.000000 37.250000
75.000000 37.310000
76.000000 37.310000
77.000000 37.370000
78.000000 37.370000
79.000000 37.430000
80.000000 37.430000
81.000000 37.500000
82.000000 37.500000
83.000000 37.560000
84.000000 37.560000
85.000000 37.560000
86.000000 37.620000
87.000000 37.620000
88.000000 37.620000
89.000000 37.680000
90.000000 37.680000
91.000000 37.750000
92.000000 37.750000
93.000000 37.810000
94.000000 37.810000
95.000000 37.810000
96.000000 37.810000
97.000000 37.870000
98.000000 37.870000
99.000000 37.870000
100.000000 37.930000
101.000000 37.930000
102.000000 38.000000
103.000000 38.000000
104.000000 38.000000
105.000000 38.060000
106.000000 38.060000
107.000000 38.060000
108.000000 38.120000
109.000000 38.120000
110.000000 38.180000
111.000000 38.180000
112.000000 38.250000
113.000000 38.250000
114.000000 38.250000
115.000000 38.250000
116.000000 38.310000
117.000000 38.310000
118.000000 38.310000
119.000000 38.310000
120.000000 38.370000
121.000000 38.370000
122.000000 38.370000
123.000000 38.370000
124.000000 38.430000
125.000000 38.430000
126.000000 38.430000
127.000000 38.430000
128.000000 38.500000
129.000000 38.500000
130.000000 38.500000
131.000000 38.500000
132.000000 38.560000
133.000000 38.560000
134.000000 38.560000
135.000000 38.560000
136.000000 38.560000
137.000000 38.620000
138.000000 38.620000
139.000000 38.680000
140.000000 38.750000
141.000000 38.750000
142.000000 38.810000
143.000000 38.810000
144.000000 38.810000
145.000000 38.870000
146.000000 38.870000
147.000000 38.870000
148.000000 38.870000
149.000000 38.930000
150.000000 38.930000
151.000000 38.930000
152.000000 38.930000
153.000000 38.930000
154.000000 39.000000
155.000000 39.000000
156.000000 39.060000
157.000000 39.060000
158.000000 39.120000
159.000000 39.120000
160.000000 39.180000
161.000000 39.180000
162.000000 39.180000
163.000000 39.180000
164.000000 39.180000
165.000000 39.180000
166.000000 39.250000
167.000000 39.250000
168.000000 39.250000
169.000000 39.250000
170.000000 39.250000
171.000000 39.250000
172.000000 39.250000
173.000000 39.250000
174.000000 39.250000
175.000000 39.250000
176.000000 39.250000
177.000000 39.180000
178.000000 39.250000
179.000000 39.250000
180.000000 39.250000
181.000000 39.250000
182.000000 39.250000
183.000000 39.250000
184.000000 39.250000
185.000000 39.250000
186.000000 39.250000
187.000000 39.250000
188.000000 39.310000
189.000000 39.310000
190.000000 39.310000
191.000000 39.310000
192.000000 39.310000
193.000000 39.310000
194.000000 39.310000
195.000000 39.370000
196.000000 39.370000
197.000000 39.370000
198.000000 39.370000
199.000000 39.370000
200.000000 39.370000
201.000000 39.370000
202.000000 39.370000
203.000000 39.370000
204.000000 39.310000
205.000000 39.310000
206.000000 39.310000
207.000000 39.310000
208.000000 39.370000
209.000000 39.370000
210.000000 39.370000
211.000000 39.370000
212.000000 39.370000
213.000000 39.370000
214.000000 39.370000
215.000000 39.370000
216.000000 39.370000
217.000000 39.370000
218.000000 39.370000
219.000000 39.370000
220.000000 39.370000
221.000000 39.370000
222.000000 39.370000
223.000000 39.370000
224.000000 39.370000
225.000000 39.370000
226.000000 39.370000
227.000000 39.370000
228.000000 39.370000
229.000000 39.370000
230.000000 39.370000
231.000000 39.370000
232.000000 39.370000
233.000000 39.370000
234.000000 39.430000
235.000000 39.430000
236.000000 39.430000
237.000000 39.430000
238.000000 39.430000
239.000000 39.430000
240.000000 39.430000
241.000000 39.430000
242.000000 39.430000
243.000000 39.430000
244.000000 39.430000
245.000000 39.430000
246.000000 39.430000
247.000000 39.430000
248.000000 39.430000
249.000000 39.430000
250.000000 39.430000
251.000000 39.500000
252.000000 39.500000
253.000000 39.500000
254.000000 39.500000
255.000000 39.500000
256.000000 39.500000
257.000000 39.500000
258.000000 39.500000
259.000000 39.500000
260.000000 39.500000
261.000000 39.500000
262.000000 39.500000
263.000000 39.500000
264.000000 39.500000
265.000000 39.500000
266.000000 39.560000
267.000000 39.560000
268.000000 39.560000
269.000000 39.620000
270.000000 39.620000
271.000000 39.620000
272.000000 39.620000
273.000000 39.620000
274.000000 39.620000
275.000000 39.620000
276.000000 39.620000
277.000000 39.620000
278.000000 39.680000
279.000000 39.680000
280.000000 39.680000
281.000000 39.680000
282.000000 39.680000
283.000000 39.680000
284.000000 39.680000
285.000000 39.680000
286.000000 39.680000
287.000000 39.680000
288.000000 39.680000
289.000000 39.680000
290.000000 39.680000
291.000000 39.680000
292.000000 39.680000
293.000000 39.680000
294.000000 39.620000
295.000000 39.620000
296.000000 39.620000
297.000000 39.620000
298.000000 39.620000
299.000000 39.620000
300.000000 39.620000
301.000000 39.680000
302.000000 39.620000
303.000000 39.620000
304.000000 39.620000
305.000000 39.620000
306.000000 39.620000
307.000000 39.620000
308.000000 39.620000
309.000000 39.680000
310.000000 39.680000
311.000000 39.680000
312.000000 39.750000
313.000000 39.750000
314.000000 39.750000
315.000000 39.810000
316.000000 39.810000
317.000000 39.810000
318.000000 39.810000
319.000000 39.810000
320.000000 39.810000
321.000000 39.810000
322.000000 39.810000
323.000000 39.810000
324.000000 39.810000
325.000000 39.810000
326.000000 39.810000
327.000000 39.810000
328.000000 39.810000
329.000000 39.810000
330.000000 39.810000
331.000000 39.810000
332.000000 39.810000
333.000000 39.870000
334.000000 39.810000
335.000000 39.810000
336.000000 39.810000
337.000000 39.810000
338.000000 39.810000
339.000000 39.870000
340.000000 39.870000
341.000000 39.870000
342.000000 39.870000
343.000000 39.930000
344.000000 39.930000
345.000000 39.930000
346.000000 39.930000
347.000000 39.930000
348.000000 39.930000
349.000000 39.930000
350.000000 39.930000
351.000000 39.930000
352.000000 39.930000
353.000000 39.930000
354.000000 39.930000
355.000000 39.930000
356.000000 39.870000
357.000000 39.930000
358.000000 39.930000
359.000000 39.930000
360.000000 39.930000
361.000000 39.870000
362.000000 39.930000
363.000000 39.930000
364.000000 39.930000
365.000000 39.930000
366.000000 39.930000
367.000000 39.930000
368.000000 39.930000
369.000000 39.930000
370.000000 39.930000
371.000000 39.930000
372.000000 39.930000
373.000000 39.930000
374.000000 39.930000
375.000000 39.930000
376.000000 39.930000
377.000000 39.930000
378.000000 39.930000
379.000000 39.930000
380.000000 39.930000
381.000000 39.930000
382.000000 39.930000
383.000000 39.930000
384.000000 39.930000
385.000000 39.930000
386.000000 39.930000
387.000000 39.930000
388.000000 39.930000
389.000000 39.930000
390.000000 39.930000
391.000000 39.930000
392.000000 39.930000
393.000000 39.870000
394.000000 39.870000
395.000000 39.870000
396.000000 39.870000
397.000000 39.870000
398.000000 39.870000
399.000000 39.810000
400.000000 39.810000
