1.000000 35.000000
2.000000 35.000000
3.000000 35.000000
4.000000 35.000000
5.000000 35.000000
6.000000 35.000000
7.000000 35.000000
8.000000 35.000000
9.000000 35.000000
10.000000 35.000000
11.000000 35.000000
12.000000 35.000000
13.000000 37.102947
14.000000 37.647673
15.000000 38.227952
16.000000 38.808231
17.000000 39.388510
18.000000 39.968789
19.000000 40.549068
20.000000 41.129346
21.000000 41.709625
22.000000 42.289904
23.000000 42.870183
24.000000 42.522932
25.000000 43.066296
26.000000 43.302027
27.000000 43.512402
28.000000 43.685721
29.000000 43.822187
30.000000 43.921797
31.000000 43.984549
32.000000 44.010446
33.000000 43.999485
34.000000 43.951669
35.000000 44.276094
36.000000 44.081158
37.000000 44.133483
38.000000 44.129428
39.000000 44.125459
40.000000 44.120879
41.000000 44.118118
42.000000 44.119515
43.000000 44.127411
44.000000 44.144147
45.000000 44.172065
46.000000 44.033066
47.000000 44.162302
48.000000 44.110289
49.000000 44.121354
50.000000 44.122676
51.000000 44.124752
52.000000 44.126215
53.000000 44.126314
54.000000 44.124116
55.000000 44.118545
56.000000 44.108371
57.000000 44.171804
58.000000 44.098974
59.000000 44.141465
60.000000 44.129410
61.000000 44.131730
62.000000 44.131835
63.000000 44.132236
64.000000 44.133046
65.000000 44.134645
66.000000 44.137510
67.000000 44.142226
68.000000 44.114398
69.000000 44.154450
70.000000 44.126165
71.000000 44.138217
72.000000 44.135526
73.000000 44.136174
74.000000 44.136273
75.000000 44.136224
76.000000 44.135839
77.000000 44.134919
78.000000 44.133201
79.000000 44.145829
80.000000 44.125065
81.000000 44.142892
82.000000 44.133526
83.000000 44.136613
84.000000 44.135886
85.000000 44.135950
86.000000 44.135972
87.000000 44.136124
88.000000 44.136483
89.000000 44.137168
90.000000 44.131509
91.000000 44.142077
92.000000 44.131540
93.000000 44.138171
94.000000 44.135404
95.000000 44.136220
96.000000 44.136076
97.000000 44.136087
98.000000 44.136029
99.000000 44.135892
100.000000 44.135621
101.000000 44.138156
102.000000 44.132875
103.000000 44.138855
104.000000 44.134491
105.000000 44.136680
106.000000 44.135894
107.000000 44.136090
108.000000 44.136059
109.000000 44.136085
110.000000 44.136139
111.000000 44.136249
112.000000 44.135116
113.000000 44.137720
114.000000 44.134430
115.000000 44.137156
116.000000 44.135570
117.000000 44.136245
118.000000 44.136036
119.000000 44.136083
120.000000 44.136066
121.000000 44.136046
122.000000 44.136002
123.000000 44.136507
124.000000 44.135238
125.000000 44.137006
126.000000 44.135371
127.000000 44.136451
128.000000 44.135921
129.000000 44.136116
130.000000 44.136062
131.000000 44.136077
132.000000 44.136083
133.000000 44.136101
134.000000 44.135876
135.000000 44.136489
136.000000 44.135557
137.000000 44.136507
138.000000 44.135807
139.000000 44.136195
140.000000 44.136030
141.000000 44.136085
142.000000 44.136069
143.000000 44.136069
144.000000 44.136061
145.000000 44.136162
146.000000 44.135867
147.000000 44.136351
148.000000 44.135813
149.000000 44.136250
150.000000 44.135980
151.000000 44.136110
152.000000 44.136061
153.000000 44.136076
154.000000 44.136074
155.000000 44.136077
156.000000 44.136033
157.000000 44.136173
158.000000 44.135925
159.000000 44.136223
160.000000 44.135959
161.000000 44.136139
162.000000 44.136042
163.000000 44.136084
164.000000 44.136069
165.000000 44.136073
166.000000 44.136071
167.000000 44.136091
168.000000 44.136024
169.000000 44.136150
170.000000 44.135987
171.000000 44.136143
172.000000 44.136027
173.000000 44.136096
174.000000 44.136063
175.000000 44.136076
176.000000 44.136072
177.000000 44.136074
178.000000 44.136064
179.000000 44.136096
180.000000 44.136033
181.000000 44.136120
182.000000 44.136030
183.000000 44.136102
184.000000 44.136056
185.000000 44.136080
186.000000 44.136070
187.000000 44.136073
188.000000 44.136072
189.000000 44.136076
190.000000 44.136061
191.000000 44.136093
192.000000 44.136047
193.000000 44.136097
194.000000 44.136054
195.000000 44.136084
196.000000 44.136067
197.000000 44.136075
198.000000 44.136072
199.000000 44.136073
200.000000 44.136071
201.000000 44.136078
202.000000 44.136062
203.000000 44.136086
204.000000 44.136058
205.000000 44.136084
206.000000 44.136065
207.000000 44.136077
208.000000 44.136071
209.000000 44.136073
210.000000 44.136072
211.000000 44.136073
212.000000 44.136070
213.000000 44.136078
214.000000 44.136065
215.000000 44.136081
216.000000 44.136066
217.000000 44.136078
218.000000 44.136070
219.000000 44.136074
220.000000 44.136072
221.000000 44.136073
222.000000 44.136072
223.000000 44.136074
224.000000 44.136070
225.000000 44.136076
226.000000 44.136068
227.000000 44.136077
228.000000 44.136069
229.000000 44.136075
230.000000 44.136072
231.000000 44.136073
232.000000 44.136072
233.000000 44.136073
234.000000 44.136072
235.000000 44.136074
236.000000 44.136071
237.000000 44.136075
238.000000 44.136070
239.000000 44.136075
240.000000 44.136071
241.000000 44.136073
242.000000 44.136072
243.000000 44.136073
244.000000 44.136072
245.000000 44.136073
246.000000 44.136072
247.000000 44.136074
248.000000 44.136071
249.000000 44.136074
250.000000 44.136071
251.000000 44.136073
252.000000 44.136072
253.000000 44.136073
254.000000 44.136072
255.000000 44.136073
256.000000 44.136072
257.000000 44.136073
258.000000 44.136072
259.000000 44.136073
260.000000 44.136072
261.000000 44.136073
262.000000 44.136072
263.000000 44.136073
264.000000 44.136072
265.000000 44.136073
266.000000 44.136073
267.000000 44.136073
268.000000 44.136072
269.000000 44.136073
270.000000 44.136072
271.000000 44.136073
272.000000 44.136072
273.000000 44.136073
274.000000 44.136072
275.000000 44.136073
276.000000 44.136073
277.000000 44.136073
278.000000 44.136073
279.000000 44.136073
280.000000 44.136072
281.000000 44.136073
282.000000 44.136072
283.000000 44.136073
284.000000 44.136072
285.000000 44.136073
286.000000 44.136073
287.000000 44.136073
288.000000 44.136073
289.000000 44.136073
290.000000 44.136073
291.000000 44.136073
292.000000 44.136072
293.000000 44.136073
294.000000 44.136072
295.000000 44.136073
296.000000 44.136073
297.000000 44.136073
298.000000 44.136073
299.000000 44.136073
300.000000 44.136073
301.000000 44.136073
302.000000 44.136073
303.000000 44.136073
304.000000 44.136073
305.000000 44.136073
306.000000 44.136073
307.000000 44.136073
308.000000 44.136073
309.000000 44.136073
310.000000 44.136073
311.000000 44.136073
312.000000 44.136073
313.000000 44.136073
314.000000 44.136073
315.000000 44.136073
316.000000 44.136073
317.000000 44.136073
318.000000 44.136073
319.000000 44.136073
320.000000 44.136073
321.000000 44.136073
322.000000 44.136073
323.000000 44.136073
324.000000 44.136073
325.000000 44.136073
326.000000 44.136073
327.000000 44.136073
328.000000 44.136073
329.000000 44.136073
330.000000 44.136073
331.000000 44.136073
332.000000 44.136073
333.000000 44.136073
334.000000 44.136073
335.000000 44.136073
336.000000 44.136073
337.000000 44.136073
338.000000 44.136073
339.000000 44.136073
340.000000 44.136073
341.000000 44.136073
342.000000 44.136073
343.000000 44.136073
344.000000 44.136073
345.000000 44.136073
346.000000 44.136073
347.000000 44.136073
348.000000 44.136073
349.000000 44.136073
350.000000 44.136073
351.000000 44.136073
352.000000 44.136073
353.000000 44.136073
354.000000 44.136073
355.000000 44.136073
356.000000 44.136073
357.000000 44.136073
358.000000 44.136073
359.000000 44.136073
360.000000 44.136073
361.000000 44.136073
362.000000 44.136073
363.000000 44.136073
364.000000 44.136073
365.000000 44.136073
366.000000 44.136073
367.000000 44.136073
368.000000 44.136073
369.000000 44.136073
370.000000 44.136073
371.000000 44.136073
372.000000 44.136073
373.000000 44.136073
374.000000 44.136073
375.000000 44.136073
376.000000 44.136073
377.000000 44.136073
378.000000 44.136073
379.000000 44.136073
380.000000 44.136073
381.000000 44.136073
382.000000 44.136073
383.000000 44.136073
384.000000 44.136073
385.000000 44.136073
386.000000 44.136073
387.000000 44.136073
388.000000 44.136073
389.000000 44.136073
390.000000 44.136073
391.000000 44.136073
392.000000 44.136073
393.000000 44.136073
394.000000 44.136073
395.000000 44.136073
396.000000 44.136073
397.000000 44.136073
398.000000 44.136073
399.000000 44.136073
400.000000 44.136073
401.000000 44.136073
402.000000 44.136073
403.000000 44.136073
404.000000 44.136073
405.000000 44.136073
406.000000 44.136073
407.000000 44.136073
408.000000 44.136073
409.000000 44.136073
410.000000 44.136073
411.000000 44.136073
412.000000 44.136073
413.000000 44.136073
414.000000 44.136073
415.000000 44.136073
416.000000 44.136073
417.000000 44.136073
418.000000 44.136073
419.000000 44.136073
420.000000 44.136073
421.000000 44.136073
422.000000 44.136073
423.000000 44.136073
424.000000 44.136073
425.000000 44.136073
426.000000 44.136073
427.000000 44.136073
428.000000 44.136073
429.000000 44.136073
430.000000 44.136073
431.000000 44.136073
432.000000 44.136073
433.000000 44.136073
434.000000 44.136073
435.000000 44.136073
436.000000 44.136073
437.000000 44.136073
438.000000 44.136073
439.000000 44.136073
440.000000 44.136073
441.000000 44.136073
442.000000 44.136073
443.000000 44.136073
444.000000 44.136073
445.000000 44.136073
446.000000 44.136073
447.000000 44.136073
448.000000 44.136073
449.000000 44.136073
450.000000 44.136073
451.000000 44.136073
452.000000 44.136073
453.000000 44.136073
454.000000 44.136073
455.000000 44.136073
456.000000 44.136073
457.000000 44.136073
458.000000 44.136073
459.000000 44.136073
460.000000 44.136073
461.000000 44.136073
462.000000 44.136073
463.000000 44.136073
464.000000 44.136073
465.000000 44.136073
466.000000 44.136073
467.000000 44.136073
468.000000 44.136073
469.000000 44.136073
470.000000 44.136073
471.000000 44.136073
472.000000 44.136073
473.000000 44.136073
474.000000 44.136073
475.000000 44.136073
476.000000 44.136073
477.000000 44.136073
478.000000 44.136073
479.000000 44.136073
480.000000 44.136073
481.000000 44.136073
482.000000 44.136073
483.000000 44.136073
484.000000 44.136073
485.000000 44.136073
486.000000 44.136073
487.000000 44.136073
488.000000 44.136073
489.000000 44.136073
490.000000 44.136073
491.000000 44.136073
492.000000 44.136073
493.000000 44.136073
494.000000 44.136073
495.000000 44.136073
496.000000 44.136073
497.000000 44.136073
498.000000 44.136073
499.000000 44.136073
500.000000 44.136073
501.000000 42.293403
502.000000 41.816096
503.000000 41.307637
504.000000 40.799178
505.000000 40.290719
506.000000 39.782260
507.000000 39.273801
508.000000 38.765342
509.000000 38.256883
510.000000 37.748424
511.000000 37.239965
512.000000 37.544238
513.000000 37.068124
514.000000 36.861569
515.000000 36.677232
516.000000 36.525364
517.000000 36.405788
518.000000 36.318507
519.000000 36.263521
520.000000 36.240830
521.000000 36.250434
522.000000 36.292332
523.000000 36.008060
524.000000 36.178869
525.000000 36.133020
526.000000 36.136574
527.000000 36.140051
528.000000 36.144065
529.000000 36.146484
530.000000 36.145260
531.000000 36.138341
532.000000 36.123676
533.000000 36.099214
534.000000 36.221009
535.000000 36.107769
536.000000 36.153344
537.000000 36.143649
538.000000 36.142490
539.000000 36.140671
540.000000 36.139389
541.000000 36.139303
542.000000 36.141228
543.000000 36.146110
544.000000 36.155025
545.000000 36.099443
546.000000 36.163258
547.000000 36.126026
548.000000 36.136590
549.000000 36.134556
550.000000 36.134465
551.000000 36.134113
552.000000 36.133404
553.000000 36.132002
554.000000 36.129492
555.000000 36.125360
556.000000 36.149744
557.000000 36.114648
558.000000 36.139433
559.000000 36.128873
560.000000 36.131231
561.000000 36.130663
562.000000 36.130576
563.000000 36.130619
564.000000 36.130956
565.000000 36.131762
566.000000 36.133268
567.000000 36.122203
568.000000 36.140397
569.000000 36.124776
570.000000 36.132983
571.000000 36.130278
572.000000 36.130915
573.000000 36.130859
574.000000 36.130840
575.000000 36.130707
576.000000 36.130392
577.000000 36.129792
578.000000 36.134751
579.000000 36.125490
580.000000 36.134723
581.000000 36.128913
582.000000 36.131337
583.000000 36.130622
584.000000 36.130749
585.000000 36.130739
586.000000 36.130790
587.000000 36.130910
588.000000 36.131148
589.000000 36.128926
590.000000 36.133553
591.000000 36.128313
592.000000 36.132137
593.000000 36.130220
594.000000 36.130908
595.000000 36.130737
596.000000 36.130764
597.000000 36.130741
598.000000 36.130693
599.000000 36.130597
600.000000 36.131590
601.000000 36.129308
602.000000 36.132191
603.000000 36.129802
604.000000 36.131192
605.000000 36.130601
606.000000 36.130784
607.000000 36.130743
608.000000 36.130757
609.000000 36.130775
610.000000 36.130814
611.000000 36.130371
612.000000 36.131483
613.000000 36.129934
614.000000 36.131366
615.000000 36.130420
616.000000 36.130885
617.000000 36.130714
618.000000 36.130761
619.000000 36.130748
620.000000 36.130742
621.000000 36.130727
622.000000 36.130924
623.000000 36.130387
624.000000 36.131203
625.000000 36.130371
626.000000 36.130985
627.000000 36.130644
628.000000 36.130789
629.000000 36.130741
630.000000 36.130755
631.000000 36.130755
632.000000 36.130762
633.000000 36.130674
634.000000 36.130931
635.000000 36.130508
636.000000 36.130979
637.000000 36.130596
638.000000 36.130833
639.000000 36.130719
640.000000 36.130762
641.000000 36.130749
642.000000 36.130751
643.000000 36.130747
644.000000 36.130787
645.000000 36.130664
646.000000 36.130881
647.000000 36.130620
648.000000 36.130851
649.000000 36.130694
650.000000 36.130778
651.000000 36.130742
652.000000 36.130755
653.000000 36.130752
654.000000 36.130753
655.000000 36.130736
656.000000 36.130794
657.000000 36.130684
658.000000 36.130826
659.000000 36.130690
660.000000 36.130791
661.000000 36.130731
662.000000 36.130760
663.000000 36.130749
664.000000 36.130752
665.000000 36.130751
666.000000 36.130759
667.000000 36.130731
668.000000 36.130786
669.000000 36.130710
670.000000 36.130789
671.000000 36.130726
672.000000 36.130766
673.000000 36.130745
674.000000 36.130754
675.000000 36.130751
676.000000 36.130752
677.000000 36.130748
678.000000 36.130761
679.000000 36.130734
680.000000 36.130774
681.000000 36.130730
682.000000 36.130768
683.000000 36.130741
684.000000 36.130757
685.000000 36.130749
686.000000 36.130752
687.000000 36.130751
688.000000 36.130753
689.000000 36.130747
690.000000 36.130761
691.000000 36.130739
692.000000 36.130764
693.000000 36.130741
694.000000 36.130758
695.000000 36.130748
696.000000 36.130753
697.000000 36.130751
698.000000 36.130752
699.000000 36.130751
700.000000 36.130754
701.000000 36.130747
702.000000 36.130758
703.000000 36.130744
704.000000 36.130758
705.000000 36.130747
706.000000 36.130754
707.000000 36.130750
708.000000 36.130752
709.000000 36.130751
710.000000 36.130752
711.000000 36.130751
712.000000 36.130754
713.000000 36.130748
714.000000 36.130756
715.000000 36.130748
716.000000 36.130754
717.000000 36.130750
718.000000 36.130753
719.000000 36.130751
720.000000 36.130752
721.000000 36.130751
722.000000 36.130752
723.000000 36.130750
724.000000 36.130753
725.000000 36.130749
726.000000 36.130754
727.000000 36.130750
728.000000 36.130753
729.000000 36.130751
730.000000 36.130752
731.000000 36.130751
732.000000 36.130752
733.000000 36.130751
734.000000 36.130752
735.000000 36.130751
736.000000 36.130753
737.000000 36.130750
738.000000 36.130753
739.000000 36.130751
740.000000 36.130752
741.000000 36.130751
742.000000 36.130752
743.000000 36.130752
744.000000 36.130752
745.000000 36.130751
746.000000 36.130752
747.000000 36.130751
748.000000 36.130752
749.000000 36.130751
750.000000 36.130752
751.000000 36.130751
752.000000 36.130752
753.000000 36.130752
754.000000 36.130752
755.000000 36.130752
756.000000 36.130752
757.000000 36.130751
758.000000 36.130752
759.000000 36.130751
760.000000 36.130752
761.000000 36.130751
762.000000 36.130752
763.000000 36.130751
764.000000 36.130752
765.000000 36.130752
766.000000 36.130752
767.000000 36.130752
768.000000 36.130752
769.000000 36.130751
770.000000 36.130752
771.000000 36.130751
772.000000 36.130752
773.000000 36.130751
774.000000 36.130752
775.000000 36.130752
776.000000 36.130752
777.000000 36.130752
778.000000 36.130752
779.000000 36.130752
780.000000 36.130752
781.000000 36.130751
782.000000 36.130752
783.000000 36.130751
784.000000 36.130752
785.000000 36.130752
786.000000 36.130752
787.000000 36.130752
788.000000 36.130752
789.000000 36.130752
790.000000 36.130752
791.000000 36.130752
792.000000 36.130752
793.000000 36.130752
794.000000 36.130752
795.000000 36.130752
796.000000 36.130752
797.000000 36.130752
798.000000 36.130752
799.000000 36.130752
800.000000 36.130752
801.000000 36.130752
802.000000 36.130752
803.000000 36.130752
804.000000 36.130752
805.000000 36.130752
806.000000 36.130752
807.000000 36.130752
808.000000 36.130752
809.000000 36.130752
810.000000 36.130752
811.000000 36.130752
812.000000 36.130752
813.000000 36.130752
814.000000 36.130752
815.000000 36.130752
816.000000 36.130752
817.000000 36.130752
818.000000 36.130752
819.000000 36.130752
820.000000 36.130752
821.000000 36.130752
822.000000 36.130752
823.000000 36.130752
824.000000 36.130752
825.000000 36.130752
826.000000 36.130752
827.000000 36.130752
828.000000 36.130752
829.000000 36.130752
830.000000 36.130752
831.000000 36.130752
832.000000 36.130752
833.000000 36.130752
834.000000 36.130752
835.000000 36.130752
836.000000 36.130752
837.000000 36.130752
838.000000 36.130752
839.000000 36.130752
840.000000 36.130752
841.000000 36.130752
842.000000 36.130752
843.000000 36.130752
844.000000 36.130752
845.000000 36.130752
846.000000 36.130752
847.000000 36.130752
848.000000 36.130752
849.000000 36.130752
850.000000 36.130752
851.000000 36.130752
852.000000 36.130752
853.000000 36.130752
854.000000 36.130752
855.000000 36.130752
856.000000 36.130752
857.000000 36.130752
858.000000 36.130752
859.000000 36.130752
860.000000 36.130752
861.000000 36.130752
862.000000 36.130752
863.000000 36.130752
864.000000 36.130752
865.000000 36.130752
866.000000 36.130752
867.000000 36.130752
868.000000 36.130752
869.000000 36.130752
870.000000 36.130752
871.000000 36.130752
872.000000 36.130752
873.000000 36.130752
874.000000 36.130752
875.000000 36.130752
876.000000 36.130752
877.000000 36.130752
878.000000 36.130752
879.000000 36.130752
880.000000 36.130752
881.000000 36.130752
882.000000 36.130752
883.000000 36.130752
884.000000 36.130752
885.000000 36.130752
886.000000 36.130752
887.000000 36.130752
888.000000 36.130752
889.000000 36.130752
890.000000 36.130752
891.000000 36.130752
892.000000 36.130752
893.000000 36.130752
894.000000 36.130752
895.000000 36.130752
896.000000 36.130752
897.000000 36.130752
898.000000 36.130752
899.000000 36.130752
900.000000 36.130752
901.000000 36.130752
902.000000 36.130752
903.000000 36.130752
904.000000 36.130752
905.000000 36.130752
906.000000 36.130752
907.000000 36.130752
908.000000 36.130752
909.000000 36.130752
910.000000 36.130752
911.000000 36.130752
912.000000 36.130752
913.000000 36.130752
914.000000 36.130752
915.000000 36.130752
916.000000 36.130752
917.000000 36.130752
918.000000 36.130752
919.000000 36.130752
920.000000 36.130752
921.000000 36.130752
922.000000 36.130752
923.000000 36.130752
924.000000 36.130752
925.000000 36.130752
926.000000 36.130752
927.000000 36.130752
928.000000 36.130752
929.000000 36.130752
930.000000 36.130752
931.000000 36.130752
932.000000 36.130752
933.000000 36.130752
934.000000 36.130752
935.000000 36.130752
936.000000 36.130752
937.000000 36.130752
938.000000 36.130752
939.000000 36.130752
940.000000 36.130752
941.000000 36.130752
942.000000 36.130752
943.000000 36.130752
944.000000 36.130752
945.000000 36.130752
946.000000 36.130752
947.000000 36.130752
948.000000 36.130752
949.000000 36.130752
950.000000 36.130752
951.000000 36.130752
952.000000 36.130752
953.000000 36.130752
954.000000 36.130752
955.000000 36.130752
956.000000 36.130752
957.000000 36.130752
958.000000 36.130752
959.000000 36.130752
960.000000 36.130752
961.000000 36.130752
962.000000 36.130752
963.000000 36.130752
964.000000 36.130752
965.000000 36.130752
966.000000 36.130752
967.000000 36.130752
968.000000 36.130752
969.000000 36.130752
970.000000 36.130752
971.000000 36.130752
972.000000 36.130752
973.000000 36.130752
974.000000 36.130752
975.000000 36.130752
976.000000 36.130752
977.000000 36.130752
978.000000 36.130752
979.000000 36.130752
980.000000 36.130752
981.000000 36.130752
982.000000 36.130752
983.000000 36.130752
984.000000 36.130752
985.000000 36.130752
986.000000 36.130752
987.000000 36.130752
988.000000 36.130752
989.000000 36.130752
990.000000 36.130752
991.000000 36.130752
992.000000 36.130752
993.000000 36.130752
994.000000 36.130752
995.000000 36.130752
996.000000 36.130752
997.000000 36.130752
998.000000 36.130752
999.000000 36.130752
1000.000000 36.130752
