40.000000 37.870000
40.500000 38.064000
41.000000 38.258000
41.500000 38.452000
42.000000 38.646000
42.500000 38.840000
43.000000 39.034000
43.500000 39.228000
44.000000 39.422000
44.500000 39.616000
45.000000 39.810000
45.500000 40.047000
46.000000 40.284000
46.500000 40.521000
47.000000 40.758000
47.500000 40.995000
48.000000 41.232000
48.500000 41.469000
49.000000 41.706000
49.500000 41.943000
50.000000 42.180000
50.500000 42.274000
51.000000 42.368000
51.500000 42.462000
52.000000 42.556000
52.500000 42.650000
53.000000 42.744000
53.500000 42.838000
54.000000 42.932000
54.500000 43.026000
55.000000 43.120000
55.500000 43.214000
56.000000 43.308000
56.500000 43.402000
57.000000 43.496000
57.500000 43.590000
58.000000 43.684000
58.500000 43.778000
59.000000 43.872000
59.500000 43.966000
60.000000 44.060000
60.500000 44.166000
61.000000 44.272000
61.500000 44.378000
62.000000 44.484000
62.500000 44.590000
63.000000 44.696000
63.500000 44.802000
64.000000 44.908000
64.500000 45.014000
65.000000 45.120000
65.500000 45.226000
66.000000 45.332000
66.500000 45.438000
67.000000 45.544000
67.500000 45.650000
68.000000 45.756000
68.500000 45.862000
69.000000 45.968000
69.500000 46.074000
70.000000 46.180000
70.500000 46.308500
71.000000 46.437000
71.500000 46.565500
72.000000 46.694000
72.500000 46.822500
73.000000 46.951000
73.500000 47.079500
74.000000 47.208000
74.500000 47.336500
75.000000 47.465000
75.500000 47.593500
76.000000 47.722000
76.500000 47.850500
77.000000 47.979000
77.500000 48.107500
78.000000 48.236000
78.500000 48.364500
79.000000 48.493000
79.500000 48.621500
80.000000 48.750000
80.500000 48.856000
81.000000 48.962000
81.500000 49.068000
82.000000 49.174000
82.500000 49.280000
83.000000 49.386000
83.500000 49.492000
84.000000 49.598000
84.500000 49.704000
85.000000 49.810000
85.500000 49.916000
86.000000 50.022000
86.500000 50.128000
87.000000 50.234000
87.500000 50.340000
88.000000 50.446000
88.500000 50.552000
89.000000 50.658000
89.500000 50.764000
90.000000 50.870000
