1.000000 0.000000
2.000000 0.000000
3.000000 0.000000
4.000000 0.000000
5.000000 0.000000
6.000000 0.000000
7.000000 0.000000
8.000000 0.000000
9.000000 0.000000
10.000000 3.623982
11.000000 8.505912
12.000000 13.137233
13.000000 17.535256
14.000000 21.635971
15.000000 25.504100
16.000000 29.095863
17.000000 32.458576
18.000000 35.608392
19.000000 38.483585
20.000000 41.146595
21.000000 43.561535
22.000000 45.790638
23.000000 47.782800
24.000000 49.564672
25.000000 51.136274
26.000000 52.511713
27.000000 53.653278
28.000000 54.634676
29.000000 55.409744
30.000000 55.999833
31.000000 56.422121
32.000000 56.637572
33.000000 56.721852
34.000000 56.690509
35.000000 56.502098
36.000000 56.175249
37.000000 55.720943
38.000000 55.218164
39.000000 54.570397
40.000000 53.848046
41.000000 53.059915
42.000000 52.224443
43.000000 51.300985
44.000000 50.295504
45.000000 49.227255
46.000000 48.103924
47.000000 46.942717
48.000000 45.748655
49.000000 44.542037
50.000000 43.261296
51.000000 41.979309
52.000000 40.712175
53.000000 39.452518
54.000000 38.163418
55.000000 36.895336
56.000000 35.666095
57.000000 34.468333
58.000000 33.248926
59.000000 32.078726
60.000000 30.949655
61.000000 29.871262
62.000000 28.834456
63.000000 27.847860
64.000000 26.901551
65.000000 26.007220
66.000000 25.220079
67.000000 24.464750
68.000000 23.808616
69.000000 23.246235
70.000000 22.758286
71.000000 22.351846
72.000000 21.965072
73.000000 21.642627
74.000000 21.332073
75.000000 21.083076
76.000000 20.884738
77.000000 20.741309
78.000000 20.699139
79.000000 20.697198
80.000000 20.782393
81.000000 20.946863
82.000000 21.181866
83.000000 21.480320
84.000000 21.777881
85.000000 22.184747
86.000000 22.577195
87.000000 23.006034
88.000000 23.468625
89.000000 24.012147
90.000000 24.515735
91.000000 25.034308
92.000000 25.563598
93.000000 26.099704
94.000000 26.635277
95.000000 27.171575
96.000000 27.705137
97.000000 28.229653
98.000000 28.742943
99.000000 29.246956
100.000000 29.736322
101.000000 30.209753
102.000000 30.666223
103.000000 31.108768
104.000000 31.533035
105.000000 31.938682
106.000000 32.325560
107.000000 32.693692
108.000000 33.043261
109.000000 33.430983
110.000000 33.797231
111.000000 34.142683
112.000000 34.472555
113.000000 34.839649
114.000000 35.184780
115.000000 35.504568
116.000000 35.804557
117.000000 36.085893
118.000000 36.345924
119.000000 36.589622
120.000000 36.818166
121.000000 36.976322
122.000000 37.125308
123.000000 37.262302
124.000000 37.392075
125.000000 37.515581
126.000000 37.633742
127.000000 37.691046
128.000000 37.748413
129.000000 37.802722
130.000000 37.858431
131.000000 37.911716
132.000000 37.901798
133.000000 37.899307
134.000000 37.844375
135.000000 37.801173
136.000000 37.709616
137.000000 37.633647
138.000000 37.516761
139.000000 37.353071
140.000000 37.212318
141.000000 37.037567
142.000000 36.888307
143.000000 36.707385
144.000000 36.554074
145.000000 36.427412
146.000000 36.270012
147.000000 36.140926
148.000000 35.976992
149.000000 35.786887
150.000000 35.629291
151.000000 35.446271
152.000000 35.300157
153.000000 35.129058
154.000000 34.991332
155.000000 34.823787
156.000000 34.690224
157.000000 34.532249
158.000000 34.351558
159.000000 34.206137
160.000000 34.037413
161.000000 33.841337
162.000000 33.681965
163.000000 33.500565
164.000000 33.298527
165.000000 33.133563
166.000000 33.007057
167.000000 32.912836
168.000000 32.792187
169.000000 32.702939
170.000000 32.576996
171.000000 32.486031
172.000000 32.423942
173.000000 32.384681
174.000000 32.313499
175.000000 32.268400
176.000000 32.247265
177.000000 32.248048
178.000000 32.268781
179.000000 32.251172
180.000000 32.253471
181.000000 32.273809
182.000000 32.310405
183.000000 32.361564
184.000000 32.425677
185.000000 32.497406
186.000000 32.579110
187.000000 32.613043
188.000000 32.658013
189.000000 32.712708
190.000000 32.775893
191.000000 32.846410
192.000000 32.923180
193.000000 33.057787
194.000000 33.193043
195.000000 33.328234
196.000000 33.462712
197.000000 33.591448
198.000000 33.718366
199.000000 32.971114
200.000000 31.523275
201.000000 30.538333
202.000000 29.956676
203.000000 29.722837
204.000000 29.789410
205.000000 30.104486
206.000000 30.623747
207.000000 31.301945
208.000000 32.107418
209.000000 33.009052
210.000000 33.977898
211.000000 34.987930
212.000000 36.017034
213.000000 37.042164
214.000000 38.050102
215.000000 39.024701
216.000000 39.949794
217.000000 40.812986
218.000000 41.603412
219.000000 42.312207
220.000000 42.934799
221.000000 43.467573
222.000000 43.908966
223.000000 44.263926
224.000000 44.530921
225.000000 44.714890
226.000000 44.826568
227.000000 44.870998
228.000000 44.851857
229.000000 44.781429
230.000000 44.607341
231.000000 44.401554
232.000000 44.106149
233.000000 43.794688
234.000000 43.421976
235.000000 43.054397
236.000000 42.641052
237.000000 42.185846
238.000000 41.692539
239.000000 41.232417
240.000000 40.748190
241.000000 40.300885
242.000000 39.835624
243.000000 39.415582
244.000000 38.975290
245.000000 38.578062
246.000000 38.155747
247.000000 37.777084
248.000000 37.382775
249.000000 37.029853
250.000000 36.715532
251.000000 36.380045
252.000000 36.020236
253.000000 35.697747
254.000000 35.338355
255.000000 35.014472
256.000000 34.662659
257.000000 34.283666
258.000000 33.877636
259.000000 33.440223
260.000000 33.034481
261.000000 32.606228
262.000000 32.209452
263.000000 31.846036
264.000000 31.453767
265.000000 31.150436
266.000000 30.813910
267.000000 30.506796
268.000000 30.227701
269.000000 29.975189
270.000000 29.748767
271.000000 29.547173
272.000000 29.424851
273.000000 29.320408
274.000000 29.232201
275.000000 29.164149
276.000000 29.167516
277.000000 29.180996
278.000000 29.205130
279.000000 29.304249
280.000000 29.412298
281.000000 29.581768
282.000000 29.752383
283.000000 29.927483
284.000000 30.158584
285.000000 30.385462
286.000000 30.611322
287.000000 30.831818
288.000000 31.106226
289.000000 31.437001
290.000000 31.753082
291.000000 32.110752
292.000000 32.449706
293.000000 32.826150
294.000000 33.184505
295.000000 33.576878
296.000000 33.942921
297.000000 34.283468
298.000000 34.665022
299.000000 35.017190
300.000000 35.340881
301.000000 35.633136
302.000000 35.898580
303.000000 36.137112
304.000000 36.349767
305.000000 36.533774
306.000000 36.628200
307.000000 36.704224
308.000000 36.762822
309.000000 36.805586
310.000000 36.777067
311.000000 36.733879
312.000000 36.736686
313.000000 36.727184
314.000000 36.706590
315.000000 36.677203
316.000000 36.639998
317.000000 36.595958
318.000000 36.608973
319.000000 36.613533
320.000000 36.610569
321.000000 36.600416
322.000000 36.584056
323.000000 36.563353
324.000000 36.469384
325.000000 36.376695
326.000000 36.285767
327.000000 36.196450
328.000000 36.109242
329.000000 36.029324
330.000000 35.953085
331.000000 35.881753
332.000000 35.814543
333.000000 35.751463
334.000000 35.692867
335.000000 35.638659
336.000000 35.589094
337.000000 35.543989
338.000000 35.446197
339.000000 35.355055
340.000000 35.270486
341.000000 35.191812
342.000000 35.119020
343.000000 35.051489
344.000000 34.989256
345.000000 34.932332
346.000000 34.880120
347.000000 34.832684
348.000000 34.788454
349.000000 34.747171
350.000000 34.709201
351.000000 34.674263
352.000000 34.637962
353.000000 34.547604
354.000000 34.463759
355.000000 34.384946
356.000000 34.368101
357.000000 34.352990
358.000000 34.279355
359.000000 34.211601
360.000000 34.149448
361.000000 34.091590
362.000000 34.038544
363.000000 33.985666
364.000000 33.937190
365.000000 33.893487
366.000000 33.853893
367.000000 33.762368
368.000000 33.674825
369.000000 33.651561
370.000000 33.631825
371.000000 33.614839
372.000000 33.600866
373.000000 33.594804
374.000000 33.592125
375.000000 33.592714
376.000000 33.596399
377.000000 33.602961
378.000000 33.612143
379.000000 33.627527
380.000000 33.644461
381.000000 33.662701
382.000000 33.681985
383.000000 33.702035
384.000000 33.722566
385.000000 33.744224
