1.000000 34.810000
2.000000 34.620000
3.000000 34.500000
4.000000 34.370000
5.000000 34.250000
6.000000 34.120000
7.000000 34.060000
8.000000 33.930000
9.000000 33.870000
10.000000 33.750000
11.000000 33.680000
12.000000 33.560000
13.000000 33.500000
14.000000 33.430000
15.000000 33.370000
16.000000 33.250000
17.000000 33.180000
18.000000 33.180000
19.000000 33.120000
20.000000 33.060000
21.000000 33.060000
22.000000 33.060000
23.000000 33.060000
24.000000 33.060000
25.000000 33.120000
26.000000 33.180000
27.000000 33.250000
28.000000 33.370000
29.000000 33.500000
30.000000 33.620000
31.000000 33.810000
32.000000 33.930000
33.000000 34.120000
34.000000 34.250000
35.000000 34.430000
36.000000 34.560000
37.000000 34.750000
38.000000 34.870000
39.000000 35.000000
40.000000 35.060000
41.000000 35.180000
42.000000 35.310000
43.000000 35.500000
44.000000 35.620000
45.000000 35.810000
46.000000 35.930000
47.000000 36.120000
48.000000 36.310000
49.000000 36.500000
50.000000 36.680000
51.000000 36.870000
52.000000 37.120000
53.000000 37.310000
54.000000 37.500000
55.000000 37.750000
56.000000 38.000000
57.000000 38.180000
58.000000 38.370000
59.000000 38.620000
60.000000 38.810000
61.000000 39.000000
62.000000 39.180000
63.000000 39.370000
64.000000 39.560000
65.000000 39.750000
66.000000 39.870000
67.000000 40.060000
68.000000 40.250000
69.000000 40.370000
70.000000 40.500000
71.000000 40.620000
72.000000 40.810000
73.000000 40.930000
74.000000 41.000000
75.000000 41.120000
76.000000 41.250000
77.000000 41.370000
78.000000 41.430000
79.000000 41.560000
80.000000 41.680000
81.000000 41.750000
82.000000 41.810000
83.000000 41.870000
84.000000 41.930000
85.000000 42.000000
86.000000 42.060000
87.000000 42.120000
88.000000 42.120000
89.000000 42.180000
90.000000 42.250000
91.000000 42.310000
92.000000 42.310000
93.000000 42.310000
94.000000 42.370000
95.000000 42.370000
96.000000 42.370000
97.000000 42.430000
98.000000 42.430000
99.000000 42.430000
100.000000 42.430000
101.000000 42.430000
102.000000 42.370000
103.000000 42.370000
104.000000 42.310000
105.000000 42.310000
106.000000 42.250000
107.000000 42.250000
108.000000 42.180000
109.000000 42.180000
110.000000 42.120000
111.000000 42.120000
112.000000 42.120000
113.000000 42.060000
114.000000 42.060000
115.000000 42.060000
116.000000 42.060000
117.000000 42.060000
118.000000 42.060000
119.000000 42.000000
120.000000 42.000000
121.000000 42.000000
122.000000 42.000000
123.000000 42.000000
124.000000 42.000000
125.000000 42.000000
126.000000 42.000000
127.000000 42.000000
128.000000 42.000000
129.000000 42.060000
130.000000 42.060000
131.000000 42.060000
132.000000 42.120000
133.000000 42.180000
134.000000 42.180000
135.000000 42.250000
136.000000 42.250000
137.000000 42.310000
138.000000 42.310000
139.000000 42.370000
140.000000 42.370000
141.000000 42.430000
142.000000 42.430000
143.000000 42.500000
144.000000 42.500000
145.000000 42.560000
146.000000 42.620000
147.000000 42.620000
148.000000 42.680000
149.000000 42.750000
150.000000 42.810000
151.000000 42.810000
152.000000 42.870000
153.000000 42.870000
154.000000 42.930000
155.000000 42.930000
156.000000 43.000000
157.000000 43.060000
158.000000 43.060000
159.000000 43.120000
160.000000 43.120000
161.000000 43.180000
162.000000 43.180000
163.000000 43.250000
164.000000 43.250000
165.000000 43.310000
166.000000 43.310000
167.000000 43.310000
168.000000 43.310000
169.000000 43.310000
170.000000 43.370000
171.000000 43.370000
172.000000 43.370000
173.000000 43.430000
174.000000 43.430000
175.000000 43.430000
176.000000 43.430000
177.000000 43.430000
178.000000 43.430000
179.000000 43.430000
180.000000 43.500000
181.000000 43.500000
182.000000 43.500000
183.000000 43.500000
184.000000 43.500000
185.000000 43.500000
186.000000 43.500000
187.000000 43.500000
188.000000 43.560000
189.000000 43.560000
190.000000 43.620000
191.000000 43.620000
192.000000 43.620000
193.000000 43.680000
194.000000 43.680000
195.000000 43.680000
196.000000 43.680000
197.000000 43.750000
198.000000 43.750000
199.000000 43.750000
200.000000 43.810000
201.000000 43.810000
202.000000 43.810000
203.000000 43.870000
204.000000 43.870000
205.000000 43.870000
206.000000 43.870000
207.000000 43.870000
208.000000 43.870000
209.000000 43.870000
210.000000 43.870000
211.000000 43.870000
212.000000 43.930000
213.000000 43.930000
214.000000 43.930000
215.000000 43.930000
216.000000 43.870000
217.000000 43.870000
218.000000 43.870000
219.000000 43.870000
220.000000 43.870000
221.000000 43.870000
222.000000 43.870000
223.000000 43.930000
224.000000 43.930000
225.000000 44.000000
226.000000 44.060000
227.000000 44.060000
228.000000 44.120000
229.000000 44.180000
230.000000 44.180000
231.000000 44.250000
232.000000 44.250000
233.000000 44.310000
234.000000 44.370000
235.000000 44.430000
236.000000 44.500000
237.000000 44.500000
238.000000 44.560000
239.000000 44.620000
240.000000 44.680000
241.000000 44.750000
242.000000 44.810000
243.000000 44.870000
244.000000 44.930000
245.000000 45.000000
246.000000 45.000000
247.000000 45.060000
248.000000 45.120000
249.000000 45.180000
250.000000 45.250000
251.000000 45.310000
252.000000 45.310000
253.000000 45.370000
254.000000 45.430000
255.000000 45.500000
256.000000 45.500000
257.000000 45.500000
258.000000 45.560000
259.000000 45.560000
260.000000 45.620000
261.000000 45.620000
262.000000 45.620000
263.000000 45.620000
264.000000 45.680000
265.000000 45.680000
266.000000 45.680000
267.000000 45.680000
268.000000 45.750000
269.000000 45.750000
270.000000 45.750000
271.000000 45.680000
272.000000 45.680000
273.000000 45.680000
274.000000 45.680000
275.000000 45.680000
276.000000 45.680000
277.000000 45.750000
278.000000 45.750000
279.000000 45.750000
280.000000 45.680000
281.000000 45.680000
282.000000 45.680000
283.000000 45.680000
284.000000 45.680000
285.000000 45.620000
286.000000 45.620000
287.000000 45.560000
288.000000 45.500000
289.000000 45.430000
290.000000 45.370000
291.000000 45.310000
292.000000 45.250000
293.000000 45.250000
294.000000 45.180000
295.000000 45.120000
296.000000 45.120000
297.000000 45.060000
298.000000 45.060000
299.000000 45.000000
300.000000 44.930000
301.000000 44.930000
302.000000 44.930000
303.000000 44.870000
304.000000 44.870000
305.000000 44.870000
306.000000 44.810000
307.000000 44.810000
308.000000 44.810000
309.000000 44.810000
310.000000 44.810000
311.000000 44.810000
312.000000 44.810000
313.000000 44.810000
314.000000 44.750000
315.000000 44.750000
316.000000 44.750000
317.000000 44.750000
318.000000 44.750000
319.000000 44.750000
320.000000 44.750000
321.000000 44.750000
322.000000 44.750000
323.000000 44.750000
324.000000 44.810000
325.000000 44.810000
326.000000 44.810000
327.000000 44.810000
328.000000 44.810000
329.000000 44.810000
330.000000 44.810000
331.000000 44.810000
332.000000 44.870000
333.000000 44.870000
334.000000 44.870000
335.000000 44.870000
336.000000 44.870000
337.000000 44.930000
338.000000 44.930000
339.000000 45.000000
340.000000 45.000000
341.000000 45.000000
342.000000 45.000000
343.000000 45.000000
344.000000 45.000000
345.000000 45.060000
346.000000 45.060000
347.000000 45.060000
348.000000 45.060000
349.000000 45.060000
350.000000 45.060000
351.000000 45.060000
352.000000 45.060000
353.000000 45.060000
354.000000 45.060000
355.000000 45.120000
356.000000 45.120000
357.000000 45.120000
358.000000 45.120000
359.000000 45.180000
360.000000 45.180000
361.000000 45.180000
362.000000 45.180000
363.000000 45.180000
364.000000 45.180000
365.000000 45.180000
366.000000 45.180000
367.000000 45.180000
368.000000 45.180000
369.000000 45.180000
370.000000 45.180000
371.000000 45.180000
372.000000 45.180000
373.000000 45.120000
374.000000 45.120000
375.000000 45.120000
376.000000 45.120000
377.000000 45.120000
378.000000 45.060000
379.000000 45.000000
380.000000 45.000000
381.000000 45.000000
382.000000 45.000000
383.000000 44.930000
384.000000 44.930000
385.000000 44.930000
