1.000000 -0.097000
2.000000 -0.097000
3.000000 -0.097000
4.000000 -0.097000
5.000000 -0.097000
6.000000 -0.097000
7.000000 -0.094000
8.000000 -0.094000
9.000000 -0.094000
10.000000 -0.091000
11.000000 -0.091000
12.000000 -0.087500
13.000000 -0.084500
14.000000 -0.084500
15.000000 -0.081500
16.000000 -0.081500
17.000000 -0.078500
18.000000 -0.075000
19.000000 -0.075000
20.000000 -0.072000
21.000000 -0.072000
22.000000 -0.069000
23.000000 -0.066000
24.000000 -0.062500
25.000000 -0.059500
26.000000 -0.056500
27.000000 -0.056500
28.000000 -0.053500
29.000000 -0.053500
30.000000 -0.050000
31.000000 -0.047000
32.000000 -0.044000
33.000000 -0.041000
34.000000 -0.041000
35.000000 -0.037500
36.000000 -0.034500
37.000000 -0.031500
38.000000 -0.031500
39.000000 -0.028500
40.000000 -0.028500
41.000000 -0.022000
42.000000 -0.022000
43.000000 -0.019000
44.000000 -0.016000
45.000000 -0.012500
46.000000 -0.009500
47.000000 -0.009500
48.000000 -0.006500
49.000000 -0.003500
50.000000 -0.003500
51.000000 0.000000
52.000000 0.000000
53.000000 0.006000
54.000000 0.006000
55.000000 0.009000
56.000000 0.012500
57.000000 0.012500
58.000000 0.015500
59.000000 0.015500
60.000000 0.018500
61.000000 0.021500
62.000000 0.021500
63.000000 0.025000
64.000000 0.025000
65.000000 0.025000
66.000000 0.025000
67.000000 0.028000
68.000000 0.028000
69.000000 0.031000
70.000000 0.031000
71.000000 0.034000
72.000000 0.034000
73.000000 0.037500
74.000000 0.040500
75.000000 0.040500
76.000000 0.040500
77.000000 0.043500
78.000000 0.043500
79.000000 0.046500
80.000000 0.046500
81.000000 0.050000
82.000000 0.050000
83.000000 0.050000
84.000000 0.053000
85.000000 0.053000
86.000000 0.056000
87.000000 0.056000
88.000000 0.056000
89.000000 0.059000
90.000000 0.059000
91.000000 0.059000
92.000000 0.062500
93.000000 0.062500
94.000000 0.062500
95.000000 0.062500
96.000000 0.065500
97.000000 0.065500
98.000000 0.068500
99.000000 0.068500
100.000000 0.068500
101.000000 0.071500
102.000000 0.071500
103.000000 0.075000
104.000000 0.075000
105.000000 0.075000
106.000000 0.075000
107.000000 0.075000
108.000000 0.078000
109.000000 0.078000
110.000000 0.078000
111.000000 0.078000
112.000000 0.078000
113.000000 0.081000
114.000000 0.081000
115.000000 0.081000
116.000000 0.081000
117.000000 0.084000
118.000000 0.084000
119.000000 0.084000
120.000000 0.087500
121.000000 0.087500
122.000000 0.090500
123.000000 0.087500
124.000000 0.090500
125.000000 0.090500
126.000000 0.090500
127.000000 0.093500
128.000000 0.093500
129.000000 0.093500
130.000000 0.093500
131.000000 0.093500
132.000000 0.096500
133.000000 0.096500
134.000000 0.096500
135.000000 0.096500
136.000000 0.096500
137.000000 0.100000
138.000000 0.100000
139.000000 0.100000
140.000000 0.100000
141.000000 0.100000
142.000000 0.100000
143.000000 0.103000
144.000000 0.103000
145.000000 0.103000
146.000000 0.103000
147.000000 0.106000
148.000000 0.106000
149.000000 0.106000
150.000000 0.106000
151.000000 0.103000
152.000000 0.106000
153.000000 0.106000
154.000000 0.106000
155.000000 0.103000
156.000000 0.106000
157.000000 0.106000
158.000000 0.103000
159.000000 0.106000
160.000000 0.106000
161.000000 0.106000
162.000000 0.106000
163.000000 0.106000
164.000000 0.106000
165.000000 0.106000
166.000000 0.109000
167.000000 0.106000
168.000000 0.109000
169.000000 0.109000
170.000000 0.109000
171.000000 0.112500
172.000000 0.112500
173.000000 0.112500
174.000000 0.112500
175.000000 0.112500
176.000000 0.112500
177.000000 0.112500
178.000000 0.115500
179.000000 0.115500
180.000000 0.115500
181.000000 0.115500
182.000000 0.118500
183.000000 0.118500
184.000000 0.118500
185.000000 0.118500
186.000000 0.118500
187.000000 0.115500
188.000000 0.115500
189.000000 0.115500
190.000000 0.115500
191.000000 0.115500
192.000000 0.115500
193.000000 0.115500
194.000000 0.115500
195.000000 0.115500
196.000000 0.115500
197.000000 0.115500
198.000000 0.115500
199.000000 0.115500
200.000000 0.115500
201.000000 0.115500
202.000000 0.115500
203.000000 0.115500
204.000000 0.115500
205.000000 0.115500
206.000000 0.115500
207.000000 0.115500
208.000000 0.115500
209.000000 0.115500
210.000000 0.115500
211.000000 0.115500
212.000000 0.115500
213.000000 0.115500
214.000000 0.118500
215.000000 0.118500
216.000000 0.118500
217.000000 0.118500
218.000000 0.118500
219.000000 0.118500
220.000000 0.118500
221.000000 0.118500
222.000000 0.118500
223.000000 0.118500
224.000000 0.118500
225.000000 0.118500
226.000000 0.118500
227.000000 0.118500
228.000000 0.118500
229.000000 0.118500
230.000000 0.118500
231.000000 0.118500
232.000000 0.118500
233.000000 0.121500
234.000000 0.121500
235.000000 0.121500
236.000000 0.118500
237.000000 0.118500
238.000000 0.121500
239.000000 0.118500
240.000000 0.118500
241.000000 0.121500
242.000000 0.121500
243.000000 0.121500
244.000000 0.121500
245.000000 0.121500
246.000000 0.125000
247.000000 0.125000
248.000000 0.125000
249.000000 0.125000
250.000000 0.125000
251.000000 0.125000
252.000000 0.125000
253.000000 0.125000
254.000000 0.125000
255.000000 0.125000
256.000000 0.125000
257.000000 0.125000
258.000000 0.125000
259.000000 0.125000
260.000000 0.128000
261.000000 0.128000
262.000000 0.128000
263.000000 0.128000
264.000000 0.128000
265.000000 0.128000
266.000000 0.128000
267.000000 0.128000
268.000000 0.128000
269.000000 0.128000
270.000000 0.128000
271.000000 0.128000
272.000000 0.128000
273.000000 0.128000
274.000000 0.128000
275.000000 0.128000
276.000000 0.128000
277.000000 0.128000
278.000000 0.128000
279.000000 0.128000
280.000000 0.125000
281.000000 0.128000
282.000000 0.125000
283.000000 0.125000
284.000000 0.125000
285.000000 0.125000
286.000000 0.125000
287.000000 0.125000
288.000000 0.125000
289.000000 0.125000
290.000000 0.125000
291.000000 0.128000
292.000000 0.128000
293.000000 0.128000
294.000000 0.128000
295.000000 0.131000
296.000000 0.131000
297.000000 0.131000
298.000000 0.131000
299.000000 0.134000
300.000000 0.131000
301.000000 0.134000
302.000000 0.134000
303.000000 0.134000
304.000000 0.134000
305.000000 0.134000
306.000000 0.134000
307.000000 0.134000
308.000000 0.134000
309.000000 0.134000
310.000000 0.134000
311.000000 0.134000
312.000000 0.131000
313.000000 0.131000
314.000000 0.134000
315.000000 0.131000
316.000000 0.131000
317.000000 0.131000
318.000000 0.131000
319.000000 0.131000
320.000000 0.131000
