1.000000 0.000000
2.000000 0.000000
3.000000 0.000000
4.000000 0.000000
5.000000 0.000000
6.000000 0.000000
7.000000 0.000000
8.000000 0.000000
9.000000 0.000000
10.000000 0.000000
11.000000 0.000000
12.000000 0.000000
13.000000 0.000041
14.000000 0.000123
15.000000 0.000243
16.000000 0.000400
17.000000 0.000593
18.000000 0.000821
19.000000 0.001082
20.000000 0.001376
21.000000 0.001700
22.000000 0.002054
23.000000 0.002437
24.000000 0.002847
25.000000 0.003285
26.000000 0.003747
27.000000 0.004234
28.000000 0.004745
29.000000 0.005278
30.000000 0.005833
31.000000 0.006408
32.000000 0.007004
33.000000 0.007618
34.000000 0.008251
35.000000 0.008901
36.000000 0.009567
37.000000 0.010249
38.000000 0.010947
39.000000 0.011659
40.000000 0.012384
41.000000 0.013122
42.000000 0.013873
43.000000 0.014635
44.000000 0.015409
45.000000 0.016193
46.000000 0.016986
47.000000 0.017789
48.000000 0.018601
49.000000 0.019421
50.000000 0.020248
51.000000 0.021083
52.000000 0.021924
53.000000 0.022772
54.000000 0.023625
55.000000 0.024484
56.000000 0.025347
57.000000 0.026215
58.000000 0.027087
59.000000 0.027962
60.000000 0.028841
61.000000 0.029722
62.000000 0.030607
63.000000 0.031493
64.000000 0.032381
65.000000 0.033270
66.000000 0.034161
67.000000 0.035053
68.000000 0.035945
69.000000 0.036837
70.000000 0.037730
71.000000 0.038622
72.000000 0.039514
73.000000 0.040405
74.000000 0.041295
75.000000 0.042184
76.000000 0.043071
77.000000 0.043957
78.000000 0.044841
79.000000 0.045723
80.000000 0.046603
81.000000 0.047480
82.000000 0.048355
83.000000 0.049226
84.000000 0.050095
85.000000 0.050961
86.000000 0.051824
87.000000 0.052683
88.000000 0.053539
89.000000 0.054391
90.000000 0.055239
91.000000 0.056083
92.000000 0.056924
93.000000 0.057760
94.000000 0.058592
95.000000 0.059420
96.000000 0.060243
97.000000 0.061061
98.000000 0.061875
99.000000 0.062685
100.000000 0.063489
101.000000 0.064289
102.000000 0.065084
103.000000 0.065874
104.000000 0.066658
105.000000 0.067438
106.000000 0.068212
107.000000 0.068982
108.000000 0.069746
109.000000 0.070504
110.000000 0.071257
111.000000 0.072005
112.000000 0.072748
113.000000 0.073485
114.000000 0.074216
115.000000 0.074942
116.000000 0.075663
117.000000 0.076377
118.000000 0.077087
119.000000 0.077790
120.000000 0.078488
121.000000 0.079180
122.000000 0.079867
123.000000 0.080548
124.000000 0.081223
125.000000 0.081893
126.000000 0.082557
127.000000 0.083215
128.000000 0.083867
129.000000 0.084514
130.000000 0.085155
131.000000 0.085791
132.000000 0.086421
133.000000 0.087045
134.000000 0.087663
135.000000 0.088276
136.000000 0.088883
137.000000 0.089485
138.000000 0.090081
139.000000 0.090671
140.000000 0.091256
141.000000 0.091835
142.000000 0.092409
143.000000 0.092977
144.000000 0.093539
145.000000 0.094096
146.000000 0.094648
147.000000 0.095194
148.000000 0.095735
149.000000 0.096271
150.000000 0.096801
151.000000 0.097326
152.000000 0.097845
153.000000 0.098359
154.000000 0.098868
155.000000 0.099372
156.000000 0.099870
157.000000 0.100364
158.000000 0.100852
159.000000 0.101335
160.000000 0.101813
161.000000 0.102286
162.000000 0.102754
163.000000 0.103217
164.000000 0.103675
165.000000 0.104128
166.000000 0.104576
167.000000 0.105020
168.000000 0.105458
169.000000 0.105892
170.000000 0.106321
171.000000 0.106746
172.000000 0.107166
173.000000 0.107581
174.000000 0.107991
175.000000 0.108397
176.000000 0.108799
177.000000 0.109195
178.000000 0.109588
179.000000 0.109976
180.000000 0.110360
181.000000 0.110739
182.000000 0.111114
183.000000 0.111485
184.000000 0.111851
185.000000 0.112214
186.000000 0.112572
187.000000 0.112926
188.000000 0.113276
189.000000 0.113622
190.000000 0.113963
191.000000 0.114301
192.000000 0.114635
193.000000 0.114965
194.000000 0.115291
195.000000 0.115614
196.000000 0.115932
197.000000 0.116247
198.000000 0.116558
199.000000 0.116865
200.000000 0.117169
201.000000 0.117469
202.000000 0.117765
203.000000 0.118058
204.000000 0.118347
205.000000 0.118633
206.000000 0.118916
207.000000 0.119195
208.000000 0.119470
209.000000 0.119742
210.000000 0.120011
211.000000 0.120277
212.000000 0.120539
213.000000 0.120799
214.000000 0.121055
215.000000 0.121307
216.000000 0.121557
217.000000 0.121804
218.000000 0.122047
219.000000 0.122288
220.000000 0.122526
221.000000 0.122760
222.000000 0.122992
223.000000 0.123221
224.000000 0.123447
225.000000 0.123670
226.000000 0.123890
227.000000 0.124108
228.000000 0.124322
229.000000 0.124535
230.000000 0.124744
231.000000 0.124951
232.000000 0.125155
233.000000 0.125357
234.000000 0.125556
235.000000 0.125752
236.000000 0.125946
237.000000 0.126137
238.000000 0.126326
239.000000 0.126513
240.000000 0.126697
241.000000 0.126879
242.000000 0.127059
243.000000 0.127236
244.000000 0.127411
245.000000 0.127583
246.000000 0.127754
247.000000 0.127922
248.000000 0.128088
249.000000 0.128252
250.000000 0.128414
251.000000 0.128573
252.000000 0.128731
253.000000 0.128886
254.000000 0.129040
255.000000 0.129191
256.000000 0.129341
257.000000 0.129488
258.000000 0.129634
259.000000 0.129777
260.000000 0.129919
261.000000 0.130059
262.000000 0.130197
263.000000 0.130333
264.000000 0.130468
265.000000 0.130600
266.000000 0.130731
267.000000 0.130860
268.000000 0.130988
269.000000 0.131113
270.000000 0.131237
271.000000 0.131360
272.000000 0.131480
273.000000 0.131600
274.000000 0.131717
275.000000 0.131833
276.000000 0.131948
277.000000 0.132060
278.000000 0.132172
279.000000 0.132282
280.000000 0.132390
281.000000 0.132497
282.000000 0.132602
283.000000 0.132706
284.000000 0.132809
285.000000 0.132910
286.000000 0.133010
287.000000 0.133109
288.000000 0.133206
289.000000 0.133302
290.000000 0.133396
291.000000 0.133490
292.000000 0.133582
293.000000 0.133672
294.000000 0.133762
295.000000 0.133850
296.000000 0.133937
297.000000 0.134023
298.000000 0.134108
299.000000 0.134191
300.000000 0.134274
301.000000 0.134355
302.000000 0.134435
303.000000 0.134514
304.000000 0.134592
305.000000 0.134669
306.000000 0.134745
307.000000 0.134820
308.000000 0.134894
309.000000 0.134966
310.000000 0.135038
311.000000 0.135109
312.000000 0.135179
313.000000 0.135247
314.000000 0.135315
315.000000 0.135382
316.000000 0.135448
317.000000 0.135513
318.000000 0.135577
319.000000 0.135640
320.000000 0.135703
