1.000000 31.500000
2.000000 31.500000
3.000000 31.500000
4.000000 31.500000
5.000000 31.500000
6.000000 31.680000
7.000000 31.680000
8.000000 31.620000
9.000000 31.560000
10.000000 31.560000
11.000000 31.560000
12.000000 31.620000
13.000000 31.620000
14.000000 31.680000
15.000000 31.750000
16.000000 31.810000
17.000000 31.870000
18.000000 31.930000
19.000000 32.000000
20.000000 32.060000
21.000000 32.120000
22.000000 32.180000
23.000000 32.250000
24.000000 32.310000
25.000000 32.370000
26.000000 32.430000
27.000000 32.500000
28.000000 32.560000
29.000000 32.620000
30.000000 32.680000
31.000000 32.810000
32.000000 32.870000
33.000000 33.000000
34.000000 33.060000
35.000000 33.120000
36.000000 33.250000
37.000000 33.310000
38.000000 33.430000
39.000000 33.560000
40.000000 33.620000
41.000000 33.750000
42.000000 33.870000
43.000000 34.000000
44.000000 34.060000
45.000000 34.250000
46.000000 34.310000
47.000000 34.430000
48.000000 34.560000
49.000000 34.620000
50.000000 34.750000
51.000000 34.870000
52.000000 35.000000
53.000000 35.060000
54.000000 35.180000
55.000000 35.250000
56.000000 35.370000
57.000000 35.500000
58.000000 35.560000
59.000000 35.680000
60.000000 35.810000
61.000000 35.870000
62.000000 36.000000
63.000000 36.060000
64.000000 36.180000
65.000000 36.310000
66.000000 36.370000
67.000000 36.430000
68.000000 36.560000
69.000000 36.620000
70.000000 36.680000
71.000000 36.810000
72.000000 36.870000
73.000000 37.000000
74.000000 37.060000
75.000000 37.120000
76.000000 37.250000
77.000000 37.310000
78.000000 37.430000
79.000000 37.500000
80.000000 37.560000
81.000000 37.680000
82.000000 37.750000
83.000000 37.810000
84.000000 37.930000
85.000000 38.000000
86.000000 38.060000
87.000000 38.180000
88.000000 38.310000
89.000000 38.370000
90.000000 38.430000
91.000000 38.500000
92.000000 38.560000
93.000000 38.620000
94.000000 38.680000
95.000000 38.750000
96.000000 38.810000
97.000000 38.930000
98.000000 38.930000
99.000000 39.000000
100.000000 39.060000
101.000000 39.120000
102.000000 39.180000
103.000000 39.250000
104.000000 39.250000
105.000000 39.370000
106.000000 39.430000
107.000000 39.430000
108.000000 39.500000
109.000000 39.560000
110.000000 39.560000
111.000000 39.620000
112.000000 39.680000
113.000000 39.750000
114.000000 39.810000
115.000000 39.810000
116.000000 39.870000
117.000000 39.930000
118.000000 39.930000
119.000000 40.000000
120.000000 40.060000
121.000000 40.060000
122.000000 40.120000
123.000000 40.120000
124.000000 40.180000
125.000000 40.250000
126.000000 40.250000
127.000000 40.310000
128.000000 40.310000
129.000000 40.370000
130.000000 40.370000
131.000000 40.370000
132.000000 40.370000
133.000000 40.430000
134.000000 40.500000
135.000000 40.560000
136.000000 40.560000
137.000000 40.620000
138.000000 40.620000
139.000000 40.680000
140.000000 40.680000
141.000000 40.750000
142.000000 40.750000
143.000000 40.810000
144.000000 40.810000
145.000000 40.870000
146.000000 40.870000
147.000000 40.930000
148.000000 40.930000
149.000000 40.930000
150.000000 41.000000
151.000000 41.000000
152.000000 41.000000
153.000000 41.060000
154.000000 41.060000
155.000000 41.060000
156.000000 41.120000
157.000000 41.120000
158.000000 41.120000
159.000000 41.120000
160.000000 41.120000
161.000000 41.120000
162.000000 41.120000
163.000000 41.120000
164.000000 41.120000
165.000000 41.120000
166.000000 41.180000
167.000000 41.180000
168.000000 41.180000
169.000000 41.180000
170.000000 41.180000
171.000000 41.180000
172.000000 41.180000
173.000000 41.180000
174.000000 41.180000
175.000000 41.180000
176.000000 41.180000
177.000000 41.250000
178.000000 41.250000
179.000000 41.250000
180.000000 41.250000
181.000000 41.250000
182.000000 41.250000
183.000000 41.250000
184.000000 41.250000
185.000000 41.310000
186.000000 41.310000
187.000000 41.310000
188.000000 41.310000
189.000000 41.310000
190.000000 41.310000
191.000000 41.310000
192.000000 41.370000
193.000000 41.370000
194.000000 41.370000
195.000000 41.370000
196.000000 41.370000
197.000000 41.370000
198.000000 41.370000
199.000000 41.370000
200.000000 41.310000
201.000000 41.310000
202.000000 41.310000
203.000000 41.310000
204.000000 41.250000
205.000000 41.250000
206.000000 41.250000
207.000000 41.250000
208.000000 41.250000
209.000000 41.180000
210.000000 41.250000
211.000000 41.250000
212.000000 41.180000
213.000000 41.180000
214.000000 41.180000
215.000000 41.180000
216.000000 41.180000
217.000000 41.180000
218.000000 41.180000
219.000000 41.180000
220.000000 41.180000
221.000000 41.180000
222.000000 41.180000
223.000000 41.180000
224.000000 41.180000
225.000000 41.180000
226.000000 41.120000
227.000000 41.120000
228.000000 41.120000
229.000000 41.120000
230.000000 41.120000
231.000000 41.120000
232.000000 41.120000
233.000000 41.060000
234.000000 41.060000
235.000000 41.060000
236.000000 41.060000
237.000000 41.000000
238.000000 41.000000
239.000000 41.000000
240.000000 40.930000
241.000000 40.930000
242.000000 40.930000
243.000000 40.870000
244.000000 40.870000
245.000000 40.810000
246.000000 40.870000
247.000000 40.870000
248.000000 40.810000
249.000000 40.810000
250.000000 40.810000
251.000000 40.810000
252.000000 40.810000
253.000000 40.810000
254.000000 40.810000
255.000000 40.810000
256.000000 40.810000
257.000000 40.810000
258.000000 40.810000
259.000000 40.810000
260.000000 40.810000
261.000000 40.810000
262.000000 40.810000
263.000000 40.810000
264.000000 40.810000
265.000000 40.750000
266.000000 40.750000
267.000000 40.680000
268.000000 40.680000
269.000000 40.620000
270.000000 40.620000
271.000000 40.620000
272.000000 40.620000
273.000000 40.560000
274.000000 40.560000
275.000000 40.560000
276.000000 40.560000
277.000000 40.560000
278.000000 40.560000
279.000000 40.500000
280.000000 40.500000
281.000000 40.500000
282.000000 40.500000
283.000000 40.430000
284.000000 40.430000
285.000000 40.430000
286.000000 40.370000
287.000000 40.370000
288.000000 40.310000
289.000000 40.310000
290.000000 40.310000
291.000000 40.250000
292.000000 40.250000
293.000000 40.180000
294.000000 40.180000
295.000000 40.180000
296.000000 40.180000
297.000000 40.120000
298.000000 40.120000
299.000000 40.120000
300.000000 40.120000
301.000000 40.120000
302.000000 40.120000
303.000000 40.120000
304.000000 40.120000
305.000000 40.120000
306.000000 40.060000
307.000000 40.060000
308.000000 40.060000
309.000000 40.060000
310.000000 40.060000
311.000000 40.060000
312.000000 40.060000
313.000000 40.060000
314.000000 40.060000
315.000000 40.060000
316.000000 40.000000
317.000000 40.000000
318.000000 40.000000
319.000000 40.000000
320.000000 40.000000
321.000000 40.000000
322.000000 40.000000
323.000000 40.000000
324.000000 40.000000
325.000000 39.930000
326.000000 40.000000
327.000000 40.000000
328.000000 39.930000
329.000000 39.930000
330.000000 39.930000
331.000000 39.930000
332.000000 39.930000
333.000000 39.930000
334.000000 39.930000
335.000000 39.930000
336.000000 39.930000
337.000000 39.870000
338.000000 39.930000
339.000000 39.870000
340.000000 39.870000
341.000000 39.870000
342.000000 39.870000
343.000000 39.870000
344.000000 39.810000
345.000000 39.810000
346.000000 39.810000
347.000000 39.810000
348.000000 39.810000
349.000000 39.810000
350.000000 39.810000
