1.000000 0.000000
2.000000 0.000000
3.000000 0.000000
4.000000 0.000000
5.000000 0.000000
6.000000 0.000000
7.000000 0.000000
8.000000 0.000000
9.000000 0.008113
10.000000 0.003050
11.000000 0.000580
12.000000 0.002041
13.000000 0.005782
14.000000 0.020324
15.000000 0.817169
16.000000 1.057283
17.000000 0.988861
18.000000 0.640522
19.000000 0.323511
20.000000 0.139930
21.000000 0.083617
22.000000 -0.009405
23.000000 -0.026121
24.000000 0.016451
25.000000 0.133567
26.000000 0.250064
27.000000 0.322033
28.000000 0.349450
29.000000 0.372275
30.000000 0.373231
31.000000 0.353283
32.000000 0.322253
33.000000 0.287904
34.000000 0.274063
35.000000 0.256192
36.000000 0.231238
37.000000 0.216817
38.000000 0.199865
39.000000 0.202719
40.000000 0.221215
41.000000 0.235436
42.000000 0.235008
43.000000 0.225305
44.000000 0.196265
45.000000 0.172715
46.000000 0.162285
47.000000 0.159414
48.000000 0.172163
49.000000 0.191897
50.000000 0.207087
51.000000 0.220625
52.000000 0.228073
53.000000 0.234767
54.000000 0.227172
55.000000 0.213361
56.000000 0.184401
57.000000 0.164625
58.000000 0.159023
59.000000 0.166469
60.000000 0.172884
61.000000 0.181498
62.000000 0.196797
63.000000 0.224691
64.000000 0.246673
65.000000 0.265825
66.000000 0.265403
67.000000 0.246870
68.000000 0.215134
69.000000 0.180831
70.000000 0.156695
71.000000 0.140476
72.000000 0.136318
73.000000 0.138588
74.000000 0.137675
75.000000 0.135333
76.000000 0.124628
77.000000 0.124359
78.000000 0.146457
79.000000 0.178842
80.000000 0.198631
81.000000 0.195490
82.000000 0.175612
83.000000 0.167933
84.000000 0.184919
85.000000 0.205478
86.000000 0.210777
87.000000 0.208760
88.000000 0.193029
89.000000 0.180044
90.000000 0.180138
91.000000 0.182034
92.000000 0.191680
93.000000 0.205022
94.000000 0.221942
95.000000 0.233559
96.000000 0.229983
97.000000 0.218077
98.000000 0.202173
99.000000 0.197376
100.000000 0.195328
101.000000 0.189832
102.000000 0.177160
103.000000 0.165001
104.000000 0.171595
105.000000 0.177539
106.000000 0.184287
107.000000 0.180388
108.000000 0.172465
109.000000 0.182440
110.000000 0.198204
111.000000 0.198549
112.000000 0.198059
113.000000 0.194501
114.000000 0.190889
115.000000 0.190943
116.000000 0.199229
117.000000 0.208717
118.000000 0.208668
119.000000 0.198826
120.000000 0.189333
121.000000 0.177176
122.000000 0.164917
123.000000 0.147944
124.000000 0.130281
125.000000 0.122086
126.000000 0.123496
127.000000 0.127460
128.000000 0.136812
129.000000 0.155517
130.000000 0.170761
131.000000 0.186941
132.000000 0.201315
133.000000 0.207816
134.000000 0.223733
135.000000 0.227186
136.000000 0.222685
137.000000 0.206416
138.000000 0.191300
139.000000 0.189088
140.000000 0.192127
141.000000 0.199102
142.000000 0.214723
143.000000 0.230897
144.000000 0.228990
145.000000 0.224820
146.000000 0.223543
147.000000 0.230564
148.000000 0.232508
149.000000 0.221130
150.000000 0.205220
151.000000 0.202336
152.000000 0.217838
153.000000 0.224131
154.000000 0.232327
155.000000 0.245026
156.000000 0.264111
157.000000 0.279764
158.000000 0.279727
159.000000 0.270241
160.000000 0.251811
161.000000 0.230938
162.000000 0.216900
163.000000 0.219953
164.000000 0.227061
165.000000 0.233351
166.000000 0.230901
167.000000 0.231503
168.000000 0.228463
169.000000 0.214724
170.000000 0.195809
171.000000 0.169418
172.000000 0.149190
173.000000 0.129890
174.000000 0.132722
175.000000 0.146008
176.000000 0.169309
177.000000 0.188503
178.000000 0.212808
179.000000 0.241813
180.000000 0.268509
181.000000 0.290085
182.000000 0.296737
183.000000 0.292184
184.000000 0.275524
185.000000 0.257399
186.000000 0.244572
187.000000 0.236173
188.000000 0.226303
189.000000 0.207343
190.000000 0.190422
191.000000 0.184018
192.000000 0.184687
193.000000 0.192082
194.000000 0.211262
195.000000 0.236293
196.000000 0.252995
197.000000 0.276061
198.000000 0.289760
199.000000 0.285271
200.000000 0.262420
201.000000 0.230223
202.000000 0.196079
203.000000 0.176680
204.000000 0.171035
205.000000 0.173173
206.000000 0.183683
207.000000 0.188932
208.000000 0.197806
209.000000 0.209323
210.000000 0.212917
211.000000 0.200373
212.000000 0.184962
213.000000 0.164089
214.000000 0.158672
215.000000 0.165460
216.000000 0.178395
217.000000 0.192474
218.000000 0.211143
219.000000 0.236985
220.000000 0.260299
221.000000 0.259429
222.000000 0.234042
223.000000 0.199455
224.000000 0.163768
225.000000 0.140643
226.000000 0.127926
227.000000 0.126651
228.000000 0.133297
229.000000 0.153502
230.000000 0.172563
231.000000 0.201703
232.000000 0.234473
233.000000 0.254485
234.000000 0.259342
235.000000 0.251707
236.000000 0.248385
237.000000 0.251987
238.000000 0.244224
239.000000 0.228598
240.000000 0.227919
241.000000 0.234124
242.000000 0.233538
243.000000 0.214732
244.000000 0.189855
245.000000 0.172328
246.000000 0.173193
247.000000 0.176820
248.000000 0.189722
249.000000 0.213757
250.000000 0.243034
251.000000 0.258627
252.000000 0.267046
253.000000 0.262405
254.000000 0.258488
255.000000 0.238035
256.000000 0.209031
257.000000 0.190114
258.000000 0.174739
259.000000 0.177881
260.000000 0.200753
261.000000 0.221443
262.000000 0.239692
263.000000 0.257511
264.000000 0.259372
265.000000 0.261619
266.000000 0.238572
267.000000 0.209135
268.000000 0.187123
269.000000 0.161016
270.000000 0.135880
271.000000 0.126417
272.000000 0.123042
273.000000 0.134358
274.000000 0.147211
275.000000 0.152562
276.000000 0.157042
277.000000 0.164187
278.000000 0.167433
279.000000 0.171287
280.000000 0.166341
281.000000 0.168822
282.000000 0.176898
283.000000 0.181131
284.000000 0.175040
285.000000 0.172339
286.000000 0.174944
287.000000 0.179727
288.000000 0.180039
289.000000 0.169543
290.000000 0.151956
291.000000 0.150191
292.000000 0.161751
293.000000 0.178074
294.000000 0.194215
295.000000 0.212588
296.000000 0.231013
297.000000 0.253333
298.000000 0.276844
299.000000 0.293433
300.000000 0.288371
301.000000 0.271291
302.000000 0.237274
303.000000 0.202487
304.000000 0.172392
305.000000 0.146574
306.000000 0.140560
307.000000 0.140571
308.000000 0.148652
309.000000 0.165376
310.000000 0.185229
311.000000 0.199721
312.000000 0.208762
313.000000 0.215674
314.000000 0.211178
315.000000 0.211313
316.000000 0.210325
317.000000 0.219844
318.000000 0.227181
319.000000 0.229087
320.000000 0.225104
321.000000 0.212608
322.000000 0.205897
323.000000 0.215290
324.000000 0.216792
325.000000 0.186981
326.000000 0.153672
327.000000 0.128047
328.000000 0.117368
329.000000 0.114048
330.000000 0.122679
331.000000 0.142333
332.000000 0.167050
333.000000 0.195640
334.000000 0.211893
335.000000 0.208174
336.000000 0.183707
337.000000 0.165780
338.000000 0.145897
339.000000 0.139480
340.000000 0.147317
341.000000 0.158083
342.000000 0.172665
343.000000 0.192181
344.000000 0.205287
345.000000 0.217888
346.000000 0.223493
347.000000 0.220835
348.000000 0.214333
349.000000 0.205237
350.000000 0.193810
351.000000 0.186779
352.000000 0.171845
353.000000 0.163784
354.000000 0.152162
355.000000 0.148646
356.000000 0.156184
357.000000 0.166368
358.000000 0.201033
359.000000 0.243301
360.000000 0.263718
361.000000 0.260876
362.000000 0.238964
363.000000 0.222696
364.000000 0.217141
365.000000 0.217879
366.000000 0.223184
367.000000 0.227479
368.000000 0.232054
369.000000 0.244891
370.000000 0.267532
371.000000 0.292039
372.000000 0.314640
373.000000 0.327830
374.000000 0.336623
375.000000 0.334777
376.000000 0.323987
377.000000 0.306619
378.000000 0.281256
379.000000 0.255796
380.000000 0.236422
381.000000 0.238691
382.000000 0.249282
383.000000 0.242720
384.000000 0.224037
385.000000 0.200227
386.000000 0.196162
387.000000 0.202654
388.000000 0.218226
389.000000 0.227358
390.000000 0.244431
391.000000 0.250709
392.000000 0.261100
393.000000 0.269187
394.000000 0.260595
395.000000 0.237780
396.000000 0.221741
397.000000 0.199201
398.000000 0.189535
399.000000 0.181122
400.000000 0.172915
401.000000 2.174641
402.000000 3.133941
403.000000 3.417809
404.000000 3.317662
405.000000 3.119616
406.000000 2.911552
407.000000 2.731119
408.000000 2.257142
409.000000 1.796111
410.000000 1.467723
411.000000 1.286315
412.000000 1.204040
413.000000 1.174782
414.000000 1.164702
415.000000 1.200398
416.000000 1.264751
417.000000 1.322337
418.000000 1.359760
419.000000 1.380498
420.000000 1.394206
421.000000 1.400265
422.000000 1.389808
423.000000 1.377731
424.000000 1.368887
425.000000 1.356812
426.000000 1.347830
427.000000 1.333822
428.000000 1.313184
429.000000 1.303197
430.000000 1.295307
431.000000 1.292620
432.000000 1.290072
433.000000 1.297668
434.000000 1.306391
435.000000 1.319500
436.000000 1.326416
437.000000 1.334427
438.000000 1.350010
439.000000 1.365264
440.000000 1.377875
441.000000 1.377437
442.000000 1.369910
443.000000 1.350534
444.000000 1.327132
445.000000 1.308420
446.000000 1.295087
447.000000 1.285511
448.000000 1.275401
449.000000 1.269250
450.000000 1.293243
451.000000 1.320060
452.000000 1.335192
453.000000 1.334411
454.000000 1.330357
455.000000 1.329374
456.000000 1.333311
457.000000 1.329186
458.000000 1.322028
459.000000 1.320730
460.000000 1.324467
461.000000 1.333977
462.000000 1.341954
463.000000 1.355485
464.000000 1.363678
465.000000 1.370159
466.000000 1.353918
467.000000 1.319895
468.000000 1.280211
469.000000 1.257946
470.000000 1.254377
471.000000 1.267249
472.000000 1.275852
473.000000 1.272097
474.000000 1.262186
475.000000 1.250695
476.000000 1.232100
477.000000 1.217228
478.000000 1.219316
479.000000 1.237243
480.000000 1.261195
481.000000 1.297350
482.000000 1.329416
483.000000 1.346563
484.000000 1.348498
485.000000 1.340070
486.000000 1.328037
487.000000 1.305670
488.000000 1.276919
489.000000 1.252755
490.000000 1.246026
491.000000 1.231533
492.000000 1.228016
493.000000 1.226915
494.000000 1.232650
495.000000 1.246216
496.000000 1.259008
497.000000 1.280916
498.000000 1.303997
499.000000 1.324409
500.000000 1.333040
501.000000 1.440142
502.000000 1.550597
503.000000 1.649798
504.000000 1.786251
505.000000 1.890430
506.000000 1.932635
507.000000 1.914642
508.000000 1.852805
509.000000 1.780119
510.000000 1.716778
511.000000 1.656576
512.000000 1.597100
513.000000 1.527064
514.000000 1.463259
515.000000 1.423887
516.000000 1.403167
517.000000 1.395708
518.000000 1.389665
519.000000 1.398184
520.000000 1.427448
521.000000 1.459268
522.000000 1.506104
523.000000 1.543887
524.000000 1.577947
525.000000 1.608504
526.000000 1.613843
527.000000 1.590361
528.000000 1.560948
529.000000 1.542855
530.000000 1.545048
531.000000 1.545662
532.000000 1.552549
533.000000 1.565895
534.000000 1.574751
535.000000 1.575270
536.000000 1.560833
537.000000 1.544087
538.000000 1.527592
539.000000 1.515043
540.000000 1.491134
541.000000 1.472200
542.000000 1.468036
543.000000 1.474946
544.000000 1.486917
545.000000 1.506774
546.000000 1.525161
547.000000 1.538858
548.000000 1.533194
549.000000 1.527135
550.000000 1.528970
551.000000 1.548782
552.000000 1.558278
553.000000 1.549715
554.000000 1.539792
555.000000 1.538690
556.000000 1.544725
557.000000 1.552095
558.000000 1.546415
559.000000 1.531954
560.000000 1.515343
561.000000 1.493777
562.000000 1.483954
563.000000 1.476599
564.000000 1.458760
565.000000 1.439482
566.000000 1.420985
567.000000 1.405729
568.000000 1.391653
569.000000 1.395798
570.000000 1.413372
571.000000 1.445898
572.000000 1.482681
573.000000 1.525559
574.000000 1.552797
575.000000 1.561467
576.000000 1.526980
577.000000 1.474627
578.000000 1.425731
579.000000 1.412767
580.000000 1.415169
581.000000 1.436918
582.000000 1.457802
583.000000 1.471949
584.000000 1.466674
585.000000 1.453936
586.000000 1.451979
587.000000 1.462586
588.000000 1.465156
589.000000 1.461177
590.000000 1.452022
591.000000 1.442293
592.000000 1.445656
593.000000 1.458583
594.000000 1.476478
595.000000 1.480230
596.000000 1.476743
597.000000 1.478090
598.000000 1.485195
599.000000 1.484390
600.000000 1.474699
601.000000 1.452422
602.000000 1.436648
603.000000 1.449152
604.000000 1.478789
605.000000 1.505810
606.000000 1.524785
607.000000 1.523119
608.000000 1.524964
609.000000 1.523107
610.000000 1.518431
611.000000 1.528334
612.000000 1.523165
613.000000 1.518840
614.000000 1.509511
615.000000 1.493432
616.000000 1.481582
617.000000 1.466598
618.000000 1.448118
619.000000 1.443024
620.000000 1.441436
621.000000 1.447801
622.000000 1.471980
623.000000 1.493640
624.000000 1.494777
625.000000 1.481578
626.000000 1.467972
627.000000 1.469874
628.000000 1.478612
629.000000 1.490731
630.000000 1.505241
631.000000 1.521205
632.000000 1.545138
633.000000 1.563035
634.000000 1.564630
635.000000 1.549789
636.000000 1.524771
637.000000 1.507057
638.000000 1.504394
639.000000 1.515694
640.000000 1.528736
641.000000 1.541379
642.000000 1.546027
643.000000 1.525338
644.000000 1.504196
645.000000 1.483948
646.000000 1.483365
647.000000 1.494305
648.000000 1.502486
649.000000 1.521361
650.000000 1.531986
651.000000 1.526774
652.000000 1.509276
653.000000 1.495045
654.000000 1.475820
655.000000 1.460793
656.000000 1.454529
657.000000 1.466579
658.000000 1.488212
659.000000 1.506853
660.000000 1.508349
661.000000 1.505949
662.000000 1.498352
663.000000 1.499232
664.000000 1.509230
665.000000 1.508620
666.000000 1.511730
667.000000 1.506120
668.000000 1.488589
669.000000 1.472741
670.000000 1.465777
671.000000 1.475412
672.000000 1.495460
673.000000 1.506097
674.000000 1.501038
675.000000 1.490939
676.000000 1.492943
677.000000 1.503217
678.000000 1.515511
679.000000 1.525407
680.000000 1.532967
681.000000 1.521663
682.000000 1.502089
683.000000 1.484451
684.000000 1.457224
685.000000 1.432925
686.000000 1.401089
687.000000 1.370452
688.000000 1.374761
689.000000 1.414499
690.000000 1.478343
691.000000 1.542890
692.000000 1.583799
693.000000 1.596210
694.000000 1.579253
695.000000 1.552571
696.000000 1.513384
697.000000 1.473539
698.000000 1.441093
699.000000 1.420460
700.000000 1.405293
701.000000 1.403981
702.000000 1.418897
703.000000 1.445624
704.000000 1.462048
705.000000 1.464826
706.000000 1.469305
707.000000 1.473068
708.000000 1.484297
709.000000 1.480801
710.000000 1.485525
711.000000 1.503356
712.000000 1.517049
713.000000 1.525015
714.000000 1.519442
715.000000 1.510177
716.000000 1.499846
717.000000 1.505982
718.000000 1.518747
719.000000 1.527929
720.000000 1.539321
721.000000 1.546586
722.000000 1.549448
723.000000 1.550012
724.000000 1.543190
725.000000 1.530732
726.000000 1.522508
727.000000 1.515948
728.000000 1.502527
729.000000 1.481069
730.000000 1.470845
731.000000 1.460012
732.000000 1.451844
733.000000 1.433856
734.000000 1.422420
735.000000 1.417637
736.000000 1.407445
737.000000 1.402803
738.000000 1.403732
739.000000 1.400535
740.000000 1.396346
741.000000 1.395317
742.000000 1.385324
743.000000 1.375207
744.000000 1.388605
745.000000 1.414813
746.000000 1.449870
747.000000 1.485482
748.000000 1.513952
749.000000 1.532161
750.000000 1.527040
751.000000 1.518033
752.000000 1.510731
753.000000 1.519822
754.000000 1.514894
755.000000 1.513080
756.000000 1.512277
757.000000 1.498359
758.000000 1.478198
759.000000 1.444774
760.000000 1.415642
761.000000 1.403856
762.000000 1.412041
763.000000 1.443942
764.000000 1.481193
765.000000 1.499232
766.000000 1.496684
767.000000 1.480379
768.000000 1.475296
769.000000 1.467567
770.000000 1.449802
771.000000 1.420959
772.000000 1.406709
773.000000 1.402135
774.000000 1.395608
775.000000 1.376964
776.000000 1.360716
777.000000 1.360359
778.000000 1.386947
779.000000 1.420861
780.000000 1.451190
781.000000 1.467401
782.000000 1.477671
783.000000 1.481236
784.000000 1.472518
785.000000 1.450577
786.000000 1.413690
787.000000 1.375408
788.000000 1.346174
789.000000 1.334589
790.000000 1.346047
791.000000 1.369141
792.000000 1.410879
793.000000 1.459166
794.000000 1.491848
795.000000 1.511260
796.000000 1.508402
797.000000 1.488268
798.000000 1.460372
799.000000 1.437008
800.000000 1.415687
801.000000 -0.233523
802.000000 -1.113011
803.000000 -1.462588
804.000000 -1.550819
805.000000 -1.503326
806.000000 -1.376606
807.000000 -1.193361
808.000000 -0.703570
809.000000 -0.188295
810.000000 0.221576
811.000000 0.496724
812.000000 0.651217
813.000000 0.721138
814.000000 0.733946
815.000000 0.673139
816.000000 0.576701
817.000000 0.480518
818.000000 0.411940
819.000000 0.390541
820.000000 0.403234
821.000000 0.417066
822.000000 0.444138
823.000000 0.459083
824.000000 0.471626
825.000000 0.483154
826.000000 0.487878
827.000000 0.488759
828.000000 0.477969
829.000000 0.472786
830.000000 0.488260
831.000000 0.503214
832.000000 0.519270
833.000000 0.515461
834.000000 0.499894
835.000000 0.485121
836.000000 0.471856
837.000000 0.461145
838.000000 0.451217
839.000000 0.442098
840.000000 0.437347
841.000000 0.447737
842.000000 0.459766
843.000000 0.472660
844.000000 0.489716
845.000000 0.495028
846.000000 0.478334
847.000000 0.445155
848.000000 0.410592
849.000000 0.392259
850.000000 0.389232
851.000000 0.396295
852.000000 0.405583
853.000000 0.420357
854.000000 0.445512
855.000000 0.469197
856.000000 0.491731
857.000000 0.507856
858.000000 0.505989
859.000000 0.498306
860.000000 0.484262
861.000000 0.471194
862.000000 0.465514
863.000000 0.463056
864.000000 0.462779
865.000000 0.469133
866.000000 0.480861
867.000000 0.480626
868.000000 0.469034
869.000000 0.448961
870.000000 0.436146
871.000000 0.434965
872.000000 0.454123
873.000000 0.472853
874.000000 0.495818
875.000000 0.503816
876.000000 0.502465
877.000000 0.496335
878.000000 0.489322
879.000000 0.479319
880.000000 0.476318
881.000000 0.478753
882.000000 0.476334
883.000000 0.488924
884.000000 0.496150
885.000000 0.491256
886.000000 0.476347
887.000000 0.454848
888.000000 0.434681
889.000000 0.416287
890.000000 0.405463
891.000000 0.412733
892.000000 0.433509
893.000000 0.449601
894.000000 0.456391
895.000000 0.462347
896.000000 0.458027
897.000000 0.451768
898.000000 0.456592
899.000000 0.461469
900.000000 0.456862
901.000000 0.436662
902.000000 0.416598
903.000000 0.412430
904.000000 0.431708
905.000000 0.453869
906.000000 0.465907
907.000000 0.462823
908.000000 0.459154
909.000000 0.460661
910.000000 0.468629
911.000000 0.472889
912.000000 0.476008
913.000000 0.471539
914.000000 0.467083
915.000000 0.468715
916.000000 0.470231
917.000000 0.464892
918.000000 0.451754
919.000000 0.427563
920.000000 0.401136
921.000000 0.387258
922.000000 0.385404
923.000000 0.390279
924.000000 0.410373
925.000000 0.427718
926.000000 0.449067
927.000000 0.455045
928.000000 0.441284
929.000000 0.425695
930.000000 0.426255
931.000000 0.440706
932.000000 0.461330
933.000000 0.470499
934.000000 0.469376
935.000000 0.460210
936.000000 0.438462
937.000000 0.417632
938.000000 0.404184
939.000000 0.404475
940.000000 0.418842
941.000000 0.434699
942.000000 0.443285
943.000000 0.451186
944.000000 0.459314
945.000000 0.469412
946.000000 0.476462
947.000000 0.483255
948.000000 0.488439
949.000000 0.482553
950.000000 0.492910
951.000000 0.507857
952.000000 0.531522
953.000000 0.542221
954.000000 0.531027
955.000000 0.498887
956.000000 0.463660
957.000000 0.429350
958.000000 0.406522
959.000000 0.386475
960.000000 0.398531
961.000000 0.440631
962.000000 0.495203
963.000000 0.534998
964.000000 0.545516
965.000000 0.525911
966.000000 0.512932
967.000000 0.493791
968.000000 0.460713
969.000000 0.425729
970.000000 0.412002
971.000000 0.394278
972.000000 0.393786
973.000000 0.396348
974.000000 0.409575
975.000000 0.427943
976.000000 0.433475
977.000000 0.437863
978.000000 0.434996
979.000000 0.419712
980.000000 0.399566
981.000000 0.379854
982.000000 0.360886
983.000000 0.357319
984.000000 0.368204
985.000000 0.392444
986.000000 0.411984
987.000000 0.420278
988.000000 0.416156
989.000000 0.423525
990.000000 0.440534
991.000000 0.463943
992.000000 0.491955
993.000000 0.512660
994.000000 0.523472
995.000000 0.517132
996.000000 0.492448
997.000000 0.469887
998.000000 0.450759
999.000000 0.441295
1000.000000 0.434963
1001.000000 0.421846
1002.000000 0.421892
1003.000000 0.431945
1004.000000 0.443893
1005.000000 0.467572
1006.000000 0.480746
1007.000000 0.484562
1008.000000 0.464076
1009.000000 0.432890
1010.000000 0.400906
1011.000000 0.371473
1012.000000 0.357954
1013.000000 0.352293
1014.000000 0.360372
1015.000000 0.375152
1016.000000 0.395100
1017.000000 0.418698
1018.000000 0.449245
1019.000000 0.475011
1020.000000 0.490366
1021.000000 0.492919
1022.000000 0.486278
1023.000000 0.476790
1024.000000 0.461910
1025.000000 0.440344
1026.000000 0.414170
1027.000000 0.395115
1028.000000 0.392156
1029.000000 0.388977
1030.000000 0.391443
1031.000000 0.401763
1032.000000 0.424379
1033.000000 0.451026
1034.000000 0.472496
1035.000000 0.486558
1036.000000 0.493722
1037.000000 0.504392
1038.000000 0.515932
1039.000000 0.529258
1040.000000 0.533514
1041.000000 0.520851
1042.000000 0.504360
1043.000000 0.495269
1044.000000 0.498574
1045.000000 0.499433
1046.000000 0.493490
1047.000000 0.482558
1048.000000 0.465376
1049.000000 0.463824
1050.000000 0.459158
1051.000000 0.468160
1052.000000 0.471654
1053.000000 0.472956
1054.000000 0.476829
1055.000000 0.478093
1056.000000 0.470492
1057.000000 0.463912
1058.000000 0.452305
1059.000000 0.431870
1060.000000 0.406932
1061.000000 0.379288
1062.000000 0.371260
1063.000000 0.389785
1064.000000 0.434440
1065.000000 0.472380
1066.000000 0.503268
1067.000000 0.526434
1068.000000 0.548801
1069.000000 0.561212
1070.000000 0.561814
1071.000000 0.545008
1072.000000 0.528170
1073.000000 0.513384
1074.000000 0.499300
1075.000000 0.472028
1076.000000 0.435320
1077.000000 0.408388
1078.000000 0.387221
1079.000000 0.372921
1080.000000 0.376671
1081.000000 0.398234
1082.000000 0.431892
1083.000000 0.455079
1084.000000 0.470528
1085.000000 0.469119
1086.000000 0.464855
1087.000000 0.444109
1088.000000 0.410440
1089.000000 0.395539
1090.000000 0.391310
1091.000000 0.402776
1092.000000 0.432268
1093.000000 0.467901
1094.000000 0.488353
1095.000000 0.499749
1096.000000 0.488999
1097.000000 0.468879
1098.000000 0.443710
1099.000000 0.433105
1100.000000 0.439100
1101.000000 0.454811
1102.000000 0.470890
1103.000000 0.483868
1104.000000 0.482656
1105.000000 0.481830
1106.000000 0.474345
1107.000000 0.474402
1108.000000 0.484042
1109.000000 0.493046
1110.000000 0.481892
1111.000000 0.457331
1112.000000 0.449861
1113.000000 0.461118
1114.000000 0.485489
1115.000000 0.514500
1116.000000 0.523473
1117.000000 0.520336
1118.000000 0.523381
1119.000000 0.523621
1120.000000 0.521591
1121.000000 0.521008
1122.000000 0.513448
1123.000000 0.511584
1124.000000 0.510756
1125.000000 0.513843
1126.000000 0.528548
1127.000000 0.546171
1128.000000 0.557788
1129.000000 0.555569
1130.000000 0.537770
1131.000000 0.519023
1132.000000 0.501770
1133.000000 0.491524
1134.000000 0.484276
1135.000000 0.490914
1136.000000 0.497459
1137.000000 0.504671
1138.000000 0.509414
1139.000000 0.505740
1140.000000 0.507553
1141.000000 0.504237
1142.000000 0.506757
1143.000000 0.506288
1144.000000 0.505732
1145.000000 0.506555
1146.000000 0.502343
1147.000000 0.487256
1148.000000 0.466971
1149.000000 0.448474
1150.000000 0.439774
1151.000000 0.454601
1152.000000 0.485737
1153.000000 0.507122
1154.000000 0.517314
1155.000000 0.518379
1156.000000 0.514876
1157.000000 0.507384
1158.000000 0.497263
1159.000000 0.479031
1160.000000 0.465292
1161.000000 0.467128
1162.000000 0.471793
1163.000000 0.464226
1164.000000 0.456345
1165.000000 0.444222
1166.000000 0.440144
1167.000000 0.442324
1168.000000 0.444503
1169.000000 0.451177
1170.000000 0.456080
1171.000000 0.465009
1172.000000 0.476705
1173.000000 0.484386
1174.000000 0.472680
1175.000000 0.454974
1176.000000 0.446604
1177.000000 0.438243
1178.000000 0.434533
1179.000000 0.426759
1180.000000 0.424913
1181.000000 0.432872
1182.000000 0.454439
1183.000000 0.469407
1184.000000 0.473871
1185.000000 0.479082
1186.000000 0.489197
1187.000000 0.494540
1188.000000 0.499835
1189.000000 0.493573
1190.000000 0.496251
1191.000000 0.493942
1192.000000 0.492880
1193.000000 0.491301
1194.000000 0.481176
1195.000000 0.474922
1196.000000 0.480830
1197.000000 0.478010
1198.000000 0.478846
1199.000000 0.474137
1200.000000 0.465234
1201.000000 -0.556261
1202.000000 -1.058343
1203.000000 -1.210282
1204.000000 -1.160729
1205.000000 -1.048389
1206.000000 -0.932045
1207.000000 -0.807713
1208.000000 -0.528899
1209.000000 -0.262343
1210.000000 -0.092486
1211.000000 -0.025259
1212.000000 -0.013093
1213.000000 -0.030196
1214.000000 -0.051234
1215.000000 -0.096050
1216.000000 -0.126756
1217.000000 -0.134015
1218.000000 -0.115181
1219.000000 -0.089288
1220.000000 -0.071355
1221.000000 -0.065622
1222.000000 -0.057046
1223.000000 -0.063960
1224.000000 -0.082877
1225.000000 -0.109792
1226.000000 -0.140961
1227.000000 -0.158974
1228.000000 -0.161090
1229.000000 -0.163422
1230.000000 -0.170087
1231.000000 -0.159742
1232.000000 -0.154221
1233.000000 -0.146801
1234.000000 -0.135349
1235.000000 -0.119937
1236.000000 -0.099430
1237.000000 -0.076002
1238.000000 -0.068549
1239.000000 -0.085347
1240.000000 -0.119351
1241.000000 -0.154835
1242.000000 -0.183642
1243.000000 -0.190416
1244.000000 -0.194939
1245.000000 -0.203753
1246.000000 -0.195434
1247.000000 -0.167961
1248.000000 -0.144260
1249.000000 -0.125218
1250.000000 -0.112670
1251.000000 -0.085636
1252.000000 -0.058066
1253.000000 -0.036836
1254.000000 -0.028434
1255.000000 -0.020508
1256.000000 -0.023537
1257.000000 -0.056227
1258.000000 -0.095278
1259.000000 -0.128141
1260.000000 -0.148139
1261.000000 -0.148226
1262.000000 -0.142957
1263.000000 -0.133691
1264.000000 -0.115529
1265.000000 -0.093953
1266.000000 -0.079922
1267.000000 -0.065847
1268.000000 -0.058654
1269.000000 -0.056502
1270.000000 -0.052515
1271.000000 -0.061117
1272.000000 -0.064688
1273.000000 -0.072844
1274.000000 -0.073633
1275.000000 -0.071142
1276.000000 -0.076353
1277.000000 -0.087565
1278.000000 -0.083071
1279.000000 -0.066238
1280.000000 -0.040460
1281.000000 -0.015269
1282.000000 -0.005496
1283.000000 -0.010127
1284.000000 -0.012598
1285.000000 -0.043783
1286.000000 -0.081945
1287.000000 -0.101951
1288.000000 -0.103851
1289.000000 -0.089133
1290.000000 -0.065433
1291.000000 -0.040018
1292.000000 -0.029351
1293.000000 -0.031249
1294.000000 -0.041782
1295.000000 -0.053297
1296.000000 -0.063803
1297.000000 -0.069257
1298.000000 -0.064607
1299.000000 -0.042242
1300.000000 -0.020635
1301.000000 -0.122338
1302.000000 -0.249097
1303.000000 -0.366621
1304.000000 -0.532636
1305.000000 -0.654971
1306.000000 -0.713911
1307.000000 -0.713786
1308.000000 -0.658114
1309.000000 -0.568562
1310.000000 -0.460914
1311.000000 -0.362727
1312.000000 -0.293374
1313.000000 -0.238861
1314.000000 -0.201527
1315.000000 -0.165741
1316.000000 -0.154233
1317.000000 -0.162767
1318.000000 -0.177615
1319.000000 -0.171121
1320.000000 -0.145088
1321.000000 -0.141736
1322.000000 -0.147613
1323.000000 -0.171658
1324.000000 -0.193028
1325.000000 -0.214839
1326.000000 -0.244512
1327.000000 -0.279668
1328.000000 -0.314017
1329.000000 -0.336975
1330.000000 -0.338135
1331.000000 -0.339888
1332.000000 -0.344233
1333.000000 -0.332608
1334.000000 -0.299766
1335.000000 -0.265699
1336.000000 -0.242834
1337.000000 -0.236331
1338.000000 -0.239441
1339.000000 -0.239315
1340.000000 -0.241813
1341.000000 -0.263808
1342.000000 -0.289013
1343.000000 -0.298463
1344.000000 -0.275491
1345.000000 -0.249241
1346.000000 -0.232514
1347.000000 -0.232403
1348.000000 -0.238787
1349.000000 -0.235153
1350.000000 -0.238735
1351.000000 -0.264895
1352.000000 -0.298629
1353.000000 -0.327187
1354.000000 -0.339280
1355.000000 -0.339791
1356.000000 -0.329967
1357.000000 -0.306664
1358.000000 -0.281521
1359.000000 -0.257680
1360.000000 -0.241970
1361.000000 -0.224588
1362.000000 -0.219820
1363.000000 -0.225004
1364.000000 -0.233807
1365.000000 -0.232633
1366.000000 -0.233430
1367.000000 -0.237405
1368.000000 -0.251003
1369.000000 -0.267055
1370.000000 -0.290787
1371.000000 -0.306130
1372.000000 -0.310009
1373.000000 -0.304144
1374.000000 -0.304832
1375.000000 -0.302560
1376.000000 -0.297736
1377.000000 -0.289314
1378.000000 -0.279065
1379.000000 -0.269548
1380.000000 -0.257566
1381.000000 -0.240412
1382.000000 -0.223451
1383.000000 -0.213604
1384.000000 -0.217059
1385.000000 -0.218150
1386.000000 -0.233161
1387.000000 -0.249543
1388.000000 -0.264669
1389.000000 -0.284430
1390.000000 -0.297211
1391.000000 -0.305909
1392.000000 -0.302956
1393.000000 -0.279891
1394.000000 -0.253409
1395.000000 -0.230021
1396.000000 -0.223469
1397.000000 -0.216199
1398.000000 -0.219576
1399.000000 -0.223421
1400.000000 -0.237162
1401.000000 -0.257485
1402.000000 -0.278226
1403.000000 -0.291161
1404.000000 -0.289521
1405.000000 -0.284977
1406.000000 -0.281235
1407.000000 -0.288488
1408.000000 -0.291751
1409.000000 -0.297356
1410.000000 -0.315455
1411.000000 -0.329313
1412.000000 -0.330128
1413.000000 -0.318024
1414.000000 -0.298231
1415.000000 -0.274605
1416.000000 -0.259442
1417.000000 -0.249435
1418.000000 -0.247850
1419.000000 -0.248723
1420.000000 -0.273434
1421.000000 -0.308293
1422.000000 -0.343341
1423.000000 -0.366854
1424.000000 -0.367970
1425.000000 -0.357924
1426.000000 -0.332216
1427.000000 -0.317266
1428.000000 -0.312116
1429.000000 -0.294031
1430.000000 -0.274991
1431.000000 -0.257037
1432.000000 -0.251367
1433.000000 -0.256084
1434.000000 -0.269661
1435.000000 -0.281913
1436.000000 -0.285342
1437.000000 -0.283799
1438.000000 -0.288535
1439.000000 -0.293645
1440.000000 -0.292196
1441.000000 -0.286684
1442.000000 -0.272407
1443.000000 -0.256029
1444.000000 -0.240094
1445.000000 -0.225591
1446.000000 -0.237021
1447.000000 -0.275034
1448.000000 -0.306481
1449.000000 -0.323229
1450.000000 -0.317581
1451.000000 -0.318052
1452.000000 -0.335612
1453.000000 -0.351928
1454.000000 -0.346376
1455.000000 -0.323267
1456.000000 -0.304460
1457.000000 -0.298362
1458.000000 -0.286968
1459.000000 -0.273163
1460.000000 -0.263511
1461.000000 -0.268564
1462.000000 -0.273736
1463.000000 -0.271847
1464.000000 -0.252570
1465.000000 -0.236576
1466.000000 -0.233001
1467.000000 -0.249143
1468.000000 -0.248530
1469.000000 -0.239311
1470.000000 -0.242258
1471.000000 -0.256409
1472.000000 -0.272583
1473.000000 -0.281034
1474.000000 -0.277773
1475.000000 -0.272800
1476.000000 -0.270465
1477.000000 -0.260401
1478.000000 -0.252504
1479.000000 -0.248175
1480.000000 -0.251598
1481.000000 -0.249847
1482.000000 -0.255786
1483.000000 -0.258282
1484.000000 -0.263532
1485.000000 -0.278819
1486.000000 -0.298930
1487.000000 -0.299015
1488.000000 -0.287761
1489.000000 -0.272382
1490.000000 -0.261051
1491.000000 -0.246770
1492.000000 -0.237672
1493.000000 -0.229856
1494.000000 -0.227735
1495.000000 -0.238719
1496.000000 -0.250523
1497.000000 -0.256072
1498.000000 -0.251960
1499.000000 -0.247466
1500.000000 -0.243926
1501.000000 -0.227076
1502.000000 -0.203860
1503.000000 -0.189484
1504.000000 -0.187971
1505.000000 -0.198041
1506.000000 -0.230564
1507.000000 -0.253040
1508.000000 -0.269404
1509.000000 -0.266238
1510.000000 -0.248067
1511.000000 -0.227439
1512.000000 -0.203738
1513.000000 -0.185506
1514.000000 -0.181180
1515.000000 -0.193081
1516.000000 -0.225604
1517.000000 -0.256665
1518.000000 -0.283938
1519.000000 -0.289999
1520.000000 -0.290523
1521.000000 -0.284836
1522.000000 -0.275773
1523.000000 -0.261233
1524.000000 -0.244693
1525.000000 -0.237208
1526.000000 -0.231871
1527.000000 -0.234525
1528.000000 -0.243457
1529.000000 -0.251733
1530.000000 -0.246855
1531.000000 -0.240301
1532.000000 -0.249104
1533.000000 -0.268004
1534.000000 -0.279070
1535.000000 -0.272213
1536.000000 -0.253805
1537.000000 -0.243465
1538.000000 -0.250160
1539.000000 -0.260463
1540.000000 -0.273768
1541.000000 -0.297416
1542.000000 -0.319611
1543.000000 -0.337116
1544.000000 -0.356229
1545.000000 -0.348613
1546.000000 -0.324273
1547.000000 -0.305443
1548.000000 -0.293235
1549.000000 -0.293170
1550.000000 -0.285281
1551.000000 -0.285103
1552.000000 -0.296260
1553.000000 -0.319073
1554.000000 -0.333172
1555.000000 -0.336912
1556.000000 -0.329050
1557.000000 -0.328682
1558.000000 -0.319793
1559.000000 -0.306105
1560.000000 -0.275587
1561.000000 -0.249339
1562.000000 -0.238394
1563.000000 -0.237392
1564.000000 -0.238706
1565.000000 -0.251804
1566.000000 -0.266535
1567.000000 -0.273328
1568.000000 -0.269871
1569.000000 -0.256913
1570.000000 -0.248799
1571.000000 -0.245549
1572.000000 -0.253394
1573.000000 -0.261685
1574.000000 -0.267127
1575.000000 -0.272181
1576.000000 -0.274615
1577.000000 -0.271581
1578.000000 -0.264091
1579.000000 -0.264969
1580.000000 -0.268673
1581.000000 -0.256455
1582.000000 -0.230192
1583.000000 -0.205774
1584.000000 -0.204691
1585.000000 -0.201537
1586.000000 -0.192937
1587.000000 -0.169948
1588.000000 -0.154690
1589.000000 -0.153381
1590.000000 -0.173703
1591.000000 -0.185630
1592.000000 -0.198221
1593.000000 -0.212270
1594.000000 -0.241078
1595.000000 -0.271245
1596.000000 -0.293746
1597.000000 -0.307702
1598.000000 -0.311485
1599.000000 -0.299233
1600.000000 -0.278391
