1.000000 36.620000
2.000000 36.620000
3.000000 33.680000
4.000000 33.680000
5.000000 33.620000
6.000000 33.620000
7.000000 33.620000
8.000000 33.560000
9.000000 33.620000
10.000000 33.620000
11.000000 33.680000
12.000000 33.750000
13.000000 33.810000
14.000000 33.810000
15.000000 33.870000
16.000000 33.930000
17.000000 34.000000
18.000000 34.060000
19.000000 34.060000
20.000000 34.120000
21.000000 34.180000
22.000000 34.250000
23.000000 34.310000
24.000000 34.370000
25.000000 34.430000
26.000000 34.500000
27.000000 34.620000
28.000000 34.680000
29.000000 34.750000
30.000000 34.870000
31.000000 34.930000
32.000000 35.060000
33.000000 35.120000
34.000000 35.250000
35.000000 35.370000
36.000000 35.430000
37.000000 35.560000
38.000000 35.620000
39.000000 35.750000
40.000000 35.870000
41.000000 36.000000
42.000000 36.060000
43.000000 36.180000
44.000000 36.310000
45.000000 36.430000
46.000000 36.560000
47.000000 36.680000
48.000000 36.810000
49.000000 37.000000
50.000000 37.120000
51.000000 37.250000
52.000000 37.370000
53.000000 37.560000
54.000000 37.680000
55.000000 37.870000
56.000000 38.000000
57.000000 38.120000
58.000000 38.310000
59.000000 38.430000
60.000000 38.620000
61.000000 38.810000
62.000000 38.930000
63.000000 39.120000
64.000000 39.310000
65.000000 39.500000
66.000000 39.620000
67.000000 39.810000
68.000000 40.000000
69.000000 40.180000
70.000000 40.310000
71.000000 40.500000
72.000000 40.680000
73.000000 40.810000
74.000000 41.000000
75.000000 41.180000
76.000000 41.310000
77.000000 41.500000
78.000000 41.680000
79.000000 41.870000
80.000000 42.060000
81.000000 42.180000
82.000000 42.370000
83.000000 42.560000
84.000000 42.750000
85.000000 42.870000
86.000000 43.060000
87.000000 43.250000
88.000000 43.430000
89.000000 43.620000
90.000000 43.810000
91.000000 44.000000
92.000000 44.180000
93.000000 44.370000
94.000000 44.500000
95.000000 44.680000
96.000000 44.810000
97.000000 44.930000
98.000000 45.120000
99.000000 45.250000
100.000000 45.370000
101.000000 45.560000
102.000000 45.680000
103.000000 45.870000
104.000000 46.000000
105.000000 46.180000
106.000000 46.310000
107.000000 46.500000
108.000000 46.620000
109.000000 46.810000
110.000000 46.930000
111.000000 47.060000
112.000000 47.250000
113.000000 47.370000
114.000000 47.500000
115.000000 47.620000
116.000000 47.750000
117.000000 47.870000
118.000000 48.060000
119.000000 48.180000
120.000000 48.310000
121.000000 48.430000
122.000000 48.560000
123.000000 48.680000
124.000000 48.870000
125.000000 49.000000
126.000000 49.120000
127.000000 49.250000
128.000000 49.370000
129.000000 49.500000
130.000000 49.620000
131.000000 49.750000
132.000000 49.870000
133.000000 50.000000
134.000000 50.120000
135.000000 50.250000
136.000000 50.310000
137.000000 50.430000
138.000000 50.560000
139.000000 50.620000
140.000000 50.750000
141.000000 50.810000
142.000000 50.930000
143.000000 51.000000
144.000000 51.060000
145.000000 51.120000
146.000000 51.180000
147.000000 51.250000
148.000000 51.310000
149.000000 51.370000
150.000000 51.430000
151.000000 51.560000
152.000000 51.620000
153.000000 51.680000
154.000000 51.750000
155.000000 51.870000
156.000000 51.930000
157.000000 51.930000
158.000000 52.000000
159.000000 52.060000
160.000000 52.120000
161.000000 52.180000
162.000000 52.250000
163.000000 52.310000
164.000000 52.430000
165.000000 52.500000
166.000000 52.560000
167.000000 52.560000
168.000000 52.680000
169.000000 52.750000
170.000000 52.750000
171.000000 52.810000
172.000000 52.870000
173.000000 52.930000
174.000000 53.060000
175.000000 53.060000
176.000000 53.120000
177.000000 53.180000
178.000000 53.250000
179.000000 53.250000
180.000000 53.310000
181.000000 53.310000
182.000000 53.370000
183.000000 53.430000
184.000000 53.430000
185.000000 53.500000
186.000000 53.560000
187.000000 53.620000
188.000000 53.620000
189.000000 53.680000
190.000000 53.680000
191.000000 53.750000
192.000000 53.750000
193.000000 53.810000
194.000000 53.810000
195.000000 53.870000
196.000000 53.870000
197.000000 53.930000
198.000000 53.930000
199.000000 54.000000
200.000000 54.000000
201.000000 54.000000
202.000000 54.000000
203.000000 54.000000
204.000000 54.000000
205.000000 54.000000
206.000000 54.000000
207.000000 54.000000
208.000000 54.000000
209.000000 54.000000
210.000000 54.000000
211.000000 54.000000
212.000000 53.930000
213.000000 53.930000
214.000000 53.930000
215.000000 53.930000
216.000000 53.930000
217.000000 53.870000
218.000000 53.930000
219.000000 53.870000
220.000000 53.870000
221.000000 53.930000
222.000000 53.930000
223.000000 53.930000
224.000000 53.930000
225.000000 53.930000
226.000000 54.000000
227.000000 54.000000
228.000000 54.000000
229.000000 54.000000
230.000000 54.000000
231.000000 53.930000
232.000000 53.930000
233.000000 53.930000
234.000000 53.870000
235.000000 53.810000
236.000000 53.810000
237.000000 53.750000
238.000000 53.750000
239.000000 53.680000
240.000000 53.620000
241.000000 53.560000
242.000000 53.560000
243.000000 53.500000
244.000000 53.500000
245.000000 53.500000
246.000000 53.430000
247.000000 53.430000
248.000000 53.370000
249.000000 53.310000
250.000000 53.250000
251.000000 53.180000
252.000000 53.180000
253.000000 53.120000
254.000000 53.060000
255.000000 53.000000
256.000000 52.930000
257.000000 52.930000
258.000000 52.870000
259.000000 52.870000
260.000000 52.810000
261.000000 52.750000
262.000000 52.750000
263.000000 52.680000
264.000000 52.680000
265.000000 52.680000
266.000000 52.620000
267.000000 52.620000
268.000000 52.560000
269.000000 52.560000
270.000000 52.500000
271.000000 52.500000
272.000000 52.430000
273.000000 52.370000
274.000000 52.310000
275.000000 52.310000
276.000000 52.250000
277.000000 52.250000
278.000000 52.180000
279.000000 52.120000
280.000000 52.120000
281.000000 52.060000
282.000000 52.000000
283.000000 51.930000
284.000000 51.930000
285.000000 51.870000
286.000000 51.870000
287.000000 51.810000
288.000000 51.750000
289.000000 51.750000
290.000000 51.680000
291.000000 51.620000
292.000000 51.560000
293.000000 51.560000
294.000000 51.500000
295.000000 51.430000
296.000000 51.370000
297.000000 51.310000
298.000000 51.250000
299.000000 51.250000
300.000000 51.250000
301.000000 51.250000
302.000000 51.250000
303.000000 51.250000
304.000000 51.250000
305.000000 51.250000
306.000000 51.180000
307.000000 51.180000
308.000000 51.120000
309.000000 51.120000
310.000000 51.060000
311.000000 51.060000
312.000000 51.060000
313.000000 51.060000
314.000000 51.060000
315.000000 51.060000
316.000000 51.120000
317.000000 51.120000
318.000000 51.120000
319.000000 51.120000
320.000000 51.120000
321.000000 51.060000
322.000000 51.000000
323.000000 51.000000
324.000000 50.930000
325.000000 50.870000
326.000000 50.810000
327.000000 50.750000
328.000000 50.680000
329.000000 50.620000
330.000000 50.620000
331.000000 50.560000
332.000000 50.560000
333.000000 50.500000
334.000000 50.500000
335.000000 50.430000
336.000000 50.430000
337.000000 50.370000
338.000000 50.370000
339.000000 50.310000
340.000000 50.250000
341.000000 50.250000
342.000000 50.180000
343.000000 50.120000
344.000000 50.120000
345.000000 50.060000
346.000000 50.060000
347.000000 50.000000
348.000000 50.000000
349.000000 49.930000
350.000000 49.930000
351.000000 49.930000
352.000000 49.870000
353.000000 49.870000
354.000000 49.810000
355.000000 49.810000
356.000000 49.750000
357.000000 49.680000
358.000000 49.680000
359.000000 49.620000
360.000000 49.620000
361.000000 49.620000
362.000000 49.560000
363.000000 49.560000
364.000000 49.500000
365.000000 49.500000
366.000000 49.500000
367.000000 49.430000
368.000000 49.430000
369.000000 49.430000
370.000000 49.370000
371.000000 49.370000
372.000000 49.370000
373.000000 49.370000
374.000000 49.370000
375.000000 49.310000
376.000000 49.310000
377.000000 49.310000
378.000000 49.370000
379.000000 49.370000
380.000000 49.370000
381.000000 49.370000
382.000000 49.430000
383.000000 49.430000
384.000000 49.430000
385.000000 49.430000
386.000000 49.370000
387.000000 49.370000
388.000000 49.370000
389.000000 49.370000
390.000000 49.370000
391.000000 49.370000
392.000000 49.370000
393.000000 49.370000
394.000000 49.370000
395.000000 49.370000
396.000000 49.370000
397.000000 49.370000
398.000000 49.370000
399.000000 49.370000
400.000000 49.370000
401.000000 49.370000
402.000000 49.370000
403.000000 49.370000
404.000000 49.430000
405.000000 49.430000
406.000000 49.430000
407.000000 49.430000
408.000000 49.370000
409.000000 49.370000
410.000000 49.370000
411.000000 49.370000
412.000000 49.310000
413.000000 49.310000
414.000000 49.370000
415.000000 49.310000
416.000000 49.310000
417.000000 49.310000
418.000000 49.310000
419.000000 49.310000
420.000000 49.310000
421.000000 49.370000
422.000000 49.370000
423.000000 49.370000
424.000000 49.310000
425.000000 49.310000
426.000000 49.310000
427.000000 49.310000
428.000000 49.250000
429.000000 49.250000
430.000000 49.250000
431.000000 49.250000
432.000000 49.310000
433.000000 49.310000
434.000000 49.310000
435.000000 49.370000
436.000000 49.370000
437.000000 49.370000
438.000000 49.370000
439.000000 49.370000
440.000000 49.310000
441.000000 49.310000
442.000000 49.310000
443.000000 49.310000
444.000000 49.250000
445.000000 49.250000
446.000000 49.250000
447.000000 49.250000
448.000000 49.250000
449.000000 49.250000
450.000000 49.180000
451.000000 49.250000
452.000000 49.250000
453.000000 49.250000
454.000000 49.250000
455.000000 49.250000
456.000000 49.250000
457.000000 49.250000
458.000000 49.250000
459.000000 49.250000
460.000000 49.250000
461.000000 49.250000
462.000000 49.310000
463.000000 49.310000
464.000000 49.310000
465.000000 49.310000
466.000000 49.310000
467.000000 49.310000
468.000000 49.310000
469.000000 49.310000
470.000000 49.310000
471.000000 49.310000
472.000000 49.310000
473.000000 49.310000
474.000000 49.310000
475.000000 49.310000
476.000000 49.310000
477.000000 49.310000
478.000000 49.310000
479.000000 49.310000
480.000000 49.310000
481.000000 49.370000
482.000000 49.370000
483.000000 49.370000
484.000000 49.370000
485.000000 49.370000
486.000000 49.370000
487.000000 49.430000
488.000000 49.430000
489.000000 49.430000
490.000000 49.430000
491.000000 49.500000
492.000000 49.430000
493.000000 49.430000
494.000000 49.500000
495.000000 49.430000
496.000000 49.500000
497.000000 49.500000
498.000000 49.500000
499.000000 49.560000
500.000000 36.620000
