1.000000 0.017407
2.000000 0.017407
3.000000 0.017407
4.000000 0.017407
5.000000 0.017407
6.000000 0.018519
7.000000 0.018519
8.000000 0.018519
9.000000 0.018519
10.000000 0.018519
11.000000 0.018519
12.000000 0.018519
13.000000 0.018519
14.000000 0.019815
15.000000 0.018519
16.000000 0.019815
17.000000 0.019815
18.000000 0.019815
19.000000 0.019815
20.000000 0.018519
21.000000 0.019815
22.000000 0.018519
23.000000 0.018519
24.000000 0.018519
25.000000 0.018519
26.000000 0.018519
27.000000 0.018519
28.000000 0.018519
29.000000 0.018519
30.000000 0.018519
31.000000 0.018519
32.000000 0.018519
33.000000 0.018519
34.000000 0.019815
35.000000 0.019815
36.000000 0.019815
37.000000 0.019815
38.000000 0.019815
39.000000 0.019815
40.000000 0.019815
41.000000 0.019815
42.000000 0.020926
43.000000 0.020926
44.000000 0.020926
45.000000 0.020926
46.000000 0.020926
47.000000 0.022037
48.000000 0.022037
49.000000 0.022037
50.000000 0.023148
51.000000 0.023148
52.000000 0.023148
53.000000 0.023148
54.000000 0.024444
55.000000 0.024444
56.000000 0.024444
57.000000 0.024444
58.000000 0.024444
59.000000 0.024444
60.000000 0.024444
61.000000 0.025556
62.000000 0.025556
63.000000 0.026667
64.000000 0.026667
65.000000 0.026667
66.000000 0.027778
67.000000 0.027778
68.000000 0.027778
69.000000 0.027778
70.000000 0.027778
71.000000 0.029074
72.000000 0.029074
73.000000 0.029074
74.000000 0.029074
75.000000 0.030185
76.000000 0.030185
77.000000 0.030185
78.000000 0.030185
79.000000 0.030185
80.000000 0.030185
81.000000 0.031296
82.000000 0.031296
83.000000 0.031296
84.000000 0.031296
85.000000 0.031296
86.000000 0.032407
87.000000 0.032407
88.000000 0.032407
89.000000 0.032407
90.000000 0.032407
91.000000 0.033704
92.000000 0.033704
93.000000 0.033704
94.000000 0.034815
95.000000 0.034815
96.000000 0.034815
97.000000 0.034815
98.000000 0.035926
99.000000 0.035926
100.000000 0.035926
101.000000 0.037037
102.000000 0.037037
103.000000 0.037037
104.000000 0.037037
105.000000 0.037037
106.000000 0.037037
107.000000 0.038333
108.000000 0.038333
109.000000 0.037037
110.000000 0.037037
111.000000 0.037037
112.000000 0.037037
113.000000 0.037037
114.000000 0.037037
115.000000 0.037037
116.000000 0.038333
117.000000 0.038333
118.000000 0.038333
119.000000 0.038333
120.000000 0.038333
121.000000 0.039444
122.000000 0.039444
123.000000 0.039444
124.000000 0.039444
125.000000 0.039444
126.000000 0.040556
127.000000 0.040556
128.000000 0.041667
129.000000 0.041667
130.000000 0.042963
131.000000 0.042963
132.000000 0.042963
133.000000 0.042963
134.000000 0.042963
135.000000 0.042963
136.000000 0.044074
137.000000 0.044074
138.000000 0.044074
139.000000 0.044074
140.000000 0.044074
141.000000 0.044074
142.000000 0.045185
143.000000 0.045185
144.000000 0.045185
145.000000 0.045185
146.000000 0.045185
147.000000 0.045185
148.000000 0.046296
149.000000 0.046296
150.000000 0.046296
151.000000 0.046296
152.000000 0.046296
153.000000 0.046296
154.000000 0.047593
155.000000 0.047593
156.000000 0.047593
157.000000 0.047593
158.000000 0.048704
159.000000 0.048704
160.000000 0.049815
161.000000 0.049815
162.000000 0.049815
163.000000 0.049815
164.000000 0.049815
165.000000 0.049815
166.000000 0.049815
167.000000 0.050926
168.000000 0.050926
169.000000 0.049815
170.000000 0.050926
171.000000 0.050926
172.000000 0.050926
173.000000 0.050926
174.000000 0.050926
175.000000 0.050926
176.000000 0.050926
177.000000 0.050926
178.000000 0.050926
179.000000 0.050926
180.000000 0.052222
181.000000 0.052222
182.000000 0.052222
183.000000 0.052222
184.000000 0.052222
185.000000 0.053333
186.000000 0.053333
187.000000 0.053333
188.000000 0.053333
189.000000 0.053333
190.000000 0.053333
191.000000 0.053333
192.000000 0.053333
193.000000 0.053333
194.000000 0.053333
195.000000 0.053333
196.000000 0.053333
197.000000 0.053333
198.000000 0.053333
199.000000 0.053333
200.000000 0.054444
201.000000 0.054444
202.000000 0.054444
203.000000 0.054444
204.000000 0.054444
205.000000 0.054444
206.000000 0.055556
207.000000 0.055556
208.000000 0.055556
209.000000 0.055556
210.000000 0.055556
211.000000 0.055556
212.000000 0.055556
213.000000 0.055556
214.000000 0.055556
215.000000 0.055556
216.000000 0.055556
217.000000 0.054444
218.000000 0.054444
219.000000 0.054444
220.000000 0.054444
221.000000 0.054444
222.000000 0.054444
223.000000 0.054444
224.000000 0.054444
225.000000 0.054444
226.000000 0.054444
227.000000 0.055556
228.000000 0.055556
229.000000 0.055556
230.000000 0.055556
231.000000 0.055556
232.000000 0.055556
233.000000 0.056852
234.000000 0.056852
235.000000 0.056852
236.000000 0.056852
237.000000 0.056852
238.000000 0.056852
239.000000 0.056852
240.000000 0.057963
241.000000 0.056852
242.000000 0.057963
243.000000 0.057963
244.000000 0.057963
245.000000 0.057963
246.000000 0.057963
247.000000 0.057963
248.000000 0.057963
249.000000 0.057963
250.000000 0.057963
251.000000 0.057963
252.000000 0.057963
253.000000 0.057963
254.000000 0.059074
255.000000 0.059074
256.000000 0.059074
257.000000 0.059074
258.000000 0.059074
259.000000 0.060185
260.000000 0.060185
261.000000 0.059074
262.000000 0.059074
263.000000 0.060185
264.000000 0.060185
265.000000 0.060185
266.000000 0.060185
267.000000 0.060185
268.000000 0.060185
269.000000 0.061481
270.000000 0.061481
271.000000 0.061481
272.000000 0.060185
273.000000 0.061481
274.000000 0.061481
275.000000 0.061481
276.000000 0.061481
277.000000 0.062593
278.000000 0.062593
279.000000 0.062593
280.000000 0.062593
281.000000 0.062593
282.000000 0.062593
283.000000 0.062593
284.000000 0.062593
285.000000 0.063704
286.000000 0.063704
287.000000 0.063704
288.000000 0.063704
289.000000 0.064815
290.000000 0.063704
291.000000 0.064815
292.000000 0.064815
293.000000 0.064815
294.000000 0.064815
295.000000 0.064815
296.000000 0.066111
297.000000 0.066111
298.000000 0.066111
299.000000 0.066111
300.000000 0.066111
301.000000 0.067222
302.000000 0.066111
303.000000 0.067222
304.000000 0.067222
305.000000 0.067222
306.000000 0.067222
307.000000 0.067222
308.000000 0.067222
309.000000 0.067222
310.000000 0.067222
311.000000 0.067222
312.000000 0.067222
313.000000 0.067222
314.000000 0.067222
315.000000 0.068333
316.000000 0.068333
317.000000 0.068333
318.000000 0.068333
319.000000 0.067222
320.000000 0.067222
321.000000 0.067222
322.000000 0.067222
323.000000 0.067222
324.000000 0.067222
325.000000 0.067222
326.000000 0.067222
327.000000 0.067222
328.000000 0.067222
329.000000 0.067222
330.000000 0.067222
331.000000 0.067222
332.000000 0.067222
333.000000 0.067222
334.000000 0.067222
335.000000 0.067222
336.000000 0.068333
337.000000 0.068333
338.000000 0.068333
339.000000 0.067222
340.000000 0.068333
341.000000 0.068333
342.000000 0.068333
343.000000 0.068333
344.000000 0.068333
345.000000 0.067222
346.000000 0.068333
347.000000 0.068333
348.000000 0.068333
349.000000 0.068333
350.000000 0.067222
351.000000 0.067222
352.000000 0.067222
353.000000 0.067222
354.000000 0.066111
355.000000 0.067222
356.000000 0.066111
357.000000 0.066111
358.000000 0.066111
359.000000 0.066111
360.000000 0.066111
361.000000 0.066111
362.000000 0.066111
363.000000 0.066111
364.000000 0.066111
365.000000 0.066111
366.000000 0.066111
367.000000 0.067222
368.000000 0.067222
369.000000 0.067222
370.000000 0.067222
371.000000 0.068333
372.000000 0.068333
373.000000 0.068333
374.000000 0.067222
375.000000 0.068333
376.000000 0.068333
377.000000 0.068333
378.000000 0.068333
379.000000 0.068333
380.000000 0.068333
381.000000 0.067222
382.000000 0.067222
383.000000 0.067222
384.000000 0.067222
385.000000 0.067222
386.000000 0.067222
387.000000 0.067222
388.000000 0.067222
389.000000 0.067222
390.000000 0.067222
391.000000 0.066111
392.000000 0.067222
393.000000 0.067222
394.000000 0.067222
395.000000 0.066111
396.000000 0.066111
397.000000 0.066111
398.000000 0.066111
399.000000 0.066111
400.000000 0.066111
401.000000 0.000000
