1.000000 35.060000
2.000000 34.870000
3.000000 34.680000
4.000000 34.560000
5.000000 34.370000
6.000000 34.310000
7.000000 34.180000
8.000000 34.120000
9.000000 34.060000
10.000000 34.000000
11.000000 33.930000
12.000000 33.930000
13.000000 33.870000
14.000000 33.870000
15.000000 33.870000
16.000000 33.930000
17.000000 33.930000
18.000000 34.000000
19.000000 34.000000
20.000000 34.060000
21.000000 34.060000
22.000000 34.120000
23.000000 34.180000
24.000000 34.250000
25.000000 34.310000
26.000000 34.430000
27.000000 34.560000
28.000000 34.680000
29.000000 34.810000
30.000000 34.930000
31.000000 35.060000
32.000000 35.250000
33.000000 35.430000
34.000000 35.620000
35.000000 35.810000
36.000000 36.000000
37.000000 36.180000
38.000000 36.370000
39.000000 36.560000
40.000000 36.750000
41.000000 36.930000
42.000000 37.180000
43.000000 37.370000
44.000000 37.560000
45.000000 37.750000
46.000000 37.870000
47.000000 38.060000
48.000000 38.250000
49.000000 38.430000
50.000000 38.560000
51.000000 38.680000
52.000000 38.870000
53.000000 39.000000
54.000000 39.120000
55.000000 39.250000
56.000000 39.370000
57.000000 39.500000
58.000000 39.560000
59.000000 39.620000
60.000000 39.750000
61.000000 39.810000
62.000000 39.810000
63.000000 39.870000
64.000000 39.930000
65.000000 39.930000
66.000000 40.000000
67.000000 40.000000
68.000000 40.000000
69.000000 40.060000
70.000000 40.060000
71.000000 40.060000
72.000000 40.060000
73.000000 40.060000
74.000000 40.060000
75.000000 40.060000
76.000000 40.060000
77.000000 40.060000
78.000000 40.060000
79.000000 40.060000
80.000000 40.060000
81.000000 40.060000
82.000000 40.000000
83.000000 40.000000
84.000000 39.930000
85.000000 39.930000
86.000000 39.930000
87.000000 39.870000
88.000000 39.870000
89.000000 39.810000
90.000000 39.810000
91.000000 39.750000
92.000000 39.750000
93.000000 39.750000
94.000000 39.680000
95.000000 39.680000
96.000000 39.680000
97.000000 39.680000
98.000000 39.680000
99.000000 39.680000
100.000000 39.750000
101.000000 39.750000
102.000000 39.750000
103.000000 39.750000
104.000000 39.810000
105.000000 39.810000
106.000000 39.870000
107.000000 39.870000
108.000000 39.930000
109.000000 39.930000
110.000000 40.000000
111.000000 40.060000
112.000000 40.060000
113.000000 40.120000
114.000000 40.180000
115.000000 40.250000
116.000000 40.370000
117.000000 40.430000
118.000000 40.500000
119.000000 40.560000
120.000000 40.680000
121.000000 40.810000
122.000000 40.870000
123.000000 41.000000
124.000000 41.060000
125.000000 41.180000
126.000000 41.250000
127.000000 41.370000
128.000000 41.500000
129.000000 41.560000
130.000000 41.680000
131.000000 41.810000
132.000000 41.930000
133.000000 42.060000
134.000000 42.120000
135.000000 42.250000
136.000000 42.370000
137.000000 42.500000
138.000000 42.620000
139.000000 42.750000
140.000000 42.870000
141.000000 43.000000
142.000000 43.120000
143.000000 43.180000
144.000000 43.310000
145.000000 43.430000
146.000000 43.560000
147.000000 43.680000
148.000000 43.750000
149.000000 43.870000
150.000000 43.930000
151.000000 44.060000
152.000000 44.120000
153.000000 44.180000
154.000000 44.310000
155.000000 44.370000
156.000000 44.430000
157.000000 44.500000
158.000000 44.620000
159.000000 44.680000
160.000000 44.750000
161.000000 44.810000
162.000000 44.870000
163.000000 45.000000
164.000000 45.060000
165.000000 45.120000
166.000000 45.180000
167.000000 45.250000
168.000000 45.310000
169.000000 45.370000
170.000000 45.370000
171.000000 45.430000
172.000000 45.500000
173.000000 45.560000
174.000000 45.620000
175.000000 45.620000
176.000000 45.680000
177.000000 45.750000
178.000000 45.750000
179.000000 45.810000
180.000000 45.810000
181.000000 45.870000
182.000000 45.930000
183.000000 45.930000
184.000000 46.000000
185.000000 46.060000
186.000000 46.060000
187.000000 46.060000
188.000000 46.120000
189.000000 46.120000
190.000000 46.180000
191.000000 46.180000
192.000000 46.250000
193.000000 46.310000
194.000000 46.310000
195.000000 46.310000
196.000000 46.370000
197.000000 46.430000
198.000000 46.430000
199.000000 46.500000
200.000000 46.500000
201.000000 46.560000
202.000000 46.560000
203.000000 46.620000
204.000000 46.620000
205.000000 46.680000
206.000000 46.680000
207.000000 46.750000
208.000000 46.750000
209.000000 46.750000
210.000000 46.810000
211.000000 46.810000
212.000000 46.810000
213.000000 46.870000
214.000000 46.870000
215.000000 46.930000
216.000000 47.000000
217.000000 47.060000
218.000000 47.060000
219.000000 47.180000
220.000000 47.250000
221.000000 47.310000
222.000000 47.370000
223.000000 47.430000
224.000000 47.500000
225.000000 47.560000
226.000000 47.560000
227.000000 47.680000
228.000000 47.750000
229.000000 47.810000
230.000000 47.870000
231.000000 47.930000
232.000000 48.000000
233.000000 48.060000
234.000000 48.120000
235.000000 48.180000
236.000000 48.250000
237.000000 48.370000
238.000000 48.430000
239.000000 48.500000
240.000000 48.560000
241.000000 48.680000
242.000000 48.750000
243.000000 48.810000
244.000000 48.930000
245.000000 49.000000
246.000000 49.060000
247.000000 49.120000
248.000000 49.180000
249.000000 49.250000
250.000000 49.310000
251.000000 49.370000
252.000000 49.430000
253.000000 49.500000
254.000000 49.560000
255.000000 49.620000
256.000000 49.680000
257.000000 49.750000
258.000000 49.810000
259.000000 49.870000
260.000000 49.870000
261.000000 49.930000
262.000000 50.000000
263.000000 50.000000
264.000000 50.000000
265.000000 50.060000
266.000000 50.060000
267.000000 50.060000
268.000000 50.060000
269.000000 50.060000
270.000000 50.060000
271.000000 50.120000
272.000000 50.120000
273.000000 50.120000
274.000000 50.060000
275.000000 50.060000
276.000000 50.060000
277.000000 50.060000
278.000000 50.000000
279.000000 50.000000
280.000000 50.000000
281.000000 49.930000
282.000000 49.930000
283.000000 49.930000
284.000000 49.930000
285.000000 49.930000
286.000000 49.930000
287.000000 49.930000
288.000000 49.930000
289.000000 49.930000
290.000000 49.930000
291.000000 49.930000
292.000000 49.930000
293.000000 49.930000
294.000000 49.870000
295.000000 49.870000
296.000000 49.870000
297.000000 49.870000
298.000000 49.810000
299.000000 49.810000
300.000000 49.810000
301.000000 49.810000
302.000000 49.750000
303.000000 49.750000
304.000000 49.750000
305.000000 49.750000
306.000000 49.680000
307.000000 49.680000
308.000000 49.680000
309.000000 49.680000
310.000000 49.680000
311.000000 49.680000
312.000000 49.680000
313.000000 49.680000
314.000000 49.750000
315.000000 49.750000
316.000000 49.750000
317.000000 49.810000
318.000000 49.810000
319.000000 49.870000
320.000000 49.930000
321.000000 49.930000
322.000000 50.000000
323.000000 50.000000
324.000000 50.000000
325.000000 50.060000
326.000000 50.060000
327.000000 50.060000
328.000000 50.120000
329.000000 50.120000
330.000000 50.120000
331.000000 50.120000
332.000000 50.180000
333.000000 50.120000
334.000000 50.120000
335.000000 50.180000
336.000000 50.180000
337.000000 50.180000
338.000000 50.180000
339.000000 50.180000
340.000000 50.250000
341.000000 50.250000
342.000000 50.250000
343.000000 50.250000
344.000000 50.250000
345.000000 50.310000
346.000000 50.250000
347.000000 50.250000
348.000000 50.310000
349.000000 50.310000
350.000000 50.310000
351.000000 50.310000
352.000000 50.310000
353.000000 50.370000
354.000000 50.370000
355.000000 50.370000
356.000000 50.370000
357.000000 50.370000
358.000000 50.370000
359.000000 50.370000
360.000000 50.370000
361.000000 50.370000
362.000000 50.370000
363.000000 50.370000
364.000000 50.310000
365.000000 50.310000
366.000000 50.250000
367.000000 50.250000
368.000000 50.250000
369.000000 50.250000
370.000000 50.250000
371.000000 50.250000
372.000000 50.250000
373.000000 50.250000
374.000000 50.180000
375.000000 50.180000
376.000000 50.180000
377.000000 50.120000
378.000000 50.120000
379.000000 50.120000
380.000000 50.060000
381.000000 50.060000
382.000000 50.060000
383.000000 50.060000
384.000000 50.060000
385.000000 50.060000
