1.000000 34.060000
2.000000 33.870000
3.000000 33.750000
4.000000 33.620000
5.000000 33.500000
6.000000 33.430000
7.000000 33.310000
8.000000 33.250000
9.000000 33.180000
10.000000 33.120000
11.000000 33.000000
12.000000 32.930000
13.000000 32.870000
14.000000 32.810000
15.000000 32.810000
16.000000 32.750000
17.000000 32.750000
18.000000 32.750000
19.000000 32.680000
20.000000 32.680000
21.000000 32.680000
22.000000 32.680000
23.000000 32.750000
24.000000 32.750000
25.000000 32.750000
26.000000 32.750000
27.000000 32.810000
28.000000 32.810000
29.000000 32.870000
30.000000 32.930000
31.000000 33.000000
32.000000 33.060000
33.000000 33.120000
34.000000 33.250000
35.000000 33.310000
36.000000 33.370000
37.000000 33.500000
38.000000 33.560000
39.000000 33.680000
40.000000 33.810000
41.000000 33.930000
42.000000 34.060000
43.000000 34.180000
44.000000 34.310000
45.000000 34.500000
46.000000 34.620000
47.000000 34.810000
48.000000 35.000000
49.000000 35.180000
50.000000 35.370000
51.000000 35.500000
52.000000 35.680000
53.000000 35.810000
54.000000 35.930000
55.000000 36.120000
56.000000 36.180000
57.000000 36.310000
58.000000 36.370000
59.000000 36.500000
60.000000 36.620000
61.000000 36.680000
62.000000 36.750000
63.000000 36.870000
64.000000 36.930000
65.000000 37.000000
66.000000 37.120000
67.000000 37.180000
68.000000 37.250000
69.000000 37.310000
70.000000 37.370000
71.000000 37.430000
72.000000 37.430000
73.000000 37.500000
74.000000 37.560000
75.000000 37.560000
76.000000 37.620000
77.000000 37.620000
78.000000 37.680000
79.000000 37.680000
80.000000 37.680000
81.000000 37.750000
82.000000 37.750000
83.000000 37.750000
84.000000 37.750000
85.000000 37.810000
86.000000 37.810000
87.000000 37.810000
88.000000 37.810000
89.000000 37.810000
90.000000 37.810000
91.000000 37.810000
92.000000 37.810000
93.000000 37.810000
94.000000 37.810000
95.000000 37.810000
96.000000 37.870000
97.000000 37.870000
98.000000 37.870000
99.000000 37.930000
100.000000 37.930000
101.000000 38.000000
102.000000 38.000000
103.000000 38.060000
104.000000 38.120000
105.000000 38.180000
106.000000 38.250000
107.000000 38.310000
108.000000 38.370000
109.000000 38.430000
110.000000 38.500000
111.000000 38.560000
112.000000 38.680000
113.000000 38.750000
114.000000 38.810000
115.000000 38.930000
116.000000 39.060000
117.000000 39.120000
118.000000 39.180000
119.000000 39.250000
120.000000 39.370000
121.000000 39.430000
122.000000 39.500000
123.000000 39.560000
124.000000 39.620000
125.000000 39.750000
126.000000 39.810000
127.000000 39.870000
128.000000 40.000000
129.000000 40.060000
130.000000 40.120000
131.000000 40.250000
132.000000 40.310000
133.000000 40.370000
134.000000 40.430000
135.000000 40.430000
136.000000 40.500000
137.000000 40.560000
138.000000 40.620000
139.000000 40.620000
140.000000 40.680000
141.000000 40.750000
142.000000 40.810000
143.000000 40.870000
144.000000 40.930000
145.000000 41.000000
146.000000 41.060000
147.000000 41.120000
148.000000 41.180000
149.000000 41.310000
150.000000 41.370000
151.000000 41.430000
152.000000 41.500000
153.000000 41.560000
154.000000 41.620000
155.000000 41.750000
156.000000 41.750000
157.000000 41.810000
158.000000 41.870000
159.000000 41.930000
160.000000 42.000000
161.000000 42.060000
162.000000 42.120000
163.000000 42.120000
164.000000 42.180000
165.000000 42.250000
166.000000 42.310000
167.000000 42.370000
168.000000 42.430000
169.000000 42.430000
170.000000 42.500000
171.000000 42.500000
172.000000 42.560000
173.000000 42.560000
174.000000 42.620000
175.000000 42.620000
176.000000 42.680000
177.000000 42.750000
178.000000 42.810000
179.000000 42.810000
180.000000 42.870000
181.000000 42.930000
182.000000 43.000000
183.000000 43.000000
184.000000 43.060000
185.000000 43.060000
186.000000 43.120000
187.000000 43.120000
188.000000 43.180000
189.000000 43.180000
190.000000 43.180000
191.000000 43.250000
192.000000 43.250000
193.000000 43.310000
194.000000 43.310000
195.000000 43.310000
196.000000 43.370000
197.000000 43.370000
198.000000 43.370000
199.000000 43.430000
200.000000 43.430000
201.000000 43.430000
202.000000 43.430000
203.000000 43.430000
204.000000 43.430000
205.000000 43.430000
206.000000 43.500000
207.000000 43.500000
208.000000 43.500000
209.000000 43.500000
210.000000 43.500000
211.000000 43.560000
212.000000 43.560000
213.000000 43.560000
214.000000 43.560000
215.000000 43.560000
216.000000 43.560000
217.000000 43.560000
218.000000 43.620000
219.000000 43.620000
220.000000 43.620000
221.000000 43.680000
222.000000 43.750000
223.000000 43.750000
224.000000 43.810000
225.000000 43.810000
226.000000 43.870000
227.000000 43.930000
228.000000 44.000000
229.000000 44.060000
230.000000 44.120000
231.000000 44.180000
232.000000 44.250000
233.000000 44.310000
234.000000 44.370000
235.000000 44.370000
236.000000 44.430000
237.000000 44.560000
238.000000 44.620000
239.000000 44.620000
240.000000 44.680000
241.000000 44.750000
242.000000 44.810000
243.000000 44.870000
244.000000 44.930000
245.000000 44.930000
246.000000 44.930000
247.000000 45.000000
248.000000 45.000000
249.000000 45.000000
250.000000 45.000000
251.000000 45.000000
252.000000 45.000000
253.000000 45.000000
254.000000 45.000000
255.000000 45.000000
256.000000 45.000000
257.000000 45.000000
258.000000 45.000000
259.000000 45.000000
260.000000 45.000000
261.000000 45.000000
262.000000 45.000000
263.000000 45.000000
264.000000 45.000000
265.000000 45.000000
266.000000 45.000000
267.000000 45.000000
268.000000 45.000000
269.000000 45.000000
270.000000 45.000000
271.000000 45.000000
272.000000 45.000000
273.000000 45.000000
274.000000 45.000000
275.000000 44.930000
276.000000 44.930000
277.000000 44.870000
278.000000 44.870000
279.000000 44.870000
280.000000 44.870000
281.000000 44.930000
282.000000 44.930000
283.000000 44.930000
284.000000 44.930000
285.000000 44.930000
286.000000 44.930000
287.000000 44.930000
288.000000 44.930000
289.000000 44.930000
290.000000 44.930000
291.000000 44.870000
292.000000 44.870000
293.000000 44.870000
294.000000 44.870000
295.000000 44.870000
296.000000 44.870000
297.000000 44.870000
298.000000 44.870000
299.000000 44.870000
300.000000 44.930000
301.000000 44.930000
302.000000 45.000000
303.000000 45.000000
304.000000 45.000000
305.000000 45.060000
306.000000 45.060000
307.000000 45.060000
308.000000 45.060000
309.000000 45.060000
310.000000 45.060000
311.000000 45.060000
312.000000 45.060000
313.000000 45.120000
314.000000 45.120000
315.000000 45.120000
316.000000 45.180000
317.000000 45.180000
318.000000 45.180000
319.000000 45.250000
320.000000 45.250000
321.000000 45.180000
322.000000 45.250000
323.000000 45.250000
324.000000 45.250000
325.000000 45.180000
326.000000 45.180000
327.000000 45.250000
328.000000 45.180000
329.000000 45.180000
330.000000 45.180000
331.000000 45.180000
332.000000 45.180000
333.000000 45.180000
334.000000 45.120000
335.000000 45.120000
336.000000 45.120000
337.000000 45.120000
338.000000 45.120000
339.000000 45.120000
340.000000 45.060000
341.000000 45.060000
342.000000 45.060000
343.000000 45.060000
344.000000 45.060000
345.000000 45.060000
346.000000 45.060000
347.000000 45.060000
348.000000 45.060000
349.000000 45.060000
350.000000 45.060000
351.000000 45.060000
352.000000 45.000000
353.000000 45.000000
354.000000 45.000000
355.000000 45.000000
356.000000 45.000000
357.000000 45.000000
358.000000 45.000000
359.000000 45.000000
360.000000 45.000000
361.000000 45.000000
362.000000 45.000000
363.000000 45.000000
364.000000 45.000000
365.000000 45.000000
366.000000 45.000000
367.000000 45.000000
368.000000 45.000000
369.000000 45.000000
370.000000 45.000000
371.000000 45.000000
372.000000 45.000000
373.000000 45.000000
374.000000 45.000000
375.000000 45.000000
376.000000 45.000000
377.000000 45.060000
378.000000 45.060000
379.000000 45.060000
380.000000 45.060000
381.000000 45.060000
382.000000 45.060000
383.000000 45.060000
384.000000 45.060000
385.000000 45.060000
