1.000000 33.750000
2.000000 33.750000
3.000000 33.750000
4.000000 33.750000
5.000000 33.750000
6.000000 33.750000
7.000000 33.750000
8.000000 33.750000
9.000000 33.750000
10.000000 33.750000
11.000000 33.750000
12.000000 33.750000
13.000000 34.680000
14.000000 34.680000
15.000000 34.500000
16.000000 34.310000
17.000000 34.180000
18.000000 34.060000
19.000000 33.930000
20.000000 33.870000
21.000000 33.750000
22.000000 33.680000
23.000000 33.680000
24.000000 33.620000
25.000000 33.560000
26.000000 33.560000
27.000000 33.500000
28.000000 33.500000
29.000000 33.560000
30.000000 33.560000
31.000000 33.560000
32.000000 33.620000
33.000000 33.620000
34.000000 33.750000
35.000000 33.810000
36.000000 33.870000
37.000000 34.000000
38.000000 34.120000
39.000000 34.250000
40.000000 34.370000
41.000000 34.500000
42.000000 34.620000
43.000000 34.750000
44.000000 34.870000
45.000000 35.000000
46.000000 35.120000
47.000000 35.310000
48.000000 35.430000
49.000000 35.560000
50.000000 35.750000
51.000000 35.870000
52.000000 36.000000
53.000000 36.120000
54.000000 36.310000
55.000000 36.430000
56.000000 36.560000
57.000000 36.680000
58.000000 36.810000
59.000000 37.000000
60.000000 37.120000
61.000000 37.250000
62.000000 37.370000
63.000000 37.500000
64.000000 37.680000
65.000000 37.810000
66.000000 38.000000
67.000000 38.120000
68.000000 38.250000
69.000000 38.370000
70.000000 38.500000
71.000000 38.560000
72.000000 38.680000
73.000000 38.750000
74.000000 38.810000
75.000000 38.870000
76.000000 38.930000
77.000000 38.930000
78.000000 38.930000
79.000000 39.000000
80.000000 39.000000
81.000000 38.930000
82.000000 38.930000
83.000000 38.930000
84.000000 38.870000
85.000000 38.870000
86.000000 38.810000
87.000000 38.750000
88.000000 38.680000
89.000000 38.620000
90.000000 38.560000
91.000000 38.500000
92.000000 38.370000
93.000000 38.310000
94.000000 38.250000
95.000000 38.180000
96.000000 38.120000
97.000000 38.060000
98.000000 38.000000
99.000000 38.000000
100.000000 37.930000
101.000000 37.870000
102.000000 37.810000
103.000000 37.810000
104.000000 37.750000
105.000000 37.750000
106.000000 37.750000
107.000000 37.750000
108.000000 37.750000
109.000000 37.750000
110.000000 37.750000
111.000000 37.810000
112.000000 37.810000
113.000000 37.870000
114.000000 37.870000
115.000000 37.930000
116.000000 38.000000
117.000000 38.000000
118.000000 38.120000
119.000000 38.180000
120.000000 38.250000
121.000000 38.310000
122.000000 38.430000
123.000000 38.560000
124.000000 38.680000
125.000000 38.810000
126.000000 38.930000
127.000000 39.060000
128.000000 39.180000
129.000000 39.310000
130.000000 39.430000
131.000000 39.560000
132.000000 39.750000
133.000000 39.870000
134.000000 40.000000
135.000000 40.180000
136.000000 40.310000
137.000000 40.430000
138.000000 40.620000
139.000000 40.750000
140.000000 40.870000
141.000000 41.060000
142.000000 41.250000
143.000000 41.370000
144.000000 41.500000
145.000000 41.620000
146.000000 41.810000
147.000000 41.870000
148.000000 42.060000
149.000000 42.120000
150.000000 42.250000
151.000000 42.370000
152.000000 42.500000
153.000000 42.560000
154.000000 42.680000
155.000000 42.810000
156.000000 42.930000
157.000000 43.060000
158.000000 43.120000
159.000000 43.250000
160.000000 43.370000
161.000000 43.500000
162.000000 43.560000
163.000000 43.680000
164.000000 43.750000
165.000000 43.870000
166.000000 43.930000
167.000000 44.060000
168.000000 44.120000
169.000000 44.250000
170.000000 44.310000
171.000000 44.430000
172.000000 44.500000
173.000000 44.620000
174.000000 44.680000
175.000000 44.810000
176.000000 44.870000
177.000000 45.000000
178.000000 45.060000
179.000000 45.120000
180.000000 45.250000
181.000000 45.370000
182.000000 45.430000
183.000000 45.500000
184.000000 45.620000
185.000000 45.680000
186.000000 45.750000
187.000000 45.810000
188.000000 45.870000
189.000000 46.000000
190.000000 46.060000
191.000000 46.120000
192.000000 46.180000
193.000000 46.250000
194.000000 46.310000
195.000000 46.430000
196.000000 46.500000
197.000000 46.560000
198.000000 46.620000
199.000000 46.680000
200.000000 46.750000
201.000000 46.810000
202.000000 46.870000
203.000000 47.000000
204.000000 47.000000
205.000000 47.060000
206.000000 47.120000
207.000000 47.180000
208.000000 47.250000
209.000000 47.310000
210.000000 47.370000
211.000000 47.430000
212.000000 47.500000
213.000000 47.560000
214.000000 47.560000
215.000000 47.620000
216.000000 47.680000
217.000000 47.680000
218.000000 47.750000
219.000000 47.810000
220.000000 47.870000
221.000000 47.870000
222.000000 47.930000
223.000000 47.930000
224.000000 48.000000
225.000000 48.000000
226.000000 48.060000
227.000000 48.060000
228.000000 48.120000
229.000000 48.180000
230.000000 48.180000
231.000000 48.250000
232.000000 48.310000
233.000000 48.370000
234.000000 48.430000
235.000000 48.500000
236.000000 48.560000
237.000000 48.620000
238.000000 48.680000
239.000000 48.750000
240.000000 48.810000
241.000000 48.870000
242.000000 48.930000
243.000000 49.000000
244.000000 49.120000
245.000000 49.180000
246.000000 49.250000
247.000000 49.310000
248.000000 49.370000
249.000000 49.430000
250.000000 49.430000
251.000000 49.500000
252.000000 49.560000
253.000000 49.620000
254.000000 49.680000
255.000000 49.680000
256.000000 49.750000
257.000000 49.750000
258.000000 49.750000
259.000000 49.750000
260.000000 49.750000
261.000000 49.750000
262.000000 49.750000
263.000000 49.750000
264.000000 49.750000
265.000000 49.680000
266.000000 49.680000
267.000000 49.680000
268.000000 49.680000
269.000000 49.680000
270.000000 49.680000
271.000000 49.620000
272.000000 49.620000
273.000000 49.620000
274.000000 49.620000
275.000000 49.620000
276.000000 49.620000
277.000000 49.620000
278.000000 49.620000
279.000000 49.620000
280.000000 49.620000
281.000000 49.620000
282.000000 49.620000
283.000000 49.680000
284.000000 49.680000
285.000000 49.680000
286.000000 49.680000
287.000000 49.750000
288.000000 49.680000
289.000000 49.750000
290.000000 49.750000
291.000000 49.750000
292.000000 49.750000
293.000000 49.810000
294.000000 49.810000
295.000000 49.870000
296.000000 49.870000
297.000000 49.930000
298.000000 49.930000
299.000000 50.000000
300.000000 50.000000
301.000000 50.060000
302.000000 50.060000
303.000000 50.060000
304.000000 50.060000
305.000000 50.060000
306.000000 50.060000
307.000000 50.060000
308.000000 50.060000
309.000000 50.060000
310.000000 50.120000
311.000000 50.120000
312.000000 50.120000
313.000000 50.120000
314.000000 50.180000
315.000000 50.180000
316.000000 50.180000
317.000000 50.180000
318.000000 50.180000
319.000000 50.250000
320.000000 50.180000
321.000000 50.180000
322.000000 50.180000
323.000000 50.180000
324.000000 50.180000
325.000000 50.180000
326.000000 50.180000
327.000000 50.180000
328.000000 50.180000
329.000000 50.120000
330.000000 50.120000
331.000000 50.120000
332.000000 50.120000
333.000000 50.180000
334.000000 50.180000
335.000000 50.180000
336.000000 50.180000
337.000000 50.180000
338.000000 50.180000
339.000000 50.180000
340.000000 50.180000
341.000000 50.180000
342.000000 50.180000
343.000000 50.180000
344.000000 50.180000
345.000000 50.180000
346.000000 50.180000
347.000000 50.180000
348.000000 50.180000
349.000000 50.180000
350.000000 50.180000
351.000000 50.250000
352.000000 50.180000
353.000000 50.180000
354.000000 50.180000
355.000000 50.180000
356.000000 50.180000
357.000000 50.180000
358.000000 50.250000
359.000000 50.250000
360.000000 50.250000
361.000000 50.180000
362.000000 50.250000
363.000000 50.250000
364.000000 50.250000
365.000000 50.250000
366.000000 50.250000
367.000000 50.250000
368.000000 50.250000
369.000000 50.250000
370.000000 50.250000
371.000000 50.250000
372.000000 50.250000
373.000000 50.250000
374.000000 50.180000
375.000000 50.250000
376.000000 50.250000
377.000000 50.180000
378.000000 50.180000
379.000000 50.180000
380.000000 50.120000
381.000000 50.120000
382.000000 50.060000
383.000000 50.060000
384.000000 50.000000
385.000000 50.000000
386.000000 50.000000
387.000000 50.060000
388.000000 50.060000
389.000000 50.000000
390.000000 50.000000
391.000000 50.060000
392.000000 50.000000
393.000000 50.060000
394.000000 50.000000
395.000000 50.000000
396.000000 50.000000
397.000000 50.000000
398.000000 50.000000
399.000000 50.000000
400.000000 50.000000
