1.000000 0.043158
2.000000 0.043158
3.000000 0.043158
4.000000 0.043158
5.000000 0.043158
6.000000 0.043158
7.000000 0.043158
8.000000 0.043158
9.000000 0.043158
10.000000 0.043158
11.000000 0.043158
12.000000 0.043158
13.000000 0.046316
14.000000 0.046316
15.000000 0.046316
16.000000 0.046316
17.000000 0.046316
18.000000 0.049474
19.000000 0.049474
20.000000 0.049474
21.000000 0.049474
22.000000 0.052632
23.000000 0.056316
24.000000 0.056316
25.000000 0.056316
26.000000 0.056316
27.000000 0.059474
28.000000 0.059474
29.000000 0.062632
30.000000 0.062632
31.000000 0.065789
32.000000 0.065789
33.000000 0.069474
34.000000 0.072632
35.000000 0.072632
36.000000 0.075789
37.000000 0.078947
38.000000 0.078947
39.000000 0.082632
40.000000 0.082632
41.000000 0.085789
42.000000 0.088947
43.000000 0.092105
44.000000 0.095789
45.000000 0.098947
46.000000 0.098947
47.000000 0.102105
48.000000 0.102105
49.000000 0.105263
50.000000 0.108947
51.000000 0.112105
52.000000 0.115263
53.000000 0.115263
54.000000 0.118421
55.000000 0.122105
56.000000 0.122105
57.000000 0.125263
58.000000 0.128421
59.000000 0.131579
60.000000 0.131579
61.000000 0.135263
62.000000 0.135263
63.000000 0.138421
64.000000 0.141579
65.000000 0.141579
66.000000 0.144737
67.000000 0.148421
68.000000 0.151579
69.000000 0.151579
70.000000 0.154737
71.000000 0.154737
72.000000 0.157895
73.000000 0.161579
74.000000 0.161579
75.000000 0.164737
76.000000 0.164737
77.000000 0.167895
78.000000 0.171053
79.000000 0.171053
80.000000 0.174737
81.000000 0.174737
82.000000 0.174737
83.000000 0.174737
84.000000 0.177895
85.000000 0.181053
86.000000 0.181053
87.000000 0.181053
88.000000 0.184211
89.000000 0.184211
90.000000 0.187895
91.000000 0.187895
92.000000 0.191053
93.000000 0.191053
94.000000 0.191053
95.000000 0.194211
96.000000 0.194211
97.000000 0.194211
98.000000 0.197368
99.000000 0.197368
100.000000 0.197368
101.000000 0.197368
102.000000 0.201053
103.000000 0.201053
104.000000 0.201053
105.000000 0.204211
106.000000 0.204211
107.000000 0.204211
108.000000 0.207368
109.000000 0.207368
110.000000 0.210526
111.000000 0.210526
112.000000 0.214211
113.000000 0.214211
114.000000 0.217368
115.000000 0.217368
116.000000 0.220526
117.000000 0.220526
118.000000 0.220526
119.000000 0.223684
120.000000 0.223684
121.000000 0.223684
122.000000 0.223684
123.000000 0.227368
124.000000 0.227368
125.000000 0.227368
126.000000 0.227368
127.000000 0.227368
128.000000 0.230526
129.000000 0.230526
130.000000 0.230526
131.000000 0.233684
132.000000 0.233684
133.000000 0.233684
134.000000 0.233684
135.000000 0.236842
136.000000 0.236842
137.000000 0.240526
138.000000 0.240526
139.000000 0.243684
140.000000 0.243684
141.000000 0.243684
142.000000 0.246842
143.000000 0.246842
144.000000 0.250000
145.000000 0.250000
146.000000 0.250000
147.000000 0.253684
148.000000 0.253684
149.000000 0.253684
150.000000 0.256842
151.000000 0.256842
152.000000 0.256842
153.000000 0.256842
154.000000 0.260000
155.000000 0.260000
156.000000 0.260000
157.000000 0.260000
158.000000 0.260000
159.000000 0.260000
160.000000 0.260000
161.000000 0.260000
162.000000 0.260000
163.000000 0.260000
164.000000 0.260000
165.000000 0.260000
166.000000 0.260000
167.000000 0.263158
168.000000 0.263158
169.000000 0.263158
170.000000 0.263158
171.000000 0.266842
172.000000 0.263158
173.000000 0.266842
174.000000 0.266842
175.000000 0.266842
176.000000 0.266842
177.000000 0.266842
178.000000 0.270000
179.000000 0.266842
180.000000 0.270000
181.000000 0.266842
182.000000 0.266842
183.000000 0.266842
184.000000 0.270000
185.000000 0.270000
186.000000 0.270000
187.000000 0.270000
188.000000 0.270000
189.000000 0.270000
190.000000 0.266842
191.000000 0.270000
192.000000 0.270000
193.000000 0.270000
194.000000 0.270000
195.000000 0.270000
196.000000 0.270000
197.000000 0.270000
198.000000 0.270000
199.000000 0.270000
200.000000 0.270000
201.000000 0.270000
202.000000 0.273158
203.000000 0.270000
204.000000 0.270000
205.000000 0.270000
206.000000 0.270000
207.000000 0.270000
208.000000 0.270000
209.000000 0.270000
210.000000 0.270000
211.000000 0.270000
212.000000 0.270000
213.000000 0.266842
214.000000 0.266842
215.000000 0.266842
216.000000 0.266842
217.000000 0.266842
218.000000 0.266842
219.000000 0.266842
220.000000 0.266842
221.000000 0.263158
222.000000 0.263158
223.000000 0.263158
224.000000 0.263158
225.000000 0.263158
226.000000 0.263158
227.000000 0.263158
228.000000 0.263158
229.000000 0.263158
230.000000 0.263158
231.000000 0.263158
232.000000 0.263158
233.000000 0.263158
234.000000 0.263158
235.000000 0.263158
236.000000 0.263158
237.000000 0.263158
238.000000 0.263158
239.000000 0.263158
240.000000 0.263158
241.000000 0.266842
242.000000 0.266842
243.000000 0.266842
244.000000 0.266842
245.000000 0.270000
246.000000 0.266842
247.000000 0.270000
248.000000 0.266842
249.000000 0.270000
250.000000 0.270000
251.000000 0.270000
252.000000 0.266842
253.000000 0.266842
254.000000 0.266842
255.000000 0.270000
256.000000 0.270000
257.000000 0.270000
258.000000 0.270000
259.000000 0.270000
260.000000 0.270000
261.000000 0.270000
262.000000 0.270000
263.000000 0.270000
264.000000 0.270000
265.000000 0.270000
266.000000 0.270000
267.000000 0.270000
268.000000 0.270000
269.000000 0.270000
270.000000 0.270000
271.000000 0.270000
272.000000 0.270000
273.000000 0.273158
274.000000 0.273158
275.000000 0.273158
276.000000 0.273158
277.000000 0.273158
278.000000 0.273158
279.000000 0.273158
280.000000 0.276316
281.000000 0.276316
282.000000 0.276316
283.000000 0.276316
284.000000 0.280000
285.000000 0.280000
286.000000 0.280000
287.000000 0.280000
288.000000 0.280000
289.000000 0.280000
290.000000 0.280000
291.000000 0.283158
292.000000 0.283158
293.000000 0.280000
294.000000 0.283158
295.000000 0.283158
296.000000 0.283158
297.000000 0.283158
298.000000 0.286316
299.000000 0.286316
300.000000 0.286316
301.000000 0.286316
302.000000 0.286316
303.000000 0.283158
304.000000 0.283158
305.000000 0.283158
306.000000 0.283158
307.000000 0.283158
308.000000 0.283158
309.000000 0.283158
310.000000 0.283158
311.000000 0.283158
312.000000 0.283158
313.000000 0.283158
314.000000 0.283158
315.000000 0.283158
316.000000 0.283158
317.000000 0.283158
318.000000 0.283158
319.000000 0.283158
320.000000 0.286316
321.000000 0.286316
322.000000 0.286316
323.000000 0.286316
324.000000 0.286316
325.000000 0.286316
326.000000 0.286316
327.000000 0.286316
328.000000 0.286316
329.000000 0.286316
330.000000 0.286316
331.000000 0.289474
332.000000 0.286316
333.000000 0.289474
334.000000 0.286316
335.000000 0.289474
336.000000 0.289474
337.000000 0.289474
338.000000 0.289474
339.000000 0.289474
340.000000 0.289474
341.000000 0.289474
342.000000 0.289474
343.000000 0.289474
344.000000 0.286316
345.000000 0.289474
346.000000 0.289474
347.000000 0.286316
348.000000 0.286316
349.000000 0.286316
350.000000 0.286316
351.000000 0.286316
352.000000 0.286316
353.000000 0.286316
354.000000 0.286316
355.000000 0.286316
356.000000 0.286316
357.000000 0.286316
358.000000 0.286316
359.000000 0.286316
360.000000 0.286316
361.000000 0.286316
362.000000 0.286316
363.000000 0.286316
364.000000 0.286316
365.000000 0.286316
366.000000 0.286316
367.000000 0.286316
368.000000 0.286316
369.000000 0.286316
370.000000 0.286316
371.000000 0.286316
372.000000 0.286316
373.000000 0.286316
374.000000 0.286316
375.000000 0.286316
376.000000 0.286316
377.000000 0.286316
378.000000 0.286316
379.000000 0.286316
380.000000 0.283158
381.000000 0.283158
382.000000 0.283158
383.000000 0.283158
384.000000 0.283158
385.000000 0.283158
386.000000 0.283158
387.000000 0.280000
388.000000 0.280000
389.000000 0.280000
390.000000 0.280000
391.000000 0.280000
392.000000 0.280000
393.000000 0.280000
394.000000 0.280000
395.000000 0.280000
396.000000 0.280000
397.000000 0.283158
398.000000 0.283158
399.000000 0.283158
400.000000 0.283158
401.000000 0.000000
