1.000000 32.120000
2.000000 32.120000
3.000000 32.120000
4.000000 32.180000
5.000000 32.180000
6.000000 32.180000
7.000000 32.180000
8.000000 32.250000
9.000000 32.250000
10.000000 32.250000
11.000000 32.310000
12.000000 32.250000
13.000000 32.310000
14.000000 32.310000
15.000000 32.310000
16.000000 32.310000
17.000000 32.370000
18.000000 32.370000
19.000000 32.370000
20.000000 32.370000
21.000000 32.430000
22.000000 32.430000
23.000000 32.430000
24.000000 32.430000
25.000000 32.500000
26.000000 32.500000
27.000000 32.500000
28.000000 32.500000
29.000000 32.560000
30.000000 32.560000
31.000000 32.560000
32.000000 32.620000
33.000000 32.620000
34.000000 32.680000
35.000000 32.680000
36.000000 32.680000
37.000000 32.750000
38.000000 32.750000
39.000000 32.750000
40.000000 32.810000
41.000000 32.810000
42.000000 32.810000
43.000000 32.810000
44.000000 32.870000
45.000000 32.870000
46.000000 32.870000
47.000000 32.930000
48.000000 32.930000
49.000000 33.000000
50.000000 33.000000
51.000000 33.060000
52.000000 33.060000
53.000000 33.060000
54.000000 33.120000
55.000000 33.120000
56.000000 33.120000
57.000000 33.180000
58.000000 33.180000
59.000000 33.180000
60.000000 33.180000
61.000000 33.180000
62.000000 33.180000
63.000000 33.180000
64.000000 33.250000
65.000000 33.250000
66.000000 33.250000
67.000000 33.250000
68.000000 33.310000
69.000000 33.310000
70.000000 33.370000
71.000000 33.370000
72.000000 33.370000
73.000000 33.370000
74.000000 33.430000
75.000000 33.430000
76.000000 33.430000
77.000000 33.430000
78.000000 33.430000
79.000000 33.500000
80.000000 33.500000
81.000000 33.500000
82.000000 33.500000
83.000000 33.560000
84.000000 33.560000
85.000000 33.560000
86.000000 33.620000
87.000000 33.620000
88.000000 33.620000
89.000000 33.620000
90.000000 33.620000
91.000000 33.680000
92.000000 33.680000
93.000000 33.680000
94.000000 33.750000
95.000000 33.750000
96.000000 33.750000
97.000000 33.810000
98.000000 33.810000
99.000000 33.810000
100.000000 33.870000
101.000000 33.870000
102.000000 33.870000
103.000000 33.870000
104.000000 33.930000
105.000000 33.930000
106.000000 33.930000
107.000000 34.000000
108.000000 34.000000
109.000000 34.000000
110.000000 34.000000
111.000000 34.000000
112.000000 34.060000
113.000000 34.060000
114.000000 34.060000
115.000000 34.060000
116.000000 34.060000
117.000000 34.060000
118.000000 34.060000
119.000000 34.120000
120.000000 34.120000
121.000000 34.120000
122.000000 34.120000
123.000000 34.120000
124.000000 34.180000
125.000000 34.120000
126.000000 34.120000
127.000000 34.120000
128.000000 34.180000
129.000000 34.180000
130.000000 34.180000
131.000000 34.180000
132.000000 34.180000
133.000000 34.180000
134.000000 34.180000
135.000000 34.180000
136.000000 34.180000
137.000000 34.180000
138.000000 34.180000
139.000000 34.180000
140.000000 34.180000
141.000000 34.180000
142.000000 34.180000
143.000000 34.180000
144.000000 34.180000
145.000000 34.120000
146.000000 34.180000
147.000000 34.180000
148.000000 34.180000
149.000000 34.180000
150.000000 34.180000
151.000000 34.180000
152.000000 34.180000
153.000000 34.180000
154.000000 34.180000
155.000000 34.250000
156.000000 34.180000
157.000000 34.250000
158.000000 34.250000
159.000000 34.250000
160.000000 34.250000
161.000000 34.250000
162.000000 34.250000
163.000000 34.250000
164.000000 34.250000
165.000000 34.250000
166.000000 34.250000
167.000000 34.250000
168.000000 34.250000
169.000000 34.310000
170.000000 34.250000
171.000000 34.250000
172.000000 34.310000
173.000000 34.250000
174.000000 34.250000
175.000000 34.310000
176.000000 34.250000
177.000000 34.310000
178.000000 34.250000
179.000000 34.310000
180.000000 34.310000
181.000000 34.310000
182.000000 34.310000
183.000000 34.310000
184.000000 34.310000
185.000000 34.310000
186.000000 34.310000
187.000000 34.310000
188.000000 34.370000
189.000000 34.310000
190.000000 34.370000
191.000000 34.310000
192.000000 34.370000
193.000000 34.370000
194.000000 34.310000
195.000000 34.310000
196.000000 34.370000
197.000000 34.370000
198.000000 34.370000
199.000000 34.370000
200.000000 34.370000
201.000000 34.370000
202.000000 34.370000
203.000000 34.370000
204.000000 34.310000
205.000000 34.370000
206.000000 34.370000
207.000000 34.370000
208.000000 34.370000
209.000000 34.370000
210.000000 34.370000
211.000000 34.370000
212.000000 34.370000
213.000000 34.370000
214.000000 34.370000
215.000000 34.370000
216.000000 34.370000
217.000000 34.370000
218.000000 34.430000
219.000000 34.370000
220.000000 34.370000
221.000000 34.370000
222.000000 34.370000
223.000000 34.370000
224.000000 34.370000
225.000000 34.370000
226.000000 34.370000
227.000000 34.370000
228.000000 34.370000
229.000000 34.370000
230.000000 34.370000
231.000000 34.370000
232.000000 34.370000
233.000000 34.370000
234.000000 34.370000
235.000000 34.370000
236.000000 34.370000
237.000000 34.370000
238.000000 34.310000
239.000000 34.370000
240.000000 34.370000
241.000000 34.370000
242.000000 34.370000
243.000000 34.370000
244.000000 34.370000
245.000000 34.370000
246.000000 34.370000
247.000000 34.370000
248.000000 34.310000
249.000000 34.370000
250.000000 34.370000
251.000000 34.370000
252.000000 34.370000
253.000000 34.370000
254.000000 34.370000
255.000000 34.370000
256.000000 34.370000
257.000000 34.370000
258.000000 34.370000
259.000000 34.370000
260.000000 34.370000
261.000000 34.370000
262.000000 34.430000
263.000000 34.430000
264.000000 34.430000
265.000000 34.430000
266.000000 34.430000
267.000000 34.430000
268.000000 34.430000
269.000000 34.430000
270.000000 34.430000
271.000000 34.430000
272.000000 34.430000
273.000000 34.430000
274.000000 34.430000
275.000000 34.430000
276.000000 34.430000
277.000000 34.430000
278.000000 34.430000
279.000000 34.430000
280.000000 34.430000
281.000000 34.430000
282.000000 34.500000
283.000000 34.500000
284.000000 34.500000
285.000000 34.430000
286.000000 34.430000
287.000000 34.430000
288.000000 34.430000
289.000000 34.430000
290.000000 34.430000
291.000000 34.430000
292.000000 34.430000
293.000000 34.430000
294.000000 34.430000
295.000000 34.430000
296.000000 34.430000
297.000000 34.430000
298.000000 34.430000
299.000000 34.430000
300.000000 34.430000
301.000000 34.430000
302.000000 34.430000
303.000000 34.430000
304.000000 34.430000
305.000000 34.430000
306.000000 34.430000
307.000000 34.430000
308.000000 34.430000
309.000000 34.430000
310.000000 34.430000
311.000000 34.430000
312.000000 34.430000
313.000000 34.430000
314.000000 34.370000
315.000000 34.430000
316.000000 34.430000
317.000000 34.430000
318.000000 34.430000
319.000000 34.430000
320.000000 34.430000
321.000000 34.430000
322.000000 34.430000
323.000000 34.430000
324.000000 34.430000
325.000000 34.430000
326.000000 34.430000
327.000000 34.430000
328.000000 34.430000
329.000000 34.430000
330.000000 34.430000
331.000000 34.430000
332.000000 34.430000
333.000000 34.430000
334.000000 34.430000
335.000000 34.430000
336.000000 34.430000
337.000000 34.430000
338.000000 34.430000
339.000000 34.430000
340.000000 34.430000
341.000000 34.430000
342.000000 34.430000
343.000000 34.430000
344.000000 34.430000
345.000000 34.430000
346.000000 34.430000
347.000000 34.430000
348.000000 34.430000
349.000000 34.430000
350.000000 34.430000
