1.000000 30.870000
2.000000 30.870000
3.000000 30.870000
4.000000 30.870000
5.000000 30.870000
6.000000 30.870000
7.000000 30.870000
8.000000 30.870000
9.000000 30.870000
10.000000 30.870000
11.000000 30.870000
12.000000 30.870000
13.000000 30.870000
14.000000 30.870000
15.000000 30.870000
16.000000 30.870000
17.000000 30.870000
18.000000 30.870000
19.000000 30.870000
20.000000 30.870000
21.000000 30.870000
22.000000 30.870000
23.000000 30.870000
24.000000 30.884530
25.000000 30.936992
26.000000 31.041392
27.000000 31.204367
28.000000 31.426939
29.000000 31.706013
30.000000 32.035639
31.000000 32.408049
32.000000 32.814486
33.000000 33.245863
34.000000 33.693257
35.000000 34.148249
36.000000 34.603099
37.000000 35.050820
38.000000 35.485238
39.000000 35.901059
40.000000 36.293924
41.000000 36.660430
42.000000 36.998134
43.000000 37.305519
44.000000 37.581935
45.000000 37.827517
46.000000 38.043088
47.000000 38.230051
48.000000 38.390271
49.000000 38.525966
50.000000 38.639599
51.000000 38.733773
52.000000 38.811142
53.000000 38.874333
54.000000 38.925876
55.000000 38.968149
56.000000 39.003336
57.000000 39.033395
58.000000 39.060035
59.000000 39.084709
60.000000 39.108611
61.000000 39.132686
62.000000 39.157637
63.000000 39.183948
64.000000 39.211905
65.000000 39.241622
66.000000 39.273065
67.000000 39.306081
68.000000 39.340423
69.000000 39.375778
70.000000 39.411786
71.000000 39.448065
72.000000 39.484229
73.000000 39.519902
74.000000 39.554734
75.000000 39.588409
76.000000 39.620653
77.000000 39.651239
78.000000 39.679990
79.000000 39.706780
80.000000 39.731530
81.000000 39.754208
82.000000 39.774825
83.000000 39.793428
84.000000 39.810097
85.000000 39.824940
86.000000 39.838081
87.000000 39.849664
88.000000 39.859840
89.000000 39.868764
90.000000 39.876594
91.000000 39.883481
92.000000 39.889570
93.000000 39.894996
94.000000 39.899885
95.000000 39.904345
96.000000 39.908474
97.000000 39.912354
98.000000 39.916054
99.000000 39.919627
100.000000 39.923116
101.000000 39.926551
102.000000 39.929952
103.000000 39.933329
104.000000 39.936685
105.000000 39.940017
106.000000 39.943317
107.000000 39.946573
108.000000 39.949772
109.000000 39.952898
110.000000 39.955936
111.000000 39.958872
112.000000 39.961692
113.000000 39.964384
114.000000 39.966938
115.000000 39.969348
116.000000 39.971607
117.000000 39.973714
118.000000 39.975668
119.000000 39.977470
120.000000 39.979126
121.000000 39.980640
122.000000 39.982019
123.000000 39.983272
124.000000 39.984408
125.000000 39.985435
126.000000 39.986364
127.000000 39.987205
128.000000 39.987967
129.000000 39.988660
130.000000 39.989293
131.000000 39.989873
132.000000 39.990409
133.000000 39.990906
134.000000 39.991371
135.000000 39.991809
136.000000 39.992224
137.000000 39.992620
138.000000 39.992999
139.000000 39.993363
140.000000 39.993715
141.000000 39.994055
142.000000 39.994384
143.000000 39.994702
144.000000 39.995009
145.000000 39.995306
146.000000 39.995592
147.000000 39.995866
148.000000 39.996128
149.000000 39.996379
150.000000 39.996617
151.000000 39.996843
152.000000 39.997056
153.000000 39.997256
154.000000 39.997443
155.000000 39.997619
156.000000 39.997782
157.000000 39.997933
158.000000 39.998073
159.000000 39.998203
160.000000 39.998322
161.000000 39.998432
162.000000 39.998533
163.000000 39.998625
164.000000 39.998711
165.000000 39.998789
166.000000 39.998862
167.000000 39.998929
168.000000 39.998991
169.000000 39.999048
170.000000 39.999102
171.000000 39.999152
172.000000 39.999199
173.000000 39.999243
174.000000 39.999285
175.000000 39.999325
176.000000 39.999363
177.000000 39.999398
178.000000 39.999432
179.000000 39.999465
180.000000 39.999496
181.000000 39.999526
182.000000 39.999554
183.000000 39.999581
184.000000 39.999606
185.000000 39.999631
186.000000 39.999654
187.000000 39.999676
188.000000 39.999697
189.000000 39.999716
190.000000 39.999735
191.000000 39.999752
192.000000 39.999768
193.000000 39.999783
194.000000 39.999797
195.000000 39.999810
196.000000 39.999821
197.000000 39.999828
198.000000 39.999827
199.000000 39.999813
200.000000 39.999778
201.000000 39.999714
202.000000 39.999609
203.000000 39.999452
204.000000 39.999232
205.000000 39.998937
206.000000 39.998554
207.000000 39.998076
208.000000 39.997492
209.000000 39.996795
210.000000 39.995983
211.000000 39.995052
212.000000 39.994002
213.000000 39.992836
214.000000 39.991560
215.000000 39.990180
216.000000 39.988705
217.000000 39.987148
218.000000 39.985519
219.000000 39.983832
220.000000 39.982102
221.000000 39.980344
222.000000 39.978570
223.000000 39.976797
224.000000 39.975038
225.000000 39.973305
226.000000 39.971610
227.000000 39.969964
228.000000 39.968376
229.000000 39.966854
230.000000 39.965404
231.000000 39.964031
232.000000 39.962740
233.000000 39.961531
234.000000 39.960407
235.000000 39.959368
236.000000 39.958413
237.000000 39.957540
238.000000 39.956748
239.000000 39.956034
240.000000 39.955397
241.000000 39.954832
242.000000 39.954337
243.000000 39.953911
244.000000 39.953550
245.000000 39.953254
246.000000 39.953019
247.000000 39.952846
248.000000 39.952734
249.000000 39.952681
250.000000 39.952690
251.000000 39.952759
252.000000 39.952890
253.000000 39.953085
254.000000 39.953345
255.000000 39.953671
256.000000 39.954066
257.000000 39.954532
258.000000 39.955071
259.000000 39.955686
260.000000 39.956378
261.000000 39.957149
262.000000 39.958002
263.000000 39.958939
264.000000 39.959961
265.000000 39.961069
266.000000 39.962266
267.000000 39.963552
268.000000 39.964928
269.000000 39.966395
270.000000 39.967954
271.000000 39.969604
272.000000 39.971347
273.000000 39.973182
274.000000 39.975109
275.000000 39.977128
276.000000 39.979238
277.000000 39.981439
278.000000 39.983731
279.000000 39.986112
280.000000 39.988582
281.000000 39.991139
282.000000 39.993783
283.000000 39.996513
284.000000 39.999327
285.000000 40.002224
286.000000 40.005202
287.000000 40.008259
288.000000 40.011395
289.000000 40.014606
290.000000 40.017890
291.000000 40.021246
292.000000 40.024670
293.000000 40.028160
294.000000 40.031712
295.000000 40.035323
296.000000 40.038989
297.000000 40.042705
298.000000 40.046468
299.000000 40.050273
300.000000 40.054113
301.000000 40.057984
302.000000 40.061878
303.000000 40.065789
304.000000 40.069710
305.000000 40.073632
306.000000 40.077547
307.000000 40.081446
308.000000 40.085317
309.000000 40.089152
310.000000 40.092937
311.000000 40.096662
312.000000 40.100311
313.000000 40.103872
314.000000 40.107330
315.000000 40.110670
316.000000 40.113878
317.000000 40.116938
318.000000 40.119838
319.000000 40.122566
320.000000 40.125111
321.000000 40.127466
322.000000 40.129625
323.000000 40.131585
324.000000 40.133345
325.000000 40.134895
326.000000 40.136197
327.000000 40.137184
328.000000 40.137762
329.000000 40.137826
330.000000 40.137265
331.000000 40.135980
332.000000 40.133887
333.000000 40.130930
334.000000 40.127082
335.000000 40.122348
336.000000 40.116762
337.000000 40.110390
338.000000 40.103324
339.000000 40.095675
340.000000 40.087575
341.000000 40.079163
342.000000 40.070589
343.000000 40.062002
344.000000 40.053549
345.000000 40.045368
346.000000 40.037587
347.000000 40.030316
348.000000 40.023648
349.000000 40.017658
350.000000 40.012398
351.000000 40.007899
352.000000 40.004171
353.000000 40.001207
354.000000 39.998979
355.000000 39.997445
356.000000 39.996549
357.000000 39.996224
358.000000 39.996396
359.000000 39.996986
360.000000 39.997910
361.000000 39.999089
362.000000 40.000441
363.000000 40.001893
364.000000 40.003374
365.000000 40.004825
366.000000 40.006190
367.000000 40.007428
368.000000 40.008502
369.000000 40.009388
370.000000 40.010070
371.000000 40.010539
372.000000 40.010796
373.000000 40.010847
374.000000 40.010705
375.000000 40.010389
376.000000 40.009919
377.000000 40.009319
378.000000 40.008614
379.000000 40.007832
380.000000 40.006998
381.000000 40.006136
382.000000 40.005270
383.000000 40.004422
384.000000 40.003608
385.000000 40.002846
386.000000 40.002146
387.000000 40.001520
388.000000 40.000972
389.000000 40.000507
390.000000 40.000126
391.000000 39.999827
392.000000 39.999606
393.000000 39.999458
394.000000 39.999378
395.000000 39.999355
396.000000 39.999384
397.000000 39.999454
398.000000 39.999558
399.000000 39.999686
400.000000 39.999831
401.000000 39.999984
402.000000 40.000140
403.000000 40.000292
404.000000 40.000435
405.000000 40.000566
406.000000 40.000680
407.000000 40.000777
408.000000 40.000855
409.000000 40.000913
410.000000 40.000951
411.000000 40.000970
412.000000 40.000973
413.000000 40.000959
414.000000 40.000932
415.000000 40.000894
416.000000 40.000846
417.000000 40.000792
418.000000 40.000733
419.000000 40.000672
420.000000 40.000610
421.000000 40.000549
422.000000 40.000490
423.000000 40.000436
424.000000 40.000386
425.000000 40.000342
426.000000 40.000304
427.000000 40.000272
428.000000 40.000246
429.000000 40.000226
430.000000 40.000211
431.000000 40.000202
432.000000 40.000197
433.000000 40.000196
434.000000 40.000198
435.000000 40.000202
436.000000 40.000208
437.000000 40.000216
438.000000 40.000223
439.000000 40.000231
440.000000 40.000237
441.000000 40.000243
442.000000 40.000247
443.000000 40.000249
444.000000 40.000250
445.000000 40.000248
446.000000 40.000243
447.000000 40.000237
448.000000 40.000228
449.000000 40.000217
450.000000 40.000203
451.000000 40.000188
452.000000 40.000171
453.000000 40.000152
454.000000 40.000131
455.000000 40.000109
456.000000 40.000086
457.000000 40.000062
458.000000 40.000036
459.000000 40.000010
460.000000 39.999983
461.000000 39.999956
462.000000 39.999928
463.000000 39.999899
464.000000 39.999870
465.000000 39.999840
466.000000 39.999810
467.000000 39.999780
468.000000 39.999748
469.000000 39.999717
470.000000 39.999685
471.000000 39.999652
472.000000 39.999619
473.000000 39.999585
474.000000 39.999550
475.000000 39.999515
476.000000 39.999479
477.000000 39.999443
478.000000 39.999406
479.000000 39.999369
480.000000 39.999330
481.000000 39.999292
482.000000 39.999253
483.000000 39.999213
484.000000 39.999174
485.000000 39.999134
486.000000 39.999094
487.000000 39.999054
488.000000 39.999014
489.000000 39.998974
490.000000 39.998934
491.000000 39.998895
492.000000 39.998857
493.000000 39.998819
494.000000 39.998782
495.000000 39.998746
496.000000 39.998712
497.000000 39.998679
498.000000 39.998647
499.000000 39.998617
500.000000 39.998589
501.000000 39.998563
502.000000 39.998539
503.000000 39.998517
504.000000 39.998499
505.000000 39.998483
506.000000 39.998471
507.000000 39.998463
508.000000 39.998459
509.000000 39.998460
510.000000 39.998465
511.000000 39.998476
512.000000 39.985761
513.000000 39.939816
514.000000 39.848366
515.000000 39.705598
516.000000 39.510616
517.000000 39.266133
518.000000 38.977360
519.000000 38.651106
520.000000 38.295042
521.000000 37.917131
522.000000 37.525191
523.000000 37.126600
524.000000 36.728137
525.000000 36.335925
526.000000 35.955374
527.000000 35.591119
528.000000 35.246983
529.000000 34.925944
530.000000 34.630143
531.000000 34.360908
532.000000 34.118810
533.000000 33.903728
534.000000 33.714941
535.000000 33.551220
536.000000 33.410929
537.000000 33.292125
538.000000 33.192649
539.000000 33.110222
540.000000 33.042517
541.000000 32.987232
542.000000 32.942150
543.000000 32.905188
544.000000 32.874432
545.000000 32.848167
546.000000 32.824895
547.000000 32.803344
548.000000 32.782466
549.000000 32.761436
550.000000 32.739636
551.000000 32.716643
552.000000 32.692205
553.000000 32.666225
554.000000 32.638730
555.000000 32.609856
556.000000 32.579818
557.000000 32.548892
558.000000 32.517392
559.000000 32.485652
560.000000 32.454012
561.000000 32.422800
562.000000 32.392322
563.000000 32.362856
564.000000 32.334641
565.000000 32.307876
566.000000 32.282716
567.000000 32.259272
568.000000 32.237611
569.000000 32.217763
570.000000 32.199716
571.000000 32.183430
572.000000 32.168834
573.000000 32.155836
574.000000 32.144322
575.000000 32.134170
576.000000 32.125246
577.000000 32.117414
578.000000 32.110537
579.000000 32.104481
580.000000 32.099119
581.000000 32.094333
582.000000 32.090013
583.000000 32.086064
584.000000 32.082400
585.000000 32.078949
586.000000 32.075653
587.000000 32.072461
588.000000 32.069339
589.000000 32.066260
590.000000 32.063207
591.000000 32.060169
592.000000 32.057146
593.000000 32.054140
594.000000 32.051158
595.000000 32.048210
596.000000 32.045309
597.000000 32.042467
598.000000 32.039699
599.000000 32.037018
600.000000 32.034435
601.000000 32.031961
602.000000 32.029604
603.000000 32.027373
604.000000 32.025270
605.000000 32.023299
606.000000 32.021461
607.000000 32.019753
608.000000 32.018174
609.000000 32.016717
610.000000 32.015379
611.000000 32.014151
612.000000 32.013026
613.000000 32.011997
614.000000 32.011056
615.000000 32.010194
616.000000 32.009403
617.000000 32.008675
618.000000 32.008004
619.000000 32.007383
620.000000 32.006806
621.000000 32.006267
622.000000 32.005762
623.000000 32.005287
624.000000 32.004838
625.000000 32.004413
626.000000 32.004011
627.000000 32.003628
628.000000 32.003265
629.000000 32.002920
630.000000 32.002594
631.000000 32.002286
632.000000 32.001998
633.000000 32.001730
634.000000 32.001484
635.000000 32.001261
636.000000 32.001063
637.000000 32.000889
638.000000 32.000742
639.000000 32.000622
640.000000 32.000528
641.000000 32.000461
642.000000 32.000420
643.000000 32.000403
644.000000 32.000409
645.000000 32.000435
646.000000 32.000478
647.000000 32.000536
648.000000 32.000605
649.000000 32.000682
650.000000 32.000764
651.000000 32.000846
652.000000 32.000927
653.000000 32.001001
654.000000 32.001068
655.000000 32.001125
656.000000 32.001169
657.000000 32.001199
658.000000 32.001214
659.000000 32.001215
660.000000 32.001200
661.000000 32.001171
662.000000 32.001128
663.000000 32.001072
664.000000 32.001005
665.000000 32.000929
666.000000 32.000846
667.000000 32.000758
668.000000 32.000666
669.000000 32.000574
670.000000 32.000483
671.000000 32.000395
672.000000 32.000311
673.000000 32.000233
674.000000 32.000162
675.000000 32.000100
676.000000 32.000046
677.000000 32.000001
678.000000 31.999966
679.000000 31.999939
680.000000 31.999922
681.000000 31.999912
682.000000 31.999910
683.000000 31.999915
684.000000 31.999926
685.000000 31.999945
686.000000 31.999974
687.000000 32.000016
688.000000 32.000077
689.000000 32.000164
690.000000 32.000286
691.000000 32.000451
692.000000 32.000671
693.000000 32.000953
694.000000 32.001309
695.000000 32.001746
696.000000 32.002272
697.000000 32.002892
698.000000 32.003611
699.000000 32.004431
700.000000 32.005352
701.000000 32.006371
702.000000 32.007485
703.000000 32.008688
704.000000 32.009972
705.000000 32.011327
706.000000 32.012744
707.000000 32.014211
708.000000 32.015716
709.000000 32.017246
710.000000 32.018790
711.000000 32.020334
712.000000 32.021866
713.000000 32.023377
714.000000 32.024855
715.000000 32.026291
716.000000 32.027678
717.000000 32.029008
718.000000 32.030276
719.000000 32.031477
720.000000 32.032609
721.000000 32.033668
722.000000 32.034653
723.000000 32.035565
724.000000 32.036404
725.000000 32.037171
726.000000 32.037867
727.000000 32.038495
728.000000 32.039056
729.000000 32.039553
730.000000 32.039988
731.000000 32.040363
732.000000 32.040681
733.000000 32.040941
734.000000 32.041147
735.000000 32.041299
736.000000 32.041398
737.000000 32.041443
738.000000 32.041435
739.000000 32.041373
740.000000 32.041257
741.000000 32.041085
742.000000 32.040856
743.000000 32.040568
744.000000 32.040220
745.000000 32.039810
746.000000 32.039336
747.000000 32.038796
748.000000 32.038188
749.000000 32.037511
750.000000 32.036762
751.000000 32.035941
752.000000 32.035044
753.000000 32.034072
754.000000 32.033023
755.000000 32.031896
756.000000 32.030690
757.000000 32.029405
758.000000 32.028039
759.000000 32.026593
760.000000 32.025067
761.000000 32.023460
762.000000 32.021772
763.000000 32.020004
764.000000 32.018156
765.000000 32.016228
766.000000 32.014221
767.000000 32.012136
768.000000 32.009974
769.000000 32.007734
770.000000 32.005419
771.000000 32.003028
772.000000 32.000564
773.000000 31.998028
774.000000 31.995420
775.000000 31.992743
776.000000 31.989997
777.000000 31.987186
778.000000 31.984310
779.000000 31.981371
780.000000 31.978373
781.000000 31.975318
782.000000 31.972207
783.000000 31.969046
784.000000 31.965836
785.000000 31.962582
786.000000 31.959287
787.000000 31.955956
788.000000 31.952594
789.000000 31.949205
790.000000 31.945796
791.000000 31.942371
792.000000 31.938939
793.000000 31.935505
794.000000 31.932077
795.000000 31.928664
796.000000 31.925275
797.000000 31.921918
798.000000 31.918604
799.000000 31.915343
800.000000 31.912148
801.000000 31.909031
802.000000 31.906004
803.000000 31.903080
804.000000 31.900272
805.000000 31.897593
806.000000 31.895054
807.000000 31.892666
808.000000 31.890438
809.000000 31.888376
810.000000 31.886487
811.000000 31.884771
812.000000 31.883231
813.000000 31.881874
814.000000 31.880734
815.000000 31.879870
816.000000 31.879364
817.000000 31.879309
818.000000 31.879801
819.000000 31.880927
820.000000 31.882760
821.000000 31.885351
822.000000 31.888722
823.000000 31.892869
824.000000 31.897763
825.000000 31.903344
826.000000 31.909534
827.000000 31.916234
828.000000 31.923330
829.000000 31.930698
830.000000 31.938209
831.000000 31.945730
832.000000 31.953134
833.000000 31.960299
834.000000 31.967114
835.000000 31.973482
836.000000 31.979321
837.000000 31.984566
838.000000 31.989172
839.000000 31.993111
840.000000 31.996374
841.000000 31.998968
842.000000 32.000917
843.000000 32.002258
844.000000 32.003041
845.000000 32.003322
846.000000 32.003169
847.000000 32.002649
848.000000 32.001836
849.000000 32.000801
850.000000 31.999613
851.000000 31.998339
852.000000 31.997038
853.000000 31.995765
854.000000 31.994566
855.000000 31.993479
856.000000 31.992535
857.000000 31.991756
858.000000 31.991157
859.000000 31.990744
860.000000 31.990516
861.000000 31.990469
862.000000 31.990590
863.000000 31.990865
864.000000 31.991275
865.000000 31.991798
866.000000 31.992413
867.000000 31.993096
868.000000 31.993825
869.000000 31.994578
870.000000 31.995334
871.000000 31.996076
872.000000 31.996787
873.000000 31.997453
874.000000 31.998064
875.000000 31.998611
876.000000 31.999089
877.000000 31.999495
878.000000 31.999828
879.000000 32.000089
880.000000 32.000281
881.000000 32.000410
882.000000 32.000480
883.000000 32.000499
884.000000 32.000473
885.000000 32.000412
886.000000 32.000321
887.000000 32.000209
888.000000 32.000082
889.000000 31.999948
890.000000 31.999813
891.000000 31.999680
892.000000 31.999556
893.000000 31.999443
894.000000 31.999344
895.000000 31.999260
896.000000 31.999194
897.000000 31.999145
898.000000 31.999114
899.000000 31.999099
900.000000 31.999099
901.000000 31.999113
902.000000 31.999139
903.000000 31.999176
904.000000 31.999220
905.000000 31.999271
906.000000 31.999326
907.000000 31.999383
908.000000 31.999440
909.000000 31.999497
910.000000 31.999551
911.000000 31.999602
912.000000 31.999649
913.000000 31.999691
914.000000 31.999728
915.000000 31.999760
916.000000 31.999786
917.000000 31.999807
918.000000 31.999823
919.000000 31.999835
920.000000 31.999842
921.000000 31.999846
922.000000 31.999848
923.000000 31.999847
924.000000 31.999844
925.000000 31.999841
926.000000 31.999837
927.000000 31.999832
928.000000 31.999829
929.000000 31.999826
930.000000 31.999824
931.000000 31.999824
932.000000 31.999825
933.000000 31.999828
934.000000 31.999832
935.000000 31.999839
936.000000 31.999847
937.000000 31.999857
938.000000 31.999868
939.000000 31.999881
940.000000 31.999896
941.000000 31.999911
942.000000 31.999928
943.000000 31.999945
944.000000 31.999964
945.000000 31.999983
946.000000 32.000002
947.000000 32.000023
948.000000 32.000043
949.000000 32.000064
950.000000 32.000085
951.000000 32.000107
952.000000 32.000129
953.000000 32.000151
954.000000 32.000174
955.000000 32.000197
956.000000 32.000221
957.000000 32.000245
958.000000 32.000271
959.000000 32.000297
960.000000 32.000323
961.000000 32.000351
962.000000 32.000379
963.000000 32.000409
964.000000 32.000439
965.000000 32.000471
966.000000 32.000503
967.000000 32.000536
968.000000 32.000571
969.000000 32.000605
970.000000 32.000641
971.000000 32.000677
972.000000 32.000714
973.000000 32.000750
974.000000 32.000788
975.000000 32.000825
976.000000 32.000862
977.000000 32.000899
978.000000 32.000935
979.000000 32.000971
980.000000 32.001006
981.000000 32.001040
982.000000 32.001074
983.000000 32.001106
984.000000 32.001137
985.000000 32.001166
986.000000 32.001194
987.000000 32.001220
988.000000 32.001244
989.000000 32.001267
990.000000 32.001287
991.000000 32.001305
992.000000 32.001320
993.000000 32.001333
994.000000 32.001342
995.000000 32.001348
996.000000 32.001351
997.000000 32.001349
998.000000 32.001343
999.000000 32.001333
1000.000000 32.001317
