1.000000 0.000000
2.000000 0.000000
3.000000 0.000000
4.000000 0.000000
5.000000 0.000000
6.000000 0.000000
7.000000 0.000000
8.000000 0.000000
9.000000 0.000000
10.000000 0.000000
11.000000 0.000000
12.000000 0.000000
13.000000 0.000000
14.000000 0.000000
15.000000 0.000000
16.000000 0.000000
17.000000 0.000000
18.000000 0.000000
19.000000 0.000000
20.000000 0.000000
21.000000 0.000000
22.000000 0.000000
23.000000 0.000000
24.000000 0.000000
25.000000 -0.072103
26.000000 -0.250726
27.000000 -0.489838
28.000000 -0.756252
29.000000 -1.026879
30.000000 -1.286413
31.000000 -1.525413
32.000000 -1.738761
33.000000 -1.924424
34.000000 -2.082489
35.000000 -2.214425
36.000000 -2.322530
37.000000 -2.409526
38.000000 -2.478271
39.000000 -2.531569
40.000000 -2.572041
41.000000 -2.602060
42.000000 -2.623709
43.000000 -2.638778
44.000000 -2.648777
45.000000 -2.654948
46.000000 -2.658303
47.000000 -2.659644
48.000000 -2.659600
49.000000 -2.658654
50.000000 -2.657166
51.000000 -2.655400
52.000000 -2.653543
53.000000 -2.651721
54.000000 -2.650015
55.000000 -2.648473
56.000000 -2.647116
57.000000 -2.645950
58.000000 -2.644969
59.000000 -2.644158
60.000000 -2.643501
61.000000 -2.642977
62.000000 -2.642567
63.000000 -2.642253
64.000000 -2.642018
65.000000 -2.641846
66.000000 -2.641724
67.000000 -2.641641
68.000000 -2.641588
69.000000 -2.641558
70.000000 -2.641543
71.000000 -2.641539
72.000000 -2.641544
73.000000 -2.641552
74.000000 -2.641564
75.000000 -2.641576
76.000000 -2.641589
77.000000 -2.641601
78.000000 -2.641612
79.000000 -2.641622
80.000000 -2.641631
81.000000 -2.641638
82.000000 -2.641644
83.000000 -2.641649
84.000000 -2.641653
85.000000 -2.641656
86.000000 -2.641659
87.000000 -2.641660
88.000000 -2.641662
89.000000 -2.641663
90.000000 -2.641663
91.000000 -2.641664
92.000000 -2.641664
93.000000 -2.641664
94.000000 -2.641664
95.000000 -2.641664
96.000000 -2.641664
97.000000 -2.641664
98.000000 -2.641664
99.000000 -2.641664
100.000000 -2.641664
