1.000000 0.000000
2.000000 0.000000
3.000000 0.000000
4.000000 0.000000
5.000000 0.000000
6.000000 0.000000
7.000000 0.000000
8.000000 0.000000
9.000000 0.000000
10.000000 0.000000
11.000000 0.000000
12.000000 0.000000
13.000000 0.000000
14.000000 0.000000
15.000000 0.000000
16.000000 0.000000
17.000000 0.000000
18.000000 0.000000
19.000000 0.000000
20.000000 0.000000
21.000000 -0.015433
22.000000 -0.030845
23.000000 -0.046237
24.000000 -0.061607
25.000000 -0.076956
26.000000 -0.092279
27.000000 -0.107558
28.000000 -0.122773
29.000000 -0.137906
30.000000 -0.152940
31.000000 -0.167861
32.000000 -0.182657
33.000000 -0.197316
34.000000 -0.211828
35.000000 -0.226182
36.000000 -0.240367
37.000000 -0.254373
38.000000 -0.268188
39.000000 -0.281800
40.000000 -0.295199
41.000000 -0.308372
42.000000 -0.321309
43.000000 -0.333998
44.000000 -0.346428
45.000000 -0.358589
46.000000 -0.370471
47.000000 -0.382065
48.000000 -0.393361
49.000000 -0.404351
50.000000 -0.415027
51.000000 -0.425384
52.000000 -0.435415
53.000000 -0.445115
54.000000 -0.454480
55.000000 -0.463506
56.000000 -0.472192
57.000000 -0.480537
58.000000 -0.488539
59.000000 -0.496200
60.000000 -0.503521
61.000000 -0.510505
62.000000 -0.517155
63.000000 -0.523475
64.000000 -0.529470
65.000000 -0.535146
66.000000 -0.540510
67.000000 -0.545569
68.000000 -0.550330
69.000000 -0.554802
70.000000 -0.558994
71.000000 -0.562915
72.000000 -0.566574
73.000000 -0.569982
74.000000 -0.573148
75.000000 -0.576084
76.000000 -0.578799
77.000000 -0.581304
78.000000 -0.583610
79.000000 -0.585727
80.000000 -0.587666
81.000000 -0.589437
82.000000 -0.591050
83.000000 -0.592515
84.000000 -0.593842
85.000000 -0.595040
86.000000 -0.596118
87.000000 -0.597086
88.000000 -0.597951
89.000000 -0.598721
90.000000 -0.599405
91.000000 -0.600009
92.000000 -0.600541
93.000000 -0.601007
94.000000 -0.601413
95.000000 -0.601765
96.000000 -0.602068
97.000000 -0.602327
98.000000 -0.602548
99.000000 -0.602733
100.000000 -0.602888
101.000000 -0.603015
102.000000 -0.603118
103.000000 -0.603201
104.000000 -0.603265
105.000000 -0.603314
106.000000 -0.603349
107.000000 -0.603372
108.000000 -0.603386
109.000000 -0.603391
110.000000 -0.603390
111.000000 -0.603384
112.000000 -0.603373
113.000000 -0.603359
114.000000 -0.603341
115.000000 -0.603323
116.000000 -0.603302
117.000000 -0.603281
118.000000 -0.603260
119.000000 -0.603238
120.000000 -0.603217
121.000000 -0.603196
122.000000 -0.603176
123.000000 -0.603157
124.000000 -0.603139
125.000000 -0.603122
126.000000 -0.603106
127.000000 -0.603090
128.000000 -0.603076
129.000000 -0.603063
130.000000 -0.603052
131.000000 -0.603041
132.000000 -0.603031
133.000000 -0.603022
134.000000 -0.603014
135.000000 -0.603007
136.000000 -0.603000
137.000000 -0.602994
138.000000 -0.602989
139.000000 -0.602985
140.000000 -0.602981
141.000000 -0.602978
142.000000 -0.602975
143.000000 -0.602972
144.000000 -0.602970
145.000000 -0.602968
146.000000 -0.602967
147.000000 -0.602965
148.000000 -0.602964
149.000000 -0.602964
150.000000 -0.602963
151.000000 -0.602963
152.000000 -0.602962
153.000000 -0.602962
154.000000 -0.602962
155.000000 -0.602962
156.000000 -0.602962
157.000000 -0.602962
158.000000 -0.602962
159.000000 -0.602962
160.000000 -0.602962
161.000000 -0.602963
162.000000 -0.602963
163.000000 -0.602963
164.000000 -0.602963
165.000000 -0.602963
166.000000 -0.602964
167.000000 -0.602964
168.000000 -0.602964
169.000000 -0.602964
170.000000 -0.602964
171.000000 -0.602965
172.000000 -0.602965
173.000000 -0.602965
174.000000 -0.602965
175.000000 -0.602965
176.000000 -0.602965
177.000000 -0.602965
178.000000 -0.602966
179.000000 -0.602966
180.000000 -0.602966
181.000000 -0.602966
182.000000 -0.602966
183.000000 -0.602966
184.000000 -0.602966
185.000000 -0.602966
186.000000 -0.602966
187.000000 -0.602966
188.000000 -0.602966
189.000000 -0.602966
190.000000 -0.602966
191.000000 -0.602966
192.000000 -0.602966
193.000000 -0.602966
194.000000 -0.602966
195.000000 -0.602966
196.000000 -0.602966
197.000000 -0.602966
198.000000 -0.602966
199.000000 -0.602966
200.000000 -0.602966
201.000000 -0.618399
202.000000 -0.633812
203.000000 -0.649203
204.000000 -0.664573
205.000000 -0.679922
206.000000 -0.695212
207.000000 -0.710367
208.000000 -0.725293
209.000000 -0.739890
210.000000 -0.754064
211.000000 -0.767730
212.000000 -0.780811
213.000000 -0.793248
214.000000 -0.804991
215.000000 -0.816000
216.000000 -0.826250
217.000000 -0.835721
218.000000 -0.844406
219.000000 -0.852303
220.000000 -0.859418
221.000000 -0.865764
222.000000 -0.871359
223.000000 -0.876225
224.000000 -0.880389
225.000000 -0.883883
226.000000 -0.886740
227.000000 -0.888998
228.000000 -0.890695
229.000000 -0.891871
230.000000 -0.892569
231.000000 -0.892831
232.000000 -0.892700
233.000000 -0.892219
234.000000 -0.891429
235.000000 -0.890374
236.000000 -0.889092
237.000000 -0.887623
238.000000 -0.886005
239.000000 -0.884272
240.000000 -0.882458
241.000000 -0.880594
242.000000 -0.878707
243.000000 -0.876824
244.000000 -0.874967
245.000000 -0.873158
246.000000 -0.871414
247.000000 -0.869750
248.000000 -0.868180
249.000000 -0.866712
250.000000 -0.865356
251.000000 -0.864117
252.000000 -0.862998
253.000000 -0.862001
254.000000 -0.861126
255.000000 -0.860371
256.000000 -0.859734
257.000000 -0.859210
258.000000 -0.858794
259.000000 -0.858480
260.000000 -0.858261
261.000000 -0.858130
262.000000 -0.858079
263.000000 -0.858101
264.000000 -0.858188
265.000000 -0.858332
266.000000 -0.858525
267.000000 -0.858759
268.000000 -0.859027
269.000000 -0.859322
270.000000 -0.859638
271.000000 -0.859968
272.000000 -0.860307
273.000000 -0.860650
274.000000 -0.860991
275.000000 -0.861328
276.000000 -0.861655
277.000000 -0.861971
278.000000 -0.862272
279.000000 -0.862556
280.000000 -0.862821
281.000000 -0.863066
282.000000 -0.863291
283.000000 -0.863494
284.000000 -0.863675
285.000000 -0.863834
286.000000 -0.863972
287.000000 -0.864089
288.000000 -0.864186
289.000000 -0.864264
290.000000 -0.864323
291.000000 -0.864365
292.000000 -0.864392
293.000000 -0.864404
294.000000 -0.864403
295.000000 -0.864391
296.000000 -0.864368
297.000000 -0.864336
298.000000 -0.864297
299.000000 -0.864251
300.000000 -0.864200
301.000000 -0.864145
302.000000 -0.864088
303.000000 -0.864029
304.000000 -0.863968
305.000000 -0.863908
306.000000 -0.863849
307.000000 -0.863791
308.000000 -0.863735
309.000000 -0.863681
310.000000 -0.863630
311.000000 -0.863583
312.000000 -0.863539
313.000000 -0.863498
314.000000 -0.863462
315.000000 -0.863429
316.000000 -0.863400
317.000000 -0.863375
318.000000 -0.863353
319.000000 -0.863335
320.000000 -0.863321
321.000000 -0.863310
322.000000 -0.863302
323.000000 -0.863297
324.000000 -0.863294
325.000000 -0.863294
326.000000 -0.863295
327.000000 -0.863299
328.000000 -0.863304
329.000000 -0.863311
330.000000 -0.863319
331.000000 -0.863328
332.000000 -0.863337
333.000000 -0.863347
334.000000 -0.863358
335.000000 -0.863369
336.000000 -0.863379
337.000000 -0.863390
338.000000 -0.863400
339.000000 -0.863410
340.000000 -0.863420
341.000000 -0.863429
342.000000 -0.863437
343.000000 -0.863445
344.000000 -0.863452
345.000000 -0.863459
346.000000 -0.863465
347.000000 -0.863470
348.000000 -0.863475
349.000000 -0.863479
350.000000 -0.863482
351.000000 -0.863485
352.000000 -0.863487
353.000000 -0.863488
354.000000 -0.863489
355.000000 -0.863490
356.000000 -0.863490
357.000000 -0.863490
358.000000 -0.863489
359.000000 -0.863488
360.000000 -0.863487
361.000000 -0.863486
362.000000 -0.863484
363.000000 -0.863483
364.000000 -0.863481
365.000000 -0.863479
366.000000 -0.863477
367.000000 -0.863475
368.000000 -0.863473
369.000000 -0.863472
370.000000 -0.863470
371.000000 -0.863468
372.000000 -0.863467
373.000000 -0.863465
374.000000 -0.863464
375.000000 -0.863462
376.000000 -0.863461
377.000000 -0.863460
378.000000 -0.863459
379.000000 -0.863458
380.000000 -0.863457
381.000000 -0.863457
382.000000 -0.863456
383.000000 -0.863456
384.000000 -0.863456
385.000000 -0.863456
386.000000 -0.863455
387.000000 -0.863455
388.000000 -0.863455
389.000000 -0.863455
390.000000 -0.863456
391.000000 -0.863456
392.000000 -0.863456
393.000000 -0.863456
394.000000 -0.863457
395.000000 -0.863457
396.000000 -0.863457
397.000000 -0.863458
398.000000 -0.863458
399.000000 -0.863458
400.000000 -0.863459
401.000000 -0.831049
402.000000 -0.798684
403.000000 -0.766363
404.000000 -0.734085
405.000000 -0.701852
406.000000 -0.669749
407.000000 -0.637951
408.000000 -0.606691
409.000000 -0.576220
410.000000 -0.546790
411.000000 -0.518628
412.000000 -0.491931
413.000000 -0.466853
414.000000 -0.443502
415.000000 -0.421939
416.000000 -0.402176
417.000000 -0.384184
418.000000 -0.367890
419.000000 -0.353191
420.000000 -0.339958
421.000000 -0.328046
422.000000 -0.317301
423.000000 -0.307571
424.000000 -0.298708
425.000000 -0.290577
426.000000 -0.283058
427.000000 -0.276048
428.000000 -0.269458
429.000000 -0.263218
430.000000 -0.257269
431.000000 -0.251568
432.000000 -0.246078
433.000000 -0.240774
434.000000 -0.235635
435.000000 -0.230645
436.000000 -0.225793
437.000000 -0.221068
438.000000 -0.216463
439.000000 -0.211971
440.000000 -0.207586
441.000000 -0.203303
442.000000 -0.199118
443.000000 -0.195025
444.000000 -0.191021
445.000000 -0.187102
446.000000 -0.183264
447.000000 -0.179504
448.000000 -0.175817
449.000000 -0.172202
450.000000 -0.168655
451.000000 -0.165173
452.000000 -0.161754
453.000000 -0.158396
454.000000 -0.155095
455.000000 -0.151851
456.000000 -0.148660
457.000000 -0.145521
458.000000 -0.142432
459.000000 -0.139391
460.000000 -0.136397
461.000000 -0.133448
462.000000 -0.130542
463.000000 -0.127678
464.000000 -0.124856
465.000000 -0.122072
466.000000 -0.119327
467.000000 -0.116619
468.000000 -0.113947
469.000000 -0.111310
470.000000 -0.108707
471.000000 -0.106137
472.000000 -0.103598
473.000000 -0.101091
474.000000 -0.098613
475.000000 -0.096165
476.000000 -0.093746
477.000000 -0.091354
478.000000 -0.088990
479.000000 -0.086652
480.000000 -0.084339
481.000000 -0.082052
482.000000 -0.079788
483.000000 -0.077549
484.000000 -0.075333
485.000000 -0.073139
486.000000 -0.070967
487.000000 -0.068817
488.000000 -0.066689
489.000000 -0.064580
490.000000 -0.062492
491.000000 -0.060423
492.000000 -0.058374
493.000000 -0.056343
494.000000 -0.054330
495.000000 -0.052336
496.000000 -0.050359
497.000000 -0.048399
498.000000 -0.046456
499.000000 -0.044530
500.000000 -0.042619
501.000000 -0.040725
502.000000 -0.038846
503.000000 -0.036982
504.000000 -0.035132
505.000000 -0.033298
506.000000 -0.031478
507.000000 -0.029671
508.000000 -0.027879
509.000000 -0.026099
510.000000 -0.024333
511.000000 -0.022580
512.000000 -0.020840
513.000000 -0.019112
514.000000 -0.017396
515.000000 -0.015693
516.000000 -0.014001
517.000000 -0.012321
518.000000 -0.010652
519.000000 -0.008994
520.000000 -0.007348
521.000000 -0.005712
522.000000 -0.004086
523.000000 -0.002472
524.000000 -0.000867
525.000000 0.000727
526.000000 0.002312
527.000000 0.003887
528.000000 0.005452
529.000000 0.007008
530.000000 0.008555
531.000000 0.010092
532.000000 0.011620
533.000000 0.013140
534.000000 0.014651
535.000000 0.016153
536.000000 0.017647
537.000000 0.019133
538.000000 0.020610
539.000000 0.022079
540.000000 0.023541
541.000000 0.024995
542.000000 0.026440
543.000000 0.027879
544.000000 0.029310
545.000000 0.030733
546.000000 0.032149
547.000000 0.033559
548.000000 0.034961
549.000000 0.036356
550.000000 0.037744
551.000000 0.039126
552.000000 0.040500
553.000000 0.041869
554.000000 0.043231
555.000000 0.044586
556.000000 0.045935
557.000000 0.047278
558.000000 0.048615
559.000000 0.049946
560.000000 0.051270
561.000000 0.052589
562.000000 0.053902
563.000000 0.055210
564.000000 0.056511
565.000000 0.057807
566.000000 0.059098
567.000000 0.060383
568.000000 0.061663
569.000000 0.062937
570.000000 0.064206
571.000000 0.065470
572.000000 0.066729
573.000000 0.067983
574.000000 0.069232
575.000000 0.070476
576.000000 0.071715
577.000000 0.072949
578.000000 0.074179
579.000000 0.075403
580.000000 0.076624
581.000000 0.077839
582.000000 0.079050
583.000000 0.080257
584.000000 0.081459
585.000000 0.082657
586.000000 0.083850
587.000000 0.085039
588.000000 0.086224
589.000000 0.087405
590.000000 0.088581
591.000000 0.089754
592.000000 0.090922
593.000000 0.092087
594.000000 0.093247
595.000000 0.094404
596.000000 0.095557
597.000000 0.096706
598.000000 0.097851
599.000000 0.098992
600.000000 0.100130
601.000000 0.068854
602.000000 0.037619
603.000000 0.006424
604.000000 -0.024730
605.000000 -0.055844
606.000000 -0.086918
607.000000 -0.117935
608.000000 -0.148868
609.000000 -0.179687
610.000000 -0.210361
611.000000 -0.240857
612.000000 -0.271142
613.000000 -0.301179
614.000000 -0.330928
615.000000 -0.360346
616.000000 -0.389388
617.000000 -0.418006
618.000000 -0.446148
619.000000 -0.473765
620.000000 -0.500804
621.000000 -0.527212
622.000000 -0.552939
623.000000 -0.577935
624.000000 -0.602152
625.000000 -0.625544
626.000000 -0.648071
627.000000 -0.669693
628.000000 -0.690376
629.000000 -0.710091
630.000000 -0.728813
631.000000 -0.746520
632.000000 -0.763197
633.000000 -0.778833
634.000000 -0.793424
635.000000 -0.806968
636.000000 -0.819470
637.000000 -0.830939
638.000000 -0.841390
639.000000 -0.850842
640.000000 -0.859318
641.000000 -0.866845
642.000000 -0.873454
643.000000 -0.879182
644.000000 -0.884066
645.000000 -0.888149
646.000000 -0.891473
647.000000 -0.894085
648.000000 -0.896033
649.000000 -0.897367
650.000000 -0.898137
651.000000 -0.898394
652.000000 -0.898190
653.000000 -0.897575
654.000000 -0.896599
655.000000 -0.895312
656.000000 -0.893761
657.000000 -0.891992
658.000000 -0.890049
659.000000 -0.887975
660.000000 -0.885807
661.000000 -0.883582
662.000000 -0.881334
663.000000 -0.879093
664.000000 -0.876887
665.000000 -0.874738
666.000000 -0.872670
667.000000 -0.870698
668.000000 -0.868839
669.000000 -0.867104
670.000000 -0.865503
671.000000 -0.864041
672.000000 -0.862723
673.000000 -0.861552
674.000000 -0.860526
675.000000 -0.859643
676.000000 -0.858900
677.000000 -0.858292
678.000000 -0.857812
679.000000 -0.857452
680.000000 -0.857206
681.000000 -0.857064
682.000000 -0.857017
683.000000 -0.857055
684.000000 -0.857169
685.000000 -0.857350
686.000000 -0.857589
687.000000 -0.857875
688.000000 -0.858201
689.000000 -0.858559
690.000000 -0.858940
691.000000 -0.859337
692.000000 -0.859744
693.000000 -0.860154
694.000000 -0.860563
695.000000 -0.860964
696.000000 -0.861354
697.000000 -0.861729
698.000000 -0.862087
699.000000 -0.862423
700.000000 -0.862738
701.000000 -0.863028
702.000000 -0.863293
703.000000 -0.863532
704.000000 -0.863745
705.000000 -0.863932
706.000000 -0.864093
707.000000 -0.864229
708.000000 -0.864342
709.000000 -0.864432
710.000000 -0.864500
711.000000 -0.864548
712.000000 -0.864577
713.000000 -0.864589
714.000000 -0.864586
715.000000 -0.864570
716.000000 -0.864541
717.000000 -0.864501
718.000000 -0.864453
719.000000 -0.864397
720.000000 -0.864336
721.000000 -0.864270
722.000000 -0.864201
723.000000 -0.864130
724.000000 -0.864058
725.000000 -0.863986
726.000000 -0.863915
727.000000 -0.863846
728.000000 -0.863779
729.000000 -0.863716
730.000000 -0.863655
731.000000 -0.863599
732.000000 -0.863547
733.000000 -0.863499
734.000000 -0.863456
735.000000 -0.863418
736.000000 -0.863384
737.000000 -0.863354
738.000000 -0.863329
739.000000 -0.863308
740.000000 -0.863292
741.000000 -0.863279
742.000000 -0.863270
743.000000 -0.863264
744.000000 -0.863261
745.000000 -0.863261
746.000000 -0.863264
747.000000 -0.863268
748.000000 -0.863275
749.000000 -0.863283
750.000000 -0.863293
751.000000 -0.863303
752.000000 -0.863315
753.000000 -0.863327
754.000000 -0.863340
755.000000 -0.863352
756.000000 -0.863365
757.000000 -0.863378
758.000000 -0.863390
759.000000 -0.863402
760.000000 -0.863413
761.000000 -0.863424
762.000000 -0.863434
763.000000 -0.863443
764.000000 -0.863452
765.000000 -0.863460
766.000000 -0.863467
767.000000 -0.863473
768.000000 -0.863478
769.000000 -0.863483
770.000000 -0.863487
771.000000 -0.863490
772.000000 -0.863492
773.000000 -0.863494
774.000000 -0.863495
775.000000 -0.863496
776.000000 -0.863496
777.000000 -0.863496
778.000000 -0.863495
779.000000 -0.863494
780.000000 -0.863492
781.000000 -0.863491
782.000000 -0.863489
783.000000 -0.863487
784.000000 -0.863485
785.000000 -0.863482
786.000000 -0.863480
787.000000 -0.863478
788.000000 -0.863476
789.000000 -0.863474
790.000000 -0.863471
791.000000 -0.863469
792.000000 -0.863467
793.000000 -0.863466
794.000000 -0.863464
795.000000 -0.863462
796.000000 -0.863461
797.000000 -0.863460
798.000000 -0.863459
799.000000 -0.863458
800.000000 -0.863457
801.000000 -0.848023
802.000000 -0.832610
803.000000 -0.817219
804.000000 -0.801848
805.000000 -0.786498
806.000000 -0.771210
807.000000 -0.756066
808.000000 -0.741172
809.000000 -0.726646
810.000000 -0.712603
811.000000 -0.699152
812.000000 -0.686385
813.000000 -0.674380
814.000000 -0.663198
815.000000 -0.652880
816.000000 -0.643452
817.000000 -0.634921
818.000000 -0.627280
819.000000 -0.620509
820.000000 -0.614575
821.000000 -0.609437
822.000000 -0.605046
823.000000 -0.601348
824.000000 -0.598285
825.000000 -0.595798
826.000000 -0.593827
827.000000 -0.592314
828.000000 -0.591203
829.000000 -0.590441
830.000000 -0.589977
831.000000 -0.589766
832.000000 -0.589767
833.000000 -0.589942
834.000000 -0.590257
835.000000 -0.590683
836.000000 -0.591193
837.000000 -0.591767
838.000000 -0.592384
839.000000 -0.593029
840.000000 -0.593687
841.000000 -0.594347
842.000000 -0.595001
843.000000 -0.595641
844.000000 -0.596260
845.000000 -0.596855
846.000000 -0.597421
847.000000 -0.597958
848.000000 -0.598462
849.000000 -0.598934
850.000000 -0.599373
851.000000 -0.599779
852.000000 -0.600153
853.000000 -0.600496
854.000000 -0.600809
855.000000 -0.601094
856.000000 -0.601351
857.000000 -0.601583
858.000000 -0.601791
859.000000 -0.601976
860.000000 -0.602141
861.000000 -0.602287
862.000000 -0.602415
863.000000 -0.602527
864.000000 -0.602625
865.000000 -0.602709
866.000000 -0.602781
867.000000 -0.602843
868.000000 -0.602895
869.000000 -0.602938
870.000000 -0.602974
871.000000 -0.603004
872.000000 -0.603027
873.000000 -0.603046
874.000000 -0.603059
875.000000 -0.603070
876.000000 -0.603077
877.000000 -0.603081
878.000000 -0.603083
879.000000 -0.603083
880.000000 -0.603081
881.000000 -0.603078
882.000000 -0.603074
883.000000 -0.603070
884.000000 -0.603065
885.000000 -0.603059
886.000000 -0.603054
887.000000 -0.603048
888.000000 -0.603042
889.000000 -0.603036
890.000000 -0.603030
891.000000 -0.603025
892.000000 -0.603019
893.000000 -0.603014
894.000000 -0.603010
895.000000 -0.603005
896.000000 -0.603001
897.000000 -0.602997
898.000000 -0.602993
899.000000 -0.602990
900.000000 -0.602987
901.000000 -0.602984
902.000000 -0.602982
903.000000 -0.602980
904.000000 -0.602978
905.000000 -0.602976
906.000000 -0.602974
907.000000 -0.602973
908.000000 -0.602972
909.000000 -0.602970
910.000000 -0.602969
911.000000 -0.602969
912.000000 -0.602968
913.000000 -0.602967
914.000000 -0.602967
915.000000 -0.602966
916.000000 -0.602966
917.000000 -0.602966
918.000000 -0.602966
919.000000 -0.602965
920.000000 -0.602965
921.000000 -0.602965
922.000000 -0.602965
923.000000 -0.602965
924.000000 -0.602965
925.000000 -0.602965
926.000000 -0.602965
927.000000 -0.602965
928.000000 -0.602965
929.000000 -0.602965
930.000000 -0.602965
931.000000 -0.602965
932.000000 -0.602965
933.000000 -0.602965
934.000000 -0.602965
935.000000 -0.602965
936.000000 -0.602966
937.000000 -0.602966
938.000000 -0.602966
939.000000 -0.602966
940.000000 -0.602966
941.000000 -0.602966
942.000000 -0.602966
943.000000 -0.602966
944.000000 -0.602966
945.000000 -0.602966
946.000000 -0.602966
947.000000 -0.602966
948.000000 -0.602966
949.000000 -0.602966
950.000000 -0.602966
951.000000 -0.602966
952.000000 -0.602966
953.000000 -0.602966
954.000000 -0.602966
955.000000 -0.602966
956.000000 -0.602966
957.000000 -0.602966
958.000000 -0.602966
959.000000 -0.602966
960.000000 -0.602966
961.000000 -0.602966
962.000000 -0.602966
963.000000 -0.602966
964.000000 -0.602966
965.000000 -0.602966
966.000000 -0.602966
967.000000 -0.602966
968.000000 -0.602966
969.000000 -0.602966
970.000000 -0.602966
971.000000 -0.602966
972.000000 -0.602966
973.000000 -0.602966
974.000000 -0.602966
975.000000 -0.602966
976.000000 -0.602966
977.000000 -0.602966
978.000000 -0.602966
979.000000 -0.602966
980.000000 -0.602966
981.000000 -0.602966
982.000000 -0.602966
983.000000 -0.602966
984.000000 -0.602966
985.000000 -0.602966
986.000000 -0.602966
987.000000 -0.602966
988.000000 -0.602966
989.000000 -0.602966
990.000000 -0.602966
991.000000 -0.602966
992.000000 -0.602966
993.000000 -0.602966
994.000000 -0.602966
995.000000 -0.602966
996.000000 -0.602966
997.000000 -0.602966
998.000000 -0.602966
999.000000 -0.602966
1000.000000 -0.602966
