1.000000 0.000000
2.000000 0.000000
3.000000 0.000000
4.000000 0.000000
5.000000 0.000000
6.000000 0.000000
7.000000 0.000000
8.000000 0.000000
9.000000 0.000000
10.000000 0.000000
11.000000 0.000000
12.000000 0.000000
13.000000 0.000000
14.000000 0.000000
15.000000 0.000000
16.000000 0.000000
17.000000 0.000000
18.000000 0.000000
19.000000 0.000000
20.000000 0.000000
21.000000 -0.556143
22.000000 -0.206429
23.000000 -0.230714
24.000000 -0.255000
25.000000 -0.279286
26.000000 -0.282517
27.000000 -0.291146
28.000000 -0.312087
29.000000 -0.331339
30.000000 -0.348868
31.000000 -0.366366
32.000000 -0.383828
33.000000 -0.399946
34.000000 -0.414613
35.000000 -0.428154
36.000000 -0.440687
37.000000 -0.452238
38.000000 -0.462927
39.000000 -0.472896
40.000000 -0.482236
41.000000 -0.491007
42.000000 -0.499256
43.000000 -0.507018
44.000000 -0.514314
45.000000 -0.521158
46.000000 -0.527559
47.000000 -0.533530
48.000000 -0.539081
49.000000 -0.544228
50.000000 -0.548988
51.000000 -0.553382
52.000000 -0.557430
53.000000 -0.561157
54.000000 -0.564586
55.000000 -0.567739
56.000000 -0.570638
57.000000 -0.573305
58.000000 -0.575758
59.000000 -0.578015
60.000000 -0.580091
61.000000 -0.582000
62.000000 -0.583757
63.000000 -0.585372
64.000000 -0.586856
65.000000 -0.588218
66.000000 -0.589469
67.000000 -0.590617
68.000000 -0.591668
69.000000 -0.592632
70.000000 -0.593515
71.000000 -0.594322
72.000000 -0.595062
73.000000 -0.595738
74.000000 -0.596357
75.000000 -0.596924
76.000000 -0.597442
77.000000 -0.597916
78.000000 -0.598349
79.000000 -0.598746
80.000000 -0.599109
81.000000 -0.599441
82.000000 -0.599745
83.000000 -0.600022
84.000000 -0.600276
85.000000 -0.600508
86.000000 -0.600720
87.000000 -0.600914
88.000000 -0.601092
89.000000 -0.601254
90.000000 -0.601402
91.000000 -0.601537
92.000000 -0.601661
93.000000 -0.601774
94.000000 -0.601877
95.000000 -0.601971
96.000000 -0.602057
97.000000 -0.602136
98.000000 -0.602208
99.000000 -0.602273
100.000000 -0.602333
101.000000 -0.602388
102.000000 -0.602438
103.000000 -0.602484
104.000000 -0.602526
105.000000 -0.602564
106.000000 -0.602599
107.000000 -0.602630
108.000000 -0.602660
109.000000 -0.602686
110.000000 -0.602710
111.000000 -0.602733
112.000000 -0.602753
113.000000 -0.602771
114.000000 -0.602788
115.000000 -0.602804
116.000000 -0.602818
117.000000 -0.602831
118.000000 -0.602842
119.000000 -0.602853
120.000000 -0.602863
121.000000 -0.602872
122.000000 -0.602880
123.000000 -0.602887
124.000000 -0.602894
125.000000 -0.602900
126.000000 -0.602906
127.000000 -0.602911
128.000000 -0.602916
129.000000 -0.602920
130.000000 -0.602924
131.000000 -0.602928
132.000000 -0.602931
133.000000 -0.602934
134.000000 -0.602937
135.000000 -0.602940
136.000000 -0.602942
137.000000 -0.602944
138.000000 -0.602946
139.000000 -0.602948
140.000000 -0.602949
141.000000 -0.602951
142.000000 -0.602952
143.000000 -0.602953
144.000000 -0.602954
145.000000 -0.602955
146.000000 -0.602956
147.000000 -0.602957
148.000000 -0.602958
149.000000 -0.602959
150.000000 -0.602959
151.000000 -0.602960
152.000000 -0.602960
153.000000 -0.602961
154.000000 -0.602961
155.000000 -0.602962
156.000000 -0.602962
157.000000 -0.602963
158.000000 -0.602963
159.000000 -0.602963
160.000000 -0.602963
161.000000 -0.602964
162.000000 -0.602964
163.000000 -0.602964
164.000000 -0.602964
165.000000 -0.602964
166.000000 -0.602965
167.000000 -0.602965
168.000000 -0.602965
169.000000 -0.602965
170.000000 -0.602965
171.000000 -0.602965
172.000000 -0.602965
173.000000 -0.602965
174.000000 -0.602965
175.000000 -0.602965
176.000000 -0.602966
177.000000 -0.602966
178.000000 -0.602966
179.000000 -0.602966
180.000000 -0.602966
181.000000 -0.602966
182.000000 -0.602966
183.000000 -0.602966
184.000000 -0.602966
185.000000 -0.602966
186.000000 -0.602966
187.000000 -0.602966
188.000000 -0.602966
189.000000 -0.602966
190.000000 -0.602966
191.000000 -0.602966
192.000000 -0.602966
193.000000 -0.602966
194.000000 -0.602966
195.000000 -0.602966
196.000000 -0.602966
197.000000 -0.602966
198.000000 -0.602966
199.000000 -0.602966
200.000000 -0.602966
201.000000 -1.000000
202.000000 -0.650286
203.000000 -0.674571
204.000000 -0.698857
205.000000 -0.723143
206.000000 -0.714636
207.000000 -0.723473
208.000000 -0.742605
209.000000 -0.758627
210.000000 -0.771689
211.000000 -0.785234
212.000000 -0.798502
213.000000 -0.809808
214.000000 -0.819195
215.000000 -0.827124
216.000000 -0.833676
217.000000 -0.838873
218.000000 -0.842926
219.000000 -0.846085
220.000000 -0.848539
221.000000 -0.850444
222.000000 -0.851950
223.000000 -0.853180
224.000000 -0.854227
225.000000 -0.855155
226.000000 -0.856008
227.000000 -0.856813
228.000000 -0.857583
229.000000 -0.858319
230.000000 -0.859018
231.000000 -0.859672
232.000000 -0.860276
233.000000 -0.860820
234.000000 -0.861302
235.000000 -0.861720
236.000000 -0.862073
237.000000 -0.862365
238.000000 -0.862601
239.000000 -0.862787
240.000000 -0.862931
241.000000 -0.863039
242.000000 -0.863119
243.000000 -0.863177
244.000000 -0.863220
245.000000 -0.863251
246.000000 -0.863274
247.000000 -0.863293
248.000000 -0.863310
249.000000 -0.863325
250.000000 -0.863340
251.000000 -0.863355
252.000000 -0.863369
253.000000 -0.863383
254.000000 -0.863396
255.000000 -0.863409
256.000000 -0.863420
257.000000 -0.863429
258.000000 -0.863438
259.000000 -0.863444
260.000000 -0.863449
261.000000 -0.863453
262.000000 -0.863456
263.000000 -0.863458
264.000000 -0.863459
265.000000 -0.863460
266.000000 -0.863460
267.000000 -0.863460
268.000000 -0.863460
269.000000 -0.863460
270.000000 -0.863460
271.000000 -0.863459
272.000000 -0.863459
273.000000 -0.863459
274.000000 -0.863459
275.000000 -0.863460
276.000000 -0.863460
277.000000 -0.863460
278.000000 -0.863460
279.000000 -0.863460
280.000000 -0.863460
281.000000 -0.863461
282.000000 -0.863461
283.000000 -0.863461
284.000000 -0.863461
285.000000 -0.863461
286.000000 -0.863461
287.000000 -0.863461
288.000000 -0.863461
289.000000 -0.863461
290.000000 -0.863461
291.000000 -0.863461
292.000000 -0.863461
293.000000 -0.863461
294.000000 -0.863461
295.000000 -0.863461
296.000000 -0.863461
297.000000 -0.863461
298.000000 -0.863461
299.000000 -0.863461
300.000000 -0.863461
301.000000 -0.863461
302.000000 -0.863461
303.000000 -0.863461
304.000000 -0.863461
305.000000 -0.863461
306.000000 -0.863461
307.000000 -0.863461
308.000000 -0.863461
309.000000 -0.863461
310.000000 -0.863461
311.000000 -0.863461
312.000000 -0.863461
313.000000 -0.863461
314.000000 -0.863461
315.000000 -0.863461
316.000000 -0.863461
317.000000 -0.863461
318.000000 -0.863461
319.000000 -0.863461
320.000000 -0.863461
321.000000 -0.863461
322.000000 -0.863461
323.000000 -0.863461
324.000000 -0.863461
325.000000 -0.863461
326.000000 -0.863461
327.000000 -0.863461
328.000000 -0.863461
329.000000 -0.863461
330.000000 -0.863461
331.000000 -0.863461
332.000000 -0.863461
333.000000 -0.863461
334.000000 -0.863461
335.000000 -0.863461
336.000000 -0.863461
337.000000 -0.863461
338.000000 -0.863461
339.000000 -0.863461
340.000000 -0.863461
341.000000 -0.863461
342.000000 -0.863461
343.000000 -0.863461
344.000000 -0.863461
345.000000 -0.863461
346.000000 -0.863461
347.000000 -0.863461
348.000000 -0.863461
349.000000 -0.863461
350.000000 -0.863461
351.000000 -0.863461
352.000000 -0.863461
353.000000 -0.863461
354.000000 -0.863461
355.000000 -0.863461
356.000000 -0.863461
357.000000 -0.863461
358.000000 -0.863461
359.000000 -0.863461
360.000000 -0.863461
361.000000 -0.863461
362.000000 -0.863461
363.000000 -0.863461
364.000000 -0.863461
365.000000 -0.863461
366.000000 -0.863461
367.000000 -0.863461
368.000000 -0.863461
369.000000 -0.863461
370.000000 -0.863461
371.000000 -0.863461
372.000000 -0.863461
373.000000 -0.863461
374.000000 -0.863461
375.000000 -0.863461
376.000000 -0.863461
377.000000 -0.863461
378.000000 -0.863461
379.000000 -0.863461
380.000000 -0.863461
381.000000 -0.863461
382.000000 -0.863461
383.000000 -0.863461
384.000000 -0.863461
385.000000 -0.863461
386.000000 -0.863461
387.000000 -0.863461
388.000000 -0.863461
389.000000 -0.863461
390.000000 -0.863461
391.000000 -0.863461
392.000000 -0.863461
393.000000 -0.863461
394.000000 -0.863461
395.000000 -0.863461
396.000000 -0.863461
397.000000 -0.863461
398.000000 -0.863461
399.000000 -0.863461
400.000000 -0.863461
401.000000 0.304439
402.000000 -0.429961
403.000000 -0.378961
404.000000 -0.327961
405.000000 -0.276961
406.000000 -0.601297
407.000000 -0.599677
408.000000 -0.569865
409.000000 -0.542537
410.000000 -0.519525
411.000000 -0.484658
412.000000 -0.441546
413.000000 -0.403806
414.000000 -0.372312
415.000000 -0.346339
416.000000 -0.326412
417.000000 -0.313258
418.000000 -0.305669
419.000000 -0.301631
420.000000 -0.299284
421.000000 -0.297053
422.000000 -0.293751
423.000000 -0.288804
424.000000 -0.282218
425.000000 -0.274345
426.000000 -0.265681
427.000000 -0.256734
428.000000 -0.247938
429.000000 -0.239599
430.000000 -0.231875
431.000000 -0.224800
432.000000 -0.218310
433.000000 -0.212284
434.000000 -0.206587
435.000000 -0.201095
436.000000 -0.195717
437.000000 -0.190399
438.000000 -0.185121
439.000000 -0.179888
440.000000 -0.174719
441.000000 -0.169635
442.000000 -0.164656
443.000000 -0.159792
444.000000 -0.155049
445.000000 -0.150424
446.000000 -0.145908
447.000000 -0.141495
448.000000 -0.137173
449.000000 -0.132935
450.000000 -0.128775
451.000000 -0.124688
452.000000 -0.120672
453.000000 -0.116723
454.000000 -0.112841
455.000000 -0.109023
456.000000 -0.105269
457.000000 -0.101576
458.000000 -0.097942
459.000000 -0.094365
460.000000 -0.090843
461.000000 -0.087375
462.000000 -0.083957
463.000000 -0.080588
464.000000 -0.077267
465.000000 -0.073992
466.000000 -0.070762
467.000000 -0.067575
468.000000 -0.064430
469.000000 -0.061326
470.000000 -0.058260
471.000000 -0.055234
472.000000 -0.052244
473.000000 -0.049290
474.000000 -0.046372
475.000000 -0.043487
476.000000 -0.040636
477.000000 -0.037816
478.000000 -0.035028
479.000000 -0.032271
480.000000 -0.029542
481.000000 -0.026843
482.000000 -0.024172
483.000000 -0.021528
484.000000 -0.018910
485.000000 -0.016319
486.000000 -0.013753
487.000000 -0.011212
488.000000 -0.008694
489.000000 -0.006200
490.000000 -0.003729
491.000000 -0.001280
492.000000 0.001146
493.000000 0.003552
494.000000 0.005937
495.000000 0.008301
496.000000 0.010646
497.000000 0.012971
498.000000 0.015277
499.000000 0.017564
500.000000 0.019833
501.000000 0.022085
502.000000 0.024319
503.000000 0.026536
504.000000 0.028737
505.000000 0.030921
506.000000 0.033089
507.000000 0.035241
508.000000 0.037378
509.000000 0.039501
510.000000 0.041608
511.000000 0.043701
512.000000 0.045780
513.000000 0.047845
514.000000 0.049896
515.000000 0.051934
516.000000 0.053959
517.000000 0.055971
518.000000 0.057971
519.000000 0.059958
520.000000 0.061933
521.000000 0.063896
522.000000 0.065847
523.000000 0.067787
524.000000 0.069716
525.000000 0.071633
526.000000 0.073540
527.000000 0.075436
528.000000 0.077321
529.000000 0.079196
530.000000 0.081061
531.000000 0.082916
532.000000 0.084761
533.000000 0.086597
534.000000 0.088423
535.000000 0.090240
536.000000 0.092047
537.000000 0.093846
538.000000 0.095635
539.000000 0.097416
540.000000 0.099188
541.000000 0.100952
542.000000 0.102707
543.000000 0.104454
544.000000 0.106193
545.000000 0.107924
546.000000 0.109648
547.000000 0.111363
548.000000 0.113071
549.000000 0.114771
550.000000 0.116464
551.000000 0.118150
552.000000 0.119829
553.000000 0.121500
554.000000 0.123165
555.000000 0.124822
556.000000 0.126473
557.000000 0.128118
558.000000 0.129755
559.000000 0.131386
560.000000 0.133011
561.000000 0.134629
562.000000 0.136242
563.000000 0.137848
564.000000 0.139448
565.000000 0.141042
566.000000 0.142630
567.000000 0.144212
568.000000 0.145788
569.000000 0.147359
570.000000 0.148924
571.000000 0.150484
572.000000 0.152038
573.000000 0.153587
574.000000 0.155131
575.000000 0.156669
576.000000 0.158202
577.000000 0.159730
578.000000 0.161253
579.000000 0.162770
580.000000 0.164283
581.000000 0.165791
582.000000 0.167294
583.000000 0.168793
584.000000 0.170286
585.000000 0.171775
586.000000 0.173260
587.000000 0.174739
588.000000 0.176215
589.000000 0.177686
590.000000 0.179152
591.000000 0.180614
592.000000 0.182072
593.000000 0.183525
594.000000 0.184975
595.000000 0.186420
596.000000 0.187861
597.000000 0.189298
598.000000 0.190731
599.000000 0.192160
600.000000 0.193585
601.000000 -0.972894
602.000000 -0.237077
603.000000 -0.286664
604.000000 -0.336254
605.000000 -0.385849
606.000000 -0.402061
607.000000 -0.422231
608.000000 -0.466611
609.000000 -0.506469
610.000000 -0.542033
611.000000 -0.576265
612.000000 -0.609733
613.000000 -0.640035
614.000000 -0.666915
615.000000 -0.690982
616.000000 -0.712481
617.000000 -0.731460
618.000000 -0.748135
619.000000 -0.762804
620.000000 -0.775707
621.000000 -0.787034
622.000000 -0.796973
623.000000 -0.805694
624.000000 -0.813344
625.000000 -0.820050
626.000000 -0.825921
627.000000 -0.831057
628.000000 -0.835542
629.000000 -0.839451
630.000000 -0.842851
631.000000 -0.845802
632.000000 -0.848357
633.000000 -0.850564
634.000000 -0.852465
635.000000 -0.854099
636.000000 -0.855501
637.000000 -0.856700
638.000000 -0.857724
639.000000 -0.858598
640.000000 -0.859342
641.000000 -0.859975
642.000000 -0.860514
643.000000 -0.860971
644.000000 -0.861360
645.000000 -0.861690
646.000000 -0.861970
647.000000 -0.862208
648.000000 -0.862409
649.000000 -0.862580
650.000000 -0.862724
651.000000 -0.862846
652.000000 -0.862949
653.000000 -0.863036
654.000000 -0.863108
655.000000 -0.863169
656.000000 -0.863220
657.000000 -0.863262
658.000000 -0.863297
659.000000 -0.863327
660.000000 -0.863351
661.000000 -0.863370
662.000000 -0.863387
663.000000 -0.863400
664.000000 -0.863411
665.000000 -0.863420
666.000000 -0.863428
667.000000 -0.863434
668.000000 -0.863439
669.000000 -0.863443
670.000000 -0.863446
671.000000 -0.863449
672.000000 -0.863451
673.000000 -0.863453
674.000000 -0.863455
675.000000 -0.863456
676.000000 -0.863457
677.000000 -0.863458
678.000000 -0.863458
679.000000 -0.863459
680.000000 -0.863459
681.000000 -0.863460
682.000000 -0.863460
683.000000 -0.863460
684.000000 -0.863460
685.000000 -0.863460
686.000000 -0.863460
687.000000 -0.863460
688.000000 -0.863460
689.000000 -0.863461
690.000000 -0.863461
691.000000 -0.863461
692.000000 -0.863461
693.000000 -0.863461
694.000000 -0.863461
695.000000 -0.863461
696.000000 -0.863461
697.000000 -0.863461
698.000000 -0.863461
699.000000 -0.863461
700.000000 -0.863461
701.000000 -0.863461
702.000000 -0.863461
703.000000 -0.863461
704.000000 -0.863461
705.000000 -0.863461
706.000000 -0.863461
707.000000 -0.863461
708.000000 -0.863461
709.000000 -0.863461
710.000000 -0.863461
711.000000 -0.863461
712.000000 -0.863461
713.000000 -0.863461
714.000000 -0.863461
715.000000 -0.863461
716.000000 -0.863461
717.000000 -0.863461
718.000000 -0.863461
719.000000 -0.863461
720.000000 -0.863461
721.000000 -0.863461
722.000000 -0.863461
723.000000 -0.863461
724.000000 -0.863461
725.000000 -0.863461
726.000000 -0.863461
727.000000 -0.863461
728.000000 -0.863461
729.000000 -0.863461
730.000000 -0.863461
731.000000 -0.863461
732.000000 -0.863461
733.000000 -0.863461
734.000000 -0.863461
735.000000 -0.863461
736.000000 -0.863461
737.000000 -0.863461
738.000000 -0.863461
739.000000 -0.863461
740.000000 -0.863461
741.000000 -0.863461
742.000000 -0.863461
743.000000 -0.863461
744.000000 -0.863461
745.000000 -0.863461
746.000000 -0.863461
747.000000 -0.863461
748.000000 -0.863461
749.000000 -0.863461
750.000000 -0.863461
751.000000 -0.863461
752.000000 -0.863461
753.000000 -0.863461
754.000000 -0.863461
755.000000 -0.863461
756.000000 -0.863461
757.000000 -0.863461
758.000000 -0.863461
759.000000 -0.863461
760.000000 -0.863461
761.000000 -0.863461
762.000000 -0.863461
763.000000 -0.863461
764.000000 -0.863461
765.000000 -0.863461
766.000000 -0.863461
767.000000 -0.863461
768.000000 -0.863461
769.000000 -0.863461
770.000000 -0.863461
771.000000 -0.863461
772.000000 -0.863461
773.000000 -0.863461
774.000000 -0.863461
775.000000 -0.863461
776.000000 -0.863461
777.000000 -0.863461
778.000000 -0.863461
779.000000 -0.863461
780.000000 -0.863461
781.000000 -0.863461
782.000000 -0.863461
783.000000 -0.863461
784.000000 -0.863461
785.000000 -0.863461
786.000000 -0.863461
787.000000 -0.863461
788.000000 -0.863461
789.000000 -0.863461
790.000000 -0.863461
791.000000 -0.863461
792.000000 -0.863461
793.000000 -0.863461
794.000000 -0.863461
795.000000 -0.863461
796.000000 -0.863461
797.000000 -0.863461
798.000000 -0.863461
799.000000 -0.863461
800.000000 -0.863461
801.000000 -0.307318
802.000000 -0.657032
803.000000 -0.632746
804.000000 -0.608461
805.000000 -0.584175
806.000000 -0.665121
807.000000 -0.677064
808.000000 -0.677382
809.000000 -0.679715
810.000000 -0.684126
811.000000 -0.679226
812.000000 -0.670222
813.000000 -0.661061
814.000000 -0.652065
815.000000 -0.643004
816.000000 -0.634757
817.000000 -0.628011
818.000000 -0.622811
819.000000 -0.619019
820.000000 -0.616508
821.000000 -0.615069
822.000000 -0.614404
823.000000 -0.614219
824.000000 -0.614269
825.000000 -0.614358
826.000000 -0.614349
827.000000 -0.614162
828.000000 -0.613771
829.000000 -0.613188
830.000000 -0.612453
831.000000 -0.611616
832.000000 -0.610734
833.000000 -0.609857
834.000000 -0.609027
835.000000 -0.608274
836.000000 -0.607616
837.000000 -0.607057
838.000000 -0.606595
839.000000 -0.606221
840.000000 -0.605919
841.000000 -0.605675
842.000000 -0.605474
843.000000 -0.605301
844.000000 -0.605146
845.000000 -0.605002
846.000000 -0.604862
847.000000 -0.604725
848.000000 -0.604590
849.000000 -0.604457
850.000000 -0.604328
851.000000 -0.604205
852.000000 -0.604089
853.000000 -0.603981
854.000000 -0.603883
855.000000 -0.603794
856.000000 -0.603715
857.000000 -0.603646
858.000000 -0.603584
859.000000 -0.603529
860.000000 -0.603481
861.000000 -0.603438
862.000000 -0.603399
863.000000 -0.603363
864.000000 -0.603331
865.000000 -0.603301
866.000000 -0.603273
867.000000 -0.603247
868.000000 -0.603223
869.000000 -0.603201
870.000000 -0.603181
871.000000 -0.603162
872.000000 -0.603144
873.000000 -0.603128
874.000000 -0.603114
875.000000 -0.603101
876.000000 -0.603089
877.000000 -0.603078
878.000000 -0.603068
879.000000 -0.603060
880.000000 -0.603051
881.000000 -0.603044
882.000000 -0.603037
883.000000 -0.603031
884.000000 -0.603026
885.000000 -0.603021
886.000000 -0.603016
887.000000 -0.603012
888.000000 -0.603008
889.000000 -0.603004
890.000000 -0.603001
891.000000 -0.602998
892.000000 -0.602995
893.000000 -0.602993
894.000000 -0.602990
895.000000 -0.602988
896.000000 -0.602986
897.000000 -0.602984
898.000000 -0.602983
899.000000 -0.602981
900.000000 -0.602980
901.000000 -0.602979
902.000000 -0.602978
903.000000 -0.602977
904.000000 -0.602976
905.000000 -0.602975
906.000000 -0.602974
907.000000 -0.602974
908.000000 -0.602973
909.000000 -0.602972
910.000000 -0.602972
911.000000 -0.602971
912.000000 -0.602971
913.000000 -0.602970
914.000000 -0.602970
915.000000 -0.602970
916.000000 -0.602969
917.000000 -0.602969
918.000000 -0.602969
919.000000 -0.602969
920.000000 -0.602968
921.000000 -0.602968
922.000000 -0.602968
923.000000 -0.602968
924.000000 -0.602968
925.000000 -0.602968
926.000000 -0.602967
927.000000 -0.602967
928.000000 -0.602967
929.000000 -0.602967
930.000000 -0.602967
931.000000 -0.602967
932.000000 -0.602967
933.000000 -0.602967
934.000000 -0.602967
935.000000 -0.602967
936.000000 -0.602967
937.000000 -0.602967
938.000000 -0.602967
939.000000 -0.602967
940.000000 -0.602967
941.000000 -0.602967
942.000000 -0.602966
943.000000 -0.602966
944.000000 -0.602966
945.000000 -0.602966
946.000000 -0.602966
947.000000 -0.602966
948.000000 -0.602966
949.000000 -0.602966
950.000000 -0.602966
951.000000 -0.602966
952.000000 -0.602966
953.000000 -0.602966
954.000000 -0.602966
955.000000 -0.602966
956.000000 -0.602966
957.000000 -0.602966
958.000000 -0.602966
959.000000 -0.602966
960.000000 -0.602966
961.000000 -0.602966
962.000000 -0.602966
963.000000 -0.602966
964.000000 -0.602966
965.000000 -0.602966
966.000000 -0.602966
967.000000 -0.602966
968.000000 -0.602966
969.000000 -0.602966
970.000000 -0.602966
971.000000 -0.602966
972.000000 -0.602966
973.000000 -0.602966
974.000000 -0.602966
975.000000 -0.602966
976.000000 -0.602966
977.000000 -0.602966
978.000000 -0.602966
979.000000 -0.602966
980.000000 -0.602966
981.000000 -0.602966
982.000000 -0.602966
983.000000 -0.602966
984.000000 -0.602966
985.000000 -0.602966
986.000000 -0.602966
987.000000 -0.602966
988.000000 -0.602966
989.000000 -0.602966
990.000000 -0.602966
991.000000 -0.602966
992.000000 -0.602966
993.000000 -0.602966
994.000000 -0.602966
995.000000 -0.602966
996.000000 -0.602966
997.000000 -0.602966
998.000000 -0.602966
999.000000 -0.602966
1000.000000 -0.602966
