1.000000 0.000000
2.000000 0.000000
3.000000 0.000000
4.000000 0.000000
5.000000 0.000000
6.000000 0.000000
7.000000 0.000000
8.000000 0.000000
9.000000 0.000000
10.000000 0.000000
11.000000 0.000000
12.000000 0.000000
13.000000 0.000000
14.000000 0.000000
15.000000 0.000000
16.000000 0.000000
17.000000 0.000000
18.000000 0.000000
19.000000 0.000000
20.000000 0.000000
21.000000 0.000000
22.000000 0.000000
23.000000 0.000000
24.000000 0.000000
25.000000 0.000000
26.000000 -0.037859
27.000000 -0.089817
28.000000 -0.126850
29.000000 -0.155266
30.000000 -0.179745
31.000000 -0.200563
32.000000 -0.218073
33.000000 -0.235012
34.000000 -0.253437
35.000000 -0.274080
36.000000 -0.297126
37.000000 -0.322548
38.000000 -0.350007
39.000000 -0.378933
40.000000 -0.408710
41.000000 -0.438785
42.000000 -0.468686
43.000000 -0.498038
44.000000 -0.526576
45.000000 -0.554136
46.000000 -0.580630
47.000000 -0.606024
48.000000 -0.630324
49.000000 -0.653553
50.000000 -0.675745
51.000000 -0.696928
52.000000 -0.717128
53.000000 -0.736363
54.000000 -0.754646
55.000000 -0.771986
56.000000 -0.788390
57.000000 -0.803868
58.000000 -0.818430
59.000000 -0.832094
60.000000 -0.844882
61.000000 -0.856822
62.000000 -0.867945
63.000000 -0.878289
64.000000 -0.887891
65.000000 -0.896794
66.000000 -0.905038
67.000000 -0.912667
68.000000 -0.919719
69.000000 -0.926234
70.000000 -0.932250
71.000000 -0.937802
72.000000 -0.942922
73.000000 -0.947641
74.000000 -0.951988
75.000000 -0.955989
76.000000 -0.959671
77.000000 -0.963055
78.000000 -0.966165
79.000000 -0.969020
80.000000 -0.971641
81.000000 -0.974045
82.000000 -0.976249
83.000000 -0.978269
84.000000 -0.980120
85.000000 -0.981815
86.000000 -0.983368
87.000000 -0.984790
88.000000 -0.986091
89.000000 -0.987282
90.000000 -0.988373
91.000000 -0.989370
92.000000 -0.990283
93.000000 -0.991119
94.000000 -0.991883
95.000000 -0.992582
96.000000 -0.993221
97.000000 -0.993805
98.000000 -0.994339
99.000000 -0.994828
100.000000 -0.995274
101.000000 -0.995682
102.000000 -0.996055
103.000000 -0.996396
104.000000 -0.996708
105.000000 -0.996992
106.000000 -0.997252
107.000000 -0.997490
108.000000 -0.997707
109.000000 -0.997905
110.000000 -0.998086
111.000000 -0.998252
112.000000 -0.998403
113.000000 -0.998542
114.000000 -0.998668
115.000000 -0.998783
116.000000 -0.998889
117.000000 -0.998985
118.000000 -0.999073
119.000000 -0.999153
120.000000 -0.999226
121.000000 -0.999293
122.000000 -0.999355
123.000000 -0.999411
124.000000 -0.999462
125.000000 -0.999508
126.000000 -0.999551
127.000000 -0.999590
128.000000 -0.999625
129.000000 -0.999658
130.000000 -0.999687
131.000000 -0.999715
132.000000 -0.999739
133.000000 -0.999762
134.000000 -0.999782
135.000000 -0.999801
136.000000 -0.999819
137.000000 -0.999834
138.000000 -0.999849
139.000000 -0.999862
140.000000 -0.999874
141.000000 -0.999885
142.000000 -0.999895
143.000000 -0.999904
144.000000 -0.999912
145.000000 -0.999920
146.000000 -0.999927
147.000000 -0.999933
148.000000 -0.999939
149.000000 -0.999944
150.000000 -0.999949
151.000000 -0.999953
152.000000 -0.999957
153.000000 -0.999961
154.000000 -0.999965
155.000000 -0.999968
156.000000 -0.999970
157.000000 -0.999973
158.000000 -0.999975
159.000000 -0.999977
160.000000 -0.999979
161.000000 -0.999981
162.000000 -0.999983
163.000000 -0.999984
164.000000 -0.999986
165.000000 -0.999987
166.000000 -0.999988
167.000000 -0.999989
168.000000 -0.999990
169.000000 -0.999991
170.000000 -0.999992
171.000000 -0.999992
172.000000 -0.999993
173.000000 -0.999994
174.000000 -0.999994
175.000000 -0.999995
176.000000 -0.999995
177.000000 -0.999996
178.000000 -0.999996
179.000000 -0.999996
180.000000 -0.999997
181.000000 -0.999997
182.000000 -0.999997
183.000000 -0.999997
184.000000 -0.999998
185.000000 -0.999998
186.000000 -0.999998
187.000000 -0.999998
188.000000 -0.999998
189.000000 -0.999999
190.000000 -0.999999
191.000000 -0.999999
192.000000 -0.999999
193.000000 -0.999999
194.000000 -0.999999
195.000000 -0.999999
196.000000 -0.999999
197.000000 -0.999999
198.000000 -0.999999
199.000000 -0.999999
200.000000 -0.999999
201.000000 -0.999999
202.000000 -1.000000
203.000000 -1.000000
204.000000 -1.000000
205.000000 -1.000000
206.000000 -1.058964
207.000000 -1.123820
208.000000 -1.171296
209.000000 -1.210601
210.000000 -1.248018
211.000000 -1.281663
212.000000 -1.311801
213.000000 -1.341791
214.000000 -1.373823
215.000000 -1.408450
216.000000 -1.445788
217.000000 -1.485754
218.000000 -1.527798
219.000000 -1.571012
220.000000 -1.614395
221.000000 -1.656982
222.000000 -1.697894
223.000000 -1.736386
224.000000 -1.771900
225.000000 -1.804076
226.000000 -1.832735
227.000000 -1.857864
228.000000 -1.879586
229.000000 -1.898129
230.000000 -1.913791
231.000000 -1.926910
232.000000 -1.937841
233.000000 -1.946926
234.000000 -1.954487
235.000000 -1.960808
236.000000 -1.966136
237.000000 -1.970672
238.000000 -1.974578
239.000000 -1.977981
240.000000 -1.980972
241.000000 -1.983620
242.000000 -1.985972
243.000000 -1.988062
244.000000 -1.989913
245.000000 -1.991542
246.000000 -1.992965
247.000000 -1.994194
248.000000 -1.995245
249.000000 -1.996131
250.000000 -1.996870
251.000000 -1.997477
252.000000 -1.997969
253.000000 -1.998364
254.000000 -1.998677
255.000000 -1.998923
256.000000 -1.999116
257.000000 -1.999267
258.000000 -1.999386
259.000000 -1.999480
260.000000 -1.999557
261.000000 -1.999621
262.000000 -1.999676
263.000000 -1.999723
264.000000 -1.999765
265.000000 -1.999802
266.000000 -1.999836
267.000000 -1.999865
268.000000 -1.999892
269.000000 -1.999914
270.000000 -1.999934
271.000000 -1.999950
272.000000 -1.999963
273.000000 -1.999973
274.000000 -1.999981
275.000000 -1.999987
276.000000 -1.999992
277.000000 -1.999995
278.000000 -1.999997
279.000000 -1.999998
280.000000 -1.999998
281.000000 -1.999998
282.000000 -1.999998
283.000000 -1.999998
284.000000 -1.999998
285.000000 -1.999998
286.000000 -1.999999
287.000000 -1.999999
288.000000 -1.999999
289.000000 -1.999999
290.000000 -1.999999
291.000000 -2.000000
292.000000 -2.000000
293.000000 -2.000000
294.000000 -2.000000
295.000000 -2.000000
296.000000 -2.000000
297.000000 -2.000000
298.000000 -2.000000
299.000000 -2.000000
300.000000 -2.000000
301.000000 -2.000000
302.000000 -2.000000
303.000000 -2.000000
304.000000 -2.000000
305.000000 -2.000000
306.000000 -2.000000
307.000000 -2.000000
308.000000 -2.000000
309.000000 -2.000000
310.000000 -2.000000
311.000000 -2.000000
312.000000 -2.000000
313.000000 -2.000000
314.000000 -2.000000
315.000000 -2.000000
316.000000 -2.000000
317.000000 -2.000000
318.000000 -2.000000
319.000000 -2.000000
320.000000 -2.000000
321.000000 -2.000000
322.000000 -2.000000
323.000000 -2.000000
324.000000 -2.000000
325.000000 -2.000000
326.000000 -2.000000
327.000000 -2.000000
328.000000 -2.000000
329.000000 -2.000000
330.000000 -2.000000
331.000000 -2.000000
332.000000 -2.000000
333.000000 -2.000000
334.000000 -2.000000
335.000000 -2.000000
336.000000 -2.000000
337.000000 -2.000000
338.000000 -2.000000
339.000000 -2.000000
340.000000 -2.000000
341.000000 -2.000000
342.000000 -2.000000
343.000000 -2.000000
344.000000 -2.000000
345.000000 -2.000000
346.000000 -2.000000
347.000000 -2.000000
348.000000 -2.000000
349.000000 -2.000000
350.000000 -2.000000
351.000000 -2.000000
352.000000 -2.000000
353.000000 -2.000000
354.000000 -2.000000
355.000000 -2.000000
356.000000 -2.000000
357.000000 -2.000000
358.000000 -2.000000
359.000000 -2.000000
360.000000 -2.000000
361.000000 -2.000000
362.000000 -2.000000
363.000000 -2.000000
364.000000 -2.000000
365.000000 -2.000000
366.000000 -2.000000
367.000000 -2.000000
368.000000 -2.000000
369.000000 -2.000000
370.000000 -2.000000
371.000000 -2.000000
372.000000 -2.000000
373.000000 -2.000000
374.000000 -2.000000
375.000000 -2.000000
376.000000 -2.000000
377.000000 -2.000000
378.000000 -2.000000
379.000000 -2.000000
380.000000 -2.000000
381.000000 -2.000000
382.000000 -2.000000
383.000000 -2.000000
384.000000 -2.000000
385.000000 -2.000000
386.000000 -2.000000
387.000000 -2.000000
388.000000 -2.000000
389.000000 -2.000000
390.000000 -2.000000
391.000000 -2.000000
392.000000 -2.000000
393.000000 -2.000000
394.000000 -2.000000
395.000000 -2.000000
396.000000 -2.000000
397.000000 -2.000000
398.000000 -2.000000
399.000000 -2.000000
400.000000 -2.000000
401.000000 -2.000000
402.000000 -2.000000
403.000000 -2.000000
404.000000 -2.000000
405.000000 -2.000000
406.000000 -1.325108
407.000000 -0.811931
408.000000 -0.480609
409.000000 -0.281582
410.000000 -0.172454
411.000000 -0.149864
412.000000 -0.201280
413.000000 -0.290561
414.000000 -0.390175
415.000000 -0.482462
416.000000 -0.554919
417.000000 -0.598700
418.000000 -0.611277
419.000000 -0.595934
420.000000 -0.559448
421.000000 -0.510124
422.000000 -0.456250
423.000000 -0.404624
424.000000 -0.359713
425.000000 -0.323593
426.000000 -0.296384
427.000000 -0.276864
428.000000 -0.263095
429.000000 -0.252976
430.000000 -0.244645
431.000000 -0.236714
432.000000 -0.228347
433.000000 -0.219216
434.000000 -0.209380
435.000000 -0.199130
436.000000 -0.188846
437.000000 -0.178880
438.000000 -0.169489
439.000000 -0.160815
440.000000 -0.152888
441.000000 -0.145654
442.000000 -0.139016
443.000000 -0.132859
444.000000 -0.127079
445.000000 -0.121593
446.000000 -0.116346
447.000000 -0.111306
448.000000 -0.106461
449.000000 -0.101806
450.000000 -0.097344
451.000000 -0.093074
452.000000 -0.088993
453.000000 -0.085096
454.000000 -0.081373
455.000000 -0.077813
456.000000 -0.074405
457.000000 -0.071138
458.000000 -0.068002
459.000000 -0.064988
460.000000 -0.062089
461.000000 -0.059299
462.000000 -0.056611
463.000000 -0.054022
464.000000 -0.051527
465.000000 -0.049120
466.000000 -0.046798
467.000000 -0.044557
468.000000 -0.042393
469.000000 -0.040301
470.000000 -0.038279
471.000000 -0.036324
472.000000 -0.034431
473.000000 -0.032599
474.000000 -0.030824
475.000000 -0.029105
476.000000 -0.027438
477.000000 -0.025822
478.000000 -0.024254
479.000000 -0.022732
480.000000 -0.021255
481.000000 -0.019820
482.000000 -0.018426
483.000000 -0.017071
484.000000 -0.015754
485.000000 -0.014473
486.000000 -0.013227
487.000000 -0.012015
488.000000 -0.010834
489.000000 -0.009685
490.000000 -0.008565
491.000000 -0.007475
492.000000 -0.006412
493.000000 -0.005375
494.000000 -0.004365
495.000000 -0.003379
496.000000 -0.002418
497.000000 -0.001479
498.000000 -0.000563
499.000000 0.000331
500.000000 0.001204
501.000000 0.002057
502.000000 0.002891
503.000000 0.003705
504.000000 0.004501
505.000000 0.005280
506.000000 0.006041
507.000000 0.006785
508.000000 0.007514
509.000000 0.008227
510.000000 0.008924
511.000000 0.009607
512.000000 0.010275
513.000000 0.010930
514.000000 0.011571
515.000000 0.012200
516.000000 0.012815
517.000000 0.013418
518.000000 0.014009
519.000000 0.014589
520.000000 0.015157
521.000000 0.015714
522.000000 0.016261
523.000000 0.016797
524.000000 0.017323
525.000000 0.017839
526.000000 0.018346
527.000000 0.018843
528.000000 0.019331
529.000000 0.019811
530.000000 0.020281
531.000000 0.020744
532.000000 0.021198
533.000000 0.021644
534.000000 0.022082
535.000000 0.022513
536.000000 0.022937
537.000000 0.023353
538.000000 0.023762
539.000000 0.024164
540.000000 0.024560
541.000000 0.024949
542.000000 0.025331
543.000000 0.025708
544.000000 0.026078
545.000000 0.026443
546.000000 0.026801
547.000000 0.027154
548.000000 0.027502
549.000000 0.027844
550.000000 0.028180
551.000000 0.028512
552.000000 0.028838
553.000000 0.029160
554.000000 0.029477
555.000000 0.029789
556.000000 0.030096
557.000000 0.030399
558.000000 0.030697
559.000000 0.030991
560.000000 0.031281
561.000000 0.031567
562.000000 0.031848
563.000000 0.032126
564.000000 0.032400
565.000000 0.032670
566.000000 0.032936
567.000000 0.033198
568.000000 0.033457
569.000000 0.033713
570.000000 0.033965
571.000000 0.034214
572.000000 0.034459
573.000000 0.034701
574.000000 0.034940
575.000000 0.035176
576.000000 0.035409
577.000000 0.035639
578.000000 0.035866
579.000000 0.036090
580.000000 0.036311
581.000000 0.036529
582.000000 0.036745
583.000000 0.036958
584.000000 0.037169
585.000000 0.037377
586.000000 0.037582
587.000000 0.037785
588.000000 0.037986
589.000000 0.038184
590.000000 0.038380
591.000000 0.038573
592.000000 0.038765
593.000000 0.038954
594.000000 0.039141
595.000000 0.039326
596.000000 0.039508
597.000000 0.039689
598.000000 0.039868
599.000000 0.040045
600.000000 0.040219
601.000000 0.040392
602.000000 0.040563
603.000000 0.040732
604.000000 0.040900
605.000000 0.041065
606.000000 -0.018801
607.000000 -0.109309
608.000000 -0.172936
609.000000 -0.223841
610.000000 -0.271689
611.000000 -0.317786
612.000000 -0.362065
613.000000 -0.408882
614.000000 -0.461514
615.000000 -0.520816
616.000000 -0.586632
617.000000 -0.658486
618.000000 -0.735405
619.000000 -0.815978
620.000000 -0.898667
621.000000 -0.981999
622.000000 -1.064623
623.000000 -1.145352
624.000000 -1.223206
625.000000 -1.297425
626.000000 -1.367459
627.000000 -1.432944
628.000000 -1.493681
629.000000 -1.549606
630.000000 -1.600769
631.000000 -1.647302
632.000000 -1.689403
633.000000 -1.727310
634.000000 -1.761292
635.000000 -1.791630
636.000000 -1.818611
637.000000 -1.842521
638.000000 -1.863634
639.000000 -1.882217
640.000000 -1.898519
641.000000 -1.912774
642.000000 -1.925202
643.000000 -1.936003
644.000000 -1.945362
645.000000 -1.953449
646.000000 -1.960416
647.000000 -1.966403
648.000000 -1.971534
649.000000 -1.975920
650.000000 -1.979662
651.000000 -1.982848
652.000000 -1.985554
653.000000 -1.987849
654.000000 -1.989792
655.000000 -1.991436
656.000000 -1.992823
657.000000 -1.993994
658.000000 -1.994980
659.000000 -1.995810
660.000000 -1.996508
661.000000 -1.997094
662.000000 -1.997586
663.000000 -1.997998
664.000000 -1.998343
665.000000 -1.998631
666.000000 -1.998871
667.000000 -1.999071
668.000000 -1.999237
669.000000 -1.999374
670.000000 -1.999488
671.000000 -1.999582
672.000000 -1.999659
673.000000 -1.999723
674.000000 -1.999775
675.000000 -1.999817
676.000000 -1.999852
677.000000 -1.999881
678.000000 -1.999904
679.000000 -1.999923
680.000000 -1.999938
681.000000 -1.999950
682.000000 -1.999960
683.000000 -1.999968
684.000000 -1.999975
685.000000 -1.999980
686.000000 -1.999985
687.000000 -1.999988
688.000000 -1.999991
689.000000 -1.999993
690.000000 -1.999995
691.000000 -1.999996
692.000000 -1.999997
693.000000 -1.999998
694.000000 -1.999999
695.000000 -1.999999
696.000000 -1.999999
697.000000 -2.000000
698.000000 -2.000000
699.000000 -2.000000
700.000000 -2.000000
701.000000 -2.000000
702.000000 -2.000000
703.000000 -2.000000
704.000000 -2.000000
705.000000 -2.000000
706.000000 -2.000000
707.000000 -2.000000
708.000000 -2.000000
709.000000 -2.000000
710.000000 -2.000000
711.000000 -2.000000
712.000000 -2.000000
713.000000 -2.000000
714.000000 -2.000000
715.000000 -2.000000
716.000000 -2.000000
717.000000 -2.000000
718.000000 -2.000000
719.000000 -2.000000
720.000000 -2.000000
721.000000 -2.000000
722.000000 -2.000000
723.000000 -2.000000
724.000000 -2.000000
725.000000 -2.000000
726.000000 -2.000000
727.000000 -2.000000
728.000000 -2.000000
729.000000 -2.000000
730.000000 -2.000000
731.000000 -2.000000
732.000000 -2.000000
733.000000 -2.000000
734.000000 -2.000000
735.000000 -2.000000
736.000000 -2.000000
737.000000 -2.000000
738.000000 -2.000000
739.000000 -2.000000
740.000000 -2.000000
741.000000 -2.000000
742.000000 -2.000000
743.000000 -2.000000
744.000000 -2.000000
745.000000 -2.000000
746.000000 -2.000000
747.000000 -2.000000
748.000000 -2.000000
749.000000 -2.000000
750.000000 -2.000000
751.000000 -2.000000
752.000000 -2.000000
753.000000 -2.000000
754.000000 -2.000000
755.000000 -2.000000
756.000000 -2.000000
757.000000 -2.000000
758.000000 -2.000000
759.000000 -2.000000
760.000000 -2.000000
761.000000 -2.000000
762.000000 -2.000000
763.000000 -2.000000
764.000000 -2.000000
765.000000 -2.000000
766.000000 -2.000000
767.000000 -2.000000
768.000000 -2.000000
769.000000 -2.000000
770.000000 -2.000000
771.000000 -2.000000
772.000000 -2.000000
773.000000 -2.000000
774.000000 -2.000000
775.000000 -2.000000
776.000000 -2.000000
777.000000 -2.000000
778.000000 -2.000000
779.000000 -2.000000
780.000000 -2.000000
781.000000 -2.000000
782.000000 -2.000000
783.000000 -2.000000
784.000000 -2.000000
785.000000 -2.000000
786.000000 -2.000000
787.000000 -2.000000
788.000000 -2.000000
789.000000 -2.000000
790.000000 -2.000000
791.000000 -2.000000
792.000000 -2.000000
793.000000 -2.000000
794.000000 -2.000000
795.000000 -2.000000
796.000000 -2.000000
797.000000 -2.000000
798.000000 -2.000000
799.000000 -2.000000
800.000000 -2.000000
801.000000 -2.000000
802.000000 -2.000000
803.000000 -2.000000
804.000000 -2.000000
805.000000 -2.000000
806.000000 -1.810782
807.000000 -1.626656
808.000000 -1.474896
809.000000 -1.347906
810.000000 -1.239384
811.000000 -1.164761
812.000000 -1.123573
813.000000 -1.106950
814.000000 -1.107277
815.000000 -1.119105
816.000000 -1.136686
817.000000 -1.154672
818.000000 -1.169362
819.000000 -1.178664
820.000000 -1.181633
821.000000 -1.178286
822.000000 -1.169444
823.000000 -1.156431
824.000000 -1.140761
825.000000 -1.123915
826.000000 -1.107192
827.000000 -1.091601
828.000000 -1.077819
829.000000 -1.066200
830.000000 -1.056818
831.000000 -1.049532
832.000000 -1.044056
833.000000 -1.040026
834.000000 -1.037060
835.000000 -1.034801
836.000000 -1.032947
837.000000 -1.031266
838.000000 -1.029600
839.000000 -1.027861
840.000000 -1.026016
841.000000 -1.024079
842.000000 -1.022087
843.000000 -1.020093
844.000000 -1.018153
845.000000 -1.016316
846.000000 -1.014618
847.000000 -1.013085
848.000000 -1.011726
849.000000 -1.010538
850.000000 -1.009512
851.000000 -1.008628
852.000000 -1.007866
853.000000 -1.007203
854.000000 -1.006619
855.000000 -1.006097
856.000000 -1.005621
857.000000 -1.005181
858.000000 -1.004771
859.000000 -1.004384
860.000000 -1.004020
861.000000 -1.003677
862.000000 -1.003356
863.000000 -1.003057
864.000000 -1.002780
865.000000 -1.002527
866.000000 -1.002296
867.000000 -1.002087
868.000000 -1.001899
869.000000 -1.001729
870.000000 -1.001576
871.000000 -1.001439
872.000000 -1.001315
873.000000 -1.001203
874.000000 -1.001101
875.000000 -1.001008
876.000000 -1.000923
877.000000 -1.000844
878.000000 -1.000772
879.000000 -1.000706
880.000000 -1.000645
881.000000 -1.000589
882.000000 -1.000538
883.000000 -1.000491
884.000000 -1.000448
885.000000 -1.000408
886.000000 -1.000373
887.000000 -1.000340
888.000000 -1.000310
889.000000 -1.000283
890.000000 -1.000259
891.000000 -1.000236
892.000000 -1.000216
893.000000 -1.000197
894.000000 -1.000180
895.000000 -1.000165
896.000000 -1.000151
897.000000 -1.000138
898.000000 -1.000126
899.000000 -1.000115
900.000000 -1.000105
901.000000 -1.000096
902.000000 -1.000087
903.000000 -1.000080
904.000000 -1.000073
905.000000 -1.000067
906.000000 -1.000061
907.000000 -1.000055
908.000000 -1.000051
909.000000 -1.000046
910.000000 -1.000042
911.000000 -1.000039
912.000000 -1.000035
913.000000 -1.000032
914.000000 -1.000029
915.000000 -1.000027
916.000000 -1.000025
917.000000 -1.000022
918.000000 -1.000020
919.000000 -1.000019
920.000000 -1.000017
921.000000 -1.000016
922.000000 -1.000014
923.000000 -1.000013
924.000000 -1.000012
925.000000 -1.000011
926.000000 -1.000010
927.000000 -1.000009
928.000000 -1.000008
929.000000 -1.000008
930.000000 -1.000007
931.000000 -1.000006
932.000000 -1.000006
933.000000 -1.000005
934.000000 -1.000005
935.000000 -1.000004
936.000000 -1.000004
937.000000 -1.000004
938.000000 -1.000003
939.000000 -1.000003
940.000000 -1.000003
941.000000 -1.000003
942.000000 -1.000002
943.000000 -1.000002
944.000000 -1.000002
945.000000 -1.000002
946.000000 -1.000002
947.000000 -1.000001
948.000000 -1.000001
949.000000 -1.000001
950.000000 -1.000001
951.000000 -1.000001
952.000000 -1.000001
953.000000 -1.000001
954.000000 -1.000001
955.000000 -1.000001
956.000000 -1.000001
957.000000 -1.000001
958.000000 -1.000001
959.000000 -1.000000
960.000000 -1.000000
961.000000 -1.000000
962.000000 -1.000000
963.000000 -1.000000
964.000000 -1.000000
965.000000 -1.000000
966.000000 -1.000000
967.000000 -1.000000
968.000000 -1.000000
969.000000 -1.000000
970.000000 -1.000000
971.000000 -1.000000
972.000000 -1.000000
973.000000 -1.000000
974.000000 -1.000000
975.000000 -1.000000
976.000000 -1.000000
977.000000 -1.000000
978.000000 -1.000000
979.000000 -1.000000
980.000000 -1.000000
981.000000 -1.000000
982.000000 -1.000000
983.000000 -1.000000
984.000000 -1.000000
985.000000 -1.000000
986.000000 -1.000000
987.000000 -1.000000
988.000000 -1.000000
989.000000 -1.000000
990.000000 -1.000000
991.000000 -1.000000
992.000000 -1.000000
993.000000 -1.000000
994.000000 -1.000000
995.000000 -1.000000
996.000000 -1.000000
997.000000 -1.000000
998.000000 -1.000000
999.000000 -1.000000
1000.000000 -1.000000
