1.000000 0.000000
2.000000 0.000000
3.000000 0.000000
4.000000 0.000000
5.000000 0.000000
6.000000 0.000000
7.000000 0.000000
8.000000 0.000000
9.000000 0.000000
10.000000 0.000000
11.000000 0.000000
12.000000 0.000000
13.000000 0.000000
14.000000 0.000000
15.000000 0.000000
16.000000 0.000000
17.000000 0.000000
18.000000 0.000000
19.000000 0.000000
20.000000 0.000000
21.000000 -1.000000
22.000000 -0.092624
23.000000 -0.152894
24.000000 -0.213164
25.000000 -0.273434
26.000000 -0.236986
27.000000 -0.275720
28.000000 -0.364540
29.000000 -0.426543
30.000000 -0.470900
31.000000 -0.519518
32.000000 -0.564199
33.000000 -0.592117
34.000000 -0.607498
35.000000 -0.616567
36.000000 -0.619515
37.000000 -0.616102
38.000000 -0.609236
39.000000 -0.601909
40.000000 -0.595412
41.000000 -0.590588
42.000000 -0.588484
43.000000 -0.589579
44.000000 -0.593464
45.000000 -0.599305
46.000000 -0.606141
47.000000 -0.612873
48.000000 -0.618426
49.000000 -0.622019
50.000000 -0.623272
51.000000 -0.622178
52.000000 -0.619054
53.000000 -0.614483
54.000000 -0.609201
55.000000 -0.603970
56.000000 -0.599473
57.000000 -0.596232
58.000000 -0.594547
59.000000 -0.594467
60.000000 -0.595802
61.000000 -0.598175
62.000000 -0.601091
63.000000 -0.604028
64.000000 -0.606520
65.000000 -0.608223
66.000000 -0.608954
67.000000 -0.608698
68.000000 -0.607593
69.000000 -0.605886
70.000000 -0.603891
71.000000 -0.601931
72.000000 -0.600292
73.000000 -0.599187
74.000000 -0.598726
75.000000 -0.598918
76.000000 -0.599669
77.000000 -0.600815
78.000000 -0.602147
79.000000 -0.603449
80.000000 -0.604532
81.000000 -0.605261
82.000000 -0.605565
83.000000 -0.605446
84.000000 -0.604967
85.000000 -0.604238
86.000000 -0.603394
87.000000 -0.602572
88.000000 -0.601892
89.000000 -0.601442
90.000000 -0.601265
91.000000 -0.601360
92.000000 -0.601685
93.000000 -0.602169
94.000000 -0.602723
95.000000 -0.603257
96.000000 -0.603695
97.000000 -0.603980
98.000000 -0.604086
99.000000 -0.604016
100.000000 -0.603798
101.000000 -0.603480
102.000000 -0.603119
103.000000 -0.602773
104.000000 -0.602492
105.000000 -0.602310
106.000000 -0.602245
107.000000 -0.602294
108.000000 -0.602438
109.000000 -0.602646
110.000000 -0.602880
111.000000 -0.603103
112.000000 -0.603283
113.000000 -0.603397
114.000000 -0.603435
115.000000 -0.603400
116.000000 -0.603304
117.000000 -0.603168
118.000000 -0.603015
119.000000 -0.602871
120.000000 -0.602756
121.000000 -0.602684
122.000000 -0.602661
123.000000 -0.602686
124.000000 -0.602750
125.000000 -0.602839
126.000000 -0.602938
127.000000 -0.603031
128.000000 -0.603105
129.000000 -0.603151
130.000000 -0.603164
131.000000 -0.603147
132.000000 -0.603104
133.000000 -0.603046
134.000000 -0.602981
135.000000 -0.602921
136.000000 -0.602874
137.000000 -0.602846
138.000000 -0.602838
139.000000 -0.602850
140.000000 -0.602878
141.000000 -0.602916
142.000000 -0.602958
143.000000 -0.602997
144.000000 -0.603027
145.000000 -0.603045
146.000000 -0.603049
147.000000 -0.603041
148.000000 -0.603022
149.000000 -0.602997
150.000000 -0.602970
151.000000 -0.602945
152.000000 -0.602926
153.000000 -0.602915
154.000000 -0.602912
155.000000 -0.602918
156.000000 -0.602930
157.000000 -0.602947
158.000000 -0.602964
159.000000 -0.602980
160.000000 -0.602993
161.000000 -0.603000
162.000000 -0.603001
163.000000 -0.602997
164.000000 -0.602989
165.000000 -0.602978
166.000000 -0.602967
167.000000 -0.602957
168.000000 -0.602949
169.000000 -0.602944
170.000000 -0.602943
171.000000 -0.602946
172.000000 -0.602952
173.000000 -0.602959
174.000000 -0.602966
175.000000 -0.602973
176.000000 -0.602978
177.000000 -0.602980
178.000000 -0.602981
179.000000 -0.602979
180.000000 -0.602975
181.000000 -0.602971
182.000000 -0.602966
183.000000 -0.602962
184.000000 -0.602959
185.000000 -0.602957
186.000000 -0.602957
187.000000 -0.602958
188.000000 -0.602960
189.000000 -0.602963
190.000000 -0.602966
191.000000 -0.602969
192.000000 -0.602971
193.000000 -0.602972
194.000000 -0.602972
195.000000 -0.602971
196.000000 -0.602970
197.000000 -0.602968
198.000000 -0.602966
199.000000 -0.602964
200.000000 -0.602963
201.000000 0.470143
202.000000 -0.255758
203.000000 -0.207542
204.000000 -0.159327
205.000000 -0.111113
206.000000 -0.570932
207.000000 -0.571083
208.000000 -0.510792
209.000000 -0.467189
210.000000 -0.441815
211.000000 -0.388162
212.000000 -0.307891
213.000000 -0.250234
214.000000 -0.215669
215.000000 -0.195844
216.000000 -0.193520
217.000000 -0.215475
218.000000 -0.250306
219.000000 -0.282918
220.000000 -0.306200
221.000000 -0.317984
222.000000 -0.318044
223.000000 -0.308741
224.000000 -0.293836
225.000000 -0.277026
226.000000 -0.261386
227.000000 -0.249370
228.000000 -0.242529
229.000000 -0.241159
230.000000 -0.244347
231.000000 -0.250370
232.000000 -0.257205
233.000000 -0.263072
234.000000 -0.266822
235.000000 -0.268062
236.000000 -0.267022
237.000000 -0.264337
238.000000 -0.260825
239.000000 -0.257297
240.000000 -0.254406
241.000000 -0.252551
242.000000 -0.251849
243.000000 -0.252162
244.000000 -0.253175
245.000000 -0.254494
246.000000 -0.255750
247.000000 -0.256672
248.000000 -0.257119
249.000000 -0.257081
250.000000 -0.256653
251.000000 -0.255989
252.000000 -0.255260
253.000000 -0.254614
254.000000 -0.254154
255.000000 -0.253921
256.000000 -0.253906
257.000000 -0.254055
258.000000 -0.254294
259.000000 -0.254548
260.000000 -0.254756
261.000000 -0.254878
262.000000 -0.254903
263.000000 -0.254843
264.000000 -0.254724
265.000000 -0.254579
266.000000 -0.254440
267.000000 -0.254332
268.000000 -0.254267
269.000000 -0.254246
270.000000 -0.254263
271.000000 -0.254303
272.000000 -0.254352
273.000000 -0.254396
274.000000 -0.254426
275.000000 -0.254437
276.000000 -0.254431
277.000000 -0.254410
278.000000 -0.254382
279.000000 -0.254354
280.000000 -0.254329
281.000000 -0.254312
282.000000 -0.254304
283.000000 -0.254305
284.000000 -0.254311
285.000000 -0.254320
286.000000 -0.254329
287.000000 -0.254335
288.000000 -0.254339
289.000000 -0.254339
290.000000 -0.254335
291.000000 -0.254330
292.000000 -0.254324
293.000000 -0.254319
294.000000 -0.254315
295.000000 -0.254312
296.000000 -0.254312
297.000000 -0.254313
298.000000 -0.254314
299.000000 -0.254316
300.000000 -0.254317
301.000000 -0.254318
302.000000 -0.254318
303.000000 -0.254318
304.000000 -0.254317
305.000000 -0.254316
306.000000 -0.254315
307.000000 -0.254314
308.000000 -0.254313
309.000000 -0.254313
310.000000 -0.254313
311.000000 -0.254313
312.000000 -0.254313
313.000000 -0.254314
314.000000 -0.254314
315.000000 -0.254314
316.000000 -0.254314
317.000000 -0.254314
318.000000 -0.254313
319.000000 -0.254313
320.000000 -0.254313
321.000000 -0.254313
322.000000 -0.254313
323.000000 -0.254313
324.000000 -0.254313
325.000000 -0.254313
326.000000 -0.254313
327.000000 -0.254313
328.000000 -0.254313
329.000000 -0.254313
330.000000 -0.254313
331.000000 -0.254313
332.000000 -0.254313
333.000000 -0.254313
334.000000 -0.254313
335.000000 -0.254313
336.000000 -0.254313
337.000000 -0.254313
338.000000 -0.254313
339.000000 -0.254313
340.000000 -0.254313
341.000000 -0.254313
342.000000 -0.254313
343.000000 -0.254313
344.000000 -0.254313
345.000000 -0.254313
346.000000 -0.254313
347.000000 -0.254313
348.000000 -0.254313
349.000000 -0.254313
350.000000 -0.254313
351.000000 -0.254313
352.000000 -0.254313
353.000000 -0.254313
354.000000 -0.254313
355.000000 -0.254313
356.000000 -0.254313
357.000000 -0.254313
358.000000 -0.254313
359.000000 -0.254313
360.000000 -0.254313
361.000000 -0.254313
362.000000 -0.254313
363.000000 -0.254313
364.000000 -0.254313
365.000000 -0.254313
366.000000 -0.254313
367.000000 -0.254313
368.000000 -0.254313
369.000000 -0.254313
370.000000 -0.254313
371.000000 -0.254313
372.000000 -0.254313
373.000000 -0.254313
374.000000 -0.254313
375.000000 -0.254313
376.000000 -0.254313
377.000000 -0.254313
378.000000 -0.254313
379.000000 -0.254313
380.000000 -0.254313
381.000000 -0.254313
382.000000 -0.254313
383.000000 -0.254313
384.000000 -0.254313
385.000000 -0.254313
386.000000 -0.254313
387.000000 -0.254313
388.000000 -0.254313
389.000000 -0.254313
390.000000 -0.254313
391.000000 -0.254313
392.000000 -0.254313
393.000000 -0.254313
394.000000 -0.254313
395.000000 -0.254313
396.000000 -0.254313
397.000000 -0.254313
398.000000 -0.254313
399.000000 -0.254313
400.000000 -0.254313
401.000000 -1.000000
402.000000 0.633277
403.000000 0.524791
404.000000 0.416305
405.000000 0.307818
406.000000 0.303840
407.000000 -0.011659
408.000000 -0.169999
409.000000 -0.271088
410.000000 -0.372489
411.000000 -0.479405
412.000000 -0.596970
413.000000 -0.693345
414.000000 -0.779927
415.000000 -0.857047
416.000000 -0.920664
417.000000 -0.966571
418.000000 -0.995699
419.000000 -1.000000
420.000000 -0.999935
421.000000 -0.987240
422.000000 -0.964796
423.000000 -0.935918
424.000000 -0.905772
425.000000 -0.876395
426.000000 -0.850142
427.000000 -0.829829
428.000000 -0.817492
429.000000 -0.814198
430.000000 -0.817662
431.000000 -0.826441
432.000000 -0.839584
433.000000 -0.855832
434.000000 -0.873014
435.000000 -0.887246
436.000000 -0.897207
437.000000 -0.902185
438.000000 -0.901871
439.000000 -0.896505
440.000000 -0.887263
441.000000 -0.875675
442.000000 -0.863308
443.000000 -0.851696
444.000000 -0.842249
445.000000 -0.836025
446.000000 -0.833594
447.000000 -0.835025
448.000000 -0.839900
449.000000 -0.847373
450.000000 -0.856299
451.000000 -0.865418
452.000000 -0.873548
453.000000 -0.879734
454.000000 -0.883358
455.000000 -0.884188
456.000000 -0.882362
457.000000 -0.878337
458.000000 -0.872793
459.000000 -0.866540
460.000000 -0.860406
461.000000 -0.855143
462.000000 -0.851343
463.000000 -0.849376
464.000000 -0.849357
465.000000 -0.851147
466.000000 -0.854385
467.000000 -0.858546
468.000000 -0.863027
469.000000 -0.867226
470.000000 -0.870627
471.000000 -0.872859
472.000000 -0.873734
473.000000 -0.873250
474.000000 -0.871576
475.000000 -0.869016
476.000000 -0.865961
477.000000 -0.862829
478.000000 -0.860018
479.000000 -0.857857
480.000000 -0.856568
481.000000 -0.856249
482.000000 -0.856868
483.000000 -0.858276
484.000000 -0.860235
485.000000 -0.862454
486.000000 -0.864629
487.000000 -0.866488
488.000000 -0.867820
489.000000 -0.868498
490.000000 -0.868487
491.000000 -0.867844
492.000000 -0.866699
493.000000 -0.865235
494.000000 -0.863662
495.000000 -0.862185
496.000000 -0.860982
497.000000 -0.860186
498.000000 -0.859864
499.000000 -0.860022
500.000000 -0.860604
501.000000 -0.861503
502.000000 -0.862581
503.000000 -0.863687
504.000000 -0.864680
505.000000 -0.865442
506.000000 -0.865895
507.000000 -0.866005
508.000000 -0.865786
509.000000 -0.865290
510.000000 -0.864602
511.000000 -0.863824
512.000000 -0.863060
513.000000 -0.862405
514.000000 -0.861934
515.000000 -0.861692
516.000000 -0.861693
517.000000 -0.861917
518.000000 -0.862319
519.000000 -0.862834
520.000000 -0.863389
521.000000 -0.863911
522.000000 -0.864335
523.000000 -0.864616
524.000000 -0.864729
525.000000 -0.864674
526.000000 -0.864469
527.000000 -0.864153
528.000000 -0.863774
529.000000 -0.863385
530.000000 -0.863035
531.000000 -0.862766
532.000000 -0.862606
533.000000 -0.862566
534.000000 -0.862642
535.000000 -0.862815
536.000000 -0.863057
537.000000 -0.863332
538.000000 -0.863601
539.000000 -0.863832
540.000000 -0.863998
541.000000 -0.864084
542.000000 -0.864084
543.000000 -0.864005
544.000000 -0.863864
545.000000 -0.863683
546.000000 -0.863487
547.000000 -0.863304
548.000000 -0.863154
549.000000 -0.863055
550.000000 -0.863014
551.000000 -0.863033
552.000000 -0.863105
553.000000 -0.863216
554.000000 -0.863349
555.000000 -0.863487
556.000000 -0.863610
557.000000 -0.863705
558.000000 -0.863762
559.000000 -0.863776
560.000000 -0.863749
561.000000 -0.863688
562.000000 -0.863603
563.000000 -0.863507
564.000000 -0.863412
565.000000 -0.863330
566.000000 -0.863272
567.000000 -0.863241
568.000000 -0.863241
569.000000 -0.863269
570.000000 -0.863318
571.000000 -0.863382
572.000000 -0.863451
573.000000 -0.863516
574.000000 -0.863568
575.000000 -0.863603
576.000000 -0.863618
577.000000 -0.863611
578.000000 -0.863586
579.000000 -0.863547
580.000000 -0.863500
581.000000 -0.863452
582.000000 -0.863408
583.000000 -0.863375
584.000000 -0.863355
585.000000 -0.863350
586.000000 -0.863359
587.000000 -0.863380
588.000000 -0.863410
589.000000 -0.863444
590.000000 -0.863478
591.000000 -0.863506
592.000000 -0.863527
593.000000 -0.863538
594.000000 -0.863538
595.000000 -0.863528
596.000000 -0.863511
597.000000 -0.863488
598.000000 -0.863464
599.000000 -0.863441
600.000000 -0.863423
601.000000 1.000000
602.000000 -0.887337
603.000000 -0.761978
604.000000 -0.636625
605.000000 -0.511277
606.000000 -1.000000
607.000000 -0.925166
608.000000 -0.717479
609.000000 -0.557741
610.000000 -0.442751
611.000000 -0.297757
612.000000 -0.131386
613.000000 -0.016346
614.000000 0.038019
615.000000 0.044622
616.000000 -0.003894
617.000000 -0.107230
618.000000 -0.195161
619.000000 -0.222849
620.000000 -0.207506
621.000000 -0.176724
622.000000 -0.142260
623.000000 -0.104036
624.000000 -0.067698
625.000000 -0.041479
626.000000 -0.027881
627.000000 -0.024303
628.000000 -0.026975
629.000000 -0.031661
630.000000 -0.034341
631.000000 -0.033093
632.000000 -0.028244
633.000000 -0.021084
634.000000 -0.012934
635.000000 -0.004877
636.000000 0.002333
637.000000 0.008381
638.000000 0.013370
639.000000 0.017634
640.000000 0.021548
641.000000 0.025409
642.000000 0.029385
643.000000 0.033518
644.000000 0.037762
645.000000 0.042036
646.000000 0.046265
647.000000 0.050394
648.000000 0.054404
649.000000 0.058296
650.000000 0.062090
651.000000 0.065805
652.000000 0.069460
653.000000 0.073066
654.000000 0.076628
655.000000 0.080148
656.000000 0.083623
657.000000 0.087053
658.000000 0.090435
659.000000 0.093771
660.000000 0.097063
661.000000 0.100311
662.000000 0.103518
663.000000 0.106686
664.000000 0.109817
665.000000 0.112911
666.000000 0.115971
667.000000 0.118996
668.000000 0.121988
669.000000 0.124948
670.000000 0.127877
671.000000 0.130775
672.000000 0.133644
673.000000 0.136484
674.000000 0.139296
675.000000 0.142081
676.000000 0.144840
677.000000 0.147572
678.000000 0.150280
679.000000 0.152963
680.000000 0.155623
681.000000 0.158259
682.000000 0.160873
683.000000 0.163464
684.000000 0.166034
685.000000 0.168583
686.000000 0.171111
687.000000 0.173619
688.000000 0.176108
689.000000 0.178577
690.000000 0.181027
691.000000 0.183459
692.000000 0.185873
693.000000 0.188270
694.000000 0.190649
695.000000 0.193011
696.000000 0.195356
697.000000 0.197685
698.000000 0.199999
699.000000 0.202296
700.000000 0.204579
701.000000 0.206846
702.000000 0.209099
703.000000 0.211337
704.000000 0.213560
705.000000 0.215770
706.000000 0.217966
707.000000 0.220149
708.000000 0.222318
709.000000 0.224475
710.000000 0.226618
711.000000 0.228749
712.000000 0.230867
713.000000 0.232974
714.000000 0.235068
715.000000 0.237151
716.000000 0.239221
717.000000 0.241281
718.000000 0.243329
719.000000 0.245366
720.000000 0.247392
721.000000 0.249407
722.000000 0.251412
723.000000 0.253406
724.000000 0.255390
725.000000 0.257364
726.000000 0.259328
727.000000 0.261281
728.000000 0.263225
729.000000 0.265160
730.000000 0.267085
731.000000 0.269000
732.000000 0.270906
733.000000 0.272803
734.000000 0.274691
735.000000 0.276570
736.000000 0.278440
737.000000 0.280302
738.000000 0.282155
739.000000 0.283999
740.000000 0.285835
741.000000 0.287662
742.000000 0.289482
743.000000 0.291293
744.000000 0.293096
745.000000 0.294891
746.000000 0.296679
747.000000 0.298458
748.000000 0.300230
749.000000 0.301995
750.000000 0.303751
751.000000 0.305500
752.000000 0.307242
753.000000 0.308977
754.000000 0.310704
755.000000 0.312424
756.000000 0.314137
757.000000 0.315843
758.000000 0.317542
759.000000 0.319234
760.000000 0.320919
761.000000 0.322598
762.000000 0.324270
763.000000 0.325935
764.000000 0.327593
765.000000 0.329245
766.000000 0.330890
767.000000 0.332529
768.000000 0.334162
769.000000 0.335788
770.000000 0.337408
771.000000 0.339022
772.000000 0.340629
773.000000 0.342231
774.000000 0.343826
775.000000 0.345416
776.000000 0.346999
777.000000 0.348576
778.000000 0.350148
779.000000 0.351713
780.000000 0.353273
781.000000 0.354827
782.000000 0.356376
783.000000 0.357918
784.000000 0.359455
785.000000 0.360987
786.000000 0.362512
787.000000 0.364033
788.000000 0.365548
789.000000 0.367057
790.000000 0.368561
791.000000 0.370059
792.000000 0.371553
793.000000 0.373040
794.000000 0.374523
795.000000 0.376000
796.000000 0.377473
797.000000 0.378940
798.000000 0.380401
799.000000 0.381858
800.000000 0.383310
801.000000 -1.000000
802.000000 0.435096
803.000000 0.341306
804.000000 0.247510
805.000000 0.153710
806.000000 0.128066
807.000000 0.009832
808.000000 -0.124167
809.000000 -0.220390
810.000000 -0.307598
811.000000 -0.392800
812.000000 -0.478575
813.000000 -0.554853
814.000000 -0.620828
815.000000 -0.678157
816.000000 -0.725611
817.000000 -0.761526
818.000000 -0.786057
819.000000 -0.800483
820.000000 -0.805904
821.000000 -0.803596
822.000000 -0.795391
823.000000 -0.783389
824.000000 -0.769591
825.000000 -0.755855
826.000000 -0.743858
827.000000 -0.734915
828.000000 -0.729823
829.000000 -0.728804
830.000000 -0.731525
831.000000 -0.737150
832.000000 -0.744470
833.000000 -0.752125
834.000000 -0.758825
835.000000 -0.763545
836.000000 -0.765655
837.000000 -0.764966
838.000000 -0.761709
839.000000 -0.756455
840.000000 -0.749999
841.000000 -0.743240
842.000000 -0.737051
843.000000 -0.732175
844.000000 -0.729134
845.000000 -0.728173
846.000000 -0.729249
847.000000 -0.732044
848.000000 -0.736033
849.000000 -0.740571
850.000000 -0.744991
851.000000 -0.748705
852.000000 -0.751281
853.000000 -0.752481
854.000000 -0.752279
855.000000 -0.750841
856.000000 -0.748478
857.000000 -0.745597
858.000000 -0.742637
859.000000 -0.740005
860.000000 -0.738032
861.000000 -0.736933
862.000000 -0.736786
863.000000 -0.737534
864.000000 -0.739002
865.000000 -0.740930
866.000000 -0.743018
867.000000 -0.744966
868.000000 -0.746523
869.000000 -0.747513
870.000000 -0.747850
871.000000 -0.747547
872.000000 -0.746701
873.000000 -0.745474
874.000000 -0.744062
875.000000 -0.742672
876.000000 -0.741488
877.000000 -0.740651
878.000000 -0.740245
879.000000 -0.740287
880.000000 -0.740733
881.000000 -0.741487
882.000000 -0.742421
883.000000 -0.743391
884.000000 -0.744263
885.000000 -0.744928
886.000000 -0.745312
887.000000 -0.745389
888.000000 -0.745175
889.000000 -0.744724
890.000000 -0.744118
891.000000 -0.743453
892.000000 -0.742822
893.000000 -0.742309
894.000000 -0.741971
895.000000 -0.741841
896.000000 -0.741918
897.000000 -0.742173
898.000000 -0.742556
899.000000 -0.743005
900.000000 -0.743453
901.000000 -0.743840
902.000000 -0.744118
903.000000 -0.744260
904.000000 -0.744257
905.000000 -0.744124
906.000000 -0.743889
907.000000 -0.743593
908.000000 -0.743281
909.000000 -0.742997
910.000000 -0.742777
911.000000 -0.742645
912.000000 -0.742611
913.000000 -0.742671
914.000000 -0.742809
915.000000 -0.743000
916.000000 -0.743213
917.000000 -0.743418
918.000000 -0.743587
919.000000 -0.743700
920.000000 -0.743748
921.000000 -0.743729
922.000000 -0.743652
923.000000 -0.743532
924.000000 -0.743390
925.000000 -0.743245
926.000000 -0.743119
927.000000 -0.743026
928.000000 -0.742977
929.000000 -0.742973
930.000000 -0.743012
931.000000 -0.743085
932.000000 -0.743179
933.000000 -0.743279
934.000000 -0.743371
935.000000 -0.743444
936.000000 -0.743489
937.000000 -0.743503
938.000000 -0.743486
939.000000 -0.743444
940.000000 -0.743384
941.000000 -0.743316
942.000000 -0.743250
943.000000 -0.743194
944.000000 -0.743156
945.000000 -0.743139
946.000000 -0.743143
947.000000 -0.743166
948.000000 -0.743203
949.000000 -0.743249
950.000000 -0.743295
951.000000 -0.743337
952.000000 -0.743367
953.000000 -0.743385
954.000000 -0.743387
955.000000 -0.743375
956.000000 -0.743353
957.000000 -0.743323
958.000000 -0.743291
959.000000 -0.743261
960.000000 -0.743237
961.000000 -0.743222
962.000000 -0.743217
963.000000 -0.743221
964.000000 -0.743234
965.000000 -0.743253
966.000000 -0.743275
967.000000 -0.743296
968.000000 -0.743314
969.000000 -0.743327
970.000000 -0.743333
971.000000 -0.743332
972.000000 -0.743326
973.000000 -0.743314
974.000000 -0.743299
975.000000 -0.743285
976.000000 -0.743271
977.000000 -0.743261
978.000000 -0.743255
979.000000 -0.743254
980.000000 -0.743257
981.000000 -0.743264
982.000000 -0.743273
983.000000 -0.743284
984.000000 -0.743293
985.000000 -0.743301
986.000000 -0.743306
987.000000 -0.743308
988.000000 -0.743307
989.000000 -0.743303
990.000000 -0.743297
991.000000 -0.743290
992.000000 -0.743284
993.000000 -0.743278
994.000000 -0.743273
995.000000 -0.743271
996.000000 -0.743271
997.000000 -0.743273
998.000000 -0.743277
999.000000 -0.743281
1000.000000 -0.743286
