1.000000 0.000000
2.000000 0.000000
3.000000 0.000000
4.000000 0.000000
5.000000 0.000000
6.000000 0.000000
7.000000 0.000000
8.000000 0.000000
9.000000 0.000000
10.000000 0.000000
11.000000 0.000000
12.000000 0.000000
13.000000 0.000000
14.000000 0.000000
15.000000 0.000000
16.000000 0.000000
17.000000 0.000000
18.000000 0.000000
19.000000 0.000000
20.000000 0.000000
21.000000 0.000000
22.000000 0.000000
23.000000 0.000000
24.000000 0.000000
25.000000 0.000000
26.000000 -0.072103
27.000000 -0.073397
28.000000 -0.035915
29.000000 -0.006822
30.000000 0.000166
31.000000 -0.011844
32.000000 -0.051883
33.000000 -0.139764
34.000000 -0.280474
35.000000 -0.469665
36.000000 -0.698588
37.000000 -0.947660
38.000000 -1.197157
39.000000 -1.429823
40.000000 -1.625619
41.000000 -1.773747
42.000000 -1.869968
43.000000 -1.913675
44.000000 -1.907813
45.000000 -1.859461
46.000000 -1.778582
47.000000 -1.676389
48.000000 -1.564110
49.000000 -1.451894
50.000000 -1.347831
51.000000 -1.257439
52.000000 -1.183666
53.000000 -1.127222
54.000000 -1.087068
55.000000 -1.060988
56.000000 -1.046122
57.000000 -1.039433
58.000000 -1.038046
59.000000 -1.039491
60.000000 -1.041829
61.000000 -1.043698
62.000000 -1.044280
63.000000 -1.043234
64.000000 -1.040581
65.000000 -1.036598
66.000000 -1.031702
67.000000 -1.026359
68.000000 -1.021007
69.000000 -1.016008
70.000000 -1.011623
71.000000 -1.008005
72.000000 -1.005204
73.000000 -1.003189
74.000000 -1.001869
75.000000 -1.001117
76.000000 -1.000790
77.000000 -1.000749
78.000000 -1.000873
79.000000 -1.001061
80.000000 -1.001241
81.000000 -1.001367
82.000000 -1.001417
83.000000 -1.001387
84.000000 -1.001285
85.000000 -1.001130
86.000000 -1.000943
87.000000 -1.000744
88.000000 -1.000550
89.000000 -1.000377
90.000000 -1.000231
91.000000 -1.000119
92.000000 -1.000039
93.000000 -0.999989
94.000000 -0.999963
95.000000 -0.999957
96.000000 -0.999963
97.000000 -0.999977
98.000000 -0.999994
99.000000 -1.000010
100.000000 -1.000023
101.000000 -1.000032
102.000000 -1.000036
103.000000 -1.000037
104.000000 -1.000034
105.000000 -1.000029
106.000000 -1.000022
107.000000 -1.000016
108.000000 -1.000010
109.000000 -1.000004
110.000000 -1.000000
111.000000 -0.999997
112.000000 -0.999995
113.000000 -0.999995
114.000000 -0.999995
115.000000 -0.999995
116.000000 -0.999996
117.000000 -0.999998
118.000000 -0.999999
119.000000 -0.999999
120.000000 -1.000000
121.000000 -1.000001
122.000000 -1.000001
123.000000 -1.000001
124.000000 -1.000001
125.000000 -1.000001
126.000000 -1.000000
127.000000 -1.000000
128.000000 -1.000000
129.000000 -1.000000
130.000000 -1.000000
131.000000 -1.000000
132.000000 -1.000000
133.000000 -1.000000
134.000000 -1.000000
135.000000 -1.000000
136.000000 -1.000000
137.000000 -1.000000
138.000000 -1.000000
139.000000 -1.000000
140.000000 -1.000000
141.000000 -1.000000
142.000000 -1.000000
143.000000 -1.000000
144.000000 -1.000000
145.000000 -1.000000
146.000000 -1.000000
147.000000 -1.000000
148.000000 -1.000000
149.000000 -1.000000
150.000000 -1.000000
151.000000 -1.000000
152.000000 -1.000000
153.000000 -1.000000
154.000000 -1.000000
155.000000 -1.000000
156.000000 -1.000000
157.000000 -1.000000
158.000000 -1.000000
159.000000 -1.000000
160.000000 -1.000000
161.000000 -1.000000
162.000000 -1.000000
163.000000 -1.000000
164.000000 -1.000000
165.000000 -1.000000
166.000000 -1.000000
167.000000 -1.000000
168.000000 -1.000000
169.000000 -1.000000
170.000000 -1.000000
171.000000 -1.000000
172.000000 -1.000000
173.000000 -1.000000
174.000000 -1.000000
175.000000 -1.000000
176.000000 -1.000000
177.000000 -1.000000
178.000000 -1.000000
179.000000 -1.000000
180.000000 -1.000000
181.000000 -1.000000
182.000000 -1.000000
183.000000 -1.000000
184.000000 -1.000000
185.000000 -1.000000
186.000000 -1.000000
187.000000 -1.000000
188.000000 -1.000000
189.000000 -1.000000
190.000000 -1.000000
191.000000 -1.000000
192.000000 -1.000000
193.000000 -1.000000
194.000000 -1.000000
195.000000 -1.000000
196.000000 -1.000000
197.000000 -1.000000
198.000000 -1.000000
199.000000 -1.000000
200.000000 -1.000000
201.000000 -1.000000
202.000000 -1.000000
203.000000 -1.000000
204.000000 -1.000000
205.000000 -1.000000
206.000000 -0.845927
207.000000 -0.704262
208.000000 -0.596766
209.000000 -0.514671
210.000000 -0.450576
211.000000 -0.413464
212.000000 -0.400083
213.000000 -0.397089
214.000000 -0.392121
215.000000 -0.378090
216.000000 -0.348856
217.000000 -0.302492
218.000000 -0.245290
219.000000 -0.187803
220.000000 -0.138825
221.000000 -0.103620
222.000000 -0.084327
223.000000 -0.080444
224.000000 -0.089220
225.000000 -0.106518
226.000000 -0.127874
227.000000 -0.149234
228.000000 -0.167433
229.000000 -0.180561
230.000000 -0.188121
231.000000 -0.190836
232.000000 -0.190232
233.000000 -0.188153
234.000000 -0.186329
235.000000 -0.186027
236.000000 -0.187877
237.000000 -0.191863
238.000000 -0.197430
239.000000 -0.203671
240.000000 -0.209554
241.000000 -0.214148
242.000000 -0.216800
243.000000 -0.217246
244.000000 -0.215630
245.000000 -0.212437
246.000000 -0.208366
247.000000 -0.204171
248.000000 -0.200516
249.000000 -0.197862
250.000000 -0.196419
251.000000 -0.196149
252.000000 -0.196811
253.000000 -0.198040
254.000000 -0.199436
255.000000 -0.200643
256.000000 -0.201413
257.000000 -0.201632
258.000000 -0.201325
259.000000 -0.200626
260.000000 -0.199733
261.000000 -0.198859
262.000000 -0.198187
263.000000 -0.197835
264.000000 -0.197844
265.000000 -0.198179
266.000000 -0.198748
267.000000 -0.199425
268.000000 -0.200080
269.000000 -0.200604
270.000000 -0.200928
271.000000 -0.201029
272.000000 -0.200928
273.000000 -0.200679
274.000000 -0.200356
275.000000 -0.200035
276.000000 -0.199777
277.000000 -0.199622
278.000000 -0.199584
279.000000 -0.199650
280.000000 -0.199790
281.000000 -0.199963
282.000000 -0.200128
283.000000 -0.200253
284.000000 -0.200316
285.000000 -0.200313
286.000000 -0.200252
287.000000 -0.200152
288.000000 -0.200037
289.000000 -0.199930
290.000000 -0.199851
291.000000 -0.199810
292.000000 -0.199808
293.000000 -0.199842
294.000000 -0.199898
295.000000 -0.199963
296.000000 -0.200023
297.000000 -0.200068
298.000000 -0.200091
299.000000 -0.200092
300.000000 -0.200074
301.000000 -0.200044
302.000000 -0.200009
303.000000 -0.199977
304.000000 -0.199955
305.000000 -0.199944
306.000000 -0.199946
307.000000 -0.199959
308.000000 -0.199977
309.000000 -0.199998
310.000000 -0.200017
311.000000 -0.200029
312.000000 -0.200035
313.000000 -0.200033
314.000000 -0.200026
315.000000 -0.200014
316.000000 -0.200002
317.000000 -0.199991
318.000000 -0.199984
319.000000 -0.199981
320.000000 -0.199982
321.000000 -0.199986
322.000000 -0.199993
323.000000 -0.199999
324.000000 -0.200005
325.000000 -0.200009
326.000000 -0.200011
327.000000 -0.200010
328.000000 -0.200007
329.000000 -0.200004
330.000000 -0.200000
331.000000 -0.199996
332.000000 -0.199994
333.000000 -0.199994
334.000000 -0.199994
335.000000 -0.199996
336.000000 -0.199998
337.000000 -0.200000
338.000000 -0.200002
339.000000 -0.200003
340.000000 -0.200004
341.000000 -0.200003
342.000000 -0.200002
343.000000 -0.200001
344.000000 -0.200000
345.000000 -0.199999
346.000000 -0.199998
347.000000 -0.199998
348.000000 -0.199998
349.000000 -0.199999
350.000000 -0.199999
351.000000 -0.200000
352.000000 -0.200001
353.000000 -0.200001
354.000000 -0.200001
355.000000 -0.200001
356.000000 -0.200001
357.000000 -0.200000
358.000000 -0.200000
359.000000 -0.200000
360.000000 -0.199999
361.000000 -0.199999
362.000000 -0.199999
363.000000 -0.200000
364.000000 -0.200000
365.000000 -0.200000
366.000000 -0.200000
367.000000 -0.200000
368.000000 -0.200000
369.000000 -0.200000
370.000000 -0.200000
371.000000 -0.200000
372.000000 -0.200000
373.000000 -0.200000
374.000000 -0.200000
375.000000 -0.200000
376.000000 -0.200000
377.000000 -0.200000
378.000000 -0.200000
379.000000 -0.200000
380.000000 -0.200000
381.000000 -0.200000
382.000000 -0.200000
383.000000 -0.200000
384.000000 -0.200000
385.000000 -0.200000
386.000000 -0.200000
387.000000 -0.200000
388.000000 -0.200000
389.000000 -0.200000
390.000000 -0.200000
391.000000 -0.200000
392.000000 -0.200000
393.000000 -0.200000
394.000000 -0.200000
395.000000 -0.200000
396.000000 -0.200000
397.000000 -0.200000
398.000000 -0.200000
399.000000 -0.200000
400.000000 -0.200000
401.000000 -0.200000
402.000000 -0.200000
403.000000 -0.200000
404.000000 -0.200000
405.000000 -0.200000
406.000000 -0.277910
407.000000 -0.156698
408.000000 -0.044829
409.000000 0.018335
410.000000 0.049904
411.000000 0.055936
412.000000 0.016722
413.000000 -0.114267
414.000000 -0.325263
415.000000 -0.581721
416.000000 -0.854772
417.000000 -1.124697
418.000000 -1.378765
419.000000 -1.609467
420.000000 -1.813090
421.000000 -1.985518
422.000000 -2.124334
423.000000 -2.229541
424.000000 -2.302756
425.000000 -2.346600
426.000000 -2.364628
427.000000 -2.361147
428.000000 -2.341134
429.000000 -2.309739
430.000000 -2.271662
431.000000 -2.230810
432.000000 -2.190197
433.000000 -2.151988
434.000000 -2.117591
435.000000 -2.087789
436.000000 -2.062876
437.000000 -2.042779
438.000000 -2.027163
439.000000 -2.015514
440.000000 -2.007229
441.000000 -2.001677
442.000000 -1.998248
443.000000 -1.996391
444.000000 -1.995630
445.000000 -1.995575
446.000000 -1.995924
447.000000 -1.996454
448.000000 -1.997016
449.000000 -1.997516
450.000000 -1.997909
451.000000 -1.998182
452.000000 -1.998346
453.000000 -1.998424
454.000000 -1.998443
455.000000 -1.998433
456.000000 -1.998418
457.000000 -1.998417
458.000000 -1.998443
459.000000 -1.998503
460.000000 -1.998596
461.000000 -1.998720
462.000000 -1.998868
463.000000 -1.999032
464.000000 -1.999203
465.000000 -1.999372
466.000000 -1.999532
467.000000 -1.999678
468.000000 -1.999806
469.000000 -1.999912
470.000000 -1.999996
471.000000 -2.000059
472.000000 -2.000103
473.000000 -2.000129
474.000000 -2.000141
475.000000 -2.000141
476.000000 -2.000133
477.000000 -2.000119
478.000000 -2.000103
479.000000 -2.000084
480.000000 -2.000066
481.000000 -2.000050
482.000000 -2.000035
483.000000 -2.000023
484.000000 -2.000013
485.000000 -2.000006
486.000000 -2.000001
487.000000 -1.999998
488.000000 -1.999996
489.000000 -1.999995
490.000000 -1.999996
491.000000 -1.999996
492.000000 -1.999997
493.000000 -1.999998
494.000000 -1.999999
495.000000 -2.000000
496.000000 -2.000000
497.000000 -2.000001
498.000000 -2.000001
499.000000 -2.000001
500.000000 -2.000001
501.000000 -2.000001
502.000000 -2.000000
503.000000 -2.000000
504.000000 -2.000000
505.000000 -2.000000
506.000000 -2.000000
507.000000 -1.999999
508.000000 -1.999999
509.000000 -1.999999
510.000000 -1.999999
511.000000 -2.000000
512.000000 -2.000000
513.000000 -2.000000
514.000000 -2.000000
515.000000 -2.000000
516.000000 -2.000000
517.000000 -2.000000
518.000000 -2.000000
519.000000 -2.000000
520.000000 -2.000000
521.000000 -2.000000
522.000000 -2.000000
523.000000 -2.000000
524.000000 -2.000000
525.000000 -2.000000
526.000000 -2.000000
527.000000 -2.000000
528.000000 -2.000000
529.000000 -2.000000
530.000000 -2.000000
531.000000 -2.000000
532.000000 -2.000000
533.000000 -2.000000
534.000000 -2.000000
535.000000 -2.000000
536.000000 -2.000000
537.000000 -2.000000
538.000000 -2.000000
539.000000 -2.000000
540.000000 -2.000000
541.000000 -2.000000
542.000000 -2.000000
543.000000 -2.000000
544.000000 -2.000000
545.000000 -2.000000
546.000000 -2.000000
547.000000 -2.000000
548.000000 -2.000000
549.000000 -2.000000
550.000000 -2.000000
551.000000 -2.000000
552.000000 -2.000000
553.000000 -2.000000
554.000000 -2.000000
555.000000 -2.000000
556.000000 -2.000000
557.000000 -2.000000
558.000000 -2.000000
559.000000 -2.000000
560.000000 -2.000000
561.000000 -2.000000
562.000000 -2.000000
563.000000 -2.000000
564.000000 -2.000000
565.000000 -2.000000
566.000000 -2.000000
567.000000 -2.000000
568.000000 -2.000000
569.000000 -2.000000
570.000000 -2.000000
571.000000 -2.000000
572.000000 -2.000000
573.000000 -2.000000
574.000000 -2.000000
575.000000 -2.000000
576.000000 -2.000000
577.000000 -2.000000
578.000000 -2.000000
579.000000 -2.000000
580.000000 -2.000000
581.000000 -2.000000
582.000000 -2.000000
583.000000 -2.000000
584.000000 -2.000000
585.000000 -2.000000
586.000000 -2.000000
587.000000 -2.000000
588.000000 -2.000000
589.000000 -2.000000
590.000000 -2.000000
591.000000 -2.000000
592.000000 -2.000000
593.000000 -2.000000
594.000000 -2.000000
595.000000 -2.000000
596.000000 -2.000000
597.000000 -2.000000
598.000000 -2.000000
599.000000 -2.000000
600.000000 -2.000000
601.000000 -2.000000
602.000000 -2.000000
603.000000 -2.000000
604.000000 -2.000000
605.000000 -2.000000
606.000000 -1.279414
607.000000 -0.734699
608.000000 -0.387856
609.000000 -0.185231
610.000000 -0.080052
611.000000 -0.059795
612.000000 -0.114459
613.000000 -0.184702
614.000000 -0.217188
615.000000 -0.197481
616.000000 -0.138152
617.000000 -0.068554
618.000000 -0.013983
619.000000 0.020556
620.000000 0.039252
621.000000 0.047335
622.000000 0.048947
623.000000 0.047843
624.000000 0.046836
625.000000 0.047262
626.000000 0.050688
627.000000 0.056186
628.000000 0.062361
629.000000 0.068147
630.000000 0.072954
631.000000 0.076426
632.000000 0.078413
633.000000 0.079301
634.000000 0.079561
635.000000 0.079533
636.000000 0.079436
637.000000 0.079431
638.000000 0.079588
639.000000 0.079846
640.000000 0.080119
641.000000 0.080355
642.000000 0.080525
643.000000 0.080605
644.000000 0.080601
645.000000 0.080543
646.000000 0.080462
647.000000 0.080376
648.000000 0.080299
649.000000 0.080241
650.000000 0.080203
651.000000 0.080177
652.000000 0.080158
653.000000 0.080143
654.000000 0.080128
655.000000 0.080112
656.000000 0.080094
657.000000 0.080076
658.000000 0.080060
659.000000 0.080045
660.000000 0.080034
661.000000 0.080026
662.000000 0.080019
663.000000 0.080015
664.000000 0.080012
665.000000 0.080009
666.000000 0.080007
667.000000 0.080005
668.000000 0.080004
669.000000 0.080003
670.000000 0.080001
671.000000 0.080001
672.000000 0.080000
673.000000 0.080000
674.000000 0.079999
675.000000 0.079999
676.000000 0.079999
677.000000 0.079999
678.000000 0.079999
679.000000 0.079999
680.000000 0.079999
681.000000 0.079999
682.000000 0.080000
683.000000 0.080000
684.000000 0.080000
685.000000 0.080000
686.000000 0.080000
687.000000 0.080000
688.000000 0.080000
689.000000 0.080000
690.000000 0.080000
691.000000 0.080000
692.000000 0.080000
693.000000 0.080000
694.000000 0.080000
695.000000 0.080000
696.000000 0.080000
697.000000 0.080000
698.000000 0.080000
699.000000 0.080000
700.000000 0.080000
701.000000 0.080000
702.000000 0.080000
703.000000 0.080000
704.000000 0.080000
705.000000 0.080000
706.000000 0.080000
707.000000 0.080000
708.000000 0.080000
709.000000 0.080000
710.000000 0.080000
711.000000 0.080000
712.000000 0.080000
713.000000 0.080000
714.000000 0.080000
715.000000 0.080000
716.000000 0.080000
717.000000 0.080000
718.000000 0.080000
719.000000 0.080000
720.000000 0.080000
721.000000 0.080000
722.000000 0.080000
723.000000 0.080000
724.000000 0.080000
725.000000 0.080000
726.000000 0.080000
727.000000 0.080000
728.000000 0.080000
729.000000 0.080000
730.000000 0.080000
731.000000 0.080000
732.000000 0.080000
733.000000 0.080000
734.000000 0.080000
735.000000 0.080000
736.000000 0.080000
737.000000 0.080000
738.000000 0.080000
739.000000 0.080000
740.000000 0.080000
741.000000 0.080000
742.000000 0.080000
743.000000 0.080000
744.000000 0.080000
745.000000 0.080000
746.000000 0.080000
747.000000 0.080000
748.000000 0.080000
749.000000 0.080000
750.000000 0.080000
751.000000 0.080000
752.000000 0.080000
753.000000 0.080000
754.000000 0.080000
755.000000 0.080000
756.000000 0.080000
757.000000 0.080000
758.000000 0.080000
759.000000 0.080000
760.000000 0.080000
761.000000 0.080000
762.000000 0.080000
763.000000 0.080000
764.000000 0.080000
765.000000 0.080000
766.000000 0.080000
767.000000 0.080000
768.000000 0.080000
769.000000 0.080000
770.000000 0.080000
771.000000 0.080000
772.000000 0.080000
773.000000 0.080000
774.000000 0.080000
775.000000 0.080000
776.000000 0.080000
777.000000 0.080000
778.000000 0.080000
779.000000 0.080000
780.000000 0.080000
781.000000 0.080000
782.000000 0.080000
783.000000 0.080000
784.000000 0.080000
785.000000 0.080000
786.000000 0.080000
787.000000 0.080000
788.000000 0.080000
789.000000 0.080000
790.000000 0.080000
791.000000 0.080000
792.000000 0.080000
793.000000 0.080000
794.000000 0.080000
795.000000 0.080000
796.000000 0.080000
797.000000 0.080000
798.000000 0.080000
799.000000 0.080000
800.000000 0.080000
801.000000 0.080000
802.000000 0.080000
803.000000 0.080000
804.000000 0.080000
805.000000 0.080000
806.000000 0.056808
807.000000 0.043484
808.000000 0.023524
809.000000 -0.125908
810.000000 -0.352326
811.000000 -0.617479
812.000000 -0.894384
813.000000 -1.164801
814.000000 -1.410491
815.000000 -1.618210
816.000000 -1.781292
817.000000 -1.897747
818.000000 -1.968669
819.000000 -1.998013
820.000000 -1.992160
821.000000 -1.958897
822.000000 -1.906473
823.000000 -1.842892
824.000000 -1.775311
825.000000 -1.709565
826.000000 -1.649934
827.000000 -1.599135
828.000000 -1.558471
829.000000 -1.528072
830.000000 -1.507195
831.000000 -1.494515
832.000000 -1.488404
833.000000 -1.487153
834.000000 -1.489142
835.000000 -1.492954
836.000000 -1.497447
837.000000 -1.501772
838.000000 -1.505368
839.000000 -1.507933
840.000000 -1.509372
841.000000 -1.509748
842.000000 -1.509230
843.000000 -1.508044
844.000000 -1.506436
845.000000 -1.504635
846.000000 -1.502840
847.000000 -1.501201
848.000000 -1.499823
849.000000 -1.498761
850.000000 -1.498030
851.000000 -1.497611
852.000000 -1.497465
853.000000 -1.497536
854.000000 -1.497766
855.000000 -1.498096
856.000000 -1.498474
857.000000 -1.498857
858.000000 -1.499213
859.000000 -1.499521
860.000000 -1.499768
861.000000 -1.499951
862.000000 -1.500074
863.000000 -1.500144
864.000000 -1.500170
865.000000 -1.500165
866.000000 -1.500138
867.000000 -1.500100
868.000000 -1.500058
869.000000 -1.500018
870.000000 -1.499985
871.000000 -1.499959
872.000000 -1.499943
873.000000 -1.499936
874.000000 -1.499935
875.000000 -1.499941
876.000000 -1.499950
877.000000 -1.499962
878.000000 -1.499974
879.000000 -1.499985
880.000000 -1.499995
881.000000 -1.500003
882.000000 -1.500009
883.000000 -1.500013
884.000000 -1.500014
885.000000 -1.500014
886.000000 -1.500013
887.000000 -1.500012
888.000000 -1.500009
889.000000 -1.500007
890.000000 -1.500005
891.000000 -1.500003
892.000000 -1.500001
893.000000 -1.500000
894.000000 -1.499999
895.000000 -1.499999
896.000000 -1.499998
897.000000 -1.499999
898.000000 -1.499999
899.000000 -1.499999
900.000000 -1.499999
901.000000 -1.500000
902.000000 -1.500000
903.000000 -1.500000
904.000000 -1.500000
905.000000 -1.500000
906.000000 -1.500000
907.000000 -1.500000
908.000000 -1.500000
909.000000 -1.500000
910.000000 -1.500000
911.000000 -1.500000
912.000000 -1.500000
913.000000 -1.500000
914.000000 -1.500000
915.000000 -1.500000
916.000000 -1.500000
917.000000 -1.500000
918.000000 -1.500000
919.000000 -1.500000
920.000000 -1.500000
921.000000 -1.500000
922.000000 -1.500000
923.000000 -1.500000
924.000000 -1.500000
925.000000 -1.500000
926.000000 -1.500000
927.000000 -1.500000
928.000000 -1.500000
929.000000 -1.500000
930.000000 -1.500000
931.000000 -1.500000
932.000000 -1.500000
933.000000 -1.500000
934.000000 -1.500000
935.000000 -1.500000
936.000000 -1.500000
937.000000 -1.500000
938.000000 -1.500000
939.000000 -1.500000
940.000000 -1.500000
941.000000 -1.500000
942.000000 -1.500000
943.000000 -1.500000
944.000000 -1.500000
945.000000 -1.500000
946.000000 -1.500000
947.000000 -1.500000
948.000000 -1.500000
949.000000 -1.500000
950.000000 -1.500000
951.000000 -1.500000
952.000000 -1.500000
953.000000 -1.500000
954.000000 -1.500000
955.000000 -1.500000
956.000000 -1.500000
957.000000 -1.500000
958.000000 -1.500000
959.000000 -1.500000
960.000000 -1.500000
961.000000 -1.500000
962.000000 -1.500000
963.000000 -1.500000
964.000000 -1.500000
965.000000 -1.500000
966.000000 -1.500000
967.000000 -1.500000
968.000000 -1.500000
969.000000 -1.500000
970.000000 -1.500000
971.000000 -1.500000
972.000000 -1.500000
973.000000 -1.500000
974.000000 -1.500000
975.000000 -1.500000
976.000000 -1.500000
977.000000 -1.500000
978.000000 -1.500000
979.000000 -1.500000
980.000000 -1.500000
981.000000 -1.500000
982.000000 -1.500000
983.000000 -1.500000
984.000000 -1.500000
985.000000 -1.500000
986.000000 -1.500000
987.000000 -1.500000
988.000000 -1.500000
989.000000 -1.500000
990.000000 -1.500000
991.000000 -1.500000
992.000000 -1.500000
993.000000 -1.500000
994.000000 -1.500000
995.000000 -1.500000
996.000000 -1.500000
997.000000 -1.500000
998.000000 -1.500000
999.000000 -1.500000
1000.000000 -1.500000
