1.000000 0.000000
2.000000 0.000000
3.000000 0.000000
4.000000 0.000000
5.000000 0.000000
6.000000 0.000000
7.000000 0.000000
8.000000 0.000000
9.000000 0.000000
10.000000 0.000000
11.000000 0.000000
12.000000 0.000000
13.000000 0.000000
14.000000 0.000000
15.000000 0.000000
16.000000 0.000000
17.000000 0.000000
18.000000 0.000000
19.000000 0.000000
20.000000 0.000000
21.000000 -1.000000
22.000000 0.473759
23.000000 0.214847
24.000000 -0.044065
25.000000 -0.302977
26.000000 -0.362865
27.000000 -0.760017
28.000000 -1.000000
29.000000 -1.000000
30.000000 -1.000000
31.000000 -1.000000
32.000000 -0.998591
33.000000 -0.933353
34.000000 -0.864562
35.000000 -0.804212
36.000000 -0.755196
37.000000 -0.707014
38.000000 -0.665882
39.000000 -0.635482
40.000000 -0.615393
41.000000 -0.603833
42.000000 -0.600087
43.000000 -0.602698
44.000000 -0.609197
45.000000 -0.617137
46.000000 -0.624691
47.000000 -0.630579
48.000000 -0.634085
49.000000 -0.635069
50.000000 -0.633822
51.000000 -0.630857
52.000000 -0.626766
53.000000 -0.622134
54.000000 -0.617476
55.000000 -0.613191
56.000000 -0.609550
57.000000 -0.606699
58.000000 -0.604669
59.000000 -0.603404
60.000000 -0.602785
61.000000 -0.602656
62.000000 -0.602855
63.000000 -0.603230
64.000000 -0.603653
65.000000 -0.604033
66.000000 -0.604312
67.000000 -0.604462
68.000000 -0.604484
69.000000 -0.604394
70.000000 -0.604221
71.000000 -0.603997
72.000000 -0.603754
73.000000 -0.603519
74.000000 -0.603310
75.000000 -0.603141
76.000000 -0.603016
77.000000 -0.602934
78.000000 -0.602892
79.000000 -0.602880
80.000000 -0.602890
81.000000 -0.602913
82.000000 -0.602942
83.000000 -0.602971
84.000000 -0.602994
85.000000 -0.603011
86.000000 -0.603021
87.000000 -0.603023
88.000000 -0.603019
89.000000 -0.603011
90.000000 -0.603001
91.000000 -0.602990
92.000000 -0.602980
93.000000 -0.602971
94.000000 -0.602964
95.000000 -0.602960
96.000000 -0.602957
97.000000 -0.602957
98.000000 -0.602957
99.000000 -0.602959
100.000000 -0.602961
101.000000 -0.602963
102.000000 -0.602965
103.000000 -0.602966
104.000000 -0.602967
105.000000 -0.602968
106.000000 -0.602968
107.000000 -0.602968
108.000000 -0.602968
109.000000 -0.602967
110.000000 -0.602967
111.000000 -0.602966
112.000000 -0.602966
113.000000 -0.602966
114.000000 -0.602965
115.000000 -0.602965
116.000000 -0.602965
117.000000 -0.602966
118.000000 -0.602966
119.000000 -0.602966
120.000000 -0.602966
121.000000 -0.602966
122.000000 -0.602966
123.000000 -0.602966
124.000000 -0.602966
125.000000 -0.602966
126.000000 -0.602966
127.000000 -0.602966
128.000000 -0.602966
129.000000 -0.602966
130.000000 -0.602966
131.000000 -0.602966
132.000000 -0.602966
133.000000 -0.602966
134.000000 -0.602966
135.000000 -0.602966
136.000000 -0.602966
137.000000 -0.602966
138.000000 -0.602966
139.000000 -0.602966
140.000000 -0.602966
141.000000 -0.602966
142.000000 -0.602966
143.000000 -0.602966
144.000000 -0.602966
145.000000 -0.602966
146.000000 -0.602966
147.000000 -0.602966
148.000000 -0.602966
149.000000 -0.602966
150.000000 -0.602966
151.000000 -0.602966
152.000000 -0.602966
153.000000 -0.602966
154.000000 -0.602966
155.000000 -0.602966
156.000000 -0.602966
157.000000 -0.602966
158.000000 -0.602966
159.000000 -0.602966
160.000000 -0.602966
161.000000 -0.602966
162.000000 -0.602966
163.000000 -0.602966
164.000000 -0.602966
165.000000 -0.602966
166.000000 -0.602966
167.000000 -0.602966
168.000000 -0.602966
169.000000 -0.602966
170.000000 -0.602966
171.000000 -0.602966
172.000000 -0.602966
173.000000 -0.602966
174.000000 -0.602966
175.000000 -0.602966
176.000000 -0.602966
177.000000 -0.602966
178.000000 -0.602966
179.000000 -0.602966
180.000000 -0.602966
181.000000 -0.602966
182.000000 -0.602966
183.000000 -0.602966
184.000000 -0.602966
185.000000 -0.602966
186.000000 -0.602966
187.000000 -0.602966
188.000000 -0.602966
189.000000 -0.602966
190.000000 -0.602966
191.000000 -0.602966
192.000000 -0.602966
193.000000 -0.602966
194.000000 -0.602966
195.000000 -0.602966
196.000000 -0.602966
197.000000 -0.602966
198.000000 -0.602966
199.000000 -0.602966
200.000000 -0.602966
201.000000 -0.092988
202.000000 -0.417502
203.000000 -0.393367
204.000000 -0.369232
205.000000 -0.345097
206.000000 -0.445559
207.000000 -0.440974
208.000000 -0.418338
209.000000 -0.400833
210.000000 -0.386877
211.000000 -0.354699
212.000000 -0.319241
213.000000 -0.292245
214.000000 -0.272848
215.000000 -0.258462
216.000000 -0.250721
217.000000 -0.249712
218.000000 -0.252647
219.000000 -0.256921
220.000000 -0.261186
221.000000 -0.264112
222.000000 -0.264839
223.000000 -0.263424
224.000000 -0.260502
225.000000 -0.256783
226.000000 -0.252953
227.000000 -0.249644
228.000000 -0.247311
229.000000 -0.246142
230.000000 -0.246088
231.000000 -0.246933
232.000000 -0.248359
233.000000 -0.250021
234.000000 -0.251613
235.000000 -0.252923
236.000000 -0.253841
237.000000 -0.254351
238.000000 -0.254510
239.000000 -0.254418
240.000000 -0.254191
241.000000 -0.253933
242.000000 -0.253727
243.000000 -0.253619
244.000000 -0.253624
245.000000 -0.253731
246.000000 -0.253906
247.000000 -0.254113
248.000000 -0.254312
249.000000 -0.254476
250.000000 -0.254585
251.000000 -0.254637
252.000000 -0.254636
253.000000 -0.254595
254.000000 -0.254530
255.000000 -0.254458
256.000000 -0.254392
257.000000 -0.254341
258.000000 -0.254309
259.000000 -0.254295
260.000000 -0.254296
261.000000 -0.254307
262.000000 -0.254322
263.000000 -0.254337
264.000000 -0.254347
265.000000 -0.254352
266.000000 -0.254350
267.000000 -0.254344
268.000000 -0.254334
269.000000 -0.254324
270.000000 -0.254314
271.000000 -0.254306
272.000000 -0.254301
273.000000 -0.254299
274.000000 -0.254300
275.000000 -0.254302
276.000000 -0.254305
277.000000 -0.254308
278.000000 -0.254311
279.000000 -0.254313
280.000000 -0.254314
281.000000 -0.254314
282.000000 -0.254314
283.000000 -0.254313
284.000000 -0.254312
285.000000 -0.254311
286.000000 -0.254311
287.000000 -0.254311
288.000000 -0.254311
289.000000 -0.254311
290.000000 -0.254312
291.000000 -0.254312
292.000000 -0.254313
293.000000 -0.254313
294.000000 -0.254313
295.000000 -0.254313
296.000000 -0.254313
297.000000 -0.254313
298.000000 -0.254313
299.000000 -0.254313
300.000000 -0.254313
301.000000 -0.254313
302.000000 -0.254313
303.000000 -0.254313
304.000000 -0.254313
305.000000 -0.254313
306.000000 -0.254313
307.000000 -0.254313
308.000000 -0.254313
309.000000 -0.254313
310.000000 -0.254313
311.000000 -0.254313
312.000000 -0.254313
313.000000 -0.254313
314.000000 -0.254313
315.000000 -0.254313
316.000000 -0.254313
317.000000 -0.254313
318.000000 -0.254313
319.000000 -0.254313
320.000000 -0.254313
321.000000 -0.254313
322.000000 -0.254313
323.000000 -0.254313
324.000000 -0.254313
325.000000 -0.254313
326.000000 -0.254313
327.000000 -0.254313
328.000000 -0.254313
329.000000 -0.254313
330.000000 -0.254313
331.000000 -0.254313
332.000000 -0.254313
333.000000 -0.254313
334.000000 -0.254313
335.000000 -0.254313
336.000000 -0.254313
337.000000 -0.254313
338.000000 -0.254313
339.000000 -0.254313
340.000000 -0.254313
341.000000 -0.254313
342.000000 -0.254313
343.000000 -0.254313
344.000000 -0.254313
345.000000 -0.254313
346.000000 -0.254313
347.000000 -0.254313
348.000000 -0.254313
349.000000 -0.254313
350.000000 -0.254313
351.000000 -0.254313
352.000000 -0.254313
353.000000 -0.254313
354.000000 -0.254313
355.000000 -0.254313
356.000000 -0.254313
357.000000 -0.254313
358.000000 -0.254313
359.000000 -0.254313
360.000000 -0.254313
361.000000 -0.254313
362.000000 -0.254313
363.000000 -0.254313
364.000000 -0.254313
365.000000 -0.254313
366.000000 -0.254313
367.000000 -0.254313
368.000000 -0.254313
369.000000 -0.254313
370.000000 -0.254313
371.000000 -0.254313
372.000000 -0.254313
373.000000 -0.254313
374.000000 -0.254313
375.000000 -0.254313
376.000000 -0.254313
377.000000 -0.254313
378.000000 -0.254313
379.000000 -0.254313
380.000000 -0.254313
381.000000 -0.254313
382.000000 -0.254313
383.000000 -0.254313
384.000000 -0.254313
385.000000 -0.254313
386.000000 -0.254313
387.000000 -0.254313
388.000000 -0.254313
389.000000 -0.254313
390.000000 -0.254313
391.000000 -0.254313
392.000000 -0.254313
393.000000 -0.254313
394.000000 -0.254313
395.000000 -0.254313
396.000000 -0.254313
397.000000 -0.254313
398.000000 -0.254313
399.000000 -0.254313
400.000000 -0.254313
401.000000 -1.000000
402.000000 0.468639
403.000000 0.288364
404.000000 0.108088
405.000000 -0.072188
406.000000 -0.146291
407.000000 -0.509322
408.000000 -1.000000
409.000000 -1.000000
410.000000 -1.000000
411.000000 -1.000000
412.000000 -1.000000
413.000000 -1.000000
414.000000 -1.000000
415.000000 -0.989494
416.000000 -0.973027
417.000000 -0.954554
418.000000 -0.936652
419.000000 -0.919048
420.000000 -0.902653
421.000000 -0.888481
422.000000 -0.876984
423.000000 -0.869333
424.000000 -0.864782
425.000000 -0.862277
426.000000 -0.861143
427.000000 -0.860986
428.000000 -0.861463
429.000000 -0.862286
430.000000 -0.863244
431.000000 -0.864179
432.000000 -0.864966
433.000000 -0.865488
434.000000 -0.865734
435.000000 -0.865732
436.000000 -0.865523
437.000000 -0.865162
438.000000 -0.864709
439.000000 -0.864224
440.000000 -0.863753
441.000000 -0.863334
442.000000 -0.862991
443.000000 -0.862737
444.000000 -0.862574
445.000000 -0.862497
446.000000 -0.862493
447.000000 -0.862548
448.000000 -0.862645
449.000000 -0.862768
450.000000 -0.862903
451.000000 -0.863038
452.000000 -0.863163
453.000000 -0.863272
454.000000 -0.863361
455.000000 -0.863430
456.000000 -0.863480
457.000000 -0.863511
458.000000 -0.863527
459.000000 -0.863532
460.000000 -0.863528
461.000000 -0.863519
462.000000 -0.863507
463.000000 -0.863494
464.000000 -0.863482
465.000000 -0.863472
466.000000 -0.863464
467.000000 -0.863459
468.000000 -0.863455
469.000000 -0.863454
470.000000 -0.863455
471.000000 -0.863456
472.000000 -0.863458
473.000000 -0.863460
474.000000 -0.863462
475.000000 -0.863464
476.000000 -0.863465
477.000000 -0.863466
478.000000 -0.863466
479.000000 -0.863466
480.000000 -0.863466
481.000000 -0.863465
482.000000 -0.863464
483.000000 -0.863463
484.000000 -0.863463
485.000000 -0.863462
486.000000 -0.863461
487.000000 -0.863461
488.000000 -0.863460
489.000000 -0.863460
490.000000 -0.863460
491.000000 -0.863460
492.000000 -0.863460
493.000000 -0.863460
494.000000 -0.863460
495.000000 -0.863460
496.000000 -0.863460
497.000000 -0.863460
498.000000 -0.863460
499.000000 -0.863461
500.000000 -0.863461
501.000000 -0.863461
502.000000 -0.863461
503.000000 -0.863461
504.000000 -0.863461
505.000000 -0.863461
506.000000 -0.863461
507.000000 -0.863461
508.000000 -0.863461
509.000000 -0.863461
510.000000 -0.863461
511.000000 -0.863461
512.000000 -0.863461
513.000000 -0.863461
514.000000 -0.863461
515.000000 -0.863461
516.000000 -0.863461
517.000000 -0.863461
518.000000 -0.863461
519.000000 -0.863461
520.000000 -0.863461
521.000000 -0.863461
522.000000 -0.863461
523.000000 -0.863461
524.000000 -0.863461
525.000000 -0.863461
526.000000 -0.863461
527.000000 -0.863461
528.000000 -0.863461
529.000000 -0.863461
530.000000 -0.863461
531.000000 -0.863461
532.000000 -0.863461
533.000000 -0.863461
534.000000 -0.863461
535.000000 -0.863461
536.000000 -0.863461
537.000000 -0.863461
538.000000 -0.863461
539.000000 -0.863461
540.000000 -0.863461
541.000000 -0.863461
542.000000 -0.863461
543.000000 -0.863461
544.000000 -0.863461
545.000000 -0.863461
546.000000 -0.863461
547.000000 -0.863461
548.000000 -0.863461
549.000000 -0.863461
550.000000 -0.863461
551.000000 -0.863461
552.000000 -0.863461
553.000000 -0.863461
554.000000 -0.863461
555.000000 -0.863461
556.000000 -0.863461
557.000000 -0.863461
558.000000 -0.863461
559.000000 -0.863461
560.000000 -0.863461
561.000000 -0.863461
562.000000 -0.863461
563.000000 -0.863461
564.000000 -0.863461
565.000000 -0.863461
566.000000 -0.863461
567.000000 -0.863461
568.000000 -0.863461
569.000000 -0.863461
570.000000 -0.863461
571.000000 -0.863461
572.000000 -0.863461
573.000000 -0.863461
574.000000 -0.863461
575.000000 -0.863461
576.000000 -0.863461
577.000000 -0.863461
578.000000 -0.863461
579.000000 -0.863461
580.000000 -0.863461
581.000000 -0.863461
582.000000 -0.863461
583.000000 -0.863461
584.000000 -0.863461
585.000000 -0.863461
586.000000 -0.863461
587.000000 -0.863461
588.000000 -0.863461
589.000000 -0.863461
590.000000 -0.863461
591.000000 -0.863461
592.000000 -0.863461
593.000000 -0.863461
594.000000 -0.863461
595.000000 -0.863461
596.000000 -0.863461
597.000000 -0.863461
598.000000 -0.863461
599.000000 -0.863461
600.000000 -0.863461
601.000000 0.462482
602.000000 -0.381255
603.000000 -0.318504
604.000000 -0.255752
605.000000 -0.193001
606.000000 -0.606223
607.000000 -0.565072
608.000000 -0.453756
609.000000 -0.360663
610.000000 -0.225711
611.000000 -0.052577
612.000000 0.125605
613.000000 0.207249
614.000000 0.255540
615.000000 0.260777
616.000000 0.217673
617.000000 0.166170
618.000000 0.144553
619.000000 0.167109
620.000000 0.282413
621.000000 0.422173
622.000000 0.542505
623.000000 0.650728
624.000000 0.735728
625.000000 0.782147
626.000000 0.790914
627.000000 0.792264
628.000000 0.797175
629.000000 0.802104
630.000000 0.808222
631.000000 0.818196
632.000000 0.830198
633.000000 0.839404
634.000000 0.845104
635.000000 0.848746
636.000000 0.850634
637.000000 0.850767
638.000000 0.850021
639.000000 0.849388
640.000000 0.848968
641.000000 0.848562
642.000000 0.848201
643.000000 0.847920
644.000000 0.847593
645.000000 0.847121
646.000000 0.846560
647.000000 0.845982
648.000000 0.845403
649.000000 0.844836
650.000000 0.844317
651.000000 0.843862
652.000000 0.843459
653.000000 0.843096
654.000000 0.842771
655.000000 0.842479
656.000000 0.842215
657.000000 0.841975
658.000000 0.841759
659.000000 0.841568
660.000000 0.841398
661.000000 0.841250
662.000000 0.841120
663.000000 0.841008
664.000000 0.840910
665.000000 0.840824
666.000000 0.840750
667.000000 0.840686
668.000000 0.840630
669.000000 0.840582
670.000000 0.840540
671.000000 0.840504
672.000000 0.840474
673.000000 0.840447
674.000000 0.840425
675.000000 0.840406
676.000000 0.840389
677.000000 0.840375
678.000000 0.840364
679.000000 0.840354
680.000000 0.840345
681.000000 0.840338
682.000000 0.840332
683.000000 0.840327
684.000000 0.840323
685.000000 0.840319
686.000000 0.840316
687.000000 0.840314
688.000000 0.840311
689.000000 0.840310
690.000000 0.840308
691.000000 0.840307
692.000000 0.840306
693.000000 0.840305
694.000000 0.840305
695.000000 0.840304
696.000000 0.840304
697.000000 0.840303
698.000000 0.840303
699.000000 0.840303
700.000000 0.840302
701.000000 0.840302
702.000000 0.840302
703.000000 0.840302
704.000000 0.840302
705.000000 0.840302
706.000000 0.840302
707.000000 0.840302
708.000000 0.840302
709.000000 0.840302
710.000000 0.840302
711.000000 0.840302
712.000000 0.840302
713.000000 0.840302
714.000000 0.840302
715.000000 0.840302
716.000000 0.840302
717.000000 0.840302
718.000000 0.840302
719.000000 0.840302
720.000000 0.840302
721.000000 0.840302
722.000000 0.840302
723.000000 0.840302
724.000000 0.840302
725.000000 0.840302
726.000000 0.840302
727.000000 0.840302
728.000000 0.840302
729.000000 0.840302
730.000000 0.840302
731.000000 0.840302
732.000000 0.840302
733.000000 0.840302
734.000000 0.840302
735.000000 0.840302
736.000000 0.840302
737.000000 0.840302
738.000000 0.840302
739.000000 0.840302
740.000000 0.840302
741.000000 0.840302
742.000000 0.840302
743.000000 0.840302
744.000000 0.840302
745.000000 0.840302
746.000000 0.840302
747.000000 0.840302
748.000000 0.840302
749.000000 0.840302
750.000000 0.840302
751.000000 0.840302
752.000000 0.840302
753.000000 0.840302
754.000000 0.840302
755.000000 0.840302
756.000000 0.840302
757.000000 0.840302
758.000000 0.840302
759.000000 0.840302
760.000000 0.840302
761.000000 0.840302
762.000000 0.840302
763.000000 0.840302
764.000000 0.840302
765.000000 0.840302
766.000000 0.840302
767.000000 0.840302
768.000000 0.840302
769.000000 0.840302
770.000000 0.840302
771.000000 0.840302
772.000000 0.840302
773.000000 0.840302
774.000000 0.840302
775.000000 0.840302
776.000000 0.840302
777.000000 0.840302
778.000000 0.840302
779.000000 0.840302
780.000000 0.840302
781.000000 0.840302
782.000000 0.840302
783.000000 0.840302
784.000000 0.840302
785.000000 0.840302
786.000000 0.840302
787.000000 0.840302
788.000000 0.840302
789.000000 0.840302
790.000000 0.840302
791.000000 0.840302
792.000000 0.840302
793.000000 0.840302
794.000000 0.840302
795.000000 0.840302
796.000000 0.840302
797.000000 0.840302
798.000000 0.840302
799.000000 0.840302
800.000000 0.840302
801.000000 -1.000000
802.000000 1.000000
803.000000 -1.000000
804.000000 -1.000000
805.000000 -1.000000
806.000000 -1.000000
807.000000 -1.000000
808.000000 -1.000000
809.000000 -0.975105
810.000000 -0.940102
811.000000 -0.901880
812.000000 -0.866294
813.000000 -0.832860
814.000000 -0.802329
815.000000 -0.776771
816.000000 -0.757071
817.000000 -0.743124
818.000000 -0.734544
819.000000 -0.730773
820.000000 -0.730860
821.000000 -0.733614
822.000000 -0.737865
823.000000 -0.742601
824.000000 -0.747017
825.000000 -0.750569
826.000000 -0.752978
827.000000 -0.754190
828.000000 -0.754307
829.000000 -0.753533
830.000000 -0.752123
831.000000 -0.750338
832.000000 -0.748415
833.000000 -0.746551
834.000000 -0.744891
835.000000 -0.743530
836.000000 -0.742511
837.000000 -0.741836
838.000000 -0.741475
839.000000 -0.741378
840.000000 -0.741481
841.000000 -0.741721
842.000000 -0.742035
843.000000 -0.742373
844.000000 -0.742694
845.000000 -0.742972
846.000000 -0.743190
847.000000 -0.743344
848.000000 -0.743437
849.000000 -0.743477
850.000000 -0.743475
851.000000 -0.743444
852.000000 -0.743396
853.000000 -0.743342
854.000000 -0.743289
855.000000 -0.743244
856.000000 -0.743211
857.000000 -0.743189
858.000000 -0.743180
859.000000 -0.743181
860.000000 -0.743191
861.000000 -0.743205
862.000000 -0.743223
863.000000 -0.743241
864.000000 -0.743258
865.000000 -0.743273
866.000000 -0.743285
867.000000 -0.743293
868.000000 -0.743299
869.000000 -0.743301
870.000000 -0.743302
871.000000 -0.743300
872.000000 -0.743298
873.000000 -0.743295
874.000000 -0.743292
875.000000 -0.743289
876.000000 -0.743287
877.000000 -0.743285
878.000000 -0.743284
879.000000 -0.743284
880.000000 -0.743284
881.000000 -0.743284
882.000000 -0.743284
883.000000 -0.743285
884.000000 -0.743286
885.000000 -0.743286
886.000000 -0.743287
887.000000 -0.743287
888.000000 -0.743287
889.000000 -0.743287
890.000000 -0.743287
891.000000 -0.743287
892.000000 -0.743287
893.000000 -0.743287
894.000000 -0.743287
895.000000 -0.743286
896.000000 -0.743286
897.000000 -0.743286
898.000000 -0.743286
899.000000 -0.743286
900.000000 -0.743286
901.000000 -0.743286
902.000000 -0.743286
903.000000 -0.743286
904.000000 -0.743286
905.000000 -0.743286
906.000000 -0.743286
907.000000 -0.743286
908.000000 -0.743286
909.000000 -0.743286
910.000000 -0.743286
911.000000 -0.743286
912.000000 -0.743286
913.000000 -0.743286
914.000000 -0.743286
915.000000 -0.743286
916.000000 -0.743286
917.000000 -0.743286
918.000000 -0.743286
919.000000 -0.743286
920.000000 -0.743286
921.000000 -0.743286
922.000000 -0.743286
923.000000 -0.743286
924.000000 -0.743286
925.000000 -0.743286
926.000000 -0.743286
927.000000 -0.743286
928.000000 -0.743286
929.000000 -0.743286
930.000000 -0.743286
931.000000 -0.743286
932.000000 -0.743286
933.000000 -0.743286
934.000000 -0.743286
935.000000 -0.743286
936.000000 -0.743286
937.000000 -0.743286
938.000000 -0.743286
939.000000 -0.743286
940.000000 -0.743286
941.000000 -0.743286
942.000000 -0.743286
943.000000 -0.743286
944.000000 -0.743286
945.000000 -0.743286
946.000000 -0.743286
947.000000 -0.743286
948.000000 -0.743286
949.000000 -0.743286
950.000000 -0.743286
951.000000 -0.743286
952.000000 -0.743286
953.000000 -0.743286
954.000000 -0.743286
955.000000 -0.743286
956.000000 -0.743286
957.000000 -0.743286
958.000000 -0.743286
959.000000 -0.743286
960.000000 -0.743286
961.000000 -0.743286
962.000000 -0.743286
963.000000 -0.743286
964.000000 -0.743286
965.000000 -0.743286
966.000000 -0.743286
967.000000 -0.743286
968.000000 -0.743286
969.000000 -0.743286
970.000000 -0.743286
971.000000 -0.743286
972.000000 -0.743286
973.000000 -0.743286
974.000000 -0.743286
975.000000 -0.743286
976.000000 -0.743286
977.000000 -0.743286
978.000000 -0.743286
979.000000 -0.743286
980.000000 -0.743286
981.000000 -0.743286
982.000000 -0.743286
983.000000 -0.743286
984.000000 -0.743286
985.000000 -0.743286
986.000000 -0.743286
987.000000 -0.743286
988.000000 -0.743286
989.000000 -0.743286
990.000000 -0.743286
991.000000 -0.743286
992.000000 -0.743286
993.000000 -0.743286
994.000000 -0.743286
995.000000 -0.743286
996.000000 -0.743286
997.000000 -0.743286
998.000000 -0.743286
999.000000 -0.743286
1000.000000 -0.743286
