1.000000 0.000000
2.000000 0.000000
3.000000 0.000000
4.000000 0.000000
5.000000 0.000000
6.000000 0.000000
7.000000 0.000000
8.000000 0.000000
9.000000 0.000000
10.000000 0.000000
11.000000 0.000000
12.000000 0.000000
13.000000 0.000000
14.000000 0.000000
15.000000 0.000000
16.000000 0.000000
17.000000 0.000000
18.000000 0.000000
19.000000 0.000000
20.000000 0.000000
21.000000 0.000000
22.000000 0.000000
23.000000 0.000000
24.000000 0.000000
25.000000 0.000000
26.000000 -0.072103
27.000000 -0.036419
28.000000 0.021636
29.000000 0.002960
30.000000 -0.134426
31.000000 -0.352534
32.000000 -0.612245
33.000000 -0.885861
34.000000 -1.154563
35.000000 -1.394809
36.000000 -1.587082
37.000000 -1.720194
38.000000 -1.788654
39.000000 -1.790418
40.000000 -1.730534
41.000000 -1.622813
42.000000 -1.486772
43.000000 -1.343378
44.000000 -1.211533
45.000000 -1.105317
46.000000 -1.032718
47.000000 -0.995956
48.000000 -0.992623
49.000000 -1.016104
50.000000 -1.057235
51.000000 -1.106217
52.000000 -1.154000
53.000000 -1.193112
54.000000 -1.218271
55.000000 -1.226738
56.000000 -1.218355
57.000000 -1.195265
58.000000 -1.161377
59.000000 -1.121606
60.000000 -1.081007
61.000000 -1.043998
62.000000 -1.013811
63.000000 -0.992247
64.000000 -0.979699
65.000000 -0.975381
66.000000 -0.977678
67.000000 -0.984529
68.000000 -0.993781
69.000000 -1.003484
70.000000 -1.012072
71.000000 -1.018467
72.000000 -1.022105
73.000000 -1.022897
74.000000 -1.021144
75.000000 -1.017415
76.000000 -1.012432
77.000000 -1.006945
78.000000 -1.001637
79.000000 -0.997048
80.000000 -0.993544
81.000000 -0.991297
82.000000 -0.990311
83.000000 -0.990447
84.000000 -0.991473
85.000000 -0.993104
86.000000 -0.995049
87.000000 -0.997041
88.000000 -0.998865
89.000000 -1.000366
90.000000 -1.001460
91.000000 -1.002122
92.000000 -1.002381
93.000000 -1.002304
94.000000 -1.001978
95.000000 -1.001500
96.000000 -1.000962
97.000000 -1.000442
98.000000 -0.999997
99.000000 -0.999664
100.000000 -0.999456
101.000000 -0.999371
102.000000 -0.999392
103.000000 -0.999491
104.000000 -0.999639
105.000000 -0.999807
106.000000 -0.999970
107.000000 -1.000108
108.000000 -1.000209
109.000000 -1.000268
110.000000 -1.000285
111.000000 -1.000268
112.000000 -1.000223
113.000000 -1.000162
114.000000 -1.000095
115.000000 -1.000030
116.000000 -0.999974
117.000000 -0.999932
118.000000 -0.999906
119.000000 -0.999894
120.000000 -0.999897
121.000000 -0.999910
122.000000 -0.999929
123.000000 -0.999952
124.000000 -0.999975
125.000000 -0.999996
126.000000 -1.000012
127.000000 -1.000023
128.000000 -1.000029
129.000000 -1.000030
130.000000 -1.000028
131.000000 -1.000022
132.000000 -1.000016
133.000000 -1.000008
134.000000 -1.000002
135.000000 -0.999997
136.000000 -0.999993
137.000000 -0.999991
138.000000 -0.999990
139.000000 -0.999991
140.000000 -0.999993
141.000000 -0.999995
142.000000 -0.999997
143.000000 -1.000000
144.000000 -1.000001
145.000000 -1.000003
146.000000 -1.000003
147.000000 -1.000004
148.000000 -1.000003
149.000000 -1.000003
150.000000 -1.000002
151.000000 -1.000001
152.000000 -1.000000
153.000000 -1.000000
154.000000 -0.999999
155.000000 -0.999999
156.000000 -0.999999
157.000000 -0.999999
158.000000 -0.999999
159.000000 -0.999999
160.000000 -1.000000
161.000000 -1.000000
162.000000 -1.000000
163.000000 -1.000000
164.000000 -1.000000
165.000000 -1.000000
166.000000 -1.000000
167.000000 -1.000000
168.000000 -1.000000
169.000000 -1.000000
170.000000 -1.000000
171.000000 -1.000000
172.000000 -1.000000
173.000000 -1.000000
174.000000 -1.000000
175.000000 -1.000000
176.000000 -1.000000
177.000000 -1.000000
178.000000 -1.000000
179.000000 -1.000000
180.000000 -1.000000
181.000000 -1.000000
182.000000 -1.000000
183.000000 -1.000000
184.000000 -1.000000
185.000000 -1.000000
186.000000 -1.000000
187.000000 -1.000000
188.000000 -1.000000
189.000000 -1.000000
190.000000 -1.000000
191.000000 -1.000000
192.000000 -1.000000
193.000000 -1.000000
194.000000 -1.000000
195.000000 -1.000000
196.000000 -1.000000
197.000000 -1.000000
198.000000 -1.000000
199.000000 -1.000000
200.000000 -1.000000
201.000000 -1.000000
202.000000 -1.000000
203.000000 -1.000000
204.000000 -1.000000
205.000000 -1.000000
206.000000 -0.719411
207.000000 -0.490771
208.000000 -0.338195
209.000000 -0.239026
210.000000 -0.174698
211.000000 -0.157173
212.000000 -0.180924
213.000000 -0.223461
214.000000 -0.268736
215.000000 -0.308755
216.000000 -0.334330
217.000000 -0.337599
218.000000 -0.320189
219.000000 -0.290236
220.000000 -0.255651
221.000000 -0.222785
222.000000 -0.196385
223.000000 -0.178879
224.000000 -0.170277
225.000000 -0.169071
226.000000 -0.173233
227.000000 -0.180557
228.000000 -0.188858
229.000000 -0.196313
230.000000 -0.201735
231.000000 -0.204607
232.000000 -0.204995
233.000000 -0.203425
234.000000 -0.200689
235.000000 -0.197620
236.000000 -0.194918
237.000000 -0.193060
238.000000 -0.192266
239.000000 -0.192523
240.000000 -0.193640
241.000000 -0.195314
242.000000 -0.197210
243.000000 -0.199019
244.000000 -0.200504
245.000000 -0.201524
246.000000 -0.202041
247.000000 -0.202104
248.000000 -0.201821
249.000000 -0.201331
250.000000 -0.200770
251.000000 -0.200253
252.000000 -0.199860
253.000000 -0.199626
254.000000 -0.199553
255.000000 -0.199612
256.000000 -0.199758
257.000000 -0.199942
258.000000 -0.200119
259.000000 -0.200256
260.000000 -0.200334
261.000000 -0.200350
262.000000 -0.200311
263.000000 -0.200234
264.000000 -0.200139
265.000000 -0.200044
266.000000 -0.199963
267.000000 -0.199907
268.000000 -0.199878
269.000000 -0.199875
270.000000 -0.199892
271.000000 -0.199921
272.000000 -0.199955
273.000000 -0.199987
274.000000 -0.200012
275.000000 -0.200027
276.000000 -0.200033
277.000000 -0.200030
278.000000 -0.200022
279.000000 -0.200011
280.000000 -0.200000
281.000000 -0.199990
282.000000 -0.199984
283.000000 -0.199982
284.000000 -0.199983
285.000000 -0.199987
286.000000 -0.199992
287.000000 -0.199997
288.000000 -0.200002
289.000000 -0.200005
290.000000 -0.200007
291.000000 -0.200007
292.000000 -0.200006
293.000000 -0.200005
294.000000 -0.200003
295.000000 -0.200001
296.000000 -0.199999
297.000000 -0.199998
298.000000 -0.199998
299.000000 -0.199998
300.000000 -0.199998
301.000000 -0.199999
302.000000 -0.200000
303.000000 -0.200000
304.000000 -0.200001
305.000000 -0.200001
306.000000 -0.200001
307.000000 -0.200001
308.000000 -0.200001
309.000000 -0.200000
310.000000 -0.200000
311.000000 -0.200000
312.000000 -0.200000
313.000000 -0.200000
314.000000 -0.200000
315.000000 -0.200000
316.000000 -0.200000
317.000000 -0.200000
318.000000 -0.200000
319.000000 -0.200000
320.000000 -0.200000
321.000000 -0.200000
322.000000 -0.200000
323.000000 -0.200000
324.000000 -0.200000
325.000000 -0.200000
326.000000 -0.200000
327.000000 -0.200000
328.000000 -0.200000
329.000000 -0.200000
330.000000 -0.200000
331.000000 -0.200000
332.000000 -0.200000
333.000000 -0.200000
334.000000 -0.200000
335.000000 -0.200000
336.000000 -0.200000
337.000000 -0.200000
338.000000 -0.200000
339.000000 -0.200000
340.000000 -0.200000
341.000000 -0.200000
342.000000 -0.200000
343.000000 -0.200000
344.000000 -0.200000
345.000000 -0.200000
346.000000 -0.200000
347.000000 -0.200000
348.000000 -0.200000
349.000000 -0.200000
350.000000 -0.200000
351.000000 -0.200000
352.000000 -0.200000
353.000000 -0.200000
354.000000 -0.200000
355.000000 -0.200000
356.000000 -0.200000
357.000000 -0.200000
358.000000 -0.200000
359.000000 -0.200000
360.000000 -0.200000
361.000000 -0.200000
362.000000 -0.200000
363.000000 -0.200000
364.000000 -0.200000
365.000000 -0.200000
366.000000 -0.200000
367.000000 -0.200000
368.000000 -0.200000
369.000000 -0.200000
370.000000 -0.200000
371.000000 -0.200000
372.000000 -0.200000
373.000000 -0.200000
374.000000 -0.200000
375.000000 -0.200000
376.000000 -0.200000
377.000000 -0.200000
378.000000 -0.200000
379.000000 -0.200000
380.000000 -0.200000
381.000000 -0.200000
382.000000 -0.200000
383.000000 -0.200000
384.000000 -0.200000
385.000000 -0.200000
386.000000 -0.200000
387.000000 -0.200000
388.000000 -0.200000
389.000000 -0.200000
390.000000 -0.200000
391.000000 -0.200000
392.000000 -0.200000
393.000000 -0.200000
394.000000 -0.200000
395.000000 -0.200000
396.000000 -0.200000
397.000000 -0.200000
398.000000 -0.200000
399.000000 -0.200000
400.000000 -0.200000
401.000000 -0.200000
402.000000 -0.200000
403.000000 -0.200000
404.000000 -0.200000
405.000000 -0.200000
406.000000 -0.277910
407.000000 -0.184044
408.000000 -0.077705
409.000000 -0.008106
410.000000 0.024010
411.000000 0.023799
412.000000 -0.023765
413.000000 -0.159210
414.000000 -0.373025
415.000000 -0.628881
416.000000 -0.899126
417.000000 -1.164946
418.000000 -1.414272
419.000000 -1.638566
420.000000 -1.832642
421.000000 -1.994359
422.000000 -2.119612
423.000000 -2.202698
424.000000 -2.241964
425.000000 -2.240418
426.000000 -2.204256
427.000000 -2.142239
428.000000 -2.065322
429.000000 -1.984626
430.000000 -1.909757
431.000000 -1.848328
432.000000 -1.805712
433.000000 -1.784375
434.000000 -1.784017
435.000000 -1.802166
436.000000 -1.834815
437.000000 -1.876995
438.000000 -1.923376
439.000000 -1.968835
440.000000 -2.008933
441.000000 -2.040261
442.000000 -2.060679
443.000000 -2.069408
444.000000 -2.066998
445.000000 -2.055133
446.000000 -2.036336
447.000000 -2.013598
448.000000 -1.989984
449.000000 -1.968278
450.000000 -1.950699
451.000000 -1.938733
452.000000 -1.933065
453.000000 -1.933613
454.000000 -1.939640
455.000000 -1.949916
456.000000 -1.962913
457.000000 -1.976999
458.000000 -1.990619
459.000000 -2.002446
460.000000 -2.011496
461.000000 -2.017189
462.000000 -2.019365
463.000000 -2.018258
464.000000 -2.014422
465.000000 -2.008639
466.000000 -2.001804
467.000000 -1.994820
468.000000 -1.988491
469.000000 -1.983455
470.000000 -1.980129
471.000000 -1.978697
472.000000 -1.979115
473.000000 -1.981144
474.000000 -1.984404
475.000000 -1.988427
476.000000 -1.992719
477.000000 -1.996814
478.000000 -2.000324
479.000000 -2.002964
480.000000 -2.004578
481.000000 -2.005136
482.000000 -2.004721
483.000000 -2.003512
484.000000 -2.001750
485.000000 -1.999705
486.000000 -1.997645
487.000000 -1.995807
488.000000 -1.994374
489.000000 -1.993464
490.000000 -1.993123
491.000000 -1.993333
492.000000 -1.994015
493.000000 -1.995052
494.000000 -1.996300
495.000000 -1.997610
496.000000 -1.998845
497.000000 -1.999890
498.000000 -2.000665
499.000000 -2.001127
500.000000 -2.001271
501.000000 -2.001127
502.000000 -2.000752
503.000000 -2.000220
504.000000 -1.999611
505.000000 -1.999007
506.000000 -1.998476
507.000000 -1.998072
508.000000 -1.997827
509.000000 -1.997754
510.000000 -1.997845
511.000000 -1.998073
512.000000 -1.998403
513.000000 -1.998790
514.000000 -1.999191
515.000000 -1.999565
516.000000 -1.999877
517.000000 -2.000106
518.000000 -2.000239
519.000000 -2.000277
520.000000 -2.000230
521.000000 -2.000115
522.000000 -1.999955
523.000000 -1.999775
524.000000 -1.999599
525.000000 -1.999447
526.000000 -1.999334
527.000000 -1.999271
528.000000 -1.999258
529.000000 -1.999294
530.000000 -1.999370
531.000000 -1.999475
532.000000 -1.999596
533.000000 -1.999719
534.000000 -1.999832
535.000000 -1.999926
536.000000 -1.999994
537.000000 -2.000033
538.000000 -2.000043
539.000000 -2.000028
540.000000 -1.999993
541.000000 -1.999946
542.000000 -1.999893
543.000000 -1.999842
544.000000 -1.999799
545.000000 -1.999769
546.000000 -1.999753
547.000000 -1.999752
548.000000 -1.999766
549.000000 -1.999791
550.000000 -1.999824
551.000000 -1.999862
552.000000 -1.999900
553.000000 -1.999935
554.000000 -1.999963
555.000000 -1.999983
556.000000 -1.999995
557.000000 -1.999998
558.000000 -1.999993
559.000000 -1.999983
560.000000 -1.999969
561.000000 -1.999954
562.000000 -1.999939
563.000000 -1.999927
564.000000 -1.999919
565.000000 -1.999915
566.000000 -1.999916
567.000000 -1.999921
568.000000 -1.999929
569.000000 -1.999940
570.000000 -1.999952
571.000000 -1.999964
572.000000 -1.999974
573.000000 -1.999983
574.000000 -1.999989
575.000000 -1.999993
576.000000 -1.999993
577.000000 -1.999992
578.000000 -1.999989
579.000000 -1.999985
580.000000 -1.999981
581.000000 -1.999977
582.000000 -1.999973
583.000000 -1.999971
584.000000 -1.999971
585.000000 -1.999971
586.000000 -1.999973
587.000000 -1.999976
588.000000 -1.999979
589.000000 -1.999983
590.000000 -1.999987
591.000000 -1.999990
592.000000 -1.999993
593.000000 -1.999994
594.000000 -1.999996
595.000000 -1.999996
596.000000 -1.999995
597.000000 -1.999995
598.000000 -1.999993
599.000000 -1.999992
600.000000 -1.999991
601.000000 -1.999990
602.000000 -1.999990
603.000000 -1.999990
604.000000 -1.999990
605.000000 -1.999991
606.000000 -1.179006
607.000000 -0.562790
608.000000 -0.193548
609.000000 -0.004917
610.000000 0.067195
611.000000 0.053083
612.000000 -0.050427
613.000000 -0.187091
614.000000 -0.197544
615.000000 -0.104903
616.000000 -0.019918
617.000000 0.034013
618.000000 0.062248
619.000000 0.075315
620.000000 0.079217
621.000000 0.078262
622.000000 0.077794
623.000000 0.079996
624.000000 0.083250
625.000000 0.085775
626.000000 0.087170
627.000000 0.087867
628.000000 0.088023
629.000000 0.087706
630.000000 0.087272
631.000000 0.086962
632.000000 0.086779
633.000000 0.086673
634.000000 0.086608
635.000000 0.086555
636.000000 0.086491
637.000000 0.086409
638.000000 0.086311
639.000000 0.086204
640.000000 0.086092
641.000000 0.085978
642.000000 0.085862
643.000000 0.085745
644.000000 0.085625
645.000000 0.085501
646.000000 0.085375
647.000000 0.085244
648.000000 0.085111
649.000000 0.084974
650.000000 0.084834
651.000000 0.084692
652.000000 0.084547
653.000000 0.084401
654.000000 0.084252
655.000000 0.084102
656.000000 0.083950
657.000000 0.083798
658.000000 0.083645
659.000000 0.083491
660.000000 0.083338
661.000000 0.083185
662.000000 0.083032
663.000000 0.082881
664.000000 0.082732
665.000000 0.082585
666.000000 0.082440
667.000000 0.082298
668.000000 0.082161
669.000000 0.082030
670.000000 0.081906
671.000000 0.081788
672.000000 0.081677
673.000000 0.081572
674.000000 0.081474
675.000000 0.081381
676.000000 0.081294
677.000000 0.081212
678.000000 0.081135
679.000000 0.081062
680.000000 0.080995
681.000000 0.080931
682.000000 0.080872
683.000000 0.080816
684.000000 0.080764
685.000000 0.080715
686.000000 0.080669
687.000000 0.080626
688.000000 0.080586
689.000000 0.080548
690.000000 0.080513
691.000000 0.080480
692.000000 0.080450
693.000000 0.080421
694.000000 0.080394
695.000000 0.080369
696.000000 0.080345
697.000000 0.080323
698.000000 0.080302
699.000000 0.080283
700.000000 0.080265
701.000000 0.080248
702.000000 0.080232
703.000000 0.080217
704.000000 0.080203
705.000000 0.080190
706.000000 0.080178
707.000000 0.080166
708.000000 0.080156
709.000000 0.080146
710.000000 0.080136
711.000000 0.080128
712.000000 0.080119
713.000000 0.080112
714.000000 0.080105
715.000000 0.080098
716.000000 0.080092
717.000000 0.080086
718.000000 0.080080
719.000000 0.080075
720.000000 0.080070
721.000000 0.080066
722.000000 0.080062
723.000000 0.080058
724.000000 0.080054
725.000000 0.080050
726.000000 0.080047
727.000000 0.080044
728.000000 0.080041
729.000000 0.080039
730.000000 0.080036
731.000000 0.080034
732.000000 0.080032
733.000000 0.080030
734.000000 0.080028
735.000000 0.080026
736.000000 0.080024
737.000000 0.080023
738.000000 0.080021
739.000000 0.080020
740.000000 0.080019
741.000000 0.080017
742.000000 0.080016
743.000000 0.080015
744.000000 0.080014
745.000000 0.080013
746.000000 0.080013
747.000000 0.080012
748.000000 0.080011
749.000000 0.080010
750.000000 0.080010
751.000000 0.080009
752.000000 0.080008
753.000000 0.080008
754.000000 0.080007
755.000000 0.080007
756.000000 0.080006
757.000000 0.080006
758.000000 0.080006
759.000000 0.080005
760.000000 0.080005
761.000000 0.080005
762.000000 0.080004
763.000000 0.080004
764.000000 0.080004
765.000000 0.080004
766.000000 0.080003
767.000000 0.080003
768.000000 0.080003
769.000000 0.080003
770.000000 0.080003
771.000000 0.080002
772.000000 0.080002
773.000000 0.080002
774.000000 0.080002
775.000000 0.080002
776.000000 0.080002
777.000000 0.080002
778.000000 0.080002
779.000000 0.080001
780.000000 0.080001
781.000000 0.080001
782.000000 0.080001
783.000000 0.080001
784.000000 0.080001
785.000000 0.080001
786.000000 0.080001
787.000000 0.080001
788.000000 0.080001
789.000000 0.080001
790.000000 0.080001
791.000000 0.080001
792.000000 0.080001
793.000000 0.080001
794.000000 0.080001
795.000000 0.080000
796.000000 0.080000
797.000000 0.080000
798.000000 0.080000
799.000000 0.080000
800.000000 0.080000
801.000000 0.080000
802.000000 0.080000
803.000000 0.080000
804.000000 0.080000
805.000000 0.080000
806.000000 0.056808
807.000000 0.043484
808.000000 0.058211
809.000000 -0.035808
810.000000 -0.230615
811.000000 -0.481334
812.000000 -0.755770
813.000000 -1.031667
814.000000 -1.294399
815.000000 -1.530066
816.000000 -1.727271
817.000000 -1.879471
818.000000 -1.983239
819.000000 -2.034536
820.000000 -2.033610
821.000000 -1.986956
822.000000 -1.905691
823.000000 -1.803448
824.000000 -1.694899
825.000000 -1.593659
826.000000 -1.510302
827.000000 -1.451428
828.000000 -1.419692
829.000000 -1.414282
830.000000 -1.431628
831.000000 -1.466252
832.000000 -1.511633
833.000000 -1.561008
834.000000 -1.608056
835.000000 -1.647464
836.000000 -1.675353
837.000000 -1.689546
838.000000 -1.689645
839.000000 -1.676919
840.000000 -1.653996
841.000000 -1.624408
842.000000 -1.592059
843.000000 -1.560694
844.000000 -1.533462
845.000000 -1.512616
846.000000 -1.499376
847.000000 -1.493941
848.000000 -1.495614
849.000000 -1.503010
850.000000 -1.514306
851.000000 -1.527495
852.000000 -1.540632
853.000000 -1.552034
854.000000 -1.560430
855.000000 -1.565054
856.000000 -1.565671
857.000000 -1.562536
858.000000 -1.556310
859.000000 -1.547932
860.000000 -1.538476
861.000000 -1.529009
862.000000 -1.520466
863.000000 -1.513563
864.000000 -1.508737
865.000000 -1.506138
866.000000 -1.505651
867.000000 -1.506940
868.000000 -1.509520
869.000000 -1.512827
870.000000 -1.516294
871.000000 -1.519414
872.000000 -1.521788
873.000000 -1.523158
874.000000 -1.523415
875.000000 -1.522597
876.000000 -1.520860
877.000000 -1.518450
878.000000 -1.515661
879.000000 -1.512793
880.000000 -1.510122
881.000000 -1.507866
882.000000 -1.506172
883.000000 -1.505105
884.000000 -1.504652
885.000000 -1.504738
886.000000 -1.505234
887.000000 -1.505988
888.000000 -1.506837
889.000000 -1.507633
890.000000 -1.508253
891.000000 -1.508613
892.000000 -1.508671
893.000000 -1.508427
894.000000 -1.507915
895.000000 -1.507198
896.000000 -1.506356
897.000000 -1.505472
898.000000 -1.504626
899.000000 -1.503885
900.000000 -1.503294
901.000000 -1.502879
902.000000 -1.502641
903.000000 -1.502565
904.000000 -1.502617
905.000000 -1.502756
906.000000 -1.502937
907.000000 -1.503116
908.000000 -1.503258
909.000000 -1.503334
910.000000 -1.503331
911.000000 -1.503244
912.000000 -1.503080
913.000000 -1.502856
914.000000 -1.502592
915.000000 -1.502312
916.000000 -1.502038
917.000000 -1.501790
918.000000 -1.501582
919.000000 -1.501424
920.000000 -1.501317
921.000000 -1.501257
922.000000 -1.501238
923.000000 -1.501247
924.000000 -1.501273
925.000000 -1.501303
926.000000 -1.501325
927.000000 -1.501333
928.000000 -1.501319
929.000000 -1.501284
930.000000 -1.501227
931.000000 -1.501152
932.000000 -1.501065
933.000000 -1.500973
934.000000 -1.500881
935.000000 -1.500796
936.000000 -1.500722
937.000000 -1.500661
938.000000 -1.500616
939.000000 -1.500585
940.000000 -1.500566
941.000000 -1.500556
942.000000 -1.500553
943.000000 -1.500552
944.000000 -1.500550
945.000000 -1.500545
946.000000 -1.500535
947.000000 -1.500519
948.000000 -1.500498
949.000000 -1.500471
950.000000 -1.500441
951.000000 -1.500409
952.000000 -1.500377
953.000000 -1.500347
954.000000 -1.500320
955.000000 -1.500297
956.000000 -1.500278
957.000000 -1.500264
958.000000 -1.500253
959.000000 -1.500245
960.000000 -1.500240
961.000000 -1.500236
962.000000 -1.500231
963.000000 -1.500227
964.000000 -1.500221
965.000000 -1.500214
966.000000 -1.500205
967.000000 -1.500195
968.000000 -1.500184
969.000000 -1.500172
970.000000 -1.500161
971.000000 -1.500150
972.000000 -1.500140
973.000000 -1.500131
974.000000 -1.500123
975.000000 -1.500117
976.000000 -1.500111
977.000000 -1.500107
978.000000 -1.500104
979.000000 -1.500101
980.000000 -1.500098
981.000000 -1.500095
982.000000 -1.500092
983.000000 -1.500089
984.000000 -1.500085
985.000000 -1.500081
986.000000 -1.500077
987.000000 -1.500073
988.000000 -1.500069
989.000000 -1.500064
990.000000 -1.500060
991.000000 -1.500057
992.000000 -1.500054
993.000000 -1.500051
994.000000 -1.500049
995.000000 -1.500047
996.000000 -1.500045
997.000000 -1.500043
998.000000 -1.500042
999.000000 -1.500040
1000.000000 -1.500039
