1.000000 0.000000
2.000000 0.000000
3.000000 0.000000
4.000000 0.000000
5.000000 0.000000
6.000000 0.000000
7.000000 0.000000
8.000000 0.000000
9.000000 0.000000
10.000000 0.000000
11.000000 0.000000
12.000000 0.000000
13.000000 0.000000
14.000000 0.000000
15.000000 0.000000
16.000000 0.000000
17.000000 0.000000
18.000000 0.000000
19.000000 0.000000
20.000000 0.000000
21.000000 -1.000000
22.000000 0.321508
23.000000 0.165631
24.000000 0.009754
25.000000 -0.146122
26.000000 -0.151861
27.000000 -0.400328
28.000000 -0.624723
29.000000 -0.780206
30.000000 -0.906589
31.000000 -1.000000
32.000000 -1.000000
33.000000 -1.000000
34.000000 -0.970929
35.000000 -0.899694
36.000000 -0.854069
37.000000 -0.805401
38.000000 -0.757065
39.000000 -0.711487
40.000000 -0.674309
41.000000 -0.645053
42.000000 -0.623354
43.000000 -0.609441
44.000000 -0.602885
45.000000 -0.602106
46.000000 -0.605240
47.000000 -0.610537
48.000000 -0.616400
49.000000 -0.621552
50.000000 -0.625213
51.000000 -0.627079
52.000000 -0.627190
53.000000 -0.625807
54.000000 -0.623317
55.000000 -0.620146
56.000000 -0.616694
57.000000 -0.613300
58.000000 -0.610220
59.000000 -0.607621
60.000000 -0.605588
61.000000 -0.604130
62.000000 -0.603204
63.000000 -0.602724
64.000000 -0.602587
65.000000 -0.602685
66.000000 -0.602916
67.000000 -0.603196
68.000000 -0.603464
69.000000 -0.603676
70.000000 -0.603813
71.000000 -0.603869
72.000000 -0.603851
73.000000 -0.603775
74.000000 -0.603659
75.000000 -0.603521
76.000000 -0.603380
77.000000 -0.603247
78.000000 -0.603133
79.000000 -0.603043
80.000000 -0.602978
81.000000 -0.602937
82.000000 -0.602916
83.000000 -0.602912
84.000000 -0.602918
85.000000 -0.602932
86.000000 -0.602948
87.000000 -0.602964
88.000000 -0.602977
89.000000 -0.602987
90.000000 -0.602993
91.000000 -0.602995
92.000000 -0.602994
93.000000 -0.602991
94.000000 -0.602986
95.000000 -0.602981
96.000000 -0.602976
97.000000 -0.602971
98.000000 -0.602967
99.000000 -0.602965
100.000000 -0.602963
101.000000 -0.602962
102.000000 -0.602962
103.000000 -0.602962
104.000000 -0.602963
105.000000 -0.602964
106.000000 -0.602965
107.000000 -0.602966
108.000000 -0.602966
109.000000 -0.602967
110.000000 -0.602967
111.000000 -0.602967
112.000000 -0.602967
113.000000 -0.602967
114.000000 -0.602967
115.000000 -0.602966
116.000000 -0.602966
117.000000 -0.602966
118.000000 -0.602966
119.000000 -0.602966
120.000000 -0.602966
121.000000 -0.602966
122.000000 -0.602966
123.000000 -0.602966
124.000000 -0.602966
125.000000 -0.602966
126.000000 -0.602966
127.000000 -0.602966
128.000000 -0.602966
129.000000 -0.602966
130.000000 -0.602966
131.000000 -0.602966
132.000000 -0.602966
133.000000 -0.602966
134.000000 -0.602966
135.000000 -0.602966
136.000000 -0.602966
137.000000 -0.602966
138.000000 -0.602966
139.000000 -0.602966
140.000000 -0.602966
141.000000 -0.602966
142.000000 -0.602966
143.000000 -0.602966
144.000000 -0.602966
145.000000 -0.602966
146.000000 -0.602966
147.000000 -0.602966
148.000000 -0.602966
149.000000 -0.602966
150.000000 -0.602966
151.000000 -0.602966
152.000000 -0.602966
153.000000 -0.602966
154.000000 -0.602966
155.000000 -0.602966
156.000000 -0.602966
157.000000 -0.602966
158.000000 -0.602966
159.000000 -0.602966
160.000000 -0.602966
161.000000 -0.602966
162.000000 -0.602966
163.000000 -0.602966
164.000000 -0.602966
165.000000 -0.602966
166.000000 -0.602966
167.000000 -0.602966
168.000000 -0.602966
169.000000 -0.602966
170.000000 -0.602966
171.000000 -0.602966
172.000000 -0.602966
173.000000 -0.602966
174.000000 -0.602966
175.000000 -0.602966
176.000000 -0.602966
177.000000 -0.602966
178.000000 -0.602966
179.000000 -0.602966
180.000000 -0.602966
181.000000 -0.602966
182.000000 -0.602966
183.000000 -0.602966
184.000000 -0.602966
185.000000 -0.602966
186.000000 -0.602966
187.000000 -0.602966
188.000000 -0.602966
189.000000 -0.602966
190.000000 -0.602966
191.000000 -0.602966
192.000000 -0.602966
193.000000 -0.602966
194.000000 -0.602966
195.000000 -0.602966
196.000000 -0.602966
197.000000 -0.602966
198.000000 -0.602966
199.000000 -0.602966
200.000000 -0.602966
201.000000 -0.118410
202.000000 -0.419018
203.000000 -0.394622
204.000000 -0.370225
205.000000 -0.345828
206.000000 -0.414753
207.000000 -0.418267
208.000000 -0.387645
209.000000 -0.349085
210.000000 -0.312213
211.000000 -0.255737
212.000000 -0.195498
213.000000 -0.150776
214.000000 -0.125975
215.000000 -0.117904
216.000000 -0.130288
217.000000 -0.160437
218.000000 -0.195074
219.000000 -0.223207
220.000000 -0.242165
221.000000 -0.252646
222.000000 -0.255833
223.000000 -0.253445
224.000000 -0.248071
225.000000 -0.242285
226.000000 -0.237944
227.000000 -0.236259
228.000000 -0.237836
229.000000 -0.242463
230.000000 -0.249146
231.000000 -0.256512
232.000000 -0.263212
233.000000 -0.268168
234.000000 -0.270743
235.000000 -0.270809
236.000000 -0.268687
237.000000 -0.265010
238.000000 -0.260577
239.000000 -0.256206
240.000000 -0.252603
241.000000 -0.250240
242.000000 -0.249299
243.000000 -0.249670
244.000000 -0.251006
245.000000 -0.252831
246.000000 -0.254652
247.000000 -0.256067
248.000000 -0.256832
249.000000 -0.256878
250.000000 -0.256293
251.000000 -0.255283
252.000000 -0.254106
253.000000 -0.253022
254.000000 -0.252237
255.000000 -0.251873
256.000000 -0.251953
257.000000 -0.252413
258.000000 -0.253122
259.000000 -0.253918
260.000000 -0.254648
261.000000 -0.255189
262.000000 -0.255476
263.000000 -0.255498
264.000000 -0.255297
265.000000 -0.254948
266.000000 -0.254543
267.000000 -0.254169
268.000000 -0.253895
269.000000 -0.253758
270.000000 -0.253764
271.000000 -0.253888
272.000000 -0.254088
273.000000 -0.254311
274.000000 -0.254510
275.000000 -0.254647
276.000000 -0.254704
277.000000 -0.254679
278.000000 -0.254590
279.000000 -0.254460
280.000000 -0.254321
281.000000 -0.254200
282.000000 -0.254117
283.000000 -0.254082
284.000000 -0.254095
285.000000 -0.254146
286.000000 -0.254220
287.000000 -0.254298
288.000000 -0.254366
289.000000 -0.254413
290.000000 -0.254431
291.000000 -0.254423
292.000000 -0.254395
293.000000 -0.254354
294.000000 -0.254310
295.000000 -0.254274
296.000000 -0.254250
297.000000 -0.254242
298.000000 -0.254249
299.000000 -0.254267
300.000000 -0.254292
301.000000 -0.254317
302.000000 -0.254338
303.000000 -0.254351
304.000000 -0.254355
305.000000 -0.254350
306.000000 -0.254339
307.000000 -0.254325
308.000000 -0.254310
309.000000 -0.254299
310.000000 -0.254291
311.000000 -0.254289
312.000000 -0.254292
313.000000 -0.254298
314.000000 -0.254307
315.000000 -0.254315
316.000000 -0.254321
317.000000 -0.254325
318.000000 -0.254326
319.000000 -0.254324
320.000000 -0.254320
321.000000 -0.254315
322.000000 -0.254311
323.000000 -0.254307
324.000000 -0.254305
325.000000 -0.254305
326.000000 -0.254306
327.000000 -0.254308
328.000000 -0.254311
329.000000 -0.254314
330.000000 -0.254316
331.000000 -0.254317
332.000000 -0.254317
333.000000 -0.254316
334.000000 -0.254315
335.000000 -0.254313
336.000000 -0.254312
337.000000 -0.254311
338.000000 -0.254310
339.000000 -0.254310
340.000000 -0.254311
341.000000 -0.254311
342.000000 -0.254312
343.000000 -0.254313
344.000000 -0.254314
345.000000 -0.254314
346.000000 -0.254314
347.000000 -0.254314
348.000000 -0.254313
349.000000 -0.254313
350.000000 -0.254312
351.000000 -0.254312
352.000000 -0.254312
353.000000 -0.254312
354.000000 -0.254312
355.000000 -0.254312
356.000000 -0.254313
357.000000 -0.254313
358.000000 -0.254313
359.000000 -0.254313
360.000000 -0.254313
361.000000 -0.254313
362.000000 -0.254313
363.000000 -0.254313
364.000000 -0.254312
365.000000 -0.254312
366.000000 -0.254312
367.000000 -0.254312
368.000000 -0.254312
369.000000 -0.254313
370.000000 -0.254313
371.000000 -0.254313
372.000000 -0.254313
373.000000 -0.254313
374.000000 -0.254313
375.000000 -0.254313
376.000000 -0.254313
377.000000 -0.254313
378.000000 -0.254313
379.000000 -0.254313
380.000000 -0.254313
381.000000 -0.254313
382.000000 -0.254313
383.000000 -0.254313
384.000000 -0.254313
385.000000 -0.254313
386.000000 -0.254313
387.000000 -0.254313
388.000000 -0.254313
389.000000 -0.254313
390.000000 -0.254313
391.000000 -0.254313
392.000000 -0.254313
393.000000 -0.254313
394.000000 -0.254313
395.000000 -0.254313
396.000000 -0.254313
397.000000 -0.254313
398.000000 -0.254313
399.000000 -0.254313
400.000000 -0.254313
401.000000 -1.000000
402.000000 1.000000
403.000000 0.719422
404.000000 0.438844
405.000000 0.158266
406.000000 0.039918
407.000000 -0.596016
408.000000 -0.937208
409.000000 -1.000000
410.000000 -1.000000
411.000000 -1.000000
412.000000 -1.000000
413.000000 -1.000000
414.000000 -1.000000
415.000000 -1.000000
416.000000 -0.982053
417.000000 -0.964415
418.000000 -0.946879
419.000000 -0.929305
420.000000 -0.911606
421.000000 -0.895589
422.000000 -0.882002
423.000000 -0.872399
424.000000 -0.866288
425.000000 -0.862551
426.000000 -0.860416
427.000000 -0.859425
428.000000 -0.859232
429.000000 -0.859568
430.000000 -0.860236
431.000000 -0.861089
432.000000 -0.862001
433.000000 -0.862845
434.000000 -0.863521
435.000000 -0.864012
436.000000 -0.864317
437.000000 -0.864451
438.000000 -0.864441
439.000000 -0.864323
440.000000 -0.864136
441.000000 -0.863913
442.000000 -0.863683
443.000000 -0.863469
444.000000 -0.863285
445.000000 -0.863142
446.000000 -0.863044
447.000000 -0.862989
448.000000 -0.862972
449.000000 -0.862988
450.000000 -0.863029
451.000000 -0.863087
452.000000 -0.863154
453.000000 -0.863224
454.000000 -0.863292
455.000000 -0.863354
456.000000 -0.863406
457.000000 -0.863449
458.000000 -0.863481
459.000000 -0.863503
460.000000 -0.863516
461.000000 -0.863522
462.000000 -0.863522
463.000000 -0.863517
464.000000 -0.863510
465.000000 -0.863501
466.000000 -0.863492
467.000000 -0.863483
468.000000 -0.863475
469.000000 -0.863468
470.000000 -0.863463
471.000000 -0.863459
472.000000 -0.863457
473.000000 -0.863455
474.000000 -0.863455
475.000000 -0.863455
476.000000 -0.863456
477.000000 -0.863457
478.000000 -0.863458
479.000000 -0.863459
480.000000 -0.863460
481.000000 -0.863461
482.000000 -0.863461
483.000000 -0.863462
484.000000 -0.863462
485.000000 -0.863462
486.000000 -0.863462
487.000000 -0.863462
488.000000 -0.863461
489.000000 -0.863461
490.000000 -0.863461
491.000000 -0.863461
492.000000 -0.863461
493.000000 -0.863460
494.000000 -0.863460
495.000000 -0.863460
496.000000 -0.863460
497.000000 -0.863460
498.000000 -0.863460
499.000000 -0.863460
500.000000 -0.863460
501.000000 -0.863460
502.000000 -0.863460
503.000000 -0.863461
504.000000 -0.863461
505.000000 -0.863461
506.000000 -0.863461
507.000000 -0.863461
508.000000 -0.863461
509.000000 -0.863461
510.000000 -0.863461
511.000000 -0.863461
512.000000 -0.863461
513.000000 -0.863461
514.000000 -0.863461
515.000000 -0.863461
516.000000 -0.863461
517.000000 -0.863461
518.000000 -0.863461
519.000000 -0.863461
520.000000 -0.863461
521.000000 -0.863461
522.000000 -0.863461
523.000000 -0.863461
524.000000 -0.863461
525.000000 -0.863461
526.000000 -0.863461
527.000000 -0.863461
528.000000 -0.863461
529.000000 -0.863461
530.000000 -0.863461
531.000000 -0.863461
532.000000 -0.863461
533.000000 -0.863461
534.000000 -0.863461
535.000000 -0.863461
536.000000 -0.863461
537.000000 -0.863461
538.000000 -0.863461
539.000000 -0.863461
540.000000 -0.863461
541.000000 -0.863461
542.000000 -0.863461
543.000000 -0.863461
544.000000 -0.863461
545.000000 -0.863461
546.000000 -0.863461
547.000000 -0.863461
548.000000 -0.863461
549.000000 -0.863461
550.000000 -0.863461
551.000000 -0.863461
552.000000 -0.863461
553.000000 -0.863461
554.000000 -0.863461
555.000000 -0.863461
556.000000 -0.863461
557.000000 -0.863461
558.000000 -0.863461
559.000000 -0.863461
560.000000 -0.863461
561.000000 -0.863461
562.000000 -0.863461
563.000000 -0.863461
564.000000 -0.863461
565.000000 -0.863461
566.000000 -0.863461
567.000000 -0.863461
568.000000 -0.863461
569.000000 -0.863461
570.000000 -0.863461
571.000000 -0.863461
572.000000 -0.863461
573.000000 -0.863461
574.000000 -0.863461
575.000000 -0.863461
576.000000 -0.863461
577.000000 -0.863461
578.000000 -0.863461
579.000000 -0.863461
580.000000 -0.863461
581.000000 -0.863461
582.000000 -0.863461
583.000000 -0.863461
584.000000 -0.863461
585.000000 -0.863461
586.000000 -0.863461
587.000000 -0.863461
588.000000 -0.863461
589.000000 -0.863461
590.000000 -0.863461
591.000000 -0.863461
592.000000 -0.863461
593.000000 -0.863461
594.000000 -0.863461
595.000000 -0.863461
596.000000 -0.863461
597.000000 -0.863461
598.000000 -0.863461
599.000000 -0.863461
600.000000 -0.863461
601.000000 0.396384
602.000000 -0.385196
603.000000 -0.321765
604.000000 -0.258334
605.000000 -0.194902
606.000000 -0.567926
607.000000 -0.563658
608.000000 -0.354134
609.000000 -0.190704
610.000000 -0.069017
611.000000 0.069142
612.000000 0.234684
613.000000 0.330501
614.000000 0.335631
615.000000 0.292924
616.000000 0.241755
617.000000 0.218489
618.000000 0.230837
619.000000 0.254190
620.000000 0.366557
621.000000 0.493883
622.000000 0.614051
623.000000 0.714453
624.000000 0.787777
625.000000 0.838229
626.000000 0.847992
627.000000 0.843594
628.000000 0.836628
629.000000 0.830841
630.000000 0.826924
631.000000 0.827318
632.000000 0.833931
633.000000 0.841282
634.000000 0.847035
635.000000 0.851068
636.000000 0.853520
637.000000 0.853783
638.000000 0.852053
639.000000 0.849841
640.000000 0.847824
641.000000 0.846065
642.000000 0.844663
643.000000 0.843836
644.000000 0.843480
645.000000 0.843252
646.000000 0.843023
647.000000 0.842798
648.000000 0.842538
649.000000 0.842194
650.000000 0.841809
651.000000 0.841463
652.000000 0.841174
653.000000 0.840936
654.000000 0.840757
655.000000 0.840642
656.000000 0.840569
657.000000 0.840515
658.000000 0.840473
659.000000 0.840440
660.000000 0.840410
661.000000 0.840379
662.000000 0.840351
663.000000 0.840328
664.000000 0.840311
665.000000 0.840298
666.000000 0.840291
667.000000 0.840288
668.000000 0.840287
669.000000 0.840288
670.000000 0.840289
671.000000 0.840290
672.000000 0.840291
673.000000 0.840292
674.000000 0.840292
675.000000 0.840293
676.000000 0.840294
677.000000 0.840294
678.000000 0.840295
679.000000 0.840296
680.000000 0.840297
681.000000 0.840298
682.000000 0.840299
683.000000 0.840299
684.000000 0.840300
685.000000 0.840300
686.000000 0.840300
687.000000 0.840301
688.000000 0.840301
689.000000 0.840301
690.000000 0.840301
691.000000 0.840301
692.000000 0.840302
693.000000 0.840302
694.000000 0.840302
695.000000 0.840302
696.000000 0.840302
697.000000 0.840302
698.000000 0.840302
699.000000 0.840302
700.000000 0.840302
701.000000 0.840302
702.000000 0.840302
703.000000 0.840302
704.000000 0.840302
705.000000 0.840302
706.000000 0.840302
707.000000 0.840302
708.000000 0.840302
709.000000 0.840302
710.000000 0.840302
711.000000 0.840302
712.000000 0.840302
713.000000 0.840302
714.000000 0.840302
715.000000 0.840302
716.000000 0.840302
717.000000 0.840302
718.000000 0.840302
719.000000 0.840302
720.000000 0.840302
721.000000 0.840302
722.000000 0.840302
723.000000 0.840302
724.000000 0.840302
725.000000 0.840302
726.000000 0.840302
727.000000 0.840302
728.000000 0.840302
729.000000 0.840302
730.000000 0.840302
731.000000 0.840302
732.000000 0.840302
733.000000 0.840302
734.000000 0.840302
735.000000 0.840302
736.000000 0.840302
737.000000 0.840302
738.000000 0.840302
739.000000 0.840302
740.000000 0.840302
741.000000 0.840302
742.000000 0.840302
743.000000 0.840302
744.000000 0.840302
745.000000 0.840302
746.000000 0.840302
747.000000 0.840302
748.000000 0.840302
749.000000 0.840302
750.000000 0.840302
751.000000 0.840302
752.000000 0.840302
753.000000 0.840302
754.000000 0.840302
755.000000 0.840302
756.000000 0.840302
757.000000 0.840302
758.000000 0.840302
759.000000 0.840302
760.000000 0.840302
761.000000 0.840302
762.000000 0.840302
763.000000 0.840302
764.000000 0.840302
765.000000 0.840302
766.000000 0.840302
767.000000 0.840302
768.000000 0.840302
769.000000 0.840302
770.000000 0.840302
771.000000 0.840302
772.000000 0.840302
773.000000 0.840302
774.000000 0.840302
775.000000 0.840302
776.000000 0.840302
777.000000 0.840302
778.000000 0.840302
779.000000 0.840302
780.000000 0.840302
781.000000 0.840302
782.000000 0.840302
783.000000 0.840302
784.000000 0.840302
785.000000 0.840302
786.000000 0.840302
787.000000 0.840302
788.000000 0.840302
789.000000 0.840302
790.000000 0.840302
791.000000 0.840302
792.000000 0.840302
793.000000 0.840302
794.000000 0.840302
795.000000 0.840302
796.000000 0.840302
797.000000 0.840302
798.000000 0.840302
799.000000 0.840302
800.000000 0.840302
801.000000 -1.000000
802.000000 1.000000
803.000000 -1.000000
804.000000 -1.000000
805.000000 -1.000000
806.000000 -1.000000
807.000000 -1.000000
808.000000 -1.000000
809.000000 -0.955812
810.000000 -0.919308
811.000000 -0.884057
812.000000 -0.850970
813.000000 -0.818143
814.000000 -0.789411
815.000000 -0.766139
816.000000 -0.748143
817.000000 -0.735282
818.000000 -0.727506
819.000000 -0.724252
820.000000 -0.724531
821.000000 -0.727292
822.000000 -0.731537
823.000000 -0.736355
824.000000 -0.741001
825.000000 -0.744972
826.000000 -0.747990
827.000000 -0.749961
828.000000 -0.750930
829.000000 -0.751039
830.000000 -0.750479
831.000000 -0.749458
832.000000 -0.748175
833.000000 -0.746804
834.000000 -0.745483
835.000000 -0.744313
836.000000 -0.743356
837.000000 -0.742639
838.000000 -0.742163
839.000000 -0.741908
840.000000 -0.741836
841.000000 -0.741907
842.000000 -0.742076
843.000000 -0.742302
844.000000 -0.742550
845.000000 -0.742791
846.000000 -0.743005
847.000000 -0.743182
848.000000 -0.743314
849.000000 -0.743403
850.000000 -0.743452
851.000000 -0.743469
852.000000 -0.743460
853.000000 -0.743435
854.000000 -0.743400
855.000000 -0.743361
856.000000 -0.743325
857.000000 -0.743293
858.000000 -0.743267
859.000000 -0.743250
860.000000 -0.743240
861.000000 -0.743236
862.000000 -0.743238
863.000000 -0.743243
864.000000 -0.743251
865.000000 -0.743260
866.000000 -0.743269
867.000000 -0.743277
868.000000 -0.743284
869.000000 -0.743289
870.000000 -0.743293
871.000000 -0.743295
872.000000 -0.743295
873.000000 -0.743295
874.000000 -0.743294
875.000000 -0.743293
876.000000 -0.743291
877.000000 -0.743290
878.000000 -0.743288
879.000000 -0.743287
880.000000 -0.743286
881.000000 -0.743285
882.000000 -0.743285
883.000000 -0.743285
884.000000 -0.743285
885.000000 -0.743285
886.000000 -0.743285
887.000000 -0.743285
888.000000 -0.743286
889.000000 -0.743286
890.000000 -0.743286
891.000000 -0.743286
892.000000 -0.743286
893.000000 -0.743286
894.000000 -0.743286
895.000000 -0.743286
896.000000 -0.743286
897.000000 -0.743286
898.000000 -0.743286
899.000000 -0.743286
900.000000 -0.743286
901.000000 -0.743286
902.000000 -0.743286
903.000000 -0.743286
904.000000 -0.743286
905.000000 -0.743286
906.000000 -0.743286
907.000000 -0.743286
908.000000 -0.743286
909.000000 -0.743286
910.000000 -0.743286
911.000000 -0.743286
912.000000 -0.743286
913.000000 -0.743286
914.000000 -0.743286
915.000000 -0.743286
916.000000 -0.743286
917.000000 -0.743286
918.000000 -0.743286
919.000000 -0.743286
920.000000 -0.743286
921.000000 -0.743286
922.000000 -0.743286
923.000000 -0.743286
924.000000 -0.743286
925.000000 -0.743286
926.000000 -0.743286
927.000000 -0.743286
928.000000 -0.743286
929.000000 -0.743286
930.000000 -0.743286
931.000000 -0.743286
932.000000 -0.743286
933.000000 -0.743286
934.000000 -0.743286
935.000000 -0.743286
936.000000 -0.743286
937.000000 -0.743286
938.000000 -0.743286
939.000000 -0.743286
940.000000 -0.743286
941.000000 -0.743286
942.000000 -0.743286
943.000000 -0.743286
944.000000 -0.743286
945.000000 -0.743286
946.000000 -0.743286
947.000000 -0.743286
948.000000 -0.743286
949.000000 -0.743286
950.000000 -0.743286
951.000000 -0.743286
952.000000 -0.743286
953.000000 -0.743286
954.000000 -0.743286
955.000000 -0.743286
956.000000 -0.743286
957.000000 -0.743286
958.000000 -0.743286
959.000000 -0.743286
960.000000 -0.743286
961.000000 -0.743286
962.000000 -0.743286
963.000000 -0.743286
964.000000 -0.743286
965.000000 -0.743286
966.000000 -0.743286
967.000000 -0.743286
968.000000 -0.743286
969.000000 -0.743286
970.000000 -0.743286
971.000000 -0.743286
972.000000 -0.743286
973.000000 -0.743286
974.000000 -0.743286
975.000000 -0.743286
976.000000 -0.743286
977.000000 -0.743286
978.000000 -0.743286
979.000000 -0.743286
980.000000 -0.743286
981.000000 -0.743286
982.000000 -0.743286
983.000000 -0.743286
984.000000 -0.743286
985.000000 -0.743286
986.000000 -0.743286
987.000000 -0.743286
988.000000 -0.743286
989.000000 -0.743286
990.000000 -0.743286
991.000000 -0.743286
992.000000 -0.743286
993.000000 -0.743286
994.000000 -0.743286
995.000000 -0.743286
996.000000 -0.743286
997.000000 -0.743286
998.000000 -0.743286
999.000000 -0.743286
1000.000000 -0.743286
