1.000000 0.000000
2.000000 0.000000
3.000000 0.000000
4.000000 0.000000
5.000000 0.000000
6.000000 0.000000
7.000000 0.000000
8.000000 0.000000
9.000000 0.000000
10.000000 0.000000
11.000000 0.000000
12.000000 0.000000
13.000000 0.000000
14.000000 0.000000
15.000000 0.000000
16.000000 0.000000
17.000000 0.000000
18.000000 0.000000
19.000000 0.000000
20.000000 0.000000
21.000000 -0.092126
22.000000 -0.179738
23.000000 -0.262904
24.000000 -0.341734
25.000000 -0.416377
26.000000 -0.487395
27.000000 -0.555151
28.000000 -0.619526
29.000000 -0.671989
30.000000 -0.706797
31.000000 -0.737716
32.000000 -0.763468
33.000000 -0.776035
34.000000 -0.780420
35.000000 -0.777016
36.000000 -0.765691
37.000000 -0.749424
38.000000 -0.731017
39.000000 -0.711924
40.000000 -0.693255
41.000000 -0.675805
42.000000 -0.660110
43.000000 -0.646477
44.000000 -0.635029
45.000000 -0.625744
46.000000 -0.618493
47.000000 -0.613067
48.000000 -0.609206
49.000000 -0.606619
50.000000 -0.605014
51.000000 -0.604115
52.000000 -0.603716
53.000000 -0.603626
54.000000 -0.603689
55.000000 -0.603793
56.000000 -0.603872
57.000000 -0.603896
58.000000 -0.603864
59.000000 -0.603790
60.000000 -0.603695
61.000000 -0.603599
62.000000 -0.603514
63.000000 -0.603448
64.000000 -0.603401
65.000000 -0.603368
66.000000 -0.603344
67.000000 -0.603322
68.000000 -0.603297
69.000000 -0.603269
70.000000 -0.603235
71.000000 -0.603197
72.000000 -0.603158
73.000000 -0.603119
74.000000 -0.603082
75.000000 -0.603050
76.000000 -0.603022
77.000000 -0.603000
78.000000 -0.602983
79.000000 -0.602972
80.000000 -0.602964
81.000000 -0.602960
82.000000 -0.602959
83.000000 -0.602959
84.000000 -0.602960
85.000000 -0.602962
86.000000 -0.602963
87.000000 -0.602965
88.000000 -0.602966
89.000000 -0.602967
90.000000 -0.602967
91.000000 -0.602967
92.000000 -0.602967
93.000000 -0.602967
94.000000 -0.602967
95.000000 -0.602967
96.000000 -0.602966
97.000000 -0.602966
98.000000 -0.602966
99.000000 -0.602966
100.000000 -0.602966
101.000000 -0.602966
102.000000 -0.602966
103.000000 -0.602966
104.000000 -0.602966
105.000000 -0.602966
106.000000 -0.602966
107.000000 -0.602966
108.000000 -0.602966
109.000000 -0.602966
110.000000 -0.602966
111.000000 -0.602966
112.000000 -0.602966
113.000000 -0.602966
114.000000 -0.602966
115.000000 -0.602966
116.000000 -0.602966
117.000000 -0.602966
118.000000 -0.602966
119.000000 -0.602966
120.000000 -0.602966
121.000000 -0.602966
122.000000 -0.602966
123.000000 -0.602966
124.000000 -0.602966
125.000000 -0.602966
126.000000 -0.602966
127.000000 -0.602966
128.000000 -0.602966
129.000000 -0.602966
130.000000 -0.602966
131.000000 -0.602966
132.000000 -0.602966
133.000000 -0.602966
134.000000 -0.602966
135.000000 -0.602966
136.000000 -0.602966
137.000000 -0.602966
138.000000 -0.602966
139.000000 -0.602966
140.000000 -0.602966
141.000000 -0.602966
142.000000 -0.602966
143.000000 -0.602966
144.000000 -0.602966
145.000000 -0.602966
146.000000 -0.602966
147.000000 -0.602966
148.000000 -0.602966
149.000000 -0.602966
150.000000 -0.602966
151.000000 -0.602966
152.000000 -0.602966
153.000000 -0.602966
154.000000 -0.602966
155.000000 -0.602966
156.000000 -0.602966
157.000000 -0.602966
158.000000 -0.602966
159.000000 -0.602966
160.000000 -0.602966
161.000000 -0.602966
162.000000 -0.602966
163.000000 -0.602966
164.000000 -0.602966
165.000000 -0.602966
166.000000 -0.602966
167.000000 -0.602966
168.000000 -0.602966
169.000000 -0.602966
170.000000 -0.602966
171.000000 -0.602966
172.000000 -0.602966
173.000000 -0.602966
174.000000 -0.602966
175.000000 -0.602966
176.000000 -0.602966
177.000000 -0.602966
178.000000 -0.602966
179.000000 -0.602966
180.000000 -0.602966
181.000000 -0.602966
182.000000 -0.602966
183.000000 -0.602966
184.000000 -0.602966
185.000000 -0.602966
186.000000 -0.602966
187.000000 -0.602966
188.000000 -0.602966
189.000000 -0.602966
190.000000 -0.602966
191.000000 -0.602966
192.000000 -0.602966
193.000000 -0.602966
194.000000 -0.602966
195.000000 -0.602966
196.000000 -0.602966
197.000000 -0.602966
198.000000 -0.602966
199.000000 -0.602966
200.000000 -0.602966
201.000000 -0.507128
202.000000 -0.442576
203.000000 -0.402746
204.000000 -0.381392
205.000000 -0.372950
206.000000 -0.371805
207.000000 -0.372504
208.000000 -0.372433
209.000000 -0.370834
210.000000 -0.368041
211.000000 -0.364179
212.000000 -0.358590
213.000000 -0.351269
214.000000 -0.342797
215.000000 -0.333940
216.000000 -0.325029
217.000000 -0.316271
218.000000 -0.307860
219.000000 -0.299963
220.000000 -0.292687
221.000000 -0.286077
222.000000 -0.280202
223.000000 -0.275245
224.000000 -0.271143
225.000000 -0.267802
226.000000 -0.265117
227.000000 -0.262985
228.000000 -0.261310
229.000000 -0.260004
230.000000 -0.258991
231.000000 -0.258206
232.000000 -0.257593
233.000000 -0.257112
234.000000 -0.256727
235.000000 -0.256414
236.000000 -0.256154
237.000000 -0.255934
238.000000 -0.255744
239.000000 -0.255578
240.000000 -0.255432
241.000000 -0.255302
242.000000 -0.255187
243.000000 -0.255083
244.000000 -0.254991
245.000000 -0.254909
246.000000 -0.254836
247.000000 -0.254772
248.000000 -0.254715
249.000000 -0.254664
250.000000 -0.254620
251.000000 -0.254581
252.000000 -0.254547
253.000000 -0.254518
254.000000 -0.254492
255.000000 -0.254469
256.000000 -0.254450
257.000000 -0.254432
258.000000 -0.254417
259.000000 -0.254404
260.000000 -0.254393
261.000000 -0.254383
262.000000 -0.254374
263.000000 -0.254366
264.000000 -0.254360
265.000000 -0.254354
266.000000 -0.254349
267.000000 -0.254344
268.000000 -0.254340
269.000000 -0.254337
270.000000 -0.254334
271.000000 -0.254331
272.000000 -0.254329
273.000000 -0.254327
274.000000 -0.254325
275.000000 -0.254323
276.000000 -0.254322
277.000000 -0.254321
278.000000 -0.254320
279.000000 -0.254319
280.000000 -0.254318
281.000000 -0.254317
282.000000 -0.254317
283.000000 -0.254316
284.000000 -0.254316
285.000000 -0.254315
286.000000 -0.254315
287.000000 -0.254315
288.000000 -0.254315
289.000000 -0.254314
290.000000 -0.254314
291.000000 -0.254314
292.000000 -0.254314
293.000000 -0.254314
294.000000 -0.254313
295.000000 -0.254313
296.000000 -0.254313
297.000000 -0.254313
298.000000 -0.254313
299.000000 -0.254313
300.000000 -0.254313
301.000000 -0.254313
302.000000 -0.254313
303.000000 -0.254313
304.000000 -0.254313
305.000000 -0.254313
306.000000 -0.254313
307.000000 -0.254313
308.000000 -0.254313
309.000000 -0.254313
310.000000 -0.254313
311.000000 -0.254313
312.000000 -0.254313
313.000000 -0.254313
314.000000 -0.254313
315.000000 -0.254313
316.000000 -0.254313
317.000000 -0.254313
318.000000 -0.254313
319.000000 -0.254313
320.000000 -0.254313
321.000000 -0.254313
322.000000 -0.254313
323.000000 -0.254313
324.000000 -0.254313
325.000000 -0.254313
326.000000 -0.254313
327.000000 -0.254313
328.000000 -0.254313
329.000000 -0.254313
330.000000 -0.254313
331.000000 -0.254313
332.000000 -0.254313
333.000000 -0.254313
334.000000 -0.254313
335.000000 -0.254313
336.000000 -0.254313
337.000000 -0.254313
338.000000 -0.254313
339.000000 -0.254313
340.000000 -0.254313
341.000000 -0.254313
342.000000 -0.254313
343.000000 -0.254313
344.000000 -0.254313
345.000000 -0.254313
346.000000 -0.254313
347.000000 -0.254313
348.000000 -0.254313
349.000000 -0.254313
350.000000 -0.254313
351.000000 -0.254313
352.000000 -0.254313
353.000000 -0.254313
354.000000 -0.254313
355.000000 -0.254313
356.000000 -0.254313
357.000000 -0.254313
358.000000 -0.254313
359.000000 -0.254313
360.000000 -0.254313
361.000000 -0.254313
362.000000 -0.254313
363.000000 -0.254313
364.000000 -0.254313
365.000000 -0.254313
366.000000 -0.254313
367.000000 -0.254313
368.000000 -0.254313
369.000000 -0.254313
370.000000 -0.254313
371.000000 -0.254313
372.000000 -0.254313
373.000000 -0.254313
374.000000 -0.254313
375.000000 -0.254313
376.000000 -0.254313
377.000000 -0.254313
378.000000 -0.254313
379.000000 -0.254313
380.000000 -0.254313
381.000000 -0.254313
382.000000 -0.254313
383.000000 -0.254313
384.000000 -0.254313
385.000000 -0.254313
386.000000 -0.254313
387.000000 -0.254313
388.000000 -0.254313
389.000000 -0.254313
390.000000 -0.254313
391.000000 -0.254313
392.000000 -0.254313
393.000000 -0.254313
394.000000 -0.254313
395.000000 -0.254313
396.000000 -0.254313
397.000000 -0.254313
398.000000 -0.254313
399.000000 -0.254313
400.000000 -0.254313
401.000000 -0.423667
402.000000 -0.572452
403.000000 -0.702198
404.000000 -0.814632
405.000000 -0.911583
406.000000 -0.995722
407.000000 -1.000000
408.000000 -1.000000
409.000000 -1.000000
410.000000 -1.000000
411.000000 -1.000000
412.000000 -1.000000
413.000000 -0.997074
414.000000 -0.988016
415.000000 -0.974309
416.000000 -0.957826
417.000000 -0.940266
418.000000 -0.924653
419.000000 -0.913368
420.000000 -0.905484
421.000000 -0.899977
422.000000 -0.895958
423.000000 -0.892775
424.000000 -0.890014
425.000000 -0.887437
426.000000 -0.884905
427.000000 -0.882326
428.000000 -0.879635
429.000000 -0.876806
430.000000 -0.873866
431.000000 -0.870890
432.000000 -0.868041
433.000000 -0.865446
434.000000 -0.863189
435.000000 -0.861397
436.000000 -0.860047
437.000000 -0.859098
438.000000 -0.858507
439.000000 -0.858232
440.000000 -0.858228
441.000000 -0.858449
442.000000 -0.858843
443.000000 -0.859360
444.000000 -0.859951
445.000000 -0.860574
446.000000 -0.861195
447.000000 -0.861787
448.000000 -0.862332
449.000000 -0.862818
450.000000 -0.863239
451.000000 -0.863591
452.000000 -0.863877
453.000000 -0.864098
454.000000 -0.864260
455.000000 -0.864366
456.000000 -0.864423
457.000000 -0.864437
458.000000 -0.864415
459.000000 -0.864364
460.000000 -0.864289
461.000000 -0.864197
462.000000 -0.864095
463.000000 -0.863987
464.000000 -0.863878
465.000000 -0.863772
466.000000 -0.863674
467.000000 -0.863584
468.000000 -0.863505
469.000000 -0.863438
470.000000 -0.863384
471.000000 -0.863341
472.000000 -0.863310
473.000000 -0.863290
474.000000 -0.863280
475.000000 -0.863278
476.000000 -0.863282
477.000000 -0.863293
478.000000 -0.863307
479.000000 -0.863325
480.000000 -0.863344
481.000000 -0.863365
482.000000 -0.863385
483.000000 -0.863404
484.000000 -0.863422
485.000000 -0.863439
486.000000 -0.863453
487.000000 -0.863465
488.000000 -0.863475
489.000000 -0.863483
490.000000 -0.863488
491.000000 -0.863492
492.000000 -0.863494
493.000000 -0.863494
494.000000 -0.863493
495.000000 -0.863491
496.000000 -0.863489
497.000000 -0.863485
498.000000 -0.863482
499.000000 -0.863478
500.000000 -0.863474
501.000000 -0.863471
502.000000 -0.863468
503.000000 -0.863465
504.000000 -0.863462
505.000000 -0.863460
506.000000 -0.863458
507.000000 -0.863456
508.000000 -0.863455
509.000000 -0.863455
510.000000 -0.863454
511.000000 -0.863454
512.000000 -0.863455
513.000000 -0.863455
514.000000 -0.863455
515.000000 -0.863456
516.000000 -0.863457
517.000000 -0.863457
518.000000 -0.863458
519.000000 -0.863459
520.000000 -0.863459
521.000000 -0.863460
522.000000 -0.863460
523.000000 -0.863461
524.000000 -0.863461
525.000000 -0.863461
526.000000 -0.863462
527.000000 -0.863462
528.000000 -0.863462
529.000000 -0.863462
530.000000 -0.863462
531.000000 -0.863462
532.000000 -0.863462
533.000000 -0.863461
534.000000 -0.863461
535.000000 -0.863461
536.000000 -0.863461
537.000000 -0.863461
538.000000 -0.863461
539.000000 -0.863461
540.000000 -0.863461
541.000000 -0.863461
542.000000 -0.863460
543.000000 -0.863460
544.000000 -0.863460
545.000000 -0.863460
546.000000 -0.863460
547.000000 -0.863460
548.000000 -0.863460
549.000000 -0.863460
550.000000 -0.863460
551.000000 -0.863460
552.000000 -0.863460
553.000000 -0.863460
554.000000 -0.863460
555.000000 -0.863461
556.000000 -0.863461
557.000000 -0.863461
558.000000 -0.863461
559.000000 -0.863461
560.000000 -0.863461
561.000000 -0.863461
562.000000 -0.863461
563.000000 -0.863461
564.000000 -0.863461
565.000000 -0.863461
566.000000 -0.863461
567.000000 -0.863461
568.000000 -0.863461
569.000000 -0.863461
570.000000 -0.863461
571.000000 -0.863461
572.000000 -0.863461
573.000000 -0.863461
574.000000 -0.863461
575.000000 -0.863461
576.000000 -0.863461
577.000000 -0.863461
578.000000 -0.863461
579.000000 -0.863461
580.000000 -0.863461
581.000000 -0.863461
582.000000 -0.863461
583.000000 -0.863461
584.000000 -0.863461
585.000000 -0.863461
586.000000 -0.863461
587.000000 -0.863461
588.000000 -0.863461
589.000000 -0.863461
590.000000 -0.863461
591.000000 -0.863461
592.000000 -0.863461
593.000000 -0.863461
594.000000 -0.863461
595.000000 -0.863461
596.000000 -0.863461
597.000000 -0.863461
598.000000 -0.863461
599.000000 -0.863461
600.000000 -0.863461
601.000000 -0.614281
602.000000 -0.446446
603.000000 -0.342889
604.000000 -0.287369
605.000000 -0.265419
606.000000 -0.264654
607.000000 -0.277279
608.000000 -0.297762
609.000000 -0.320221
610.000000 -0.337153
611.000000 -0.345747
612.000000 -0.346852
613.000000 -0.341851
614.000000 -0.333385
615.000000 -0.320155
616.000000 -0.302552
617.000000 -0.281724
618.000000 -0.259094
619.000000 -0.236000
620.000000 -0.213516
621.000000 -0.192416
622.000000 -0.173199
623.000000 -0.156121
624.000000 -0.141227
625.000000 -0.128392
626.000000 -0.117358
627.000000 -0.107787
628.000000 -0.099317
629.000000 -0.090681
630.000000 -0.081160
631.000000 -0.071226
632.000000 -0.061415
633.000000 -0.052079
634.000000 -0.043106
635.000000 -0.034449
636.000000 -0.026106
637.000000 -0.018093
638.000000 -0.010423
639.000000 -0.003095
640.000000 0.003905
641.000000 0.010597
642.000000 0.017011
643.000000 0.023173
644.000000 0.029110
645.000000 0.034844
646.000000 0.040396
647.000000 0.045746
648.000000 0.050866
649.000000 0.055776
650.000000 0.060496
651.000000 0.065040
652.000000 0.069423
653.000000 0.073657
654.000000 0.077754
655.000000 0.081725
656.000000 0.085580
657.000000 0.089328
658.000000 0.092977
659.000000 0.096533
660.000000 0.100003
661.000000 0.103393
662.000000 0.106707
663.000000 0.109951
664.000000 0.113127
665.000000 0.116241
666.000000 0.119294
667.000000 0.122292
668.000000 0.125249
669.000000 0.128171
670.000000 0.131059
671.000000 0.133913
672.000000 0.136736
673.000000 0.139528
674.000000 0.142290
675.000000 0.145024
676.000000 0.147730
677.000000 0.150409
678.000000 0.153062
679.000000 0.155689
680.000000 0.158292
681.000000 0.160871
682.000000 0.163426
683.000000 0.165959
684.000000 0.168469
685.000000 0.170957
686.000000 0.173425
687.000000 0.175872
688.000000 0.178299
689.000000 0.180706
690.000000 0.183094
691.000000 0.185463
692.000000 0.187814
693.000000 0.190147
694.000000 0.192462
695.000000 0.194761
696.000000 0.197042
697.000000 0.199308
698.000000 0.201557
699.000000 0.203790
700.000000 0.206008
701.000000 0.208211
702.000000 0.210400
703.000000 0.212573
704.000000 0.214733
705.000000 0.216878
706.000000 0.219010
707.000000 0.221128
708.000000 0.223233
709.000000 0.225325
710.000000 0.227405
711.000000 0.229472
712.000000 0.231526
713.000000 0.233569
714.000000 0.235599
715.000000 0.237618
716.000000 0.239625
717.000000 0.241621
718.000000 0.243606
719.000000 0.245580
720.000000 0.247544
721.000000 0.249496
722.000000 0.251438
723.000000 0.253370
724.000000 0.255292
725.000000 0.257203
726.000000 0.259105
727.000000 0.260997
728.000000 0.262880
729.000000 0.264753
730.000000 0.266616
731.000000 0.268471
732.000000 0.270316
733.000000 0.272153
734.000000 0.273980
735.000000 0.275799
736.000000 0.277610
737.000000 0.279411
738.000000 0.281205
739.000000 0.282990
740.000000 0.284767
741.000000 0.286536
742.000000 0.288297
743.000000 0.290050
744.000000 0.291795
745.000000 0.293532
746.000000 0.295262
747.000000 0.296984
748.000000 0.298699
749.000000 0.300406
750.000000 0.302106
751.000000 0.303799
752.000000 0.305485
753.000000 0.307164
754.000000 0.308835
755.000000 0.310500
756.000000 0.312158
757.000000 0.313809
758.000000 0.315453
759.000000 0.317091
760.000000 0.318722
761.000000 0.320346
762.000000 0.321964
763.000000 0.323576
764.000000 0.325181
765.000000 0.326780
766.000000 0.328373
767.000000 0.329960
768.000000 0.331540
769.000000 0.333114
770.000000 0.334683
771.000000 0.336245
772.000000 0.337801
773.000000 0.339352
774.000000 0.340897
775.000000 0.342435
776.000000 0.343969
777.000000 0.345496
778.000000 0.347018
779.000000 0.348534
780.000000 0.350045
781.000000 0.351550
782.000000 0.353050
783.000000 0.354544
784.000000 0.356033
785.000000 0.357517
786.000000 0.358995
787.000000 0.360468
788.000000 0.361935
789.000000 0.363398
790.000000 0.364855
791.000000 0.366307
792.000000 0.367755
793.000000 0.369197
794.000000 0.370634
795.000000 0.372066
796.000000 0.373493
797.000000 0.374915
798.000000 0.376332
799.000000 0.377745
800.000000 0.379152
801.000000 0.288655
802.000000 0.198524
803.000000 0.108757
804.000000 0.019355
805.000000 -0.069684
806.000000 -0.158456
807.000000 -0.246968
808.000000 -0.335134
809.000000 -0.422756
810.000000 -0.510671
811.000000 -0.613343
812.000000 -0.714931
813.000000 -0.810592
814.000000 -0.875893
815.000000 -0.934765
816.000000 -0.984249
817.000000 -1.000000
818.000000 -1.000000
819.000000 -0.997249
820.000000 -0.983390
821.000000 -0.964607
822.000000 -0.941844
823.000000 -0.916342
824.000000 -0.889324
825.000000 -0.861946
826.000000 -0.835254
827.000000 -0.811260
828.000000 -0.792801
829.000000 -0.778228
830.000000 -0.766236
831.000000 -0.756025
832.000000 -0.747340
833.000000 -0.740199
834.000000 -0.735160
835.000000 -0.732009
836.000000 -0.730206
837.000000 -0.729341
838.000000 -0.729153
839.000000 -0.729486
840.000000 -0.730236
841.000000 -0.731317
842.000000 -0.732646
843.000000 -0.734137
844.000000 -0.735704
845.000000 -0.737267
846.000000 -0.738758
847.000000 -0.740123
848.000000 -0.741327
849.000000 -0.742348
850.000000 -0.743182
851.000000 -0.743833
852.000000 -0.744313
853.000000 -0.744641
854.000000 -0.744838
855.000000 -0.744923
856.000000 -0.744920
857.000000 -0.744848
858.000000 -0.744725
859.000000 -0.744569
860.000000 -0.744393
861.000000 -0.744209
862.000000 -0.744028
863.000000 -0.743856
864.000000 -0.743699
865.000000 -0.743560
866.000000 -0.743442
867.000000 -0.743345
868.000000 -0.743267
869.000000 -0.743207
870.000000 -0.743165
871.000000 -0.743136
872.000000 -0.743120
873.000000 -0.743115
874.000000 -0.743117
875.000000 -0.743126
876.000000 -0.743139
877.000000 -0.743156
878.000000 -0.743174
879.000000 -0.743193
880.000000 -0.743211
881.000000 -0.743229
882.000000 -0.743245
883.000000 -0.743259
884.000000 -0.743271
885.000000 -0.743281
886.000000 -0.743289
887.000000 -0.743295
888.000000 -0.743300
889.000000 -0.743302
890.000000 -0.743304
891.000000 -0.743304
892.000000 -0.743304
893.000000 -0.743303
894.000000 -0.743301
895.000000 -0.743299
896.000000 -0.743297
897.000000 -0.743295
898.000000 -0.743293
899.000000 -0.743292
900.000000 -0.743290
901.000000 -0.743289
902.000000 -0.743287
903.000000 -0.743286
904.000000 -0.743286
905.000000 -0.743285
906.000000 -0.743285
907.000000 -0.743284
908.000000 -0.743284
909.000000 -0.743284
910.000000 -0.743284
911.000000 -0.743284
912.000000 -0.743285
913.000000 -0.743285
914.000000 -0.743285
915.000000 -0.743285
916.000000 -0.743285
917.000000 -0.743286
918.000000 -0.743286
919.000000 -0.743286
920.000000 -0.743286
921.000000 -0.743286
922.000000 -0.743286
923.000000 -0.743286
924.000000 -0.743286
925.000000 -0.743286
926.000000 -0.743286
927.000000 -0.743286
928.000000 -0.743286
929.000000 -0.743286
930.000000 -0.743286
931.000000 -0.743286
932.000000 -0.743286
933.000000 -0.743286
934.000000 -0.743286
935.000000 -0.743286
936.000000 -0.743286
937.000000 -0.743286
938.000000 -0.743286
939.000000 -0.743286
940.000000 -0.743286
941.000000 -0.743286
942.000000 -0.743286
943.000000 -0.743286
944.000000 -0.743286
945.000000 -0.743286
946.000000 -0.743286
947.000000 -0.743286
948.000000 -0.743286
949.000000 -0.743286
950.000000 -0.743286
951.000000 -0.743286
952.000000 -0.743286
953.000000 -0.743286
954.000000 -0.743286
955.000000 -0.743286
956.000000 -0.743286
957.000000 -0.743286
958.000000 -0.743286
959.000000 -0.743286
960.000000 -0.743286
961.000000 -0.743286
962.000000 -0.743286
963.000000 -0.743286
964.000000 -0.743286
965.000000 -0.743286
966.000000 -0.743286
967.000000 -0.743286
968.000000 -0.743286
969.000000 -0.743286
970.000000 -0.743286
971.000000 -0.743286
972.000000 -0.743286
973.000000 -0.743286
974.000000 -0.743286
975.000000 -0.743286
976.000000 -0.743286
977.000000 -0.743286
978.000000 -0.743286
979.000000 -0.743286
980.000000 -0.743286
981.000000 -0.743286
982.000000 -0.743286
983.000000 -0.743286
984.000000 -0.743286
985.000000 -0.743286
986.000000 -0.743286
987.000000 -0.743286
988.000000 -0.743286
989.000000 -0.743286
990.000000 -0.743286
991.000000 -0.743286
992.000000 -0.743286
993.000000 -0.743286
994.000000 -0.743286
995.000000 -0.743286
996.000000 -0.743286
997.000000 -0.743286
998.000000 -0.743286
999.000000 -0.743286
1000.000000 -0.743286
