1.000000 0.000000
2.000000 0.000000
3.000000 0.000000
4.000000 0.000000
5.000000 0.000000
6.000000 0.000000
7.000000 0.000000
8.000000 0.000000
9.000000 0.000000
10.000000 0.000000
11.000000 0.000000
12.000000 0.000000
13.000000 0.000000
14.000000 0.000000
15.000000 0.000000
16.000000 0.000000
17.000000 0.000000
18.000000 0.000000
19.000000 0.000000
20.000000 0.000000
21.000000 -0.040718
22.000000 -0.081277
23.000000 -0.121675
24.000000 -0.161914
25.000000 -0.201993
26.000000 -0.241652
27.000000 -0.280281
28.000000 -0.317582
29.000000 -0.353756
30.000000 -0.389091
31.000000 -0.423396
32.000000 -0.455735
33.000000 -0.485262
34.000000 -0.511682
35.000000 -0.534894
36.000000 -0.555129
37.000000 -0.572735
38.000000 -0.588020
39.000000 -0.601188
40.000000 -0.612333
41.000000 -0.621488
42.000000 -0.628671
43.000000 -0.633929
44.000000 -0.637356
45.000000 -0.639095
46.000000 -0.639332
47.000000 -0.638276
48.000000 -0.636148
49.000000 -0.633169
50.000000 -0.629554
51.000000 -0.625504
52.000000 -0.621206
53.000000 -0.616835
54.000000 -0.612542
55.000000 -0.608462
56.000000 -0.604708
57.000000 -0.601365
58.000000 -0.598500
59.000000 -0.596149
60.000000 -0.594329
61.000000 -0.593034
62.000000 -0.592241
63.000000 -0.591912
64.000000 -0.591996
65.000000 -0.592436
66.000000 -0.593169
67.000000 -0.594132
68.000000 -0.595260
69.000000 -0.596494
70.000000 -0.597778
71.000000 -0.599064
72.000000 -0.600307
73.000000 -0.601474
74.000000 -0.602534
75.000000 -0.603469
76.000000 -0.604263
77.000000 -0.604908
78.000000 -0.605404
79.000000 -0.605754
80.000000 -0.605965
81.000000 -0.606049
82.000000 -0.606019
83.000000 -0.605892
84.000000 -0.605684
85.000000 -0.605413
86.000000 -0.605096
87.000000 -0.604749
88.000000 -0.604389
89.000000 -0.604028
90.000000 -0.603679
91.000000 -0.603352
92.000000 -0.603054
93.000000 -0.602793
94.000000 -0.602572
95.000000 -0.602393
96.000000 -0.602256
97.000000 -0.602161
98.000000 -0.602105
99.000000 -0.602086
100.000000 -0.602098
101.000000 -0.602137
102.000000 -0.602199
103.000000 -0.602278
104.000000 -0.602370
105.000000 -0.602470
106.000000 -0.602572
107.000000 -0.602675
108.000000 -0.602774
109.000000 -0.602866
110.000000 -0.602949
111.000000 -0.603022
112.000000 -0.603084
113.000000 -0.603133
114.000000 -0.603171
115.000000 -0.603197
116.000000 -0.603211
117.000000 -0.603216
118.000000 -0.603212
119.000000 -0.603200
120.000000 -0.603182
121.000000 -0.603159
122.000000 -0.603132
123.000000 -0.603104
124.000000 -0.603075
125.000000 -0.603046
126.000000 -0.603018
127.000000 -0.602992
128.000000 -0.602969
129.000000 -0.602948
130.000000 -0.602931
131.000000 -0.602917
132.000000 -0.602907
133.000000 -0.602900
134.000000 -0.602896
135.000000 -0.602895
136.000000 -0.602897
137.000000 -0.602900
138.000000 -0.602906
139.000000 -0.602912
140.000000 -0.602920
141.000000 -0.602928
142.000000 -0.602936
143.000000 -0.602944
144.000000 -0.602952
145.000000 -0.602960
146.000000 -0.602966
147.000000 -0.602972
148.000000 -0.602977
149.000000 -0.602980
150.000000 -0.602983
151.000000 -0.602985
152.000000 -0.602986
153.000000 -0.602986
154.000000 -0.602986
155.000000 -0.602985
156.000000 -0.602983
157.000000 -0.602981
158.000000 -0.602979
159.000000 -0.602977
160.000000 -0.602974
161.000000 -0.602972
162.000000 -0.602970
163.000000 -0.602968
164.000000 -0.602966
165.000000 -0.602964
166.000000 -0.602963
167.000000 -0.602962
168.000000 -0.602961
169.000000 -0.602961
170.000000 -0.602960
171.000000 -0.602960
172.000000 -0.602961
173.000000 -0.602961
174.000000 -0.602961
175.000000 -0.602962
176.000000 -0.602963
177.000000 -0.602963
178.000000 -0.602964
179.000000 -0.602965
180.000000 -0.602965
181.000000 -0.602966
182.000000 -0.602966
183.000000 -0.602967
184.000000 -0.602967
185.000000 -0.602967
186.000000 -0.602968
187.000000 -0.602968
188.000000 -0.602968
189.000000 -0.602968
190.000000 -0.602968
191.000000 -0.602968
192.000000 -0.602968
193.000000 -0.602967
194.000000 -0.602967
195.000000 -0.602967
196.000000 -0.602967
197.000000 -0.602967
198.000000 -0.602966
199.000000 -0.602966
200.000000 -0.602966
201.000000 -0.531188
202.000000 -0.474718
203.000000 -0.431224
204.000000 -0.398333
205.000000 -0.373824
206.000000 -0.354656
207.000000 -0.338620
208.000000 -0.324631
209.000000 -0.312428
210.000000 -0.302129
211.000000 -0.293876
212.000000 -0.287650
213.000000 -0.283225
214.000000 -0.280224
215.000000 -0.278214
216.000000 -0.276793
217.000000 -0.275654
218.000000 -0.274598
219.000000 -0.273528
220.000000 -0.272421
221.000000 -0.271296
222.000000 -0.270184
223.000000 -0.269117
224.000000 -0.268113
225.000000 -0.267180
226.000000 -0.266317
227.000000 -0.265518
228.000000 -0.264774
229.000000 -0.264080
230.000000 -0.263431
231.000000 -0.262823
232.000000 -0.262255
233.000000 -0.261726
234.000000 -0.261232
235.000000 -0.260774
236.000000 -0.260347
237.000000 -0.259951
238.000000 -0.259581
239.000000 -0.259237
240.000000 -0.258916
241.000000 -0.258617
242.000000 -0.258337
243.000000 -0.258076
244.000000 -0.257831
245.000000 -0.257603
246.000000 -0.257390
247.000000 -0.257190
248.000000 -0.257004
249.000000 -0.256830
250.000000 -0.256667
251.000000 -0.256515
252.000000 -0.256373
253.000000 -0.256240
254.000000 -0.256116
255.000000 -0.256000
256.000000 -0.255891
257.000000 -0.255790
258.000000 -0.255695
259.000000 -0.255606
260.000000 -0.255523
261.000000 -0.255445
262.000000 -0.255372
263.000000 -0.255304
264.000000 -0.255240
265.000000 -0.255181
266.000000 -0.255125
267.000000 -0.255073
268.000000 -0.255024
269.000000 -0.254979
270.000000 -0.254936
271.000000 -0.254896
272.000000 -0.254859
273.000000 -0.254824
274.000000 -0.254791
275.000000 -0.254760
276.000000 -0.254731
277.000000 -0.254705
278.000000 -0.254680
279.000000 -0.254656
280.000000 -0.254634
281.000000 -0.254613
282.000000 -0.254594
283.000000 -0.254576
284.000000 -0.254559
285.000000 -0.254544
286.000000 -0.254529
287.000000 -0.254515
288.000000 -0.254502
289.000000 -0.254490
290.000000 -0.254478
291.000000 -0.254468
292.000000 -0.254458
293.000000 -0.254449
294.000000 -0.254440
295.000000 -0.254432
296.000000 -0.254424
297.000000 -0.254417
298.000000 -0.254410
299.000000 -0.254404
300.000000 -0.254398
301.000000 -0.254393
302.000000 -0.254388
303.000000 -0.254383
304.000000 -0.254378
305.000000 -0.254374
306.000000 -0.254370
307.000000 -0.254367
308.000000 -0.254363
309.000000 -0.254360
310.000000 -0.254357
311.000000 -0.254354
312.000000 -0.254351
313.000000 -0.254349
314.000000 -0.254347
315.000000 -0.254344
316.000000 -0.254342
317.000000 -0.254340
318.000000 -0.254339
319.000000 -0.254337
320.000000 -0.254335
321.000000 -0.254334
322.000000 -0.254333
323.000000 -0.254331
324.000000 -0.254330
325.000000 -0.254329
326.000000 -0.254328
327.000000 -0.254327
328.000000 -0.254326
329.000000 -0.254325
330.000000 -0.254324
331.000000 -0.254324
332.000000 -0.254323
333.000000 -0.254322
334.000000 -0.254322
335.000000 -0.254321
336.000000 -0.254321
337.000000 -0.254320
338.000000 -0.254320
339.000000 -0.254319
340.000000 -0.254319
341.000000 -0.254318
342.000000 -0.254318
343.000000 -0.254318
344.000000 -0.254317
345.000000 -0.254317
346.000000 -0.254317
347.000000 -0.254316
348.000000 -0.254316
349.000000 -0.254316
350.000000 -0.254316
351.000000 -0.254316
352.000000 -0.254315
353.000000 -0.254315
354.000000 -0.254315
355.000000 -0.254315
356.000000 -0.254315
357.000000 -0.254315
358.000000 -0.254314
359.000000 -0.254314
360.000000 -0.254314
361.000000 -0.254314
362.000000 -0.254314
363.000000 -0.254314
364.000000 -0.254314
365.000000 -0.254314
366.000000 -0.254314
367.000000 -0.254314
368.000000 -0.254314
369.000000 -0.254314
370.000000 -0.254313
371.000000 -0.254313
372.000000 -0.254313
373.000000 -0.254313
374.000000 -0.254313
375.000000 -0.254313
376.000000 -0.254313
377.000000 -0.254313
378.000000 -0.254313
379.000000 -0.254313
380.000000 -0.254313
381.000000 -0.254313
382.000000 -0.254313
383.000000 -0.254313
384.000000 -0.254313
385.000000 -0.254313
386.000000 -0.254313
387.000000 -0.254313
388.000000 -0.254313
389.000000 -0.254313
390.000000 -0.254313
391.000000 -0.254313
392.000000 -0.254313
393.000000 -0.254313
394.000000 -0.254313
395.000000 -0.254313
396.000000 -0.254313
397.000000 -0.254313
398.000000 -0.254313
399.000000 -0.254313
400.000000 -0.254313
401.000000 -0.415814
402.000000 -0.542870
403.000000 -0.640732
404.000000 -0.714737
405.000000 -0.769882
406.000000 -0.814082
407.000000 -0.853884
408.000000 -0.892780
409.000000 -0.931327
410.000000 -0.968106
411.000000 -1.000000
412.000000 -1.000000
413.000000 -1.000000
414.000000 -1.000000
415.000000 -1.000000
416.000000 -0.997734
417.000000 -0.990608
418.000000 -0.981664
419.000000 -0.972712
420.000000 -0.964679
421.000000 -0.957917
422.000000 -0.952454
423.000000 -0.948143
424.000000 -0.944738
425.000000 -0.941964
426.000000 -0.939558
427.000000 -0.937305
428.000000 -0.935047
429.000000 -0.932681
430.000000 -0.930150
431.000000 -0.927429
432.000000 -0.924516
433.000000 -0.921422
434.000000 -0.918167
435.000000 -0.914778
436.000000 -0.911284
437.000000 -0.907716
438.000000 -0.904103
439.000000 -0.900475
440.000000 -0.896857
441.000000 -0.893273
442.000000 -0.889746
443.000000 -0.886296
444.000000 -0.882946
445.000000 -0.879716
446.000000 -0.876626
447.000000 -0.873698
448.000000 -0.870950
449.000000 -0.868401
450.000000 -0.866066
451.000000 -0.863960
452.000000 -0.862093
453.000000 -0.860474
454.000000 -0.859108
455.000000 -0.857995
456.000000 -0.857134
457.000000 -0.856517
458.000000 -0.856136
459.000000 -0.855975
460.000000 -0.856017
461.000000 -0.856243
462.000000 -0.856630
463.000000 -0.857153
464.000000 -0.857786
465.000000 -0.858502
466.000000 -0.859277
467.000000 -0.860083
468.000000 -0.860898
469.000000 -0.861699
470.000000 -0.862467
471.000000 -0.863185
472.000000 -0.863840
473.000000 -0.864421
474.000000 -0.864920
475.000000 -0.865333
476.000000 -0.865659
477.000000 -0.865898
478.000000 -0.866054
479.000000 -0.866131
480.000000 -0.866135
481.000000 -0.866075
482.000000 -0.865959
483.000000 -0.865796
484.000000 -0.865593
485.000000 -0.865362
486.000000 -0.865109
487.000000 -0.864844
488.000000 -0.864573
489.000000 -0.864304
490.000000 -0.864043
491.000000 -0.863796
492.000000 -0.863566
493.000000 -0.863357
494.000000 -0.863172
495.000000 -0.863012
496.000000 -0.862880
497.000000 -0.862775
498.000000 -0.862698
499.000000 -0.862646
500.000000 -0.862619
501.000000 -0.862615
502.000000 -0.862632
503.000000 -0.862667
504.000000 -0.862718
505.000000 -0.862782
506.000000 -0.862855
507.000000 -0.862936
508.000000 -0.863021
509.000000 -0.863108
510.000000 -0.863195
511.000000 -0.863279
512.000000 -0.863360
513.000000 -0.863434
514.000000 -0.863502
515.000000 -0.863562
516.000000 -0.863613
517.000000 -0.863656
518.000000 -0.863689
519.000000 -0.863714
520.000000 -0.863729
521.000000 -0.863737
522.000000 -0.863738
523.000000 -0.863731
524.000000 -0.863719
525.000000 -0.863702
526.000000 -0.863681
527.000000 -0.863656
528.000000 -0.863630
529.000000 -0.863602
530.000000 -0.863574
531.000000 -0.863545
532.000000 -0.863518
533.000000 -0.863492
534.000000 -0.863468
535.000000 -0.863446
536.000000 -0.863427
537.000000 -0.863410
538.000000 -0.863397
539.000000 -0.863386
540.000000 -0.863378
541.000000 -0.863373
542.000000 -0.863371
543.000000 -0.863371
544.000000 -0.863373
545.000000 -0.863377
546.000000 -0.863383
547.000000 -0.863390
548.000000 -0.863398
549.000000 -0.863406
550.000000 -0.863415
551.000000 -0.863424
552.000000 -0.863434
553.000000 -0.863443
554.000000 -0.863451
555.000000 -0.863459
556.000000 -0.863466
557.000000 -0.863472
558.000000 -0.863477
559.000000 -0.863482
560.000000 -0.863485
561.000000 -0.863488
562.000000 -0.863489
563.000000 -0.863490
564.000000 -0.863490
565.000000 -0.863489
566.000000 -0.863488
567.000000 -0.863486
568.000000 -0.863484
569.000000 -0.863481
570.000000 -0.863478
571.000000 -0.863475
572.000000 -0.863472
573.000000 -0.863469
574.000000 -0.863466
575.000000 -0.863464
576.000000 -0.863461
577.000000 -0.863459
578.000000 -0.863457
579.000000 -0.863455
580.000000 -0.863454
581.000000 -0.863453
582.000000 -0.863452
583.000000 -0.863451
584.000000 -0.863451
585.000000 -0.863451
586.000000 -0.863451
587.000000 -0.863452
588.000000 -0.863452
589.000000 -0.863453
590.000000 -0.863454
591.000000 -0.863455
592.000000 -0.863456
593.000000 -0.863457
594.000000 -0.863458
595.000000 -0.863459
596.000000 -0.863460
597.000000 -0.863460
598.000000 -0.863461
599.000000 -0.863462
600.000000 -0.863462
601.000000 -0.732390
602.000000 -0.629274
603.000000 -0.549851
604.000000 -0.489791
605.000000 -0.445037
606.000000 -0.407866
607.000000 -0.371490
608.000000 -0.331650
609.000000 -0.292793
610.000000 -0.257729
611.000000 -0.227807
612.000000 -0.203856
613.000000 -0.185931
614.000000 -0.173300
615.000000 -0.164650
616.000000 -0.158440
617.000000 -0.153275
618.000000 -0.148144
619.000000 -0.142520
620.000000 -0.136140
621.000000 -0.129377
622.000000 -0.122608
623.000000 -0.116006
624.000000 -0.109654
625.000000 -0.103579
626.000000 -0.097767
627.000000 -0.092175
628.000000 -0.086753
629.000000 -0.081460
630.000000 -0.076273
631.000000 -0.071186
632.000000 -0.066201
633.000000 -0.061325
634.000000 -0.056561
635.000000 -0.051909
636.000000 -0.047368
637.000000 -0.042933
638.000000 -0.038597
639.000000 -0.034355
640.000000 -0.030201
641.000000 -0.026131
642.000000 -0.022142
643.000000 -0.018230
644.000000 -0.014392
645.000000 -0.010625
646.000000 -0.006927
647.000000 -0.003296
648.000000 0.000272
649.000000 0.003779
650.000000 0.007227
651.000000 0.010619
652.000000 0.013956
653.000000 0.017241
654.000000 0.020475
655.000000 0.023660
656.000000 0.026795
657.000000 0.029881
658.000000 0.032920
659.000000 0.035913
660.000000 0.038863
661.000000 0.041770
662.000000 0.044637
663.000000 0.047464
664.000000 0.050254
665.000000 0.053006
666.000000 0.055724
667.000000 0.058407
668.000000 0.061057
669.000000 0.063674
670.000000 0.066261
671.000000 0.068817
672.000000 0.071345
673.000000 0.073844
674.000000 0.076315
675.000000 0.078759
676.000000 0.081178
677.000000 0.083571
678.000000 0.085940
679.000000 0.088285
680.000000 0.090606
681.000000 0.092905
682.000000 0.095182
683.000000 0.097437
684.000000 0.099671
685.000000 0.101885
686.000000 0.104079
687.000000 0.106254
688.000000 0.108409
689.000000 0.110546
690.000000 0.112665
691.000000 0.114766
692.000000 0.116850
693.000000 0.118917
694.000000 0.120968
695.000000 0.123002
696.000000 0.125021
697.000000 0.127024
698.000000 0.129012
699.000000 0.130985
700.000000 0.132943
701.000000 0.134888
702.000000 0.136818
703.000000 0.138735
704.000000 0.140639
705.000000 0.142529
706.000000 0.144406
707.000000 0.146271
708.000000 0.148124
709.000000 0.149964
710.000000 0.151792
711.000000 0.153609
712.000000 0.155414
713.000000 0.157208
714.000000 0.158991
715.000000 0.160763
716.000000 0.162524
717.000000 0.164275
718.000000 0.166015
719.000000 0.167746
720.000000 0.169466
721.000000 0.171176
722.000000 0.172877
723.000000 0.174568
724.000000 0.176250
725.000000 0.177923
726.000000 0.179586
727.000000 0.181241
728.000000 0.182887
729.000000 0.184524
730.000000 0.186153
731.000000 0.187773
732.000000 0.189385
733.000000 0.190989
734.000000 0.192585
735.000000 0.194172
736.000000 0.195753
737.000000 0.197325
738.000000 0.198890
739.000000 0.200447
740.000000 0.201997
741.000000 0.203540
742.000000 0.205076
743.000000 0.206604
744.000000 0.208126
745.000000 0.209640
746.000000 0.211148
747.000000 0.212649
748.000000 0.214143
749.000000 0.215631
750.000000 0.217113
751.000000 0.218588
752.000000 0.220057
753.000000 0.221519
754.000000 0.222975
755.000000 0.224426
756.000000 0.225870
757.000000 0.227308
758.000000 0.228741
759.000000 0.230167
760.000000 0.231588
761.000000 0.233004
762.000000 0.234413
763.000000 0.235817
764.000000 0.237216
765.000000 0.238609
766.000000 0.239997
767.000000 0.241380
768.000000 0.242757
769.000000 0.244129
770.000000 0.245496
771.000000 0.246858
772.000000 0.248215
773.000000 0.249567
774.000000 0.250914
775.000000 0.252256
776.000000 0.253594
777.000000 0.254926
778.000000 0.256254
779.000000 0.257577
780.000000 0.258895
781.000000 0.260209
782.000000 0.261519
783.000000 0.262823
784.000000 0.264124
785.000000 0.265420
786.000000 0.266711
787.000000 0.267998
788.000000 0.269281
789.000000 0.270560
790.000000 0.271834
791.000000 0.273104
792.000000 0.274370
793.000000 0.275632
794.000000 0.276890
795.000000 0.278144
796.000000 0.279394
797.000000 0.280639
798.000000 0.281881
799.000000 0.283119
800.000000 0.284353
801.000000 0.221248
802.000000 0.158392
803.000000 0.095785
804.000000 0.033427
805.000000 -0.028683
806.000000 -0.090612
807.000000 -0.152365
808.000000 -0.213895
809.000000 -0.275106
810.000000 -0.335862
811.000000 -0.395978
812.000000 -0.454995
813.000000 -0.511850
814.000000 -0.564650
815.000000 -0.610991
816.000000 -0.652505
817.000000 -0.690072
818.000000 -0.723909
819.000000 -0.754047
820.000000 -0.780373
821.000000 -0.802714
822.000000 -0.820906
823.000000 -0.834862
824.000000 -0.844595
825.000000 -0.850231
826.000000 -0.851996
827.000000 -0.850196
828.000000 -0.845197
829.000000 -0.837413
830.000000 -0.827290
831.000000 -0.815303
832.000000 -0.801943
833.000000 -0.788541
834.000000 -0.775452
835.000000 -0.762916
836.000000 -0.751112
837.000000 -0.740186
838.000000 -0.730274
839.000000 -0.721510
840.000000 -0.714025
841.000000 -0.707948
842.000000 -0.703396
843.000000 -0.700575
844.000000 -0.699423
845.000000 -0.699810
846.000000 -0.701577
847.000000 -0.704544
848.000000 -0.708510
849.000000 -0.713257
850.000000 -0.718557
851.000000 -0.724184
852.000000 -0.729923
853.000000 -0.735576
854.000000 -0.740969
855.000000 -0.745956
856.000000 -0.750418
857.000000 -0.754263
858.000000 -0.757429
859.000000 -0.759877
860.000000 -0.761594
861.000000 -0.762590
862.000000 -0.762894
863.000000 -0.762555
864.000000 -0.761637
865.000000 -0.760215
866.000000 -0.758375
867.000000 -0.756208
868.000000 -0.753810
869.000000 -0.751275
870.000000 -0.748694
871.000000 -0.746154
872.000000 -0.743732
873.000000 -0.741496
874.000000 -0.739503
875.000000 -0.737797
876.000000 -0.736409
877.000000 -0.735358
878.000000 -0.734649
879.000000 -0.734276
880.000000 -0.734223
881.000000 -0.734464
882.000000 -0.734967
883.000000 -0.735693
884.000000 -0.736598
885.000000 -0.737640
886.000000 -0.738772
887.000000 -0.739951
888.000000 -0.741136
889.000000 -0.742287
890.000000 -0.743371
891.000000 -0.744361
892.000000 -0.745232
893.000000 -0.745966
894.000000 -0.746554
895.000000 -0.746988
896.000000 -0.747267
897.000000 -0.747397
898.000000 -0.747385
899.000000 -0.747243
900.000000 -0.746988
901.000000 -0.746637
902.000000 -0.746209
903.000000 -0.745724
904.000000 -0.745202
905.000000 -0.744663
906.000000 -0.744126
907.000000 -0.743607
908.000000 -0.743121
909.000000 -0.742682
910.000000 -0.742299
911.000000 -0.741979
912.000000 -0.741729
913.000000 -0.741549
914.000000 -0.741439
915.000000 -0.741398
916.000000 -0.741421
917.000000 -0.741500
918.000000 -0.741630
919.000000 -0.741802
920.000000 -0.742007
921.000000 -0.742235
922.000000 -0.742477
923.000000 -0.742724
924.000000 -0.742968
925.000000 -0.743202
926.000000 -0.743418
927.000000 -0.743612
928.000000 -0.743779
929.000000 -0.743917
930.000000 -0.744022
931.000000 -0.744095
932.000000 -0.744137
933.000000 -0.744148
934.000000 -0.744130
935.000000 -0.744087
936.000000 -0.744022
937.000000 -0.743940
938.000000 -0.743843
939.000000 -0.743737
940.000000 -0.743626
941.000000 -0.743513
942.000000 -0.743402
943.000000 -0.743297
944.000000 -0.743201
945.000000 -0.743115
946.000000 -0.743042
947.000000 -0.742984
948.000000 -0.742939
949.000000 -0.742910
950.000000 -0.742895
951.000000 -0.742893
952.000000 -0.742905
953.000000 -0.742927
954.000000 -0.742959
955.000000 -0.742999
956.000000 -0.743044
957.000000 -0.743094
958.000000 -0.743145
959.000000 -0.743196
960.000000 -0.743246
961.000000 -0.743293
962.000000 -0.743336
963.000000 -0.743374
964.000000 -0.743405
965.000000 -0.743431
966.000000 -0.743449
967.000000 -0.743461
968.000000 -0.743466
969.000000 -0.743465
970.000000 -0.743458
971.000000 -0.743447
972.000000 -0.743431
973.000000 -0.743412
974.000000 -0.743391
975.000000 -0.743368
976.000000 -0.743344
977.000000 -0.743321
978.000000 -0.743298
979.000000 -0.743277
980.000000 -0.743258
981.000000 -0.743242
982.000000 -0.743228
983.000000 -0.743218
984.000000 -0.743210
985.000000 -0.743206
986.000000 -0.743204
987.000000 -0.743205
988.000000 -0.743209
989.000000 -0.743215
990.000000 -0.743222
991.000000 -0.743231
992.000000 -0.743241
993.000000 -0.743252
994.000000 -0.743263
995.000000 -0.743273
996.000000 -0.743283
997.000000 -0.743293
998.000000 -0.743301
999.000000 -0.743308
1000.000000 -0.743314
