1.000000 0.000000
2.000000 0.000000
3.000000 0.000000
4.000000 0.000000
5.000000 0.000000
6.000000 0.000000
7.000000 0.000000
8.000000 0.000000
9.000000 0.000000
10.000000 0.000000
11.000000 0.000000
12.000000 0.000000
13.000000 0.000000
14.000000 0.000000
15.000000 0.000000
16.000000 0.000000
17.000000 0.000000
18.000000 0.000000
19.000000 0.000000
20.000000 0.000000
21.000000 -0.031174
22.000000 -0.061153
23.000000 -0.089971
24.000000 -0.117671
25.000000 -0.144293
26.000000 -0.170320
27.000000 -0.196008
28.000000 -0.221423
29.000000 -0.246535
30.000000 -0.271275
31.000000 -0.295571
32.000000 -0.319356
33.000000 -0.342570
34.000000 -0.365159
35.000000 -0.387066
36.000000 -0.408236
37.000000 -0.428615
38.000000 -0.448149
39.000000 -0.466788
40.000000 -0.484487
41.000000 -0.501202
42.000000 -0.516899
43.000000 -0.531548
44.000000 -0.545127
45.000000 -0.557620
46.000000 -0.569021
47.000000 -0.579330
48.000000 -0.588556
49.000000 -0.596715
50.000000 -0.603832
51.000000 -0.609940
52.000000 -0.615076
53.000000 -0.619286
54.000000 -0.622622
55.000000 -0.625141
56.000000 -0.626903
57.000000 -0.627973
58.000000 -0.628419
59.000000 -0.628309
60.000000 -0.627714
61.000000 -0.626704
62.000000 -0.625348
63.000000 -0.623713
64.000000 -0.621863
65.000000 -0.619859
66.000000 -0.617759
67.000000 -0.615615
68.000000 -0.613473
69.000000 -0.611377
70.000000 -0.609361
71.000000 -0.607457
72.000000 -0.605689
73.000000 -0.604077
74.000000 -0.602633
75.000000 -0.601368
76.000000 -0.600285
77.000000 -0.599384
78.000000 -0.598661
79.000000 -0.598109
80.000000 -0.597719
81.000000 -0.597480
82.000000 -0.597377
83.000000 -0.597396
84.000000 -0.597522
85.000000 -0.597740
86.000000 -0.598034
87.000000 -0.598389
88.000000 -0.598790
89.000000 -0.599224
90.000000 -0.599679
91.000000 -0.600143
92.000000 -0.600605
93.000000 -0.601057
94.000000 -0.601492
95.000000 -0.601902
96.000000 -0.602283
97.000000 -0.602631
98.000000 -0.602943
99.000000 -0.603218
100.000000 -0.603454
101.000000 -0.603652
102.000000 -0.603813
103.000000 -0.603937
104.000000 -0.604027
105.000000 -0.604086
106.000000 -0.604115
107.000000 -0.604118
108.000000 -0.604099
109.000000 -0.604059
110.000000 -0.604003
111.000000 -0.603933
112.000000 -0.603853
113.000000 -0.603765
114.000000 -0.603672
115.000000 -0.603576
116.000000 -0.603480
117.000000 -0.603386
118.000000 -0.603295
119.000000 -0.603208
120.000000 -0.603127
121.000000 -0.603053
122.000000 -0.602986
123.000000 -0.602927
124.000000 -0.602875
125.000000 -0.602832
126.000000 -0.602797
127.000000 -0.602769
128.000000 -0.602748
129.000000 -0.602735
130.000000 -0.602727
131.000000 -0.602725
132.000000 -0.602728
133.000000 -0.602735
134.000000 -0.602746
135.000000 -0.602760
136.000000 -0.602777
137.000000 -0.602795
138.000000 -0.602814
139.000000 -0.602834
140.000000 -0.602854
141.000000 -0.602874
142.000000 -0.602893
143.000000 -0.602911
144.000000 -0.602928
145.000000 -0.602944
146.000000 -0.602959
147.000000 -0.602971
148.000000 -0.602982
149.000000 -0.602992
150.000000 -0.603000
151.000000 -0.603006
152.000000 -0.603011
153.000000 -0.603014
154.000000 -0.603016
155.000000 -0.603016
156.000000 -0.603016
157.000000 -0.603015
158.000000 -0.603013
159.000000 -0.603010
160.000000 -0.603007
161.000000 -0.603003
162.000000 -0.602999
163.000000 -0.602995
164.000000 -0.602991
165.000000 -0.602987
166.000000 -0.602982
167.000000 -0.602979
168.000000 -0.602975
169.000000 -0.602972
170.000000 -0.602968
171.000000 -0.602966
172.000000 -0.602963
173.000000 -0.602961
174.000000 -0.602960
175.000000 -0.602958
176.000000 -0.602957
177.000000 -0.602956
178.000000 -0.602956
179.000000 -0.602956
180.000000 -0.602956
181.000000 -0.602956
182.000000 -0.602956
183.000000 -0.602957
184.000000 -0.602958
185.000000 -0.602958
186.000000 -0.602959
187.000000 -0.602960
188.000000 -0.602961
189.000000 -0.602962
190.000000 -0.602963
191.000000 -0.602963
192.000000 -0.602964
193.000000 -0.602965
194.000000 -0.602966
195.000000 -0.602966
196.000000 -0.602967
197.000000 -0.602967
198.000000 -0.602967
199.000000 -0.602968
200.000000 -0.602968
201.000000 -0.578029
202.000000 -0.554046
203.000000 -0.530991
204.000000 -0.508831
205.000000 -0.487534
206.000000 -0.466824
207.000000 -0.446689
208.000000 -0.427301
209.000000 -0.408904
210.000000 -0.391729
211.000000 -0.375953
212.000000 -0.361687
213.000000 -0.348971
214.000000 -0.337790
215.000000 -0.328080
216.000000 -0.319738
217.000000 -0.312638
218.000000 -0.306636
219.000000 -0.301585
220.000000 -0.297340
221.000000 -0.293764
222.000000 -0.290735
223.000000 -0.288148
224.000000 -0.285913
225.000000 -0.283958
226.000000 -0.282222
227.000000 -0.280662
228.000000 -0.279241
229.000000 -0.277933
230.000000 -0.276718
231.000000 -0.275582
232.000000 -0.274514
233.000000 -0.273506
234.000000 -0.272553
235.000000 -0.271649
236.000000 -0.270792
237.000000 -0.269978
238.000000 -0.269206
239.000000 -0.268473
240.000000 -0.267777
241.000000 -0.267116
242.000000 -0.266489
243.000000 -0.265894
244.000000 -0.265329
245.000000 -0.264793
246.000000 -0.264284
247.000000 -0.263800
248.000000 -0.263341
249.000000 -0.262906
250.000000 -0.262492
251.000000 -0.262098
252.000000 -0.261725
253.000000 -0.261369
254.000000 -0.261032
255.000000 -0.260711
256.000000 -0.260406
257.000000 -0.260115
258.000000 -0.259839
259.000000 -0.259577
260.000000 -0.259327
261.000000 -0.259089
262.000000 -0.258863
263.000000 -0.258648
264.000000 -0.258443
265.000000 -0.258248
266.000000 -0.258062
267.000000 -0.257886
268.000000 -0.257717
269.000000 -0.257557
270.000000 -0.257405
271.000000 -0.257259
272.000000 -0.257121
273.000000 -0.256989
274.000000 -0.256863
275.000000 -0.256744
276.000000 -0.256630
277.000000 -0.256521
278.000000 -0.256418
279.000000 -0.256319
280.000000 -0.256225
281.000000 -0.256136
282.000000 -0.256051
283.000000 -0.255970
284.000000 -0.255892
285.000000 -0.255818
286.000000 -0.255748
287.000000 -0.255681
288.000000 -0.255617
289.000000 -0.255556
290.000000 -0.255498
291.000000 -0.255443
292.000000 -0.255390
293.000000 -0.255340
294.000000 -0.255292
295.000000 -0.255247
296.000000 -0.255203
297.000000 -0.255162
298.000000 -0.255122
299.000000 -0.255085
300.000000 -0.255049
301.000000 -0.255014
302.000000 -0.254982
303.000000 -0.254951
304.000000 -0.254921
305.000000 -0.254893
306.000000 -0.254866
307.000000 -0.254840
308.000000 -0.254816
309.000000 -0.254792
310.000000 -0.254770
311.000000 -0.254749
312.000000 -0.254728
313.000000 -0.254709
314.000000 -0.254691
315.000000 -0.254673
316.000000 -0.254656
317.000000 -0.254640
318.000000 -0.254625
319.000000 -0.254611
320.000000 -0.254597
321.000000 -0.254584
322.000000 -0.254571
323.000000 -0.254559
324.000000 -0.254548
325.000000 -0.254537
326.000000 -0.254526
327.000000 -0.254516
328.000000 -0.254507
329.000000 -0.254498
330.000000 -0.254489
331.000000 -0.254481
332.000000 -0.254473
333.000000 -0.254466
334.000000 -0.254459
335.000000 -0.254452
336.000000 -0.254445
337.000000 -0.254439
338.000000 -0.254433
339.000000 -0.254428
340.000000 -0.254422
341.000000 -0.254417
342.000000 -0.254412
343.000000 -0.254408
344.000000 -0.254403
345.000000 -0.254399
346.000000 -0.254395
347.000000 -0.254391
348.000000 -0.254388
349.000000 -0.254384
350.000000 -0.254381
351.000000 -0.254378
352.000000 -0.254375
353.000000 -0.254372
354.000000 -0.254369
355.000000 -0.254366
356.000000 -0.254364
357.000000 -0.254362
358.000000 -0.254359
359.000000 -0.254357
360.000000 -0.254355
361.000000 -0.254353
362.000000 -0.254351
363.000000 -0.254349
364.000000 -0.254348
365.000000 -0.254346
366.000000 -0.254345
367.000000 -0.254343
368.000000 -0.254342
369.000000 -0.254340
370.000000 -0.254339
371.000000 -0.254338
372.000000 -0.254337
373.000000 -0.254336
374.000000 -0.254334
375.000000 -0.254333
376.000000 -0.254332
377.000000 -0.254332
378.000000 -0.254331
379.000000 -0.254330
380.000000 -0.254329
381.000000 -0.254328
382.000000 -0.254328
383.000000 -0.254327
384.000000 -0.254326
385.000000 -0.254326
386.000000 -0.254325
387.000000 -0.254324
388.000000 -0.254324
389.000000 -0.254323
390.000000 -0.254323
391.000000 -0.254322
392.000000 -0.254322
393.000000 -0.254321
394.000000 -0.254321
395.000000 -0.254321
396.000000 -0.254320
397.000000 -0.254320
398.000000 -0.254320
399.000000 -0.254319
400.000000 -0.254319
401.000000 -0.310433
402.000000 -0.364393
403.000000 -0.416267
404.000000 -0.466126
405.000000 -0.514046
406.000000 -0.560746
407.000000 -0.606457
408.000000 -0.651036
409.000000 -0.694168
410.000000 -0.735495
411.000000 -0.774686
412.000000 -0.811460
413.000000 -0.845584
414.000000 -0.876864
415.000000 -0.905141
416.000000 -0.930287
417.000000 -0.952204
418.000000 -0.970829
419.000000 -0.986130
420.000000 -0.998109
421.000000 -1.000000
422.000000 -1.000000
423.000000 -1.000000
424.000000 -0.999438
425.000000 -0.996101
426.000000 -0.990251
427.000000 -0.983712
428.000000 -0.977286
429.000000 -0.971470
430.000000 -0.966506
431.000000 -0.962432
432.000000 -0.959132
433.000000 -0.956401
434.000000 -0.954002
435.000000 -0.951710
436.000000 -0.949340
437.000000 -0.946761
438.000000 -0.943895
439.000000 -0.940704
440.000000 -0.937181
441.000000 -0.933341
442.000000 -0.929207
443.000000 -0.924810
444.000000 -0.920178
445.000000 -0.915342
446.000000 -0.910332
447.000000 -0.905175
448.000000 -0.899901
449.000000 -0.894541
450.000000 -0.889128
451.000000 -0.883699
452.000000 -0.878297
453.000000 -0.872966
454.000000 -0.867757
455.000000 -0.862726
456.000000 -0.857932
457.000000 -0.853438
458.000000 -0.849307
459.000000 -0.845702
460.000000 -0.842723
461.000000 -0.840366
462.000000 -0.838624
463.000000 -0.837485
464.000000 -0.836928
465.000000 -0.836924
466.000000 -0.837440
467.000000 -0.838431
468.000000 -0.839849
469.000000 -0.841638
470.000000 -0.843741
471.000000 -0.846096
472.000000 -0.848643
473.000000 -0.851320
474.000000 -0.854067
475.000000 -0.856828
476.000000 -0.859547
477.000000 -0.862176
478.000000 -0.864669
479.000000 -0.866989
480.000000 -0.869100
481.000000 -0.870976
482.000000 -0.872595
483.000000 -0.873942
484.000000 -0.875008
485.000000 -0.875790
486.000000 -0.876288
487.000000 -0.876512
488.000000 -0.876472
489.000000 -0.876186
490.000000 -0.875672
491.000000 -0.874955
492.000000 -0.874059
493.000000 -0.873013
494.000000 -0.871844
495.000000 -0.870582
496.000000 -0.869258
497.000000 -0.867899
498.000000 -0.866534
499.000000 -0.865190
500.000000 -0.863891
501.000000 -0.862660
502.000000 -0.861516
503.000000 -0.860477
504.000000 -0.859556
505.000000 -0.858764
506.000000 -0.858109
507.000000 -0.857596
508.000000 -0.857226
509.000000 -0.856998
510.000000 -0.856908
511.000000 -0.856949
512.000000 -0.857114
513.000000 -0.857390
514.000000 -0.857767
515.000000 -0.858231
516.000000 -0.858768
517.000000 -0.859363
518.000000 -0.860001
519.000000 -0.860668
520.000000 -0.861349
521.000000 -0.862030
522.000000 -0.862697
523.000000 -0.863340
524.000000 -0.863946
525.000000 -0.864507
526.000000 -0.865015
527.000000 -0.865462
528.000000 -0.865845
529.000000 -0.866159
530.000000 -0.866402
531.000000 -0.866575
532.000000 -0.866678
533.000000 -0.866712
534.000000 -0.866683
535.000000 -0.866593
536.000000 -0.866448
537.000000 -0.866255
538.000000 -0.866019
539.000000 -0.865748
540.000000 -0.865449
541.000000 -0.865130
542.000000 -0.864797
543.000000 -0.864458
544.000000 -0.864120
545.000000 -0.863790
546.000000 -0.863472
547.000000 -0.863173
548.000000 -0.862897
549.000000 -0.862649
550.000000 -0.862430
551.000000 -0.862245
552.000000 -0.862093
553.000000 -0.861977
554.000000 -0.861897
555.000000 -0.861851
556.000000 -0.861839
557.000000 -0.861858
558.000000 -0.861908
559.000000 -0.861984
560.000000 -0.862084
561.000000 -0.862205
562.000000 -0.862342
563.000000 -0.862493
564.000000 -0.862654
565.000000 -0.862820
566.000000 -0.862989
567.000000 -0.863157
568.000000 -0.863321
569.000000 -0.863478
570.000000 -0.863625
571.000000 -0.863761
572.000000 -0.863882
573.000000 -0.863988
574.000000 -0.864078
575.000000 -0.864151
576.000000 -0.864206
577.000000 -0.864243
578.000000 -0.864264
579.000000 -0.864267
580.000000 -0.864255
581.000000 -0.864228
582.000000 -0.864188
583.000000 -0.864137
584.000000 -0.864076
585.000000 -0.864006
586.000000 -0.863930
587.000000 -0.863850
588.000000 -0.863766
589.000000 -0.863682
590.000000 -0.863599
591.000000 -0.863518
592.000000 -0.863440
593.000000 -0.863368
594.000000 -0.863301
595.000000 -0.863242
596.000000 -0.863190
597.000000 -0.863147
598.000000 -0.863112
599.000000 -0.863086
600.000000 -0.863069
601.000000 -0.798217
602.000000 -0.735862
603.000000 -0.675926
604.000000 -0.618325
605.000000 -0.562971
606.000000 -0.509168
607.000000 -0.456944
608.000000 -0.406879
609.000000 -0.359788
610.000000 -0.316488
611.000000 -0.277654
612.000000 -0.243738
613.000000 -0.214934
614.000000 -0.191165
615.000000 -0.172097
616.000000 -0.157177
617.000000 -0.145708
618.000000 -0.136932
619.000000 -0.130124
620.000000 -0.124654
621.000000 -0.120028
622.000000 -0.115889
623.000000 -0.112008
624.000000 -0.108247
625.000000 -0.104539
626.000000 -0.100855
627.000000 -0.097193
628.000000 -0.093560
629.000000 -0.089965
630.000000 -0.086417
631.000000 -0.082924
632.000000 -0.079491
633.000000 -0.076119
634.000000 -0.072810
635.000000 -0.069561
636.000000 -0.066371
637.000000 -0.063239
638.000000 -0.060162
639.000000 -0.057137
640.000000 -0.054163
641.000000 -0.051237
642.000000 -0.048358
643.000000 -0.045524
644.000000 -0.042733
645.000000 -0.039984
646.000000 -0.037275
647.000000 -0.034605
648.000000 -0.031973
649.000000 -0.029377
650.000000 -0.026816
651.000000 -0.024290
652.000000 -0.021797
653.000000 -0.019336
654.000000 -0.016906
655.000000 -0.014507
656.000000 -0.012137
657.000000 -0.009795
658.000000 -0.007481
659.000000 -0.005195
660.000000 -0.002934
661.000000 -0.000699
662.000000 0.001511
663.000000 0.003697
664.000000 0.005859
665.000000 0.007999
666.000000 0.010116
667.000000 0.012211
668.000000 0.014285
669.000000 0.016338
670.000000 0.018371
671.000000 0.020384
672.000000 0.022377
673.000000 0.024352
674.000000 0.026308
675.000000 0.028247
676.000000 0.030167
677.000000 0.032071
678.000000 0.033957
679.000000 0.035827
680.000000 0.037681
681.000000 0.039520
682.000000 0.041342
683.000000 0.043150
684.000000 0.044943
685.000000 0.046721
686.000000 0.048485
687.000000 0.050235
688.000000 0.051971
689.000000 0.053694
690.000000 0.055404
691.000000 0.057101
692.000000 0.058785
693.000000 0.060457
694.000000 0.062117
695.000000 0.063765
696.000000 0.065401
697.000000 0.067025
698.000000 0.068639
699.000000 0.070241
700.000000 0.071832
701.000000 0.073413
702.000000 0.074983
703.000000 0.076542
704.000000 0.078092
705.000000 0.079631
706.000000 0.081161
707.000000 0.082681
708.000000 0.084191
709.000000 0.085692
710.000000 0.087184
711.000000 0.088667
712.000000 0.090141
713.000000 0.091606
714.000000 0.093063
715.000000 0.094511
716.000000 0.095951
717.000000 0.097382
718.000000 0.098805
719.000000 0.100221
720.000000 0.101628
721.000000 0.103028
722.000000 0.104420
723.000000 0.105805
724.000000 0.107182
725.000000 0.108552
726.000000 0.109914
727.000000 0.111270
728.000000 0.112618
729.000000 0.113960
730.000000 0.115295
731.000000 0.116623
732.000000 0.117944
733.000000 0.119259
734.000000 0.120568
735.000000 0.121870
736.000000 0.123166
737.000000 0.124456
738.000000 0.125739
739.000000 0.127017
740.000000 0.128288
741.000000 0.129554
742.000000 0.130814
743.000000 0.132068
744.000000 0.133317
745.000000 0.134560
746.000000 0.135797
747.000000 0.137029
748.000000 0.138256
749.000000 0.139477
750.000000 0.140693
751.000000 0.141904
752.000000 0.143110
753.000000 0.144310
754.000000 0.145506
755.000000 0.146697
756.000000 0.147883
757.000000 0.149064
758.000000 0.150240
759.000000 0.151411
760.000000 0.152578
761.000000 0.153740
762.000000 0.154898
763.000000 0.156051
764.000000 0.157200
765.000000 0.158344
766.000000 0.159484
767.000000 0.160619
768.000000 0.161751
769.000000 0.162878
770.000000 0.164000
771.000000 0.165119
772.000000 0.166234
773.000000 0.167344
774.000000 0.168451
775.000000 0.169553
776.000000 0.170652
777.000000 0.171747
778.000000 0.172838
779.000000 0.173925
780.000000 0.175008
781.000000 0.176088
782.000000 0.177164
783.000000 0.178236
784.000000 0.179304
785.000000 0.180369
786.000000 0.181431
787.000000 0.182489
788.000000 0.183543
789.000000 0.184594
790.000000 0.185641
791.000000 0.186685
792.000000 0.187726
793.000000 0.188764
794.000000 0.189798
795.000000 0.190829
796.000000 0.191856
797.000000 0.192881
798.000000 0.193902
799.000000 0.194920
800.000000 0.195935
801.000000 0.147691
802.000000 0.101334
803.000000 0.056806
804.000000 0.014043
805.000000 -0.027020
806.000000 -0.067210
807.000000 -0.107024
808.000000 -0.146652
809.000000 -0.186119
810.000000 -0.225360
811.000000 -0.264287
812.000000 -0.302802
813.000000 -0.340804
814.000000 -0.378188
815.000000 -0.414841
816.000000 -0.450639
817.000000 -0.485452
818.000000 -0.519147
819.000000 -0.551586
820.000000 -0.582635
821.000000 -0.612164
822.000000 -0.640050
823.000000 -0.666179
824.000000 -0.690452
825.000000 -0.712782
826.000000 -0.733098
827.000000 -0.751347
828.000000 -0.767494
829.000000 -0.781522
830.000000 -0.793436
831.000000 -0.803259
832.000000 -0.811033
833.000000 -0.816821
834.000000 -0.820705
835.000000 -0.822784
836.000000 -0.823173
837.000000 -0.822005
838.000000 -0.819424
839.000000 -0.815587
840.000000 -0.810659
841.000000 -0.804812
842.000000 -0.798223
843.000000 -0.791070
844.000000 -0.783529
845.000000 -0.775772
846.000000 -0.767965
847.000000 -0.760262
848.000000 -0.752808
849.000000 -0.745731
850.000000 -0.739143
851.000000 -0.733139
852.000000 -0.727797
853.000000 -0.723172
854.000000 -0.719304
855.000000 -0.716212
856.000000 -0.713896
857.000000 -0.712341
858.000000 -0.711518
859.000000 -0.711382
860.000000 -0.711881
861.000000 -0.712950
862.000000 -0.714520
863.000000 -0.716518
864.000000 -0.718868
865.000000 -0.721492
866.000000 -0.724317
867.000000 -0.727269
868.000000 -0.730280
869.000000 -0.733287
870.000000 -0.736232
871.000000 -0.739063
872.000000 -0.741736
873.000000 -0.744214
874.000000 -0.746465
875.000000 -0.748466
876.000000 -0.750200
877.000000 -0.751655
878.000000 -0.752829
879.000000 -0.753721
880.000000 -0.754339
881.000000 -0.754692
882.000000 -0.754796
883.000000 -0.754670
884.000000 -0.754333
885.000000 -0.753811
886.000000 -0.753127
887.000000 -0.752309
888.000000 -0.751382
889.000000 -0.750374
890.000000 -0.749310
891.000000 -0.748215
892.000000 -0.747113
893.000000 -0.746026
894.000000 -0.744974
895.000000 -0.743975
896.000000 -0.743043
897.000000 -0.742191
898.000000 -0.741429
899.000000 -0.740766
900.000000 -0.740205
901.000000 -0.739750
902.000000 -0.739400
903.000000 -0.739154
904.000000 -0.739009
905.000000 -0.738958
906.000000 -0.738996
907.000000 -0.739113
908.000000 -0.739302
909.000000 -0.739552
910.000000 -0.739854
911.000000 -0.740198
912.000000 -0.740574
913.000000 -0.740970
914.000000 -0.741380
915.000000 -0.741792
916.000000 -0.742199
917.000000 -0.742594
918.000000 -0.742970
919.000000 -0.743321
920.000000 -0.743643
921.000000 -0.743931
922.000000 -0.744183
923.000000 -0.744397
924.000000 -0.744572
925.000000 -0.744707
926.000000 -0.744804
927.000000 -0.744864
928.000000 -0.744889
929.000000 -0.744880
930.000000 -0.744841
931.000000 -0.744775
932.000000 -0.744686
933.000000 -0.744577
934.000000 -0.744452
935.000000 -0.744314
936.000000 -0.744168
937.000000 -0.744017
938.000000 -0.743864
939.000000 -0.743712
940.000000 -0.743565
941.000000 -0.743424
942.000000 -0.743292
943.000000 -0.743170
944.000000 -0.743061
945.000000 -0.742965
946.000000 -0.742883
947.000000 -0.742816
948.000000 -0.742763
949.000000 -0.742725
950.000000 -0.742701
951.000000 -0.742690
952.000000 -0.742691
953.000000 -0.742704
954.000000 -0.742727
955.000000 -0.742759
956.000000 -0.742799
957.000000 -0.742845
958.000000 -0.742895
959.000000 -0.742949
960.000000 -0.743005
961.000000 -0.743062
962.000000 -0.743119
963.000000 -0.743174
964.000000 -0.743227
965.000000 -0.743277
966.000000 -0.743323
967.000000 -0.743364
968.000000 -0.743400
969.000000 -0.743432
970.000000 -0.743457
971.000000 -0.743478
972.000000 -0.743493
973.000000 -0.743503
974.000000 -0.743508
975.000000 -0.743508
976.000000 -0.743504
977.000000 -0.743495
978.000000 -0.743484
979.000000 -0.743470
980.000000 -0.743453
981.000000 -0.743434
982.000000 -0.743415
983.000000 -0.743394
984.000000 -0.743373
985.000000 -0.743351
986.000000 -0.743331
987.000000 -0.743311
988.000000 -0.743292
989.000000 -0.743275
990.000000 -0.743259
991.000000 -0.743246
992.000000 -0.743234
993.000000 -0.743224
994.000000 -0.743216
995.000000 -0.743210
996.000000 -0.743206
997.000000 -0.743204
998.000000 -0.743204
999.000000 -0.743205
1000.000000 -0.743208
