1.000000 0.000000
2.000000 0.000000
3.000000 0.000000
4.000000 0.000000
5.000000 0.000000
6.000000 0.000000
7.000000 0.000000
8.000000 0.000000
9.000000 0.000000
10.000000 0.000000
11.000000 0.000000
12.000000 0.000000
13.000000 0.000000
14.000000 0.000000
15.000000 0.000000
16.000000 0.000000
17.000000 0.000000
18.000000 0.000000
19.000000 0.000000
20.000000 0.000000
21.000000 -0.095369
22.000000 -0.182268
23.000000 -0.261284
24.000000 -0.333053
25.000000 -0.398208
26.000000 -0.458979
27.000000 -0.516980
28.000000 -0.572659
29.000000 -0.625503
30.000000 -0.674472
31.000000 -0.718385
32.000000 -0.756176
33.000000 -0.786989
34.000000 -0.805263
35.000000 -0.809308
36.000000 -0.804701
37.000000 -0.795644
38.000000 -0.782687
39.000000 -0.766578
40.000000 -0.748253
41.000000 -0.728733
42.000000 -0.708976
43.000000 -0.689779
44.000000 -0.671755
45.000000 -0.655340
46.000000 -0.640813
47.000000 -0.628325
48.000000 -0.617918
49.000000 -0.609545
50.000000 -0.603085
51.000000 -0.598356
52.000000 -0.595143
53.000000 -0.593196
54.000000 -0.592263
55.000000 -0.592099
56.000000 -0.592484
57.000000 -0.593231
58.000000 -0.594190
59.000000 -0.595247
60.000000 -0.596322
61.000000 -0.597360
62.000000 -0.598326
63.000000 -0.599201
64.000000 -0.599977
65.000000 -0.600652
66.000000 -0.601228
67.000000 -0.601710
68.000000 -0.602105
69.000000 -0.602420
70.000000 -0.602666
71.000000 -0.602849
72.000000 -0.602981
73.000000 -0.603070
74.000000 -0.603124
75.000000 -0.603150
76.000000 -0.603157
77.000000 -0.603150
78.000000 -0.603134
79.000000 -0.603113
80.000000 -0.603089
81.000000 -0.603065
82.000000 -0.603043
83.000000 -0.603022
84.000000 -0.603005
85.000000 -0.602991
86.000000 -0.602979
87.000000 -0.602970
88.000000 -0.602964
89.000000 -0.602959
90.000000 -0.602956
91.000000 -0.602955
92.000000 -0.602954
93.000000 -0.602955
94.000000 -0.602955
95.000000 -0.602956
96.000000 -0.602958
97.000000 -0.602959
98.000000 -0.602960
99.000000 -0.602962
100.000000 -0.602963
101.000000 -0.602964
102.000000 -0.602965
103.000000 -0.602965
104.000000 -0.602966
105.000000 -0.602966
106.000000 -0.602967
107.000000 -0.602967
108.000000 -0.602967
109.000000 -0.602967
110.000000 -0.602967
111.000000 -0.602967
112.000000 -0.602967
113.000000 -0.602967
114.000000 -0.602967
115.000000 -0.602967
116.000000 -0.602967
117.000000 -0.602966
118.000000 -0.602966
119.000000 -0.602966
120.000000 -0.602966
121.000000 -0.602966
122.000000 -0.602966
123.000000 -0.602966
124.000000 -0.602966
125.000000 -0.602966
126.000000 -0.602966
127.000000 -0.602966
128.000000 -0.602966
129.000000 -0.602966
130.000000 -0.602966
131.000000 -0.602966
132.000000 -0.602966
133.000000 -0.602966
134.000000 -0.602966
135.000000 -0.602966
136.000000 -0.602966
137.000000 -0.602966
138.000000 -0.602966
139.000000 -0.602966
140.000000 -0.602966
141.000000 -0.602966
142.000000 -0.602966
143.000000 -0.602966
144.000000 -0.602966
145.000000 -0.602966
146.000000 -0.602966
147.000000 -0.602966
148.000000 -0.602966
149.000000 -0.602966
150.000000 -0.602966
151.000000 -0.602966
152.000000 -0.602966
153.000000 -0.602966
154.000000 -0.602966
155.000000 -0.602966
156.000000 -0.602966
157.000000 -0.602966
158.000000 -0.602966
159.000000 -0.602966
160.000000 -0.602966
161.000000 -0.602966
162.000000 -0.602966
163.000000 -0.602966
164.000000 -0.602966
165.000000 -0.602966
166.000000 -0.602966
167.000000 -0.602966
168.000000 -0.602966
169.000000 -0.602966
170.000000 -0.602966
171.000000 -0.602966
172.000000 -0.602966
173.000000 -0.602966
174.000000 -0.602966
175.000000 -0.602966
176.000000 -0.602966
177.000000 -0.602966
178.000000 -0.602966
179.000000 -0.602966
180.000000 -0.602966
181.000000 -0.602966
182.000000 -0.602966
183.000000 -0.602966
184.000000 -0.602966
185.000000 -0.602966
186.000000 -0.602966
187.000000 -0.602966
188.000000 -0.602966
189.000000 -0.602966
190.000000 -0.602966
191.000000 -0.602966
192.000000 -0.602966
193.000000 -0.602966
194.000000 -0.602966
195.000000 -0.602966
196.000000 -0.602966
197.000000 -0.602966
198.000000 -0.602966
199.000000 -0.602966
200.000000 -0.602966
201.000000 -0.532627
202.000000 -0.480140
203.000000 -0.442540
204.000000 -0.416879
205.000000 -0.400401
206.000000 -0.390233
207.000000 -0.383993
208.000000 -0.379896
209.000000 -0.376674
210.000000 -0.373486
211.000000 -0.366940
212.000000 -0.356235
213.000000 -0.343870
214.000000 -0.331188
215.000000 -0.318804
216.000000 -0.307244
217.000000 -0.296317
218.000000 -0.286068
219.000000 -0.276669
220.000000 -0.268309
221.000000 -0.261125
222.000000 -0.255177
223.000000 -0.250454
224.000000 -0.246887
225.000000 -0.244367
226.000000 -0.242763
227.000000 -0.241932
228.000000 -0.241732
229.000000 -0.242024
230.000000 -0.242684
231.000000 -0.243600
232.000000 -0.244678
233.000000 -0.245840
234.000000 -0.247023
235.000000 -0.248181
236.000000 -0.249278
237.000000 -0.250289
238.000000 -0.251201
239.000000 -0.252005
240.000000 -0.252697
241.000000 -0.253282
242.000000 -0.253763
243.000000 -0.254149
244.000000 -0.254448
245.000000 -0.254670
246.000000 -0.254826
247.000000 -0.254927
248.000000 -0.254980
249.000000 -0.254997
250.000000 -0.254984
251.000000 -0.254950
252.000000 -0.254901
253.000000 -0.254841
254.000000 -0.254776
255.000000 -0.254710
256.000000 -0.254644
257.000000 -0.254582
258.000000 -0.254525
259.000000 -0.254473
260.000000 -0.254427
261.000000 -0.254389
262.000000 -0.254356
263.000000 -0.254330
264.000000 -0.254309
265.000000 -0.254293
266.000000 -0.254282
267.000000 -0.254274
268.000000 -0.254270
269.000000 -0.254268
270.000000 -0.254268
271.000000 -0.254270
272.000000 -0.254273
273.000000 -0.254277
274.000000 -0.254281
275.000000 -0.254285
276.000000 -0.254289
277.000000 -0.254294
278.000000 -0.254297
279.000000 -0.254301
280.000000 -0.254304
281.000000 -0.254307
282.000000 -0.254309
283.000000 -0.254311
284.000000 -0.254312
285.000000 -0.254314
286.000000 -0.254314
287.000000 -0.254315
288.000000 -0.254315
289.000000 -0.254315
290.000000 -0.254316
291.000000 -0.254315
292.000000 -0.254315
293.000000 -0.254315
294.000000 -0.254315
295.000000 -0.254315
296.000000 -0.254314
297.000000 -0.254314
298.000000 -0.254314
299.000000 -0.254313
300.000000 -0.254313
301.000000 -0.254313
302.000000 -0.254313
303.000000 -0.254313
304.000000 -0.254313
305.000000 -0.254313
306.000000 -0.254313
307.000000 -0.254312
308.000000 -0.254312
309.000000 -0.254312
310.000000 -0.254312
311.000000 -0.254312
312.000000 -0.254312
313.000000 -0.254312
314.000000 -0.254312
315.000000 -0.254312
316.000000 -0.254313
317.000000 -0.254313
318.000000 -0.254313
319.000000 -0.254313
320.000000 -0.254313
321.000000 -0.254313
322.000000 -0.254313
323.000000 -0.254313
324.000000 -0.254313
325.000000 -0.254313
326.000000 -0.254313
327.000000 -0.254313
328.000000 -0.254313
329.000000 -0.254313
330.000000 -0.254313
331.000000 -0.254313
332.000000 -0.254313
333.000000 -0.254313
334.000000 -0.254313
335.000000 -0.254313
336.000000 -0.254313
337.000000 -0.254313
338.000000 -0.254313
339.000000 -0.254313
340.000000 -0.254313
341.000000 -0.254313
342.000000 -0.254313
343.000000 -0.254313
344.000000 -0.254313
345.000000 -0.254313
346.000000 -0.254313
347.000000 -0.254313
348.000000 -0.254313
349.000000 -0.254313
350.000000 -0.254313
351.000000 -0.254313
352.000000 -0.254313
353.000000 -0.254313
354.000000 -0.254313
355.000000 -0.254313
356.000000 -0.254313
357.000000 -0.254313
358.000000 -0.254313
359.000000 -0.254313
360.000000 -0.254313
361.000000 -0.254313
362.000000 -0.254313
363.000000 -0.254313
364.000000 -0.254313
365.000000 -0.254313
366.000000 -0.254313
367.000000 -0.254313
368.000000 -0.254313
369.000000 -0.254313
370.000000 -0.254313
371.000000 -0.254313
372.000000 -0.254313
373.000000 -0.254313
374.000000 -0.254313
375.000000 -0.254313
376.000000 -0.254313
377.000000 -0.254313
378.000000 -0.254313
379.000000 -0.254313
380.000000 -0.254313
381.000000 -0.254313
382.000000 -0.254313
383.000000 -0.254313
384.000000 -0.254313
385.000000 -0.254313
386.000000 -0.254313
387.000000 -0.254313
388.000000 -0.254313
389.000000 -0.254313
390.000000 -0.254313
391.000000 -0.254313
392.000000 -0.254313
393.000000 -0.254313
394.000000 -0.254313
395.000000 -0.254313
396.000000 -0.254313
397.000000 -0.254313
398.000000 -0.254313
399.000000 -0.254313
400.000000 -0.254313
401.000000 -0.425976
402.000000 -0.582395
403.000000 -0.724624
404.000000 -0.853808
405.000000 -0.971087
406.000000 -1.000000
407.000000 -1.000000
408.000000 -1.000000
409.000000 -1.000000
410.000000 -1.000000
411.000000 -1.000000
412.000000 -1.000000
413.000000 -0.996443
414.000000 -0.989088
415.000000 -0.978715
416.000000 -0.966158
417.000000 -0.952155
418.000000 -0.939736
419.000000 -0.930108
420.000000 -0.922889
421.000000 -0.917513
422.000000 -0.913377
423.000000 -0.909948
424.000000 -0.906833
425.000000 -0.903787
426.000000 -0.900678
427.000000 -0.897441
428.000000 -0.894044
429.000000 -0.890477
430.000000 -0.886756
431.000000 -0.882920
432.000000 -0.879046
433.000000 -0.875221
434.000000 -0.871534
435.000000 -0.868072
436.000000 -0.864909
437.000000 -0.862102
438.000000 -0.859758
439.000000 -0.857905
440.000000 -0.856518
441.000000 -0.855564
442.000000 -0.855007
443.000000 -0.854806
444.000000 -0.854913
445.000000 -0.855280
446.000000 -0.855856
447.000000 -0.856589
448.000000 -0.857433
449.000000 -0.858343
450.000000 -0.859282
451.000000 -0.860215
452.000000 -0.861115
453.000000 -0.861959
454.000000 -0.862730
455.000000 -0.863415
456.000000 -0.864005
457.000000 -0.864496
458.000000 -0.864888
459.000000 -0.865182
460.000000 -0.865383
461.000000 -0.865497
462.000000 -0.865534
463.000000 -0.865503
464.000000 -0.865415
465.000000 -0.865279
466.000000 -0.865106
467.000000 -0.864908
468.000000 -0.864693
469.000000 -0.864470
470.000000 -0.864248
471.000000 -0.864032
472.000000 -0.863829
473.000000 -0.863643
474.000000 -0.863478
475.000000 -0.863334
476.000000 -0.863215
477.000000 -0.863120
478.000000 -0.863048
479.000000 -0.862999
480.000000 -0.862970
481.000000 -0.862961
482.000000 -0.862968
483.000000 -0.862989
484.000000 -0.863022
485.000000 -0.863063
486.000000 -0.863111
487.000000 -0.863162
488.000000 -0.863216
489.000000 -0.863269
490.000000 -0.863321
491.000000 -0.863370
492.000000 -0.863415
493.000000 -0.863455
494.000000 -0.863489
495.000000 -0.863518
496.000000 -0.863541
497.000000 -0.863559
498.000000 -0.863571
499.000000 -0.863578
500.000000 -0.863580
501.000000 -0.863579
502.000000 -0.863574
503.000000 -0.863566
504.000000 -0.863557
505.000000 -0.863545
506.000000 -0.863533
507.000000 -0.863520
508.000000 -0.863507
509.000000 -0.863495
510.000000 -0.863483
511.000000 -0.863472
512.000000 -0.863462
513.000000 -0.863454
514.000000 -0.863447
515.000000 -0.863441
516.000000 -0.863437
517.000000 -0.863434
518.000000 -0.863432
519.000000 -0.863432
520.000000 -0.863432
521.000000 -0.863433
522.000000 -0.863435
523.000000 -0.863437
524.000000 -0.863440
525.000000 -0.863443
526.000000 -0.863446
527.000000 -0.863449
528.000000 -0.863452
529.000000 -0.863455
530.000000 -0.863458
531.000000 -0.863460
532.000000 -0.863462
533.000000 -0.863464
534.000000 -0.863465
535.000000 -0.863466
536.000000 -0.863467
537.000000 -0.863467
538.000000 -0.863467
539.000000 -0.863467
540.000000 -0.863467
541.000000 -0.863467
542.000000 -0.863466
543.000000 -0.863466
544.000000 -0.863465
545.000000 -0.863464
546.000000 -0.863463
547.000000 -0.863463
548.000000 -0.863462
549.000000 -0.863461
550.000000 -0.863461
551.000000 -0.863460
552.000000 -0.863460
553.000000 -0.863459
554.000000 -0.863459
555.000000 -0.863459
556.000000 -0.863459
557.000000 -0.863459
558.000000 -0.863459
559.000000 -0.863459
560.000000 -0.863459
561.000000 -0.863459
562.000000 -0.863459
563.000000 -0.863460
564.000000 -0.863460
565.000000 -0.863460
566.000000 -0.863460
567.000000 -0.863460
568.000000 -0.863460
569.000000 -0.863461
570.000000 -0.863461
571.000000 -0.863461
572.000000 -0.863461
573.000000 -0.863461
574.000000 -0.863461
575.000000 -0.863461
576.000000 -0.863461
577.000000 -0.863461
578.000000 -0.863461
579.000000 -0.863461
580.000000 -0.863461
581.000000 -0.863461
582.000000 -0.863461
583.000000 -0.863461
584.000000 -0.863461
585.000000 -0.863461
586.000000 -0.863461
587.000000 -0.863461
588.000000 -0.863461
589.000000 -0.863461
590.000000 -0.863461
591.000000 -0.863461
592.000000 -0.863461
593.000000 -0.863460
594.000000 -0.863460
595.000000 -0.863460
596.000000 -0.863460
597.000000 -0.863460
598.000000 -0.863460
599.000000 -0.863460
600.000000 -0.863461
601.000000 -0.680578
602.000000 -0.544114
603.000000 -0.446353
604.000000 -0.379634
605.000000 -0.336791
606.000000 -0.310659
607.000000 -0.296020
608.000000 -0.289443
609.000000 -0.288275
610.000000 -0.289928
611.000000 -0.291867
612.000000 -0.291790
613.000000 -0.274954
614.000000 -0.257561
615.000000 -0.242024
616.000000 -0.226502
617.000000 -0.210063
618.000000 -0.192632
619.000000 -0.174668
620.000000 -0.156776
621.000000 -0.139490
622.000000 -0.123196
623.000000 -0.108122
624.000000 -0.094364
625.000000 -0.081913
626.000000 -0.070687
627.000000 -0.060553
628.000000 -0.051352
629.000000 -0.042922
630.000000 -0.035113
631.000000 -0.027797
632.000000 -0.020876
633.000000 -0.014274
634.000000 -0.007941
635.000000 -0.001839
636.000000 0.004055
637.000000 0.009761
638.000000 0.015290
639.000000 0.020656
640.000000 0.025869
641.000000 0.030939
642.000000 0.035875
643.000000 0.040686
644.000000 0.045379
645.000000 0.049963
646.000000 0.054443
647.000000 0.058826
648.000000 0.063116
649.000000 0.067320
650.000000 0.071441
651.000000 0.075484
652.000000 0.079453
653.000000 0.083351
654.000000 0.087182
655.000000 0.090948
656.000000 0.094653
657.000000 0.098299
658.000000 0.101889
659.000000 0.105425
660.000000 0.108909
661.000000 0.112343
662.000000 0.115730
663.000000 0.119070
664.000000 0.122367
665.000000 0.125581
666.000000 0.128666
667.000000 0.131629
668.000000 0.134476
669.000000 0.137214
670.000000 0.139846
671.000000 0.142380
672.000000 0.144820
673.000000 0.147174
674.000000 0.149448
675.000000 0.151646
676.000000 0.153773
677.000000 0.155835
678.000000 0.157836
679.000000 0.159778
680.000000 0.161666
681.000000 0.163503
682.000000 0.165291
683.000000 0.167034
684.000000 0.168733
685.000000 0.170391
686.000000 0.172009
687.000000 0.173590
688.000000 0.175135
689.000000 0.176646
690.000000 0.178124
691.000000 0.179570
692.000000 0.180987
693.000000 0.182375
694.000000 0.183735
695.000000 0.185068
696.000000 0.186376
697.000000 0.187658
698.000000 0.188917
699.000000 0.190153
700.000000 0.191367
701.000000 0.192559
702.000000 0.193730
703.000000 0.194881
704.000000 0.196012
705.000000 0.197125
706.000000 0.198219
707.000000 0.199295
708.000000 0.200355
709.000000 0.201397
710.000000 0.202423
711.000000 0.203433
712.000000 0.204428
713.000000 0.205408
714.000000 0.206373
715.000000 0.207326
716.000000 0.208276
717.000000 0.209223
718.000000 0.210167
719.000000 0.211109
720.000000 0.212048
721.000000 0.212985
722.000000 0.213919
723.000000 0.214850
724.000000 0.215779
725.000000 0.216705
726.000000 0.217629
727.000000 0.218551
728.000000 0.219470
729.000000 0.220387
730.000000 0.221301
731.000000 0.222213
732.000000 0.223123
733.000000 0.224030
734.000000 0.224935
735.000000 0.225838
736.000000 0.226738
737.000000 0.227636
738.000000 0.228532
739.000000 0.229426
740.000000 0.230317
741.000000 0.231206
742.000000 0.232093
743.000000 0.232978
744.000000 0.233861
745.000000 0.234742
746.000000 0.235620
747.000000 0.236496
748.000000 0.237371
749.000000 0.238243
750.000000 0.239113
751.000000 0.239981
752.000000 0.240847
753.000000 0.241711
754.000000 0.242573
755.000000 0.243433
756.000000 0.244291
757.000000 0.245147
758.000000 0.246001
759.000000 0.246853
760.000000 0.247703
761.000000 0.248551
762.000000 0.249398
763.000000 0.250242
764.000000 0.251085
765.000000 0.251925
766.000000 0.252764
767.000000 0.253601
768.000000 0.254436
769.000000 0.255269
770.000000 0.256100
771.000000 0.256930
772.000000 0.257758
773.000000 0.258584
774.000000 0.259408
775.000000 0.260230
776.000000 0.261051
777.000000 0.261870
778.000000 0.262687
779.000000 0.263503
780.000000 0.264316
781.000000 0.265128
782.000000 0.265939
783.000000 0.266747
784.000000 0.267554
785.000000 0.268360
786.000000 0.269163
787.000000 0.269965
788.000000 0.270765
789.000000 0.271564
790.000000 0.272361
791.000000 0.273156
792.000000 0.273950
793.000000 0.274743
794.000000 0.275533
795.000000 0.276322
796.000000 0.277110
797.000000 0.277895
798.000000 0.278680
799.000000 0.279463
800.000000 0.280244
801.000000 0.240911
802.000000 0.201635
803.000000 0.162417
804.000000 0.123257
805.000000 0.084155
806.000000 0.045101
807.000000 0.006101
808.000000 -0.032826
809.000000 -0.071657
810.000000 -0.128301
811.000000 -0.209081
812.000000 -0.305458
813.000000 -0.401100
814.000000 -0.495618
815.000000 -0.588651
816.000000 -0.679560
817.000000 -0.767244
818.000000 -0.850248
819.000000 -0.926942
820.000000 -0.995660
821.000000 -1.000000
822.000000 -1.000000
823.000000 -1.000000
824.000000 -0.995817
825.000000 -0.984939
826.000000 -0.968029
827.000000 -0.946476
828.000000 -0.921824
829.000000 -0.895464
830.000000 -0.868550
831.000000 -0.842679
832.000000 -0.822605
833.000000 -0.806790
834.000000 -0.793736
835.000000 -0.782255
836.000000 -0.771605
837.000000 -0.761495
838.000000 -0.751950
839.000000 -0.743233
840.000000 -0.736444
841.000000 -0.731232
842.000000 -0.727330
843.000000 -0.724560
844.000000 -0.722818
845.000000 -0.722022
846.000000 -0.722075
847.000000 -0.722861
848.000000 -0.724240
849.000000 -0.726060
850.000000 -0.728171
851.000000 -0.730434
852.000000 -0.732731
853.000000 -0.734964
854.000000 -0.737061
855.000000 -0.738972
856.000000 -0.740664
857.000000 -0.742123
858.000000 -0.743345
859.000000 -0.744335
860.000000 -0.745105
861.000000 -0.745673
862.000000 -0.746057
863.000000 -0.746280
864.000000 -0.746362
865.000000 -0.746328
866.000000 -0.746199
867.000000 -0.745997
868.000000 -0.745740
869.000000 -0.745449
870.000000 -0.745138
871.000000 -0.744821
872.000000 -0.744510
873.000000 -0.744215
874.000000 -0.743942
875.000000 -0.743697
876.000000 -0.743482
877.000000 -0.743300
878.000000 -0.743151
879.000000 -0.743033
880.000000 -0.742946
881.000000 -0.742885
882.000000 -0.742850
883.000000 -0.742835
884.000000 -0.742838
885.000000 -0.742856
886.000000 -0.742885
887.000000 -0.742922
888.000000 -0.742964
889.000000 -0.743009
890.000000 -0.743056
891.000000 -0.743101
892.000000 -0.743145
893.000000 -0.743185
894.000000 -0.743221
895.000000 -0.743253
896.000000 -0.743280
897.000000 -0.743302
898.000000 -0.743320
899.000000 -0.743334
900.000000 -0.743343
901.000000 -0.743349
902.000000 -0.743351
903.000000 -0.743351
904.000000 -0.743349
905.000000 -0.743345
906.000000 -0.743340
907.000000 -0.743334
908.000000 -0.743327
909.000000 -0.743321
910.000000 -0.743314
911.000000 -0.743308
912.000000 -0.743302
913.000000 -0.743296
914.000000 -0.743292
915.000000 -0.743288
916.000000 -0.743284
917.000000 -0.743282
918.000000 -0.743280
919.000000 -0.743278
920.000000 -0.743277
921.000000 -0.743277
922.000000 -0.743277
923.000000 -0.743277
924.000000 -0.743278
925.000000 -0.743278
926.000000 -0.743279
927.000000 -0.743280
928.000000 -0.743281
929.000000 -0.743282
930.000000 -0.743283
931.000000 -0.743284
932.000000 -0.743285
933.000000 -0.743285
934.000000 -0.743286
935.000000 -0.743286
936.000000 -0.743287
937.000000 -0.743287
938.000000 -0.743287
939.000000 -0.743287
940.000000 -0.743288
941.000000 -0.743288
942.000000 -0.743287
943.000000 -0.743287
944.000000 -0.743287
945.000000 -0.743287
946.000000 -0.743287
947.000000 -0.743287
948.000000 -0.743287
949.000000 -0.743287
950.000000 -0.743287
951.000000 -0.743286
952.000000 -0.743286
953.000000 -0.743286
954.000000 -0.743286
955.000000 -0.743286
956.000000 -0.743286
957.000000 -0.743286
958.000000 -0.743286
959.000000 -0.743286
960.000000 -0.743286
961.000000 -0.743286
962.000000 -0.743286
963.000000 -0.743286
964.000000 -0.743286
965.000000 -0.743286
966.000000 -0.743286
967.000000 -0.743286
968.000000 -0.743286
969.000000 -0.743286
970.000000 -0.743286
971.000000 -0.743286
972.000000 -0.743286
973.000000 -0.743286
974.000000 -0.743286
975.000000 -0.743286
976.000000 -0.743286
977.000000 -0.743286
978.000000 -0.743286
979.000000 -0.743286
980.000000 -0.743286
981.000000 -0.743286
982.000000 -0.743286
983.000000 -0.743286
984.000000 -0.743286
985.000000 -0.743286
986.000000 -0.743286
987.000000 -0.743286
988.000000 -0.743286
989.000000 -0.743286
990.000000 -0.743286
991.000000 -0.743286
992.000000 -0.743286
993.000000 -0.743286
994.000000 -0.743286
995.000000 -0.743286
996.000000 -0.743286
997.000000 -0.743286
998.000000 -0.743286
999.000000 -0.743286
1000.000000 -0.743286
