1.000000 0.000000
2.000000 0.000000
3.000000 0.000000
4.000000 0.000000
5.000000 0.000000
6.000000 0.000000
7.000000 0.000000
8.000000 0.000000
9.000000 0.000000
10.000000 0.000000
11.000000 0.000000
12.000000 0.000000
13.000000 0.000000
14.000000 0.000000
15.000000 0.000000
16.000000 0.000000
17.000000 0.000000
18.000000 0.000000
19.000000 0.000000
20.000000 0.000000
21.000000 0.000000
22.000000 0.000000
23.000000 0.000000
24.000000 0.000000
25.000000 0.000000
26.000000 -0.002063
27.000000 -0.008535
28.000000 -0.020137
29.000000 -0.037005
30.000000 -0.059136
31.000000 -0.086521
32.000000 -0.119111
33.000000 -0.156761
34.000000 -0.199275
35.000000 -0.246460
36.000000 -0.298099
37.000000 -0.353797
38.000000 -0.412861
39.000000 -0.474334
40.000000 -0.537080
41.000000 -0.599918
42.000000 -0.661742
43.000000 -0.721596
44.000000 -0.778695
45.000000 -0.832408
46.000000 -0.882220
47.000000 -0.927700
48.000000 -0.968488
49.000000 -1.004288
50.000000 -1.034880
51.000000 -1.060138
52.000000 -1.080044
53.000000 -1.094696
54.000000 -1.104311
55.000000 -1.109217
56.000000 -1.109843
57.000000 -1.106700
58.000000 -1.100356
59.000000 -1.091421
60.000000 -1.080518
61.000000 -1.068264
62.000000 -1.055251
63.000000 -1.042022
64.000000 -1.029064
65.000000 -1.016792
66.000000 -1.005543
67.000000 -0.995574
68.000000 -0.987060
69.000000 -0.980102
70.000000 -0.974732
71.000000 -0.970921
72.000000 -0.968590
73.000000 -0.967617
74.000000 -0.967852
75.000000 -0.969126
76.000000 -0.971256
77.000000 -0.974055
78.000000 -0.977342
79.000000 -0.980943
80.000000 -0.984697
81.000000 -0.988461
82.000000 -0.992109
83.000000 -0.995537
84.000000 -0.998661
85.000000 -1.001419
86.000000 -1.003767
87.000000 -1.005683
88.000000 -1.007159
89.000000 -1.008204
90.000000 -1.008839
91.000000 -1.009098
92.000000 -1.009020
93.000000 -1.008652
94.000000 -1.008044
95.000000 -1.007247
96.000000 -1.006314
97.000000 -1.005292
98.000000 -1.004227
99.000000 -1.003161
100.000000 -1.002130
101.000000 -1.001162
102.000000 -1.000283
103.000000 -0.999510
104.000000 -0.998854
105.000000 -0.998323
106.000000 -0.997917
107.000000 -0.997634
108.000000 -0.997467
109.000000 -0.997406
110.000000 -0.997440
111.000000 -0.997554
112.000000 -0.997735
113.000000 -0.997967
114.000000 -0.998237
115.000000 -0.998529
116.000000 -0.998832
117.000000 -0.999134
118.000000 -0.999426
119.000000 -0.999698
120.000000 -0.999944
121.000000 -1.000160
122.000000 -1.000342
123.000000 -1.000489
124.000000 -1.000601
125.000000 -1.000678
126.000000 -1.000722
127.000000 -1.000736
128.000000 -1.000724
129.000000 -1.000689
130.000000 -1.000636
131.000000 -1.000569
132.000000 -1.000492
133.000000 -1.000408
134.000000 -1.000322
135.000000 -1.000237
136.000000 -1.000154
137.000000 -1.000078
138.000000 -1.000009
139.000000 -0.999948
140.000000 -0.999898
141.000000 -0.999857
142.000000 -0.999827
143.000000 -0.999806
144.000000 -0.999794
145.000000 -0.999791
146.000000 -0.999795
147.000000 -0.999806
148.000000 -0.999821
149.000000 -0.999841
150.000000 -0.999863
151.000000 -0.999887
152.000000 -0.999911
153.000000 -0.999935
154.000000 -0.999959
155.000000 -0.999980
156.000000 -0.999999
157.000000 -1.000016
158.000000 -1.000030
159.000000 -1.000042
160.000000 -1.000050
161.000000 -1.000056
162.000000 -1.000059
163.000000 -1.000059
164.000000 -1.000058
165.000000 -1.000055
166.000000 -1.000050
167.000000 -1.000045
168.000000 -1.000038
169.000000 -1.000031
170.000000 -1.000024
171.000000 -1.000018
172.000000 -1.000011
173.000000 -1.000005
174.000000 -1.000000
175.000000 -0.999995
176.000000 -0.999991
177.000000 -0.999988
178.000000 -0.999986
179.000000 -0.999984
180.000000 -0.999983
181.000000 -0.999983
182.000000 -0.999984
183.000000 -0.999985
184.000000 -0.999986
185.000000 -0.999988
186.000000 -0.999989
187.000000 -0.999991
188.000000 -0.999993
189.000000 -0.999995
190.000000 -0.999997
191.000000 -0.999999
192.000000 -1.000000
193.000000 -1.000002
194.000000 -1.000003
195.000000 -1.000004
196.000000 -1.000004
197.000000 -1.000005
198.000000 -1.000005
199.000000 -1.000005
200.000000 -1.000005
201.000000 -1.000004
202.000000 -1.000004
203.000000 -1.000003
204.000000 -1.000003
205.000000 -1.000002
206.000000 -0.985480
207.000000 -0.946752
208.000000 -0.884061
209.000000 -0.803751
210.000000 -0.714690
211.000000 -0.625290
212.000000 -0.541875
213.000000 -0.468303
214.000000 -0.406295
215.000000 -0.356024
216.000000 -0.316688
217.000000 -0.286955
218.000000 -0.265283
219.000000 -0.250108
220.000000 -0.239958
221.000000 -0.233522
222.000000 -0.229677
223.000000 -0.227508
224.000000 -0.226309
225.000000 -0.225568
226.000000 -0.224950
227.000000 -0.224265
228.000000 -0.223427
229.000000 -0.222426
230.000000 -0.221292
231.000000 -0.220073
232.000000 -0.218820
233.000000 -0.217575
234.000000 -0.216370
235.000000 -0.215226
236.000000 -0.214153
237.000000 -0.213155
238.000000 -0.212231
239.000000 -0.211377
240.000000 -0.210590
241.000000 -0.209864
242.000000 -0.209193
243.000000 -0.208573
244.000000 -0.207999
245.000000 -0.207467
246.000000 -0.206973
247.000000 -0.206514
248.000000 -0.206086
249.000000 -0.205687
250.000000 -0.205315
251.000000 -0.204968
252.000000 -0.204643
253.000000 -0.204340
254.000000 -0.204058
255.000000 -0.203793
256.000000 -0.203547
257.000000 -0.203316
258.000000 -0.203101
259.000000 -0.202900
260.000000 -0.202712
261.000000 -0.202536
262.000000 -0.202372
263.000000 -0.202219
264.000000 -0.202075
265.000000 -0.201941
266.000000 -0.201816
267.000000 -0.201699
268.000000 -0.201590
269.000000 -0.201487
270.000000 -0.201391
271.000000 -0.201302
272.000000 -0.201218
273.000000 -0.201140
274.000000 -0.201067
275.000000 -0.200998
276.000000 -0.200934
277.000000 -0.200874
278.000000 -0.200818
279.000000 -0.200765
280.000000 -0.200716
281.000000 -0.200670
282.000000 -0.200627
283.000000 -0.200587
284.000000 -0.200549
285.000000 -0.200514
286.000000 -0.200481
287.000000 -0.200450
288.000000 -0.200422
289.000000 -0.200395
290.000000 -0.200369
291.000000 -0.200346
292.000000 -0.200323
293.000000 -0.200303
294.000000 -0.200283
295.000000 -0.200265
296.000000 -0.200248
297.000000 -0.200232
298.000000 -0.200217
299.000000 -0.200204
300.000000 -0.200191
301.000000 -0.200178
302.000000 -0.200167
303.000000 -0.200156
304.000000 -0.200146
305.000000 -0.200137
306.000000 -0.200128
307.000000 -0.200120
308.000000 -0.200112
309.000000 -0.200105
310.000000 -0.200098
311.000000 -0.200092
312.000000 -0.200086
313.000000 -0.200081
314.000000 -0.200075
315.000000 -0.200071
316.000000 -0.200066
317.000000 -0.200062
318.000000 -0.200058
319.000000 -0.200054
320.000000 -0.200051
321.000000 -0.200048
322.000000 -0.200044
323.000000 -0.200042
324.000000 -0.200039
325.000000 -0.200036
326.000000 -0.200034
327.000000 -0.200032
328.000000 -0.200030
329.000000 -0.200028
330.000000 -0.200026
331.000000 -0.200025
332.000000 -0.200023
333.000000 -0.200022
334.000000 -0.200020
335.000000 -0.200019
336.000000 -0.200018
337.000000 -0.200017
338.000000 -0.200015
339.000000 -0.200014
340.000000 -0.200014
341.000000 -0.200013
342.000000 -0.200012
343.000000 -0.200011
344.000000 -0.200010
345.000000 -0.200010
346.000000 -0.200009
347.000000 -0.200009
348.000000 -0.200008
349.000000 -0.200007
350.000000 -0.200007
351.000000 -0.200007
352.000000 -0.200006
353.000000 -0.200006
354.000000 -0.200005
355.000000 -0.200005
356.000000 -0.200005
357.000000 -0.200004
358.000000 -0.200004
359.000000 -0.200004
360.000000 -0.200004
361.000000 -0.200003
362.000000 -0.200003
363.000000 -0.200003
364.000000 -0.200003
365.000000 -0.200003
366.000000 -0.200002
367.000000 -0.200002
368.000000 -0.200002
369.000000 -0.200002
370.000000 -0.200002
371.000000 -0.200002
372.000000 -0.200002
373.000000 -0.200002
374.000000 -0.200001
375.000000 -0.200001
376.000000 -0.200001
377.000000 -0.200001
378.000000 -0.200001
379.000000 -0.200001
380.000000 -0.200001
381.000000 -0.200001
382.000000 -0.200001
383.000000 -0.200001
384.000000 -0.200001
385.000000 -0.200001
386.000000 -0.200001
387.000000 -0.200001
388.000000 -0.200001
389.000000 -0.200001
390.000000 -0.200000
391.000000 -0.200000
392.000000 -0.200000
393.000000 -0.200000
394.000000 -0.200000
395.000000 -0.200000
396.000000 -0.200000
397.000000 -0.200000
398.000000 -0.200000
399.000000 -0.200000
400.000000 -0.200000
401.000000 -0.200000
402.000000 -0.200000
403.000000 -0.200000
404.000000 -0.200000
405.000000 -0.200000
406.000000 -0.220706
407.000000 -0.275811
408.000000 -0.366596
409.000000 -0.488125
410.000000 -0.632652
411.000000 -0.792154
412.000000 -0.960048
413.000000 -1.131814
414.000000 -1.304721
415.000000 -1.477081
416.000000 -1.647331
417.000000 -1.809501
418.000000 -1.958089
419.000000 -2.090197
420.000000 -2.204772
421.000000 -2.301614
422.000000 -2.380448
423.000000 -2.441325
424.000000 -2.485046
425.000000 -2.513171
426.000000 -2.527822
427.000000 -2.531425
428.000000 -2.526450
429.000000 -2.515217
430.000000 -2.499755
431.000000 -2.481725
432.000000 -2.462403
433.000000 -2.442696
434.000000 -2.423198
435.000000 -2.404246
436.000000 -2.385985
437.000000 -2.368426
438.000000 -2.351490
439.000000 -2.335055
440.000000 -2.318977
441.000000 -2.303119
442.000000 -2.287361
443.000000 -2.271608
444.000000 -2.255796
445.000000 -2.239889
446.000000 -2.223882
447.000000 -2.207790
448.000000 -2.191651
449.000000 -2.175519
450.000000 -2.159461
451.000000 -2.143555
452.000000 -2.127886
453.000000 -2.112542
454.000000 -2.097615
455.000000 -2.083197
456.000000 -2.069379
457.000000 -2.056247
458.000000 -2.043882
459.000000 -2.032358
460.000000 -2.021742
461.000000 -2.012087
462.000000 -2.003437
463.000000 -1.995824
464.000000 -1.989264
465.000000 -1.983761
466.000000 -1.979303
467.000000 -1.975865
468.000000 -1.973407
469.000000 -1.971877
470.000000 -1.971209
471.000000 -1.971328
472.000000 -1.972150
473.000000 -1.973584
474.000000 -1.975532
475.000000 -1.977897
476.000000 -1.980578
477.000000 -1.983480
478.000000 -1.986508
479.000000 -1.989576
480.000000 -1.992602
481.000000 -1.995516
482.000000 -1.998256
483.000000 -2.000772
484.000000 -2.003023
485.000000 -2.004980
486.000000 -2.006623
487.000000 -2.007945
488.000000 -2.008943
489.000000 -2.009628
490.000000 -2.010014
491.000000 -2.010121
492.000000 -2.009977
493.000000 -2.009610
494.000000 -2.009052
495.000000 -2.008336
496.000000 -2.007496
497.000000 -2.006564
498.000000 -2.005572
499.000000 -2.004550
500.000000 -2.003525
501.000000 -2.002522
502.000000 -2.001563
503.000000 -2.000666
504.000000 -1.999845
505.000000 -1.999113
506.000000 -1.998477
507.000000 -1.997944
508.000000 -1.997514
509.000000 -1.997189
510.000000 -1.996964
511.000000 -1.996836
512.000000 -1.996796
513.000000 -1.996838
514.000000 -1.996953
515.000000 -1.997129
516.000000 -1.997356
517.000000 -1.997624
518.000000 -1.997922
519.000000 -1.998240
520.000000 -1.998569
521.000000 -1.998898
522.000000 -1.999221
523.000000 -1.999530
524.000000 -1.999819
525.000000 -2.000083
526.000000 -2.000318
527.000000 -2.000522
528.000000 -2.000692
529.000000 -2.000829
530.000000 -2.000932
531.000000 -2.001002
532.000000 -2.001040
533.000000 -2.001050
534.000000 -2.001034
535.000000 -2.000994
536.000000 -2.000935
537.000000 -2.000859
538.000000 -2.000770
539.000000 -2.000672
540.000000 -2.000568
541.000000 -2.000461
542.000000 -2.000353
543.000000 -2.000248
544.000000 -2.000148
545.000000 -2.000054
546.000000 -1.999969
547.000000 -1.999893
548.000000 -1.999828
549.000000 -1.999773
550.000000 -1.999729
551.000000 -1.999696
552.000000 -1.999674
553.000000 -1.999662
554.000000 -1.999660
555.000000 -1.999665
556.000000 -1.999679
557.000000 -1.999698
558.000000 -1.999723
559.000000 -1.999752
560.000000 -1.999784
561.000000 -1.999818
562.000000 -1.999853
563.000000 -1.999888
564.000000 -1.999922
565.000000 -1.999954
566.000000 -1.999984
567.000000 -2.000012
568.000000 -2.000036
569.000000 -2.000058
570.000000 -2.000075
571.000000 -2.000089
572.000000 -2.000099
573.000000 -2.000106
574.000000 -2.000110
575.000000 -2.000111
576.000000 -2.000109
577.000000 -2.000104
578.000000 -2.000098
579.000000 -2.000090
580.000000 -2.000080
581.000000 -2.000070
582.000000 -2.000058
583.000000 -2.000047
584.000000 -2.000036
585.000000 -2.000025
586.000000 -2.000014
587.000000 -2.000004
588.000000 -1.999996
589.000000 -1.999988
590.000000 -1.999981
591.000000 -1.999975
592.000000 -1.999971
593.000000 -1.999967
594.000000 -1.999965
595.000000 -1.999964
596.000000 -1.999964
597.000000 -1.999965
598.000000 -1.999966
599.000000 -1.999968
600.000000 -1.999971
601.000000 -1.999974
602.000000 -1.999978
603.000000 -1.999981
604.000000 -1.999985
605.000000 -1.999989
606.000000 -1.972248
607.000000 -1.895142
608.000000 -1.764895
609.000000 -1.590908
610.000000 -1.390230
611.000000 -1.180815
612.000000 -0.976923
613.000000 -0.787675
614.000000 -0.619098
615.000000 -0.475151
616.000000 -0.357705
617.000000 -0.266471
618.000000 -0.199220
619.000000 -0.152348
620.000000 -0.121601
621.000000 -0.102720
622.000000 -0.091892
623.000000 -0.085980
624.000000 -0.082610
625.000000 -0.080135
626.000000 -0.077571
627.000000 -0.074487
628.000000 -0.070822
629.000000 -0.066717
630.000000 -0.062382
631.000000 -0.058019
632.000000 -0.053776
633.000000 -0.049741
634.000000 -0.045952
635.000000 -0.042407
636.000000 -0.039087
637.000000 -0.035968
638.000000 -0.033025
639.000000 -0.030241
640.000000 -0.027600
641.000000 -0.025092
642.000000 -0.022708
643.000000 -0.020441
644.000000 -0.018284
645.000000 -0.016229
646.000000 -0.014269
647.000000 -0.012399
648.000000 -0.010612
649.000000 -0.008902
650.000000 -0.007267
651.000000 -0.005699
652.000000 -0.004197
653.000000 -0.002755
654.000000 -0.001371
655.000000 -0.000040
656.000000 0.001239
657.000000 0.002470
658.000000 0.003655
659.000000 0.004797
660.000000 0.005898
661.000000 0.006960
662.000000 0.007985
663.000000 0.008974
664.000000 0.009929
665.000000 0.010852
666.000000 0.011744
667.000000 0.012606
668.000000 0.013441
669.000000 0.014249
670.000000 0.015032
671.000000 0.015791
672.000000 0.016527
673.000000 0.017241
674.000000 0.017934
675.000000 0.018607
676.000000 0.019261
677.000000 0.019896
678.000000 0.020514
679.000000 0.021116
680.000000 0.021701
681.000000 0.022271
682.000000 0.022826
683.000000 0.023366
684.000000 0.023893
685.000000 0.024407
686.000000 0.024908
687.000000 0.025397
688.000000 0.025875
689.000000 0.026341
690.000000 0.026796
691.000000 0.027240
692.000000 0.027675
693.000000 0.028099
694.000000 0.028514
695.000000 0.028920
696.000000 0.029318
697.000000 0.029706
698.000000 0.030087
699.000000 0.030459
700.000000 0.030824
701.000000 0.031181
702.000000 0.031531
703.000000 0.031875
704.000000 0.032211
705.000000 0.032540
706.000000 0.032864
707.000000 0.033181
708.000000 0.033492
709.000000 0.033797
710.000000 0.034097
711.000000 0.034391
712.000000 0.034680
713.000000 0.034963
714.000000 0.035242
715.000000 0.035516
716.000000 0.035785
717.000000 0.036049
718.000000 0.036309
719.000000 0.036564
720.000000 0.036815
721.000000 0.037062
722.000000 0.037305
723.000000 0.037544
724.000000 0.037779
725.000000 0.038011
726.000000 0.038238
727.000000 0.038463
728.000000 0.038683
729.000000 0.038901
730.000000 0.039115
731.000000 0.039326
732.000000 0.039534
733.000000 0.039738
734.000000 0.039940
735.000000 0.040139
736.000000 0.040335
737.000000 0.040528
738.000000 0.040718
739.000000 0.040906
740.000000 0.041092
741.000000 0.041274
742.000000 0.041454
743.000000 0.041632
744.000000 0.041808
745.000000 0.041981
746.000000 0.042152
747.000000 0.042321
748.000000 0.042487
749.000000 0.042652
750.000000 0.042814
751.000000 0.042974
752.000000 0.043133
753.000000 0.043289
754.000000 0.043444
755.000000 0.043596
756.000000 0.043747
757.000000 0.043896
758.000000 0.044044
759.000000 0.044189
760.000000 0.044333
761.000000 0.044475
762.000000 0.044616
763.000000 0.044755
764.000000 0.044893
765.000000 0.045029
766.000000 0.045164
767.000000 0.045297
768.000000 0.045428
769.000000 0.045559
770.000000 0.045688
771.000000 0.045815
772.000000 0.045941
773.000000 0.046066
774.000000 0.046190
775.000000 0.046313
776.000000 0.046434
777.000000 0.046554
778.000000 0.046673
779.000000 0.046790
780.000000 0.046907
781.000000 0.047022
782.000000 0.047137
783.000000 0.047250
784.000000 0.047362
785.000000 0.047473
786.000000 0.047583
787.000000 0.047692
788.000000 0.047801
789.000000 0.047908
790.000000 0.048014
791.000000 0.048119
792.000000 0.048224
793.000000 0.048327
794.000000 0.048430
795.000000 0.048531
796.000000 0.048632
797.000000 0.048732
798.000000 0.048831
799.000000 0.048930
800.000000 0.049027
801.000000 0.049124
802.000000 0.049220
803.000000 0.049315
804.000000 0.049409
805.000000 0.049503
806.000000 0.049523
807.000000 0.047630
808.000000 0.043261
809.000000 0.035931
810.000000 0.024901
811.000000 0.009149
812.000000 -0.012551
813.000000 -0.041513
814.000000 -0.079004
815.000000 -0.126124
816.000000 -0.183718
817.000000 -0.252291
818.000000 -0.331881
819.000000 -0.421855
820.000000 -0.520684
821.000000 -0.626375
822.000000 -0.736906
823.000000 -0.850364
824.000000 -0.964959
825.000000 -1.078995
826.000000 -1.190826
827.000000 -1.298827
828.000000 -1.401389
829.000000 -1.496938
830.000000 -1.583973
831.000000 -1.661125
832.000000 -1.727207
833.000000 -1.781271
834.000000 -1.822651
835.000000 -1.851002
836.000000 -1.866319
837.000000 -1.868952
838.000000 -1.859779
839.000000 -1.840138
840.000000 -1.811681
841.000000 -1.776224
842.000000 -1.735631
843.000000 -1.691720
844.000000 -1.646199
845.000000 -1.600629
846.000000 -1.556399
847.000000 -1.514719
848.000000 -1.476639
849.000000 -1.443022
850.000000 -1.414514
851.000000 -1.391532
852.000000 -1.374267
853.000000 -1.362708
854.000000 -1.356660
855.000000 -1.355776
856.000000 -1.359580
857.000000 -1.367503
858.000000 -1.378906
859.000000 -1.393107
860.000000 -1.409409
861.000000 -1.427117
862.000000 -1.445564
863.000000 -1.464119
864.000000 -1.482206
865.000000 -1.499313
866.000000 -1.515000
867.000000 -1.528904
868.000000 -1.540743
869.000000 -1.550320
870.000000 -1.557521
871.000000 -1.562311
872.000000 -1.564734
873.000000 -1.564901
874.000000 -1.562989
875.000000 -1.559225
876.000000 -1.553878
877.000000 -1.547249
878.000000 -1.539655
879.000000 -1.531421
880.000000 -1.522866
881.000000 -1.514294
882.000000 -1.505986
883.000000 -1.498187
884.000000 -1.491108
885.000000 -1.484916
886.000000 -1.479736
887.000000 -1.475646
888.000000 -1.472685
889.000000 -1.470850
890.000000 -1.470101
891.000000 -1.470369
892.000000 -1.471556
893.000000 -1.473546
894.000000 -1.476206
895.000000 -1.479394
896.000000 -1.482963
897.000000 -1.486769
898.000000 -1.490671
899.000000 -1.494537
900.000000 -1.498249
901.000000 -1.501703
902.000000 -1.504811
903.000000 -1.507504
904.000000 -1.509732
905.000000 -1.511464
906.000000 -1.512686
907.000000 -1.513402
908.000000 -1.513631
909.000000 -1.513407
910.000000 -1.512775
911.000000 -1.511790
912.000000 -1.510512
913.000000 -1.509006
914.000000 -1.507340
915.000000 -1.505581
916.000000 -1.503792
917.000000 -1.502033
918.000000 -1.500358
919.000000 -1.498814
920.000000 -1.497438
921.000000 -1.496260
922.000000 -1.495301
923.000000 -1.494573
924.000000 -1.494080
925.000000 -1.493817
926.000000 -1.493773
927.000000 -1.493931
928.000000 -1.494269
929.000000 -1.494761
930.000000 -1.495377
931.000000 -1.496088
932.000000 -1.496864
933.000000 -1.497674
934.000000 -1.498489
935.000000 -1.499283
936.000000 -1.500032
937.000000 -1.500718
938.000000 -1.501322
939.000000 -1.501834
940.000000 -1.502244
941.000000 -1.502548
942.000000 -1.502745
943.000000 -1.502838
944.000000 -1.502833
945.000000 -1.502738
946.000000 -1.502564
947.000000 -1.502323
948.000000 -1.502029
949.000000 -1.501695
950.000000 -1.501335
951.000000 -1.500963
952.000000 -1.500592
953.000000 -1.500233
954.000000 -1.499897
955.000000 -1.499593
956.000000 -1.499328
957.000000 -1.499106
958.000000 -1.498932
959.000000 -1.498806
960.000000 -1.498729
961.000000 -1.498699
962.000000 -1.498713
963.000000 -1.498767
964.000000 -1.498855
965.000000 -1.498973
966.000000 -1.499113
967.000000 -1.499269
968.000000 -1.499436
969.000000 -1.499606
970.000000 -1.499775
971.000000 -1.499936
972.000000 -1.500086
973.000000 -1.500220
974.000000 -1.500336
975.000000 -1.500432
976.000000 -1.500506
977.000000 -1.500557
978.000000 -1.500586
979.000000 -1.500594
980.000000 -1.500583
981.000000 -1.500554
982.000000 -1.500510
983.000000 -1.500453
984.000000 -1.500387
985.000000 -1.500314
986.000000 -1.500237
987.000000 -1.500159
988.000000 -1.500083
989.000000 -1.500010
990.000000 -1.499943
991.000000 -1.499884
992.000000 -1.499834
993.000000 -1.499793
994.000000 -1.499762
995.000000 -1.499741
996.000000 -1.499730
997.000000 -1.499729
998.000000 -1.499737
999.000000 -1.499752
1000.000000 -1.499774
