1.000000 0.000000
2.000000 0.000000
3.000000 0.000000
4.000000 0.000000
5.000000 0.000000
6.000000 0.000000
7.000000 0.000000
8.000000 0.000000
9.000000 0.000000
10.000000 0.000000
11.000000 0.000000
12.000000 0.000000
13.000000 0.000000
14.000000 0.000000
15.000000 0.000000
16.000000 0.000000
17.000000 0.000000
18.000000 0.000000
19.000000 0.000000
20.000000 0.000000
21.000000 -0.269298
22.000000 -0.531979
23.000000 -0.788161
24.000000 -1.000000
25.000000 -1.000000
26.000000 -1.000000
27.000000 -1.000000
28.000000 -1.000000
29.000000 -0.997313
30.000000 -0.981574
31.000000 -0.953216
32.000000 -0.916247
33.000000 -0.879243
34.000000 -0.841598
35.000000 -0.804670
36.000000 -0.769519
37.000000 -0.737028
38.000000 -0.708609
39.000000 -0.685858
40.000000 -0.666638
41.000000 -0.649781
42.000000 -0.636617
43.000000 -0.627125
44.000000 -0.620779
45.000000 -0.616936
46.000000 -0.614945
47.000000 -0.614206
48.000000 -0.614195
49.000000 -0.614488
50.000000 -0.614193
51.000000 -0.613396
52.000000 -0.612400
53.000000 -0.611336
54.000000 -0.610243
55.000000 -0.609137
56.000000 -0.608042
57.000000 -0.606993
58.000000 -0.606023
59.000000 -0.605155
60.000000 -0.604400
61.000000 -0.603755
62.000000 -0.603213
63.000000 -0.602764
64.000000 -0.602398
65.000000 -0.602109
66.000000 -0.601893
67.000000 -0.601747
68.000000 -0.601667
69.000000 -0.601648
70.000000 -0.601684
71.000000 -0.601768
72.000000 -0.601890
73.000000 -0.602040
74.000000 -0.602209
75.000000 -0.602387
76.000000 -0.602565
77.000000 -0.602735
78.000000 -0.602893
79.000000 -0.603033
80.000000 -0.603151
81.000000 -0.603246
82.000000 -0.603318
83.000000 -0.603365
84.000000 -0.603390
85.000000 -0.603394
86.000000 -0.603381
87.000000 -0.603352
88.000000 -0.603312
89.000000 -0.603263
90.000000 -0.603208
91.000000 -0.603151
92.000000 -0.603094
93.000000 -0.603039
94.000000 -0.602989
95.000000 -0.602944
96.000000 -0.602907
97.000000 -0.602876
98.000000 -0.602854
99.000000 -0.602839
100.000000 -0.602831
101.000000 -0.602830
102.000000 -0.602834
103.000000 -0.602843
104.000000 -0.602856
105.000000 -0.602872
106.000000 -0.602889
107.000000 -0.602907
108.000000 -0.602926
109.000000 -0.602943
110.000000 -0.602959
111.000000 -0.602973
112.000000 -0.602985
113.000000 -0.602995
114.000000 -0.603002
115.000000 -0.603007
116.000000 -0.603010
117.000000 -0.603010
118.000000 -0.603009
119.000000 -0.603006
120.000000 -0.603001
121.000000 -0.602996
122.000000 -0.602991
123.000000 -0.602985
124.000000 -0.602979
125.000000 -0.602973
126.000000 -0.602968
127.000000 -0.602964
128.000000 -0.602960
129.000000 -0.602957
130.000000 -0.602955
131.000000 -0.602953
132.000000 -0.602952
133.000000 -0.602952
134.000000 -0.602953
135.000000 -0.602954
136.000000 -0.602955
137.000000 -0.602957
138.000000 -0.602958
139.000000 -0.602960
140.000000 -0.602962
141.000000 -0.602964
142.000000 -0.602965
143.000000 -0.602967
144.000000 -0.602968
145.000000 -0.602969
146.000000 -0.602970
147.000000 -0.602970
148.000000 -0.602971
149.000000 -0.602971
150.000000 -0.602971
151.000000 -0.602970
152.000000 -0.602970
153.000000 -0.602969
154.000000 -0.602969
155.000000 -0.602968
156.000000 -0.602967
157.000000 -0.602967
158.000000 -0.602966
159.000000 -0.602966
160.000000 -0.602966
161.000000 -0.602965
162.000000 -0.602965
163.000000 -0.602965
164.000000 -0.602965
165.000000 -0.602965
166.000000 -0.602965
167.000000 -0.602965
168.000000 -0.602965
169.000000 -0.602965
170.000000 -0.602965
171.000000 -0.602966
172.000000 -0.602966
173.000000 -0.602966
174.000000 -0.602966
175.000000 -0.602966
176.000000 -0.602966
177.000000 -0.602966
178.000000 -0.602967
179.000000 -0.602967
180.000000 -0.602967
181.000000 -0.602967
182.000000 -0.602967
183.000000 -0.602967
184.000000 -0.602967
185.000000 -0.602966
186.000000 -0.602966
187.000000 -0.602966
188.000000 -0.602966
189.000000 -0.602966
190.000000 -0.602966
191.000000 -0.602966
192.000000 -0.602966
193.000000 -0.602966
194.000000 -0.602966
195.000000 -0.602966
196.000000 -0.602966
197.000000 -0.602966
198.000000 -0.602966
199.000000 -0.602966
200.000000 -0.602966
201.000000 -0.504354
202.000000 -0.430804
203.000000 -0.377926
204.000000 -0.341365
205.000000 -0.317111
206.000000 -0.300846
207.000000 -0.290009
208.000000 -0.282944
209.000000 -0.278611
210.000000 -0.276194
211.000000 -0.274966
212.000000 -0.274304
213.000000 -0.273739
214.000000 -0.272993
215.000000 -0.271992
216.000000 -0.270888
217.000000 -0.269425
218.000000 -0.267583
219.000000 -0.265548
220.000000 -0.263549
221.000000 -0.261743
222.000000 -0.260192
223.000000 -0.258892
224.000000 -0.257815
225.000000 -0.256928
226.000000 -0.256202
227.000000 -0.255616
228.000000 -0.255151
229.000000 -0.254793
230.000000 -0.254526
231.000000 -0.254337
232.000000 -0.254215
233.000000 -0.254146
234.000000 -0.254117
235.000000 -0.254115
236.000000 -0.254132
237.000000 -0.254159
238.000000 -0.254190
239.000000 -0.254222
240.000000 -0.254252
241.000000 -0.254277
242.000000 -0.254298
243.000000 -0.254314
244.000000 -0.254325
245.000000 -0.254333
246.000000 -0.254336
247.000000 -0.254337
248.000000 -0.254336
249.000000 -0.254334
250.000000 -0.254331
251.000000 -0.254327
252.000000 -0.254324
253.000000 -0.254321
254.000000 -0.254318
255.000000 -0.254316
256.000000 -0.254314
257.000000 -0.254312
258.000000 -0.254311
259.000000 -0.254311
260.000000 -0.254310
261.000000 -0.254310
262.000000 -0.254310
263.000000 -0.254311
264.000000 -0.254311
265.000000 -0.254311
266.000000 -0.254312
267.000000 -0.254312
268.000000 -0.254312
269.000000 -0.254312
270.000000 -0.254313
271.000000 -0.254313
272.000000 -0.254313
273.000000 -0.254313
274.000000 -0.254313
275.000000 -0.254313
276.000000 -0.254313
277.000000 -0.254313
278.000000 -0.254313
279.000000 -0.254313
280.000000 -0.254313
281.000000 -0.254313
282.000000 -0.254313
283.000000 -0.254313
284.000000 -0.254313
285.000000 -0.254313
286.000000 -0.254313
287.000000 -0.254313
288.000000 -0.254313
289.000000 -0.254313
290.000000 -0.254313
291.000000 -0.254313
292.000000 -0.254313
293.000000 -0.254313
294.000000 -0.254313
295.000000 -0.254313
296.000000 -0.254313
297.000000 -0.254313
298.000000 -0.254313
299.000000 -0.254313
300.000000 -0.254313
301.000000 -0.254313
302.000000 -0.254313
303.000000 -0.254313
304.000000 -0.254313
305.000000 -0.254313
306.000000 -0.254313
307.000000 -0.254313
308.000000 -0.254313
309.000000 -0.254313
310.000000 -0.254313
311.000000 -0.254313
312.000000 -0.254313
313.000000 -0.254313
314.000000 -0.254313
315.000000 -0.254313
316.000000 -0.254313
317.000000 -0.254313
318.000000 -0.254313
319.000000 -0.254313
320.000000 -0.254313
321.000000 -0.254313
322.000000 -0.254313
323.000000 -0.254313
324.000000 -0.254313
325.000000 -0.254313
326.000000 -0.254313
327.000000 -0.254313
328.000000 -0.254313
329.000000 -0.254313
330.000000 -0.254313
331.000000 -0.254313
332.000000 -0.254313
333.000000 -0.254313
334.000000 -0.254313
335.000000 -0.254313
336.000000 -0.254313
337.000000 -0.254313
338.000000 -0.254313
339.000000 -0.254313
340.000000 -0.254313
341.000000 -0.254313
342.000000 -0.254313
343.000000 -0.254313
344.000000 -0.254313
345.000000 -0.254313
346.000000 -0.254313
347.000000 -0.254313
348.000000 -0.254313
349.000000 -0.254313
350.000000 -0.254313
351.000000 -0.254313
352.000000 -0.254313
353.000000 -0.254313
354.000000 -0.254313
355.000000 -0.254313
356.000000 -0.254313
357.000000 -0.254313
358.000000 -0.254313
359.000000 -0.254313
360.000000 -0.254313
361.000000 -0.254313
362.000000 -0.254313
363.000000 -0.254313
364.000000 -0.254313
365.000000 -0.254313
366.000000 -0.254313
367.000000 -0.254313
368.000000 -0.254313
369.000000 -0.254313
370.000000 -0.254313
371.000000 -0.254313
372.000000 -0.254313
373.000000 -0.254313
374.000000 -0.254313
375.000000 -0.254313
376.000000 -0.254313
377.000000 -0.254313
378.000000 -0.254313
379.000000 -0.254313
380.000000 -0.254313
381.000000 -0.254313
382.000000 -0.254313
383.000000 -0.254313
384.000000 -0.254313
385.000000 -0.254313
386.000000 -0.254313
387.000000 -0.254313
388.000000 -0.254313
389.000000 -0.254313
390.000000 -0.254313
391.000000 -0.254313
392.000000 -0.254313
393.000000 -0.254313
394.000000 -0.254313
395.000000 -0.254313
396.000000 -0.254313
397.000000 -0.254313
398.000000 -0.254313
399.000000 -0.254313
400.000000 -0.254313
401.000000 -0.622467
402.000000 -0.906392
403.000000 -1.000000
404.000000 -1.000000
405.000000 -1.000000
406.000000 -1.000000
407.000000 -1.000000
408.000000 -1.000000
409.000000 -1.000000
410.000000 -1.000000
411.000000 -0.987741
412.000000 -0.973319
413.000000 -0.960779
414.000000 -0.949762
415.000000 -0.939522
416.000000 -0.929789
417.000000 -0.922170
418.000000 -0.916143
419.000000 -0.911303
420.000000 -0.907291
421.000000 -0.903808
422.000000 -0.900636
423.000000 -0.897643
424.000000 -0.894759
425.000000 -0.891945
426.000000 -0.889171
427.000000 -0.886407
428.000000 -0.883631
429.000000 -0.880835
430.000000 -0.878033
431.000000 -0.875261
432.000000 -0.872618
433.000000 -0.870181
434.000000 -0.867998
435.000000 -0.866162
436.000000 -0.864664
437.000000 -0.863476
438.000000 -0.862568
439.000000 -0.861908
440.000000 -0.861465
441.000000 -0.861205
442.000000 -0.861097
443.000000 -0.861112
444.000000 -0.861222
445.000000 -0.861401
446.000000 -0.861628
447.000000 -0.861882
448.000000 -0.862147
449.000000 -0.862409
450.000000 -0.862658
451.000000 -0.862887
452.000000 -0.863090
453.000000 -0.863266
454.000000 -0.863413
455.000000 -0.863533
456.000000 -0.863626
457.000000 -0.863695
458.000000 -0.863743
459.000000 -0.863772
460.000000 -0.863785
461.000000 -0.863785
462.000000 -0.863773
463.000000 -0.863753
464.000000 -0.863726
465.000000 -0.863695
466.000000 -0.863662
467.000000 -0.863628
468.000000 -0.863595
469.000000 -0.863564
470.000000 -0.863535
471.000000 -0.863509
472.000000 -0.863486
473.000000 -0.863467
474.000000 -0.863452
475.000000 -0.863440
476.000000 -0.863431
477.000000 -0.863425
478.000000 -0.863421
479.000000 -0.863420
480.000000 -0.863420
481.000000 -0.863422
482.000000 -0.863424
483.000000 -0.863428
484.000000 -0.863432
485.000000 -0.863436
486.000000 -0.863440
487.000000 -0.863444
488.000000 -0.863448
489.000000 -0.863452
490.000000 -0.863455
491.000000 -0.863458
492.000000 -0.863460
493.000000 -0.863462
494.000000 -0.863463
495.000000 -0.863464
496.000000 -0.863465
497.000000 -0.863465
498.000000 -0.863466
499.000000 -0.863466
500.000000 -0.863465
501.000000 -0.863465
502.000000 -0.863465
503.000000 -0.863464
504.000000 -0.863464
505.000000 -0.863463
506.000000 -0.863463
507.000000 -0.863462
508.000000 -0.863462
509.000000 -0.863461
510.000000 -0.863461
511.000000 -0.863461
512.000000 -0.863460
513.000000 -0.863460
514.000000 -0.863460
515.000000 -0.863460
516.000000 -0.863460
517.000000 -0.863460
518.000000 -0.863460
519.000000 -0.863460
520.000000 -0.863460
521.000000 -0.863460
522.000000 -0.863460
523.000000 -0.863460
524.000000 -0.863460
525.000000 -0.863460
526.000000 -0.863460
527.000000 -0.863460
528.000000 -0.863461
529.000000 -0.863461
530.000000 -0.863461
531.000000 -0.863461
532.000000 -0.863461
533.000000 -0.863461
534.000000 -0.863461
535.000000 -0.863461
536.000000 -0.863461
537.000000 -0.863461
538.000000 -0.863461
539.000000 -0.863461
540.000000 -0.863461
541.000000 -0.863461
542.000000 -0.863461
543.000000 -0.863461
544.000000 -0.863461
545.000000 -0.863461
546.000000 -0.863461
547.000000 -0.863461
548.000000 -0.863461
549.000000 -0.863461
550.000000 -0.863461
551.000000 -0.863461
552.000000 -0.863461
553.000000 -0.863461
554.000000 -0.863461
555.000000 -0.863461
556.000000 -0.863461
557.000000 -0.863461
558.000000 -0.863461
559.000000 -0.863461
560.000000 -0.863461
561.000000 -0.863461
562.000000 -0.863461
563.000000 -0.863461
564.000000 -0.863461
565.000000 -0.863461
566.000000 -0.863461
567.000000 -0.863461
568.000000 -0.863461
569.000000 -0.863461
570.000000 -0.863461
571.000000 -0.863461
572.000000 -0.863461
573.000000 -0.863461
574.000000 -0.863461
575.000000 -0.863461
576.000000 -0.863461
577.000000 -0.863461
578.000000 -0.863461
579.000000 -0.863461
580.000000 -0.863461
581.000000 -0.863461
582.000000 -0.863461
583.000000 -0.863461
584.000000 -0.863461
585.000000 -0.863461
586.000000 -0.863461
587.000000 -0.863461
588.000000 -0.863461
589.000000 -0.863461
590.000000 -0.863461
591.000000 -0.863461
592.000000 -0.863461
593.000000 -0.863461
594.000000 -0.863461
595.000000 -0.863461
596.000000 -0.863461
597.000000 -0.863461
598.000000 -0.863461
599.000000 -0.863461
600.000000 -0.863461
601.000000 -0.681226
602.000000 -0.546600
603.000000 -0.451717
604.000000 -0.388828
605.000000 -0.350671
606.000000 -0.330732
607.000000 -0.324130
608.000000 -0.327098
609.000000 -0.336086
610.000000 -0.333757
611.000000 -0.318376
612.000000 -0.304496
613.000000 -0.290835
614.000000 -0.276353
615.000000 -0.260672
616.000000 -0.244204
617.000000 -0.227734
618.000000 -0.210852
619.000000 -0.192736
620.000000 -0.174289
621.000000 -0.155876
622.000000 -0.137529
623.000000 -0.119120
624.000000 -0.100508
625.000000 -0.081621
626.000000 -0.062506
627.000000 -0.044723
628.000000 -0.028470
629.000000 -0.013667
630.000000 -0.000242
631.000000 0.011895
632.000000 0.025665
633.000000 0.041517
634.000000 0.058662
635.000000 0.076530
636.000000 0.094732
637.000000 0.113008
638.000000 0.130366
639.000000 0.146685
640.000000 0.161978
641.000000 0.176266
642.000000 0.189597
643.000000 0.202046
644.000000 0.213710
645.000000 0.224696
646.000000 0.235105
647.000000 0.245023
648.000000 0.254524
649.000000 0.263666
650.000000 0.272497
651.000000 0.281052
652.000000 0.289362
653.000000 0.297449
654.000000 0.305334
655.000000 0.313031
656.000000 0.320555
657.000000 0.327917
658.000000 0.335127
659.000000 0.342193
660.000000 0.349123
661.000000 0.355923
662.000000 0.362600
663.000000 0.369159
664.000000 0.375605
665.000000 0.381942
666.000000 0.388175
667.000000 0.394306
668.000000 0.400340
669.000000 0.406279
670.000000 0.412126
671.000000 0.417885
672.000000 0.423556
673.000000 0.429144
674.000000 0.434649
675.000000 0.440074
676.000000 0.445420
677.000000 0.450690
678.000000 0.455886
679.000000 0.461007
680.000000 0.466058
681.000000 0.471038
682.000000 0.475948
683.000000 0.480792
684.000000 0.485568
685.000000 0.490280
686.000000 0.494927
687.000000 0.499511
688.000000 0.504034
689.000000 0.508495
690.000000 0.512896
691.000000 0.517239
692.000000 0.521523
693.000000 0.525750
694.000000 0.529921
695.000000 0.534036
696.000000 0.538097
697.000000 0.542103
698.000000 0.546057
699.000000 0.549958
700.000000 0.553808
701.000000 0.557606
702.000000 0.561355
703.000000 0.565054
704.000000 0.568705
705.000000 0.572307
706.000000 0.575862
707.000000 0.579370
708.000000 0.582831
709.000000 0.586248
710.000000 0.589619
711.000000 0.592946
712.000000 0.596229
713.000000 0.599469
714.000000 0.602666
715.000000 0.605822
716.000000 0.608936
717.000000 0.612008
718.000000 0.615041
719.000000 0.618034
720.000000 0.620987
721.000000 0.623901
722.000000 0.626777
723.000000 0.629615
724.000000 0.632416
725.000000 0.635180
726.000000 0.637908
727.000000 0.640600
728.000000 0.643256
729.000000 0.645877
730.000000 0.648464
731.000000 0.651017
732.000000 0.653536
733.000000 0.656021
734.000000 0.658475
735.000000 0.660895
736.000000 0.663284
737.000000 0.665641
738.000000 0.667967
739.000000 0.670263
740.000000 0.672528
741.000000 0.674763
742.000000 0.676969
743.000000 0.679146
744.000000 0.681294
745.000000 0.683413
746.000000 0.685504
747.000000 0.687568
748.000000 0.689605
749.000000 0.691614
750.000000 0.693597
751.000000 0.695554
752.000000 0.697485
753.000000 0.699390
754.000000 0.701270
755.000000 0.703126
756.000000 0.704956
757.000000 0.706762
758.000000 0.708545
759.000000 0.710304
760.000000 0.712039
761.000000 0.713752
762.000000 0.715441
763.000000 0.717109
764.000000 0.718754
765.000000 0.720377
766.000000 0.721979
767.000000 0.723560
768.000000 0.725119
769.000000 0.726658
770.000000 0.728177
771.000000 0.729675
772.000000 0.731154
773.000000 0.732612
774.000000 0.734052
775.000000 0.735472
776.000000 0.736873
777.000000 0.738256
778.000000 0.739620
779.000000 0.740967
780.000000 0.742295
781.000000 0.743605
782.000000 0.744899
783.000000 0.746175
784.000000 0.747434
785.000000 0.748676
786.000000 0.749902
787.000000 0.751111
788.000000 0.752304
789.000000 0.753482
790.000000 0.754643
791.000000 0.755790
792.000000 0.756921
793.000000 0.758037
794.000000 0.759138
795.000000 0.760224
796.000000 0.761296
797.000000 0.762353
798.000000 0.763397
799.000000 0.764427
800.000000 0.765442
801.000000 0.340954
802.000000 -0.073093
803.000000 -0.476885
804.000000 -0.870642
805.000000 -1.000000
806.000000 -1.000000
807.000000 -1.000000
808.000000 -1.000000
809.000000 -1.000000
810.000000 -1.000000
811.000000 -1.000000
812.000000 -0.997434
813.000000 -0.979666
814.000000 -0.955383
815.000000 -0.929361
816.000000 -0.903026
817.000000 -0.877225
818.000000 -0.852524
819.000000 -0.832543
820.000000 -0.817784
821.000000 -0.806432
822.000000 -0.797095
823.000000 -0.788888
824.000000 -0.781401
825.000000 -0.774532
826.000000 -0.768287
827.000000 -0.763012
828.000000 -0.758793
829.000000 -0.755296
830.000000 -0.752308
831.000000 -0.749723
832.000000 -0.747551
833.000000 -0.745801
834.000000 -0.744461
835.000000 -0.743499
836.000000 -0.742868
837.000000 -0.742512
838.000000 -0.742373
839.000000 -0.742395
840.000000 -0.742529
841.000000 -0.742729
842.000000 -0.742958
843.000000 -0.743185
844.000000 -0.743390
845.000000 -0.743559
846.000000 -0.743687
847.000000 -0.743773
848.000000 -0.743820
849.000000 -0.743833
850.000000 -0.743819
851.000000 -0.743786
852.000000 -0.743739
853.000000 -0.743685
854.000000 -0.743627
855.000000 -0.743571
856.000000 -0.743519
857.000000 -0.743471
858.000000 -0.743431
859.000000 -0.743397
860.000000 -0.743368
861.000000 -0.743346
862.000000 -0.743328
863.000000 -0.743313
864.000000 -0.743302
865.000000 -0.743292
866.000000 -0.743285
867.000000 -0.743280
868.000000 -0.743276
869.000000 -0.743274
870.000000 -0.743272
871.000000 -0.743272
872.000000 -0.743272
873.000000 -0.743273
874.000000 -0.743275
875.000000 -0.743276
876.000000 -0.743278
877.000000 -0.743280
878.000000 -0.743282
879.000000 -0.743283
880.000000 -0.743285
881.000000 -0.743286
882.000000 -0.743287
883.000000 -0.743287
884.000000 -0.743288
885.000000 -0.743288
886.000000 -0.743288
887.000000 -0.743288
888.000000 -0.743288
889.000000 -0.743288
890.000000 -0.743287
891.000000 -0.743287
892.000000 -0.743287
893.000000 -0.743287
894.000000 -0.743287
895.000000 -0.743287
896.000000 -0.743286
897.000000 -0.743286
898.000000 -0.743286
899.000000 -0.743286
900.000000 -0.743286
901.000000 -0.743286
902.000000 -0.743286
903.000000 -0.743286
904.000000 -0.743286
905.000000 -0.743286
906.000000 -0.743286
907.000000 -0.743286
908.000000 -0.743286
909.000000 -0.743286
910.000000 -0.743286
911.000000 -0.743286
912.000000 -0.743286
913.000000 -0.743286
914.000000 -0.743286
915.000000 -0.743286
916.000000 -0.743286
917.000000 -0.743286
918.000000 -0.743286
919.000000 -0.743286
920.000000 -0.743286
921.000000 -0.743286
922.000000 -0.743286
923.000000 -0.743286
924.000000 -0.743286
925.000000 -0.743286
926.000000 -0.743286
927.000000 -0.743286
928.000000 -0.743286
929.000000 -0.743286
930.000000 -0.743286
931.000000 -0.743286
932.000000 -0.743286
933.000000 -0.743286
934.000000 -0.743286
935.000000 -0.743286
936.000000 -0.743286
937.000000 -0.743286
938.000000 -0.743286
939.000000 -0.743286
940.000000 -0.743286
941.000000 -0.743286
942.000000 -0.743286
943.000000 -0.743286
944.000000 -0.743286
945.000000 -0.743286
946.000000 -0.743286
947.000000 -0.743286
948.000000 -0.743286
949.000000 -0.743286
950.000000 -0.743286
951.000000 -0.743286
952.000000 -0.743286
953.000000 -0.743286
954.000000 -0.743286
955.000000 -0.743286
956.000000 -0.743286
957.000000 -0.743286
958.000000 -0.743286
959.000000 -0.743286
960.000000 -0.743286
961.000000 -0.743286
962.000000 -0.743286
963.000000 -0.743286
964.000000 -0.743286
965.000000 -0.743286
966.000000 -0.743286
967.000000 -0.743286
968.000000 -0.743286
969.000000 -0.743286
970.000000 -0.743286
971.000000 -0.743286
972.000000 -0.743286
973.000000 -0.743286
974.000000 -0.743286
975.000000 -0.743286
976.000000 -0.743286
977.000000 -0.743286
978.000000 -0.743286
979.000000 -0.743286
980.000000 -0.743286
981.000000 -0.743286
982.000000 -0.743286
983.000000 -0.743286
984.000000 -0.743286
985.000000 -0.743286
986.000000 -0.743286
987.000000 -0.743286
988.000000 -0.743286
989.000000 -0.743286
990.000000 -0.743286
991.000000 -0.743286
992.000000 -0.743286
993.000000 -0.743286
994.000000 -0.743286
995.000000 -0.743286
996.000000 -0.743286
997.000000 -0.743286
998.000000 -0.743286
999.000000 -0.743286
1000.000000 -0.743286
