1.000000 0.000000
2.000000 0.000000
3.000000 0.000000
4.000000 0.000000
5.000000 0.000000
6.000000 0.000000
7.000000 0.000000
8.000000 0.000000
9.000000 0.000000
10.000000 0.000000
11.000000 0.000000
12.000000 0.000000
13.000000 0.000000
14.000000 0.000000
15.000000 0.000000
16.000000 0.000000
17.000000 0.000000
18.000000 0.000000
19.000000 0.000000
20.000000 0.000000
21.000000 0.000000
22.000000 0.000000
23.000000 0.000000
24.000000 0.000000
25.000000 0.000000
26.000000 -0.016801
27.000000 -0.078293
28.000000 -0.202894
29.000000 -0.396608
30.000000 -0.638118
31.000000 -0.898513
32.000000 -1.157926
33.000000 -1.403422
34.000000 -1.627260
35.000000 -1.825420
36.000000 -1.995235
37.000000 -2.134577
38.000000 -2.241911
39.000000 -2.316397
40.000000 -2.358600
41.000000 -2.371183
42.000000 -2.358497
43.000000 -2.325785
44.000000 -2.278433
45.000000 -2.221360
46.000000 -2.158631
47.000000 -2.093281
48.000000 -2.027341
49.000000 -1.961972
50.000000 -1.897676
51.000000 -1.834502
52.000000 -1.772237
53.000000 -1.710556
54.000000 -1.649140
55.000000 -1.587746
56.000000 -1.526265
57.000000 -1.464739
58.000000 -1.403438
59.000000 -1.342961
60.000000 -1.284125
61.000000 -1.227812
62.000000 -1.174862
63.000000 -1.126006
64.000000 -1.081817
65.000000 -1.042689
66.000000 -1.008834
67.000000 -0.980287
68.000000 -0.956929
69.000000 -0.938509
70.000000 -0.924677
71.000000 -0.915008
72.000000 -0.909036
73.000000 -0.906271
74.000000 -0.906228
75.000000 -0.908432
76.000000 -0.912439
77.000000 -0.917837
78.000000 -0.924256
79.000000 -0.931367
80.000000 -0.938883
81.000000 -0.946558
82.000000 -0.954188
83.000000 -0.961603
84.000000 -0.968669
85.000000 -0.975282
86.000000 -0.981366
87.000000 -0.986869
88.000000 -0.991762
89.000000 -0.996033
90.000000 -0.999686
91.000000 -1.002740
92.000000 -1.005222
93.000000 -1.007169
94.000000 -1.008623
95.000000 -1.009632
96.000000 -1.010244
97.000000 -1.010512
98.000000 -1.010485
99.000000 -1.010212
100.000000 -1.009740
101.000000 -1.009114
102.000000 -1.008372
103.000000 -1.007553
104.000000 -1.006688
105.000000 -1.005806
106.000000 -1.004930
107.000000 -1.004080
108.000000 -1.003273
109.000000 -1.002520
110.000000 -1.001832
111.000000 -1.001213
112.000000 -1.000667
113.000000 -1.000195
114.000000 -0.999796
115.000000 -0.999467
116.000000 -0.999206
117.000000 -0.999007
118.000000 -0.998864
119.000000 -0.998771
120.000000 -0.998724
121.000000 -0.998714
122.000000 -0.998737
123.000000 -0.998786
124.000000 -0.998856
125.000000 -0.998942
126.000000 -0.999038
127.000000 -0.999142
128.000000 -0.999249
129.000000 -0.999356
130.000000 -0.999461
131.000000 -0.999562
132.000000 -0.999656
133.000000 -0.999743
134.000000 -0.999822
135.000000 -0.999892
136.000000 -0.999953
137.000000 -1.000005
138.000000 -1.000048
139.000000 -1.000083
140.000000 -1.000111
141.000000 -1.000131
142.000000 -1.000144
143.000000 -1.000152
144.000000 -1.000156
145.000000 -1.000154
146.000000 -1.000150
147.000000 -1.000142
148.000000 -1.000133
149.000000 -1.000122
150.000000 -1.000109
151.000000 -1.000096
152.000000 -1.000083
153.000000 -1.000071
154.000000 -1.000058
155.000000 -1.000046
156.000000 -1.000036
157.000000 -1.000026
158.000000 -1.000017
159.000000 -1.000009
160.000000 -1.000002
161.000000 -0.999996
162.000000 -0.999992
163.000000 -0.999988
164.000000 -0.999985
165.000000 -0.999983
166.000000 -0.999982
167.000000 -0.999981
168.000000 -0.999981
169.000000 -0.999982
170.000000 -0.999982
171.000000 -0.999983
172.000000 -0.999985
173.000000 -0.999986
174.000000 -0.999988
175.000000 -0.999989
176.000000 -0.999991
177.000000 -0.999992
178.000000 -0.999994
179.000000 -0.999995
180.000000 -0.999996
181.000000 -0.999998
182.000000 -0.999999
183.000000 -0.999999
184.000000 -1.000000
185.000000 -1.000001
186.000000 -1.000001
187.000000 -1.000002
188.000000 -1.000002
189.000000 -1.000002
190.000000 -1.000002
191.000000 -1.000002
192.000000 -1.000002
193.000000 -1.000002
194.000000 -1.000002
195.000000 -1.000002
196.000000 -1.000002
197.000000 -1.000002
198.000000 -1.000001
199.000000 -1.000001
200.000000 -1.000001
201.000000 -1.000001
202.000000 -1.000001
203.000000 -1.000000
204.000000 -1.000000
205.000000 -1.000000
206.000000 -0.993378
207.000000 -0.975079
208.000000 -0.943855
209.000000 -0.901005
210.000000 -0.849308
211.000000 -0.792108
212.000000 -0.732655
213.000000 -0.673723
214.000000 -0.617457
215.000000 -0.565354
216.000000 -0.518335
217.000000 -0.476840
218.000000 -0.440930
219.000000 -0.410386
220.000000 -0.384792
221.000000 -0.363609
222.000000 -0.346239
223.000000 -0.332070
224.000000 -0.320518
225.000000 -0.311049
226.000000 -0.303199
227.000000 -0.296580
228.000000 -0.290877
229.000000 -0.285850
230.000000 -0.281318
231.000000 -0.277154
232.000000 -0.273270
233.000000 -0.269612
234.000000 -0.266145
235.000000 -0.262850
236.000000 -0.259715
237.000000 -0.256736
238.000000 -0.253909
239.000000 -0.251228
240.000000 -0.248692
241.000000 -0.246293
242.000000 -0.244028
243.000000 -0.241888
244.000000 -0.239868
245.000000 -0.237959
246.000000 -0.236156
247.000000 -0.234451
248.000000 -0.232837
249.000000 -0.231310
250.000000 -0.229862
251.000000 -0.228490
252.000000 -0.227187
253.000000 -0.225951
254.000000 -0.224776
255.000000 -0.223660
256.000000 -0.222598
257.000000 -0.221588
258.000000 -0.220627
259.000000 -0.219712
260.000000 -0.218841
261.000000 -0.218011
262.000000 -0.217219
263.000000 -0.216465
264.000000 -0.215746
265.000000 -0.215061
266.000000 -0.214407
267.000000 -0.213783
268.000000 -0.213187
269.000000 -0.212618
270.000000 -0.212076
271.000000 -0.211557
272.000000 -0.211062
273.000000 -0.210589
274.000000 -0.210137
275.000000 -0.209705
276.000000 -0.209292
277.000000 -0.208898
278.000000 -0.208521
279.000000 -0.208160
280.000000 -0.207815
281.000000 -0.207485
282.000000 -0.207169
283.000000 -0.206867
284.000000 -0.206578
285.000000 -0.206302
286.000000 -0.206038
287.000000 -0.205784
288.000000 -0.205542
289.000000 -0.205310
290.000000 -0.205088
291.000000 -0.204876
292.000000 -0.204672
293.000000 -0.204477
294.000000 -0.204291
295.000000 -0.204112
296.000000 -0.203941
297.000000 -0.203777
298.000000 -0.203620
299.000000 -0.203470
300.000000 -0.203326
301.000000 -0.203188
302.000000 -0.203056
303.000000 -0.202929
304.000000 -0.202808
305.000000 -0.202692
306.000000 -0.202580
307.000000 -0.202474
308.000000 -0.202371
309.000000 -0.202273
310.000000 -0.202179
311.000000 -0.202089
312.000000 -0.202003
313.000000 -0.201921
314.000000 -0.201841
315.000000 -0.201765
316.000000 -0.201693
317.000000 -0.201623
318.000000 -0.201556
319.000000 -0.201492
320.000000 -0.201431
321.000000 -0.201372
322.000000 -0.201315
323.000000 -0.201261
324.000000 -0.201209
325.000000 -0.201159
326.000000 -0.201112
327.000000 -0.201066
328.000000 -0.201022
329.000000 -0.200980
330.000000 -0.200940
331.000000 -0.200901
332.000000 -0.200864
333.000000 -0.200829
334.000000 -0.200795
335.000000 -0.200762
336.000000 -0.200731
337.000000 -0.200701
338.000000 -0.200672
339.000000 -0.200644
340.000000 -0.200618
341.000000 -0.200593
342.000000 -0.200568
343.000000 -0.200545
344.000000 -0.200523
345.000000 -0.200501
346.000000 -0.200481
347.000000 -0.200461
348.000000 -0.200442
349.000000 -0.200424
350.000000 -0.200407
351.000000 -0.200390
352.000000 -0.200374
353.000000 -0.200359
354.000000 -0.200344
355.000000 -0.200330
356.000000 -0.200316
357.000000 -0.200303
358.000000 -0.200291
359.000000 -0.200279
360.000000 -0.200268
361.000000 -0.200257
362.000000 -0.200246
363.000000 -0.200236
364.000000 -0.200226
365.000000 -0.200217
366.000000 -0.200208
367.000000 -0.200200
368.000000 -0.200191
369.000000 -0.200184
370.000000 -0.200176
371.000000 -0.200169
372.000000 -0.200162
373.000000 -0.200155
374.000000 -0.200149
375.000000 -0.200143
376.000000 -0.200137
377.000000 -0.200131
378.000000 -0.200126
379.000000 -0.200121
380.000000 -0.200116
381.000000 -0.200111
382.000000 -0.200107
383.000000 -0.200102
384.000000 -0.200098
385.000000 -0.200094
386.000000 -0.200090
387.000000 -0.200086
388.000000 -0.200083
389.000000 -0.200080
390.000000 -0.200076
391.000000 -0.200073
392.000000 -0.200070
393.000000 -0.200067
394.000000 -0.200065
395.000000 -0.200062
396.000000 -0.200059
397.000000 -0.200057
398.000000 -0.200055
399.000000 -0.200052
400.000000 -0.200050
401.000000 -0.200048
402.000000 -0.200046
403.000000 -0.200044
404.000000 -0.200042
405.000000 -0.200041
406.000000 -0.210224
407.000000 -0.237823
408.000000 -0.284315
409.000000 -0.348270
410.000000 -0.426905
411.000000 -0.517054
412.000000 -0.615785
413.000000 -0.720680
414.000000 -0.829892
415.000000 -0.942046
416.000000 -1.056074
417.000000 -1.171063
418.000000 -1.286127
419.000000 -1.400342
420.000000 -1.512714
421.000000 -1.622194
422.000000 -1.727703
423.000000 -1.828172
424.000000 -1.922580
425.000000 -2.009982
426.000000 -2.089543
427.000000 -2.160550
428.000000 -2.222427
429.000000 -2.274828
430.000000 -2.317705
431.000000 -2.351325
432.000000 -2.376237
433.000000 -2.393223
434.000000 -2.403217
435.000000 -2.407241
436.000000 -2.406330
437.000000 -2.401473
438.000000 -2.393574
439.000000 -2.383419
440.000000 -2.371670
441.000000 -2.358857
442.000000 -2.345393
443.000000 -2.331586
444.000000 -2.317653
445.000000 -2.303741
446.000000 -2.289943
447.000000 -2.276311
448.000000 -2.262872
449.000000 -2.249632
450.000000 -2.236592
451.000000 -2.223746
452.000000 -2.211090
453.000000 -2.198621
454.000000 -2.186342
455.000000 -2.174260
456.000000 -2.162387
457.000000 -2.150738
458.000000 -2.139333
459.000000 -2.128195
460.000000 -2.117350
461.000000 -2.106822
462.000000 -2.096640
463.000000 -2.086829
464.000000 -2.077415
465.000000 -2.068423
466.000000 -2.059875
467.000000 -2.051791
468.000000 -2.044188
469.000000 -2.037079
470.000000 -2.030476
471.000000 -2.024384
472.000000 -2.018806
473.000000 -2.013742
474.000000 -2.009187
475.000000 -2.005132
476.000000 -2.001565
477.000000 -1.998471
478.000000 -1.995831
479.000000 -1.993624
480.000000 -1.991825
481.000000 -1.990408
482.000000 -1.989346
483.000000 -1.988607
484.000000 -1.988163
485.000000 -1.987983
486.000000 -1.988035
487.000000 -1.988288
488.000000 -1.988713
489.000000 -1.989280
490.000000 -1.989962
491.000000 -1.990733
492.000000 -1.991568
493.000000 -1.992444
494.000000 -1.993341
495.000000 -1.994242
496.000000 -1.995129
497.000000 -1.995990
498.000000 -1.996812
499.000000 -1.997586
500.000000 -1.998306
501.000000 -1.998964
502.000000 -1.999558
503.000000 -2.000085
504.000000 -2.000545
505.000000 -2.000938
506.000000 -2.001265
507.000000 -2.001530
508.000000 -2.001736
509.000000 -2.001886
510.000000 -2.001985
511.000000 -2.002038
512.000000 -2.002049
513.000000 -2.002025
514.000000 -2.001969
515.000000 -2.001886
516.000000 -2.001782
517.000000 -2.001661
518.000000 -2.001527
519.000000 -2.001384
520.000000 -2.001235
521.000000 -2.001085
522.000000 -2.000935
523.000000 -2.000788
524.000000 -2.000646
525.000000 -2.000511
526.000000 -2.000385
527.000000 -2.000268
528.000000 -2.000161
529.000000 -2.000065
530.000000 -1.999981
531.000000 -1.999907
532.000000 -1.999844
533.000000 -1.999792
534.000000 -1.999750
535.000000 -1.999717
536.000000 -1.999694
537.000000 -1.999678
538.000000 -1.999670
539.000000 -1.999669
540.000000 -1.999673
541.000000 -1.999683
542.000000 -1.999697
543.000000 -1.999714
544.000000 -1.999734
545.000000 -1.999756
546.000000 -1.999779
547.000000 -1.999803
548.000000 -1.999827
549.000000 -1.999852
550.000000 -1.999875
551.000000 -1.999898
552.000000 -1.999920
553.000000 -1.999940
554.000000 -1.999959
555.000000 -1.999976
556.000000 -1.999992
557.000000 -2.000005
558.000000 -2.000017
559.000000 -2.000027
560.000000 -2.000035
561.000000 -2.000042
562.000000 -2.000047
563.000000 -2.000050
564.000000 -2.000053
565.000000 -2.000054
566.000000 -2.000054
567.000000 -2.000053
568.000000 -2.000051
569.000000 -2.000049
570.000000 -2.000046
571.000000 -2.000043
572.000000 -2.000039
573.000000 -2.000035
574.000000 -2.000032
575.000000 -2.000028
576.000000 -2.000024
577.000000 -2.000020
578.000000 -2.000016
579.000000 -2.000013
580.000000 -2.000009
581.000000 -2.000006
582.000000 -2.000003
583.000000 -2.000001
584.000000 -1.999999
585.000000 -1.999997
586.000000 -1.999995
587.000000 -1.999994
588.000000 -1.999993
589.000000 -1.999992
590.000000 -1.999992
591.000000 -1.999991
592.000000 -1.999991
593.000000 -1.999991
594.000000 -1.999991
595.000000 -1.999992
596.000000 -1.999992
597.000000 -1.999993
598.000000 -1.999993
599.000000 -1.999994
600.000000 -1.999994
601.000000 -1.999995
602.000000 -1.999996
603.000000 -1.999996
604.000000 -1.999997
605.000000 -1.999997
606.000000 -1.987567
607.000000 -1.952199
608.000000 -1.889967
609.000000 -1.801750
610.000000 -1.691674
611.000000 -1.565417
612.000000 -1.428750
613.000000 -1.286620
614.000000 -1.142817
615.000000 -1.000468
616.000000 -0.863063
617.000000 -0.734216
618.000000 -0.617142
619.000000 -0.514237
620.000000 -0.426809
621.000000 -0.355010
622.000000 -0.297961
623.000000 -0.254015
624.000000 -0.221074
625.000000 -0.196897
626.000000 -0.179339
627.000000 -0.166515
628.000000 -0.156879
629.000000 -0.149246
630.000000 -0.142771
631.000000 -0.136896
632.000000 -0.131293
633.000000 -0.125799
634.000000 -0.120363
635.000000 -0.114998
636.000000 -0.109746
637.000000 -0.104528
638.000000 -0.099111
639.000000 -0.093233
640.000000 -0.086701
641.000000 -0.079434
642.000000 -0.071463
643.000000 -0.062902
644.000000 -0.053920
645.000000 -0.044707
646.000000 -0.035456
647.000000 -0.026351
648.000000 -0.017564
649.000000 -0.009245
650.000000 -0.001517
651.000000 0.005532
652.000000 0.011852
653.000000 0.017436
654.000000 0.022308
655.000000 0.026522
656.000000 0.030137
657.000000 0.033206
658.000000 0.035793
659.000000 0.037972
660.000000 0.039817
661.000000 0.041394
662.000000 0.042759
663.000000 0.043956
664.000000 0.045020
665.000000 0.045976
666.000000 0.046845
667.000000 0.047643
668.000000 0.048382
669.000000 0.049071
670.000000 0.049716
671.000000 0.050324
672.000000 0.050900
673.000000 0.051447
674.000000 0.051968
675.000000 0.052467
676.000000 0.052945
677.000000 0.053404
678.000000 0.053846
679.000000 0.054273
680.000000 0.054685
681.000000 0.055084
682.000000 0.055472
683.000000 0.055848
684.000000 0.056214
685.000000 0.056570
686.000000 0.056917
687.000000 0.057255
688.000000 0.057586
689.000000 0.057909
690.000000 0.058225
691.000000 0.058534
692.000000 0.058837
693.000000 0.059135
694.000000 0.059426
695.000000 0.059712
696.000000 0.059992
697.000000 0.060268
698.000000 0.060539
699.000000 0.060805
700.000000 0.061066
701.000000 0.061324
702.000000 0.061577
703.000000 0.061826
704.000000 0.062072
705.000000 0.062313
706.000000 0.062551
707.000000 0.062785
708.000000 0.063016
709.000000 0.063243
710.000000 0.063467
711.000000 0.063688
712.000000 0.063906
713.000000 0.064121
714.000000 0.064332
715.000000 0.064541
716.000000 0.064747
717.000000 0.064950
718.000000 0.065150
719.000000 0.065347
720.000000 0.065542
721.000000 0.065734
722.000000 0.065924
723.000000 0.066111
724.000000 0.066295
725.000000 0.066477
726.000000 0.066657
727.000000 0.066834
728.000000 0.067009
729.000000 0.067181
730.000000 0.067351
731.000000 0.067519
732.000000 0.067685
733.000000 0.067849
734.000000 0.068010
735.000000 0.068170
736.000000 0.068327
737.000000 0.068482
738.000000 0.068635
739.000000 0.068786
740.000000 0.068935
741.000000 0.069082
742.000000 0.069228
743.000000 0.069371
744.000000 0.069512
745.000000 0.069652
746.000000 0.069790
747.000000 0.069926
748.000000 0.070060
749.000000 0.070192
750.000000 0.070323
751.000000 0.070452
752.000000 0.070579
753.000000 0.070705
754.000000 0.070829
755.000000 0.070951
756.000000 0.071072
757.000000 0.071191
758.000000 0.071309
759.000000 0.071425
760.000000 0.071539
761.000000 0.071652
762.000000 0.071764
763.000000 0.071874
764.000000 0.071983
765.000000 0.072090
766.000000 0.072195
767.000000 0.072300
768.000000 0.072403
769.000000 0.072504
770.000000 0.072605
771.000000 0.072704
772.000000 0.072801
773.000000 0.072898
774.000000 0.072993
775.000000 0.073087
776.000000 0.073179
777.000000 0.073271
778.000000 0.073361
779.000000 0.073450
780.000000 0.073538
781.000000 0.073624
782.000000 0.073710
783.000000 0.073794
784.000000 0.073878
785.000000 0.073960
786.000000 0.074041
787.000000 0.074121
788.000000 0.074200
789.000000 0.074278
790.000000 0.074354
791.000000 0.074430
792.000000 0.074505
793.000000 0.074579
794.000000 0.074652
795.000000 0.074724
796.000000 0.074794
797.000000 0.074864
798.000000 0.074933
799.000000 0.075002
800.000000 0.075069
801.000000 0.075135
802.000000 0.075201
803.000000 0.075265
804.000000 0.075329
805.000000 0.075392
806.000000 0.076986
807.000000 0.071310
808.000000 0.021725
809.000000 -0.108211
810.000000 -0.316904
811.000000 -0.572285
812.000000 -0.845115
813.000000 -1.115389
814.000000 -1.370162
815.000000 -1.601765
816.000000 -1.806370
817.000000 -1.982858
818.000000 -2.131613
819.000000 -2.253053
820.000000 -2.347460
821.000000 -2.415535
822.000000 -2.459087
823.000000 -2.481005
824.000000 -2.484884
825.000000 -2.474600
826.000000 -2.453928
827.000000 -2.426247
828.000000 -2.394355
829.000000 -2.360393
830.000000 -2.325862
831.000000 -2.291698
832.000000 -2.258385
833.000000 -2.226070
834.000000 -2.194673
835.000000 -2.163977
836.000000 -2.133704
837.000000 -2.103564
838.000000 -2.073294
839.000000 -2.042678
840.000000 -2.011564
841.000000 -1.979862
842.000000 -1.947551
843.000000 -1.914666
844.000000 -1.881296
845.000000 -1.847578
846.000000 -1.813683
847.000000 -1.779815
848.000000 -1.746199
849.000000 -1.713078
850.000000 -1.680705
851.000000 -1.649335
852.000000 -1.619224
853.000000 -1.590621
854.000000 -1.563775
855.000000 -1.538935
856.000000 -1.516327
857.000000 -1.496134
858.000000 -1.478485
859.000000 -1.463450
860.000000 -1.451041
861.000000 -1.441215
862.000000 -1.433879
863.000000 -1.428898
864.000000 -1.426099
865.000000 -1.425285
866.000000 -1.426237
867.000000 -1.428722
868.000000 -1.432505
869.000000 -1.437347
870.000000 -1.443018
871.000000 -1.449296
872.000000 -1.455972
873.000000 -1.462854
874.000000 -1.469769
875.000000 -1.476560
876.000000 -1.483096
877.000000 -1.489262
878.000000 -1.494966
879.000000 -1.500136
880.000000 -1.504719
881.000000 -1.508682
882.000000 -1.512007
883.000000 -1.514692
884.000000 -1.516750
885.000000 -1.518207
886.000000 -1.519096
887.000000 -1.519463
888.000000 -1.519356
889.000000 -1.518831
890.000000 -1.517947
891.000000 -1.516764
892.000000 -1.515340
893.000000 -1.513735
894.000000 -1.512004
895.000000 -1.510201
896.000000 -1.508374
897.000000 -1.506566
898.000000 -1.504815
899.000000 -1.503154
900.000000 -1.501610
901.000000 -1.500205
902.000000 -1.498953
903.000000 -1.497866
904.000000 -1.496949
905.000000 -1.496203
906.000000 -1.495626
907.000000 -1.495212
908.000000 -1.494950
909.000000 -1.494830
910.000000 -1.494839
911.000000 -1.494961
912.000000 -1.495182
913.000000 -1.495484
914.000000 -1.495852
915.000000 -1.496271
916.000000 -1.496726
917.000000 -1.497201
918.000000 -1.497685
919.000000 -1.498166
920.000000 -1.498634
921.000000 -1.499078
922.000000 -1.499493
923.000000 -1.499873
924.000000 -1.500212
925.000000 -1.500509
926.000000 -1.500761
927.000000 -1.500967
928.000000 -1.501129
929.000000 -1.501247
930.000000 -1.501325
931.000000 -1.501364
932.000000 -1.501368
933.000000 -1.501342
934.000000 -1.501289
935.000000 -1.501213
936.000000 -1.501119
937.000000 -1.501010
938.000000 -1.500892
939.000000 -1.500767
940.000000 -1.500639
941.000000 -1.500511
942.000000 -1.500386
943.000000 -1.500267
944.000000 -1.500155
945.000000 -1.500053
946.000000 -1.499961
947.000000 -1.499880
948.000000 -1.499811
949.000000 -1.499754
950.000000 -1.499709
951.000000 -1.499675
952.000000 -1.499652
953.000000 -1.499640
954.000000 -1.499637
955.000000 -1.499643
956.000000 -1.499655
957.000000 -1.499674
958.000000 -1.499698
959.000000 -1.499726
960.000000 -1.499757
961.000000 -1.499790
962.000000 -1.499824
963.000000 -1.499858
964.000000 -1.499891
965.000000 -1.499923
966.000000 -1.499953
967.000000 -1.499981
968.000000 -1.500006
969.000000 -1.500028
970.000000 -1.500047
971.000000 -1.500062
972.000000 -1.500075
973.000000 -1.500085
974.000000 -1.500091
975.000000 -1.500095
976.000000 -1.500096
977.000000 -1.500095
978.000000 -1.500092
979.000000 -1.500087
980.000000 -1.500081
981.000000 -1.500074
982.000000 -1.500066
983.000000 -1.500057
984.000000 -1.500048
985.000000 -1.500039
986.000000 -1.500031
987.000000 -1.500022
988.000000 -1.500014
989.000000 -1.500007
990.000000 -1.500000
991.000000 -1.499994
992.000000 -1.499989
993.000000 -1.499984
994.000000 -1.499981
995.000000 -1.499978
996.000000 -1.499976
997.000000 -1.499975
998.000000 -1.499975
999.000000 -1.499975
1000.000000 -1.499975
