1.000000 0.000000
2.000000 0.000000
3.000000 0.000000
4.000000 0.000000
5.000000 0.000000
6.000000 0.000000
7.000000 0.000000
8.000000 0.000000
9.000000 0.000000
10.000000 0.000000
11.000000 0.000000
12.000000 0.000000
13.000000 0.000000
14.000000 0.000000
15.000000 0.000000
16.000000 0.000000
17.000000 0.000000
18.000000 0.000000
19.000000 0.000000
20.000000 0.000000
21.000000 0.000000
22.000000 0.000000
23.000000 0.000000
24.000000 0.000000
25.000000 0.000000
26.000000 -0.009624
27.000000 -0.042016
28.000000 -0.102482
29.000000 -0.191338
30.000000 -0.305780
31.000000 -0.441909
32.000000 -0.596133
33.000000 -0.765360
34.000000 -0.946432
35.000000 -1.135400
36.000000 -1.327024
37.000000 -1.513297
38.000000 -1.686220
39.000000 -1.840055
40.000000 -1.971150
41.000000 -2.077373
42.000000 -2.157729
43.000000 -2.212124
44.000000 -2.241215
45.000000 -2.246315
46.000000 -2.229303
47.000000 -2.192537
48.000000 -2.139278
49.000000 -2.073287
50.000000 -1.998214
51.000000 -1.917213
52.000000 -1.832786
53.000000 -1.746987
54.000000 -1.661756
55.000000 -1.578889
56.000000 -1.499930
57.000000 -1.426108
58.000000 -1.358320
59.000000 -1.297133
60.000000 -1.242810
61.000000 -1.195355
62.000000 -1.154558
63.000000 -1.120041
64.000000 -1.091308
65.000000 -1.067788
66.000000 -1.048872
67.000000 -1.033943
68.000000 -1.022404
69.000000 -1.013694
70.000000 -1.007297
71.000000 -1.002756
72.000000 -0.999673
73.000000 -0.997708
74.000000 -0.996577
75.000000 -0.996050
76.000000 -0.995942
77.000000 -0.996110
78.000000 -0.996445
79.000000 -0.996866
80.000000 -0.997318
81.000000 -0.997761
82.000000 -0.998172
83.000000 -0.998538
84.000000 -0.998851
85.000000 -0.999113
86.000000 -0.999325
87.000000 -0.999493
88.000000 -0.999622
89.000000 -0.999719
90.000000 -0.999789
91.000000 -0.999839
92.000000 -0.999872
93.000000 -0.999893
94.000000 -0.999906
95.000000 -0.999913
96.000000 -0.999916
97.000000 -0.999916
98.000000 -0.999916
99.000000 -0.999916
100.000000 -0.999916
101.000000 -0.999916
102.000000 -0.999917
103.000000 -0.999920
104.000000 -0.999922
105.000000 -0.999926
106.000000 -0.999930
107.000000 -0.999934
108.000000 -0.999939
109.000000 -0.999943
110.000000 -0.999948
111.000000 -0.999952
112.000000 -0.999957
113.000000 -0.999961
114.000000 -0.999965
115.000000 -0.999969
116.000000 -0.999972
117.000000 -0.999975
118.000000 -0.999978
119.000000 -0.999980
120.000000 -0.999982
121.000000 -0.999984
122.000000 -0.999986
123.000000 -0.999988
124.000000 -0.999989
125.000000 -0.999990
126.000000 -0.999991
127.000000 -0.999992
128.000000 -0.999993
129.000000 -0.999994
130.000000 -0.999995
131.000000 -0.999995
132.000000 -0.999996
133.000000 -0.999996
134.000000 -0.999997
135.000000 -0.999997
136.000000 -0.999997
137.000000 -0.999998
138.000000 -0.999998
139.000000 -0.999998
140.000000 -0.999998
141.000000 -0.999998
142.000000 -0.999999
143.000000 -0.999999
144.000000 -0.999999
145.000000 -0.999999
146.000000 -0.999999
147.000000 -0.999999
148.000000 -0.999999
149.000000 -0.999999
150.000000 -0.999999
151.000000 -1.000000
152.000000 -1.000000
153.000000 -1.000000
154.000000 -1.000000
155.000000 -1.000000
156.000000 -1.000000
157.000000 -1.000000
158.000000 -1.000000
159.000000 -1.000000
160.000000 -1.000000
161.000000 -1.000000
162.000000 -1.000000
163.000000 -1.000000
164.000000 -1.000000
165.000000 -1.000000
166.000000 -1.000000
167.000000 -1.000000
168.000000 -1.000000
169.000000 -1.000000
170.000000 -1.000000
171.000000 -1.000000
172.000000 -1.000000
173.000000 -1.000000
174.000000 -1.000000
175.000000 -1.000000
176.000000 -1.000000
177.000000 -1.000000
178.000000 -1.000000
179.000000 -1.000000
180.000000 -1.000000
181.000000 -1.000000
182.000000 -1.000000
183.000000 -1.000000
184.000000 -1.000000
185.000000 -1.000000
186.000000 -1.000000
187.000000 -1.000000
188.000000 -1.000000
189.000000 -1.000000
190.000000 -1.000000
191.000000 -1.000000
192.000000 -1.000000
193.000000 -1.000000
194.000000 -1.000000
195.000000 -1.000000
196.000000 -1.000000
197.000000 -1.000000
198.000000 -1.000000
199.000000 -1.000000
200.000000 -1.000000
201.000000 -1.000000
202.000000 -1.000000
203.000000 -1.000000
204.000000 -1.000000
205.000000 -1.000000
206.000000 -0.994829
207.000000 -0.980586
208.000000 -0.956333
209.000000 -0.923078
210.000000 -0.882934
211.000000 -0.838450
212.000000 -0.792134
213.000000 -0.746148
214.000000 -0.702165
215.000000 -0.661326
216.000000 -0.624287
217.000000 -0.591293
218.000000 -0.562280
219.000000 -0.536972
220.000000 -0.514260
221.000000 -0.492497
222.000000 -0.470079
223.000000 -0.445798
224.000000 -0.418983
225.000000 -0.389529
226.000000 -0.357840
227.000000 -0.324730
228.000000 -0.291367
229.000000 -0.259229
230.000000 -0.229781
231.000000 -0.204181
232.000000 -0.183145
233.000000 -0.166945
234.000000 -0.155478
235.000000 -0.148365
236.000000 -0.145058
237.000000 -0.144926
238.000000 -0.147313
239.000000 -0.151593
240.000000 -0.157190
241.000000 -0.163598
242.000000 -0.170384
243.000000 -0.177191
244.000000 -0.183733
245.000000 -0.189787
246.000000 -0.195189
247.000000 -0.199827
248.000000 -0.203636
249.000000 -0.206596
250.000000 -0.208722
251.000000 -0.210060
252.000000 -0.210685
253.000000 -0.210690
254.000000 -0.210180
255.000000 -0.209268
256.000000 -0.208067
257.000000 -0.206686
258.000000 -0.205221
259.000000 -0.203758
260.000000 -0.202369
261.000000 -0.201108
262.000000 -0.200013
263.000000 -0.199109
264.000000 -0.198405
265.000000 -0.197901
266.000000 -0.197584
267.000000 -0.197437
268.000000 -0.197438
269.000000 -0.197560
270.000000 -0.197775
271.000000 -0.198058
272.000000 -0.198383
273.000000 -0.198728
274.000000 -0.199071
275.000000 -0.199399
276.000000 -0.199697
277.000000 -0.199958
278.000000 -0.200174
279.000000 -0.200345
280.000000 -0.200469
281.000000 -0.200549
282.000000 -0.200589
283.000000 -0.200594
284.000000 -0.200570
285.000000 -0.200524
286.000000 -0.200460
287.000000 -0.200386
288.000000 -0.200306
289.000000 -0.200226
290.000000 -0.200149
291.000000 -0.200079
292.000000 -0.200017
293.000000 -0.199965
294.000000 -0.199924
295.000000 -0.199894
296.000000 -0.199874
297.000000 -0.199863
298.000000 -0.199861
299.000000 -0.199866
300.000000 -0.199876
301.000000 -0.199891
302.000000 -0.199908
303.000000 -0.199926
304.000000 -0.199945
305.000000 -0.199963
306.000000 -0.199980
307.000000 -0.199994
308.000000 -0.200007
309.000000 -0.200017
310.000000 -0.200024
311.000000 -0.200029
312.000000 -0.200032
313.000000 -0.200032
314.000000 -0.200031
315.000000 -0.200029
316.000000 -0.200026
317.000000 -0.200022
318.000000 -0.200018
319.000000 -0.200013
320.000000 -0.200009
321.000000 -0.200005
322.000000 -0.200002
323.000000 -0.199999
324.000000 -0.199996
325.000000 -0.199995
326.000000 -0.199993
327.000000 -0.199993
328.000000 -0.199992
329.000000 -0.199993
330.000000 -0.199993
331.000000 -0.199994
332.000000 -0.199995
333.000000 -0.199996
334.000000 -0.199997
335.000000 -0.199998
336.000000 -0.199999
337.000000 -0.199999
338.000000 -0.200000
339.000000 -0.200001
340.000000 -0.200001
341.000000 -0.200002
342.000000 -0.200002
343.000000 -0.200002
344.000000 -0.200002
345.000000 -0.200002
346.000000 -0.200001
347.000000 -0.200001
348.000000 -0.200001
349.000000 -0.200001
350.000000 -0.200001
351.000000 -0.200000
352.000000 -0.200000
353.000000 -0.200000
354.000000 -0.200000
355.000000 -0.200000
356.000000 -0.200000
357.000000 -0.200000
358.000000 -0.200000
359.000000 -0.200000
360.000000 -0.200000
361.000000 -0.200000
362.000000 -0.200000
363.000000 -0.200000
364.000000 -0.200000
365.000000 -0.200000
366.000000 -0.200000
367.000000 -0.200000
368.000000 -0.200000
369.000000 -0.200000
370.000000 -0.200000
371.000000 -0.200000
372.000000 -0.200000
373.000000 -0.200000
374.000000 -0.200000
375.000000 -0.200000
376.000000 -0.200000
377.000000 -0.200000
378.000000 -0.200000
379.000000 -0.200000
380.000000 -0.200000
381.000000 -0.200000
382.000000 -0.200000
383.000000 -0.200000
384.000000 -0.200000
385.000000 -0.200000
386.000000 -0.200000
387.000000 -0.200000
388.000000 -0.200000
389.000000 -0.200000
390.000000 -0.200000
391.000000 -0.200000
392.000000 -0.200000
393.000000 -0.200000
394.000000 -0.200000
395.000000 -0.200000
396.000000 -0.200000
397.000000 -0.200000
398.000000 -0.200000
399.000000 -0.200000
400.000000 -0.200000
401.000000 -0.200000
402.000000 -0.200000
403.000000 -0.200000
404.000000 -0.200000
405.000000 -0.200000
406.000000 -0.236508
407.000000 -0.337923
408.000000 -0.510463
409.000000 -0.732307
410.000000 -0.975026
411.000000 -1.218970
412.000000 -1.451231
413.000000 -1.663970
414.000000 -1.853062
415.000000 -2.017020
416.000000 -2.156158
417.000000 -2.271442
418.000000 -2.364027
419.000000 -2.435294
420.000000 -2.486868
421.000000 -2.520592
422.000000 -2.538870
423.000000 -2.544525
424.000000 -2.540458
425.000000 -2.529381
426.000000 -2.513652
427.000000 -2.495187
428.000000 -2.475444
429.000000 -2.455456
430.000000 -2.435888
431.000000 -2.417113
432.000000 -2.399286
433.000000 -2.382407
434.000000 -2.366378
435.000000 -2.351049
436.000000 -2.336246
437.000000 -2.321794
438.000000 -2.307539
439.000000 -2.293348
440.000000 -2.279119
441.000000 -2.264782
442.000000 -2.250296
443.000000 -2.235649
444.000000 -2.220851
445.000000 -2.205934
446.000000 -2.190945
447.000000 -2.175945
448.000000 -2.161002
449.000000 -2.146192
450.000000 -2.131595
451.000000 -2.117292
452.000000 -2.103363
453.000000 -2.089893
454.000000 -2.076970
455.000000 -2.064688
456.000000 -2.053132
457.000000 -2.042375
458.000000 -2.032476
459.000000 -2.023477
460.000000 -2.015402
461.000000 -2.008258
462.000000 -2.002038
463.000000 -1.996721
464.000000 -1.992271
465.000000 -1.988643
466.000000 -1.985784
467.000000 -1.983633
468.000000 -1.982126
469.000000 -1.981194
470.000000 -1.980769
471.000000 -1.980783
472.000000 -1.981168
473.000000 -1.981862
474.000000 -1.982804
475.000000 -1.983938
476.000000 -1.985213
477.000000 -1.986582
478.000000 -1.988005
479.000000 -1.989447
480.000000 -1.990875
481.000000 -1.992265
482.000000 -1.993596
483.000000 -1.994850
484.000000 -1.996014
485.000000 -1.997080
486.000000 -1.998042
487.000000 -1.998897
488.000000 -1.999644
489.000000 -2.000285
490.000000 -2.000823
491.000000 -2.001265
492.000000 -2.001615
493.000000 -2.001880
494.000000 -2.002069
495.000000 -2.002189
496.000000 -2.002248
497.000000 -2.002255
498.000000 -2.002216
499.000000 -2.002140
500.000000 -2.002034
501.000000 -2.001904
502.000000 -2.001756
503.000000 -2.001597
504.000000 -2.001430
505.000000 -2.001260
506.000000 -2.001092
507.000000 -2.000928
508.000000 -2.000770
509.000000 -2.000621
510.000000 -2.000482
511.000000 -2.000355
512.000000 -2.000240
513.000000 -2.000138
514.000000 -2.000049
515.000000 -1.999972
516.000000 -1.999907
517.000000 -1.999854
518.000000 -1.999811
519.000000 -1.999779
520.000000 -1.999756
521.000000 -1.999741
522.000000 -1.999734
523.000000 -1.999733
524.000000 -1.999737
525.000000 -1.999746
526.000000 -1.999758
527.000000 -1.999773
528.000000 -1.999790
529.000000 -1.999809
530.000000 -1.999829
531.000000 -1.999849
532.000000 -1.999869
533.000000 -1.999889
534.000000 -1.999907
535.000000 -1.999925
536.000000 -1.999942
537.000000 -1.999957
538.000000 -1.999970
539.000000 -1.999983
540.000000 -1.999993
541.000000 -2.000003
542.000000 -2.000010
543.000000 -2.000017
544.000000 -2.000022
545.000000 -2.000026
546.000000 -2.000029
547.000000 -2.000031
548.000000 -2.000031
549.000000 -2.000032
550.000000 -2.000031
551.000000 -2.000030
552.000000 -2.000029
553.000000 -2.000027
554.000000 -2.000025
555.000000 -2.000023
556.000000 -2.000020
557.000000 -2.000018
558.000000 -2.000016
559.000000 -2.000013
560.000000 -2.000011
561.000000 -2.000009
562.000000 -2.000007
563.000000 -2.000005
564.000000 -2.000004
565.000000 -2.000002
566.000000 -2.000001
567.000000 -2.000000
568.000000 -1.999999
569.000000 -1.999998
570.000000 -1.999997
571.000000 -1.999997
572.000000 -1.999997
573.000000 -1.999996
574.000000 -1.999996
575.000000 -1.999996
576.000000 -1.999996
577.000000 -1.999996
578.000000 -1.999997
579.000000 -1.999997
580.000000 -1.999997
581.000000 -1.999997
582.000000 -1.999998
583.000000 -1.999998
584.000000 -1.999998
585.000000 -1.999998
586.000000 -1.999999
587.000000 -1.999999
588.000000 -1.999999
589.000000 -1.999999
590.000000 -2.000000
591.000000 -2.000000
592.000000 -2.000000
593.000000 -2.000000
594.000000 -2.000000
595.000000 -2.000000
596.000000 -2.000000
597.000000 -2.000000
598.000000 -2.000000
599.000000 -2.000000
600.000000 -2.000000
601.000000 -2.000000
602.000000 -2.000000
603.000000 -2.000000
604.000000 -2.000000
605.000000 -2.000000
606.000000 -1.986017
607.000000 -1.946206
608.000000 -1.876185
609.000000 -1.777119
610.000000 -1.653972
611.000000 -1.513895
612.000000 -1.364834
613.000000 -1.214443
614.000000 -1.069344
615.000000 -0.934680
616.000000 -0.813946
617.000000 -0.709028
618.000000 -0.620396
619.000000 -0.547396
620.000000 -0.488573
621.000000 -0.441993
622.000000 -0.405520
623.000000 -0.374972
624.000000 -0.345188
625.000000 -0.311921
626.000000 -0.273196
627.000000 -0.229978
628.000000 -0.185100
629.000000 -0.141935
630.000000 -0.103389
631.000000 -0.071287
632.000000 -0.046208
633.000000 -0.027701
634.000000 -0.014686
635.000000 -0.005862
636.000000 0.000014
637.000000 0.003975
638.000000 0.006798
639.000000 0.009010
640.000000 0.010934
641.000000 0.012737
642.000000 0.014484
643.000000 0.016185
644.000000 0.017825
645.000000 0.019388
646.000000 0.020861
647.000000 0.022243
648.000000 0.023536
649.000000 0.024747
650.000000 0.025885
651.000000 0.026958
652.000000 0.027971
653.000000 0.028930
654.000000 0.029840
655.000000 0.030705
656.000000 0.031528
657.000000 0.032316
658.000000 0.033084
659.000000 0.033849
660.000000 0.034620
661.000000 0.035399
662.000000 0.036186
663.000000 0.036978
664.000000 0.037771
665.000000 0.038561
666.000000 0.039345
667.000000 0.040121
668.000000 0.040888
669.000000 0.041644
670.000000 0.042387
671.000000 0.043117
672.000000 0.043833
673.000000 0.044535
674.000000 0.045221
675.000000 0.045892
676.000000 0.046545
677.000000 0.047175
678.000000 0.047780
679.000000 0.048357
680.000000 0.048908
681.000000 0.049435
682.000000 0.049939
683.000000 0.050422
684.000000 0.050885
685.000000 0.051330
686.000000 0.051758
687.000000 0.052171
688.000000 0.052570
689.000000 0.052956
690.000000 0.053330
691.000000 0.053693
692.000000 0.054045
693.000000 0.054388
694.000000 0.054722
695.000000 0.055047
696.000000 0.055364
697.000000 0.055674
698.000000 0.055976
699.000000 0.056272
700.000000 0.056562
701.000000 0.056846
702.000000 0.057124
703.000000 0.057397
704.000000 0.057665
705.000000 0.057927
706.000000 0.058186
707.000000 0.058439
708.000000 0.058689
709.000000 0.058934
710.000000 0.059176
711.000000 0.059413
712.000000 0.059648
713.000000 0.059878
714.000000 0.060105
715.000000 0.060329
716.000000 0.060550
717.000000 0.060768
718.000000 0.060982
719.000000 0.061194
720.000000 0.061403
721.000000 0.061610
722.000000 0.061813
723.000000 0.062014
724.000000 0.062213
725.000000 0.062409
726.000000 0.062602
727.000000 0.062794
728.000000 0.062983
729.000000 0.063169
730.000000 0.063354
731.000000 0.063536
732.000000 0.063716
733.000000 0.063894
734.000000 0.064070
735.000000 0.064244
736.000000 0.064416
737.000000 0.064586
738.000000 0.064754
739.000000 0.064920
740.000000 0.065085
741.000000 0.065247
742.000000 0.065408
743.000000 0.065567
744.000000 0.065724
745.000000 0.065879
746.000000 0.066033
747.000000 0.066185
748.000000 0.066336
749.000000 0.066484
750.000000 0.066631
751.000000 0.066777
752.000000 0.066921
753.000000 0.067063
754.000000 0.067204
755.000000 0.067343
756.000000 0.067481
757.000000 0.067617
758.000000 0.067752
759.000000 0.067886
760.000000 0.068017
761.000000 0.068148
762.000000 0.068277
763.000000 0.068405
764.000000 0.068531
765.000000 0.068656
766.000000 0.068780
767.000000 0.068902
768.000000 0.069023
769.000000 0.069143
770.000000 0.069261
771.000000 0.069379
772.000000 0.069494
773.000000 0.069609
774.000000 0.069723
775.000000 0.069835
776.000000 0.069946
777.000000 0.070056
778.000000 0.070164
779.000000 0.070272
780.000000 0.070378
781.000000 0.070483
782.000000 0.070587
783.000000 0.070690
784.000000 0.070792
785.000000 0.070893
786.000000 0.070992
787.000000 0.071091
788.000000 0.071188
789.000000 0.071285
790.000000 0.071380
791.000000 0.071475
792.000000 0.071568
793.000000 0.071660
794.000000 0.071752
795.000000 0.071842
796.000000 0.071932
797.000000 0.072020
798.000000 0.072108
799.000000 0.072194
800.000000 0.072280
801.000000 0.072364
802.000000 0.072448
803.000000 0.072531
804.000000 0.072613
805.000000 0.072694
806.000000 0.073388
807.000000 0.070099
808.000000 0.043444
809.000000 -0.035219
810.000000 -0.188850
811.000000 -0.410145
812.000000 -0.668992
813.000000 -0.939138
814.000000 -1.202847
815.000000 -1.448853
816.000000 -1.670698
817.000000 -1.865398
818.000000 -2.032103
819.000000 -2.170680
820.000000 -2.281369
821.000000 -2.364860
822.000000 -2.422326
823.000000 -2.455405
824.000000 -2.466188
825.000000 -2.457969
826.000000 -2.434841
827.000000 -2.400989
828.000000 -2.360199
829.000000 -2.315562
830.000000 -2.269375
831.000000 -2.223167
832.000000 -2.177820
833.000000 -2.133720
834.000000 -2.090910
835.000000 -2.049223
836.000000 -2.008384
837.000000 -1.968091
838.000000 -1.928185
839.000000 -1.888704
840.000000 -1.849826
841.000000 -1.811809
842.000000 -1.774948
843.000000 -1.739548
844.000000 -1.705905
845.000000 -1.674281
846.000000 -1.644901
847.000000 -1.617933
848.000000 -1.593491
849.000000 -1.571631
850.000000 -1.552350
851.000000 -1.535595
852.000000 -1.521267
853.000000 -1.509231
854.000000 -1.499322
855.000000 -1.491357
856.000000 -1.485142
857.000000 -1.480476
858.000000 -1.477162
859.000000 -1.475007
860.000000 -1.473832
861.000000 -1.473468
862.000000 -1.473760
863.000000 -1.474572
864.000000 -1.475781
865.000000 -1.477279
866.000000 -1.478977
867.000000 -1.480795
868.000000 -1.482670
869.000000 -1.484549
870.000000 -1.486389
871.000000 -1.488158
872.000000 -1.489831
873.000000 -1.491391
874.000000 -1.492825
875.000000 -1.494129
876.000000 -1.495298
877.000000 -1.496335
878.000000 -1.497244
879.000000 -1.498030
880.000000 -1.498701
881.000000 -1.499264
882.000000 -1.499730
883.000000 -1.500108
884.000000 -1.500406
885.000000 -1.500635
886.000000 -1.500804
887.000000 -1.500920
888.000000 -1.500993
889.000000 -1.501028
890.000000 -1.501034
891.000000 -1.501015
892.000000 -1.500977
893.000000 -1.500925
894.000000 -1.500863
895.000000 -1.500795
896.000000 -1.500722
897.000000 -1.500648
898.000000 -1.500574
899.000000 -1.500503
900.000000 -1.500435
901.000000 -1.500370
902.000000 -1.500311
903.000000 -1.500257
904.000000 -1.500208
905.000000 -1.500164
906.000000 -1.500125
907.000000 -1.500092
908.000000 -1.500063
909.000000 -1.500038
910.000000 -1.500018
911.000000 -1.500001
912.000000 -1.499988
913.000000 -1.499978
914.000000 -1.499970
915.000000 -1.499964
916.000000 -1.499961
917.000000 -1.499959
918.000000 -1.499958
919.000000 -1.499959
920.000000 -1.499960
921.000000 -1.499962
922.000000 -1.499964
923.000000 -1.499967
924.000000 -1.499970
925.000000 -1.499973
926.000000 -1.499976
927.000000 -1.499979
928.000000 -1.499981
929.000000 -1.499984
930.000000 -1.499987
931.000000 -1.499989
932.000000 -1.499991
933.000000 -1.499993
934.000000 -1.499994
935.000000 -1.499996
936.000000 -1.499997
937.000000 -1.499998
938.000000 -1.499999
939.000000 -1.500000
940.000000 -1.500000
941.000000 -1.500001
942.000000 -1.500001
943.000000 -1.500001
944.000000 -1.500002
945.000000 -1.500002
946.000000 -1.500002
947.000000 -1.500002
948.000000 -1.500002
949.000000 -1.500002
950.000000 -1.500001
951.000000 -1.500001
952.000000 -1.500001
953.000000 -1.500001
954.000000 -1.500001
955.000000 -1.500001
956.000000 -1.500001
957.000000 -1.500001
958.000000 -1.500001
959.000000 -1.500000
960.000000 -1.500000
961.000000 -1.500000
962.000000 -1.500000
963.000000 -1.500000
964.000000 -1.500000
965.000000 -1.500000
966.000000 -1.500000
967.000000 -1.500000
968.000000 -1.500000
969.000000 -1.500000
970.000000 -1.500000
971.000000 -1.500000
972.000000 -1.500000
973.000000 -1.500000
974.000000 -1.500000
975.000000 -1.500000
976.000000 -1.500000
977.000000 -1.500000
978.000000 -1.500000
979.000000 -1.500000
980.000000 -1.500000
981.000000 -1.500000
982.000000 -1.500000
983.000000 -1.500000
984.000000 -1.500000
985.000000 -1.500000
986.000000 -1.500000
987.000000 -1.500000
988.000000 -1.500000
989.000000 -1.500000
990.000000 -1.500000
991.000000 -1.500000
992.000000 -1.500000
993.000000 -1.500000
994.000000 -1.500000
995.000000 -1.500000
996.000000 -1.500000
997.000000 -1.500000
998.000000 -1.500000
999.000000 -1.500000
1000.000000 -1.500000
