1.000000 0.000000
2.000000 0.000000
3.000000 0.000000
4.000000 0.000000
5.000000 0.000000
6.000000 0.000000
7.000000 0.000000
8.000000 0.000000
9.000000 0.000000
10.000000 0.000000
11.000000 0.000000
12.000000 0.000000
13.000000 0.000000
14.000000 0.000000
15.000000 0.000000
16.000000 0.000000
17.000000 0.000000
18.000000 0.000000
19.000000 0.000000
20.000000 0.000000
21.000000 0.000000
22.000000 0.000000
23.000000 0.000000
24.000000 0.000000
25.000000 0.000000
26.000000 -0.016447
27.000000 -0.076653
28.000000 -0.198736
29.000000 -0.390187
30.000000 -0.630546
31.000000 -0.890576
32.000000 -1.150156
33.000000 -1.396160
34.000000 -1.620283
35.000000 -1.815851
36.000000 -1.976663
37.000000 -2.097608
38.000000 -2.176403
39.000000 -2.213325
40.000000 -2.210755
41.000000 -2.172845
42.000000 -2.105148
43.000000 -2.014365
44.000000 -1.908105
45.000000 -1.793672
46.000000 -1.677248
47.000000 -1.564076
48.000000 -1.458415
49.000000 -1.363385
50.000000 -1.280915
51.000000 -1.211813
52.000000 -1.155940
53.000000 -1.112427
54.000000 -1.079896
55.000000 -1.056569
56.000000 -1.040521
57.000000 -1.029944
58.000000 -1.023284
59.000000 -1.019274
60.000000 -1.016928
61.000000 -1.015512
62.000000 -1.014513
63.000000 -1.013599
64.000000 -1.012586
65.000000 -1.011395
66.000000 -1.010018
67.000000 -1.008491
68.000000 -1.006873
69.000000 -1.005228
70.000000 -1.003616
71.000000 -1.002091
72.000000 -1.000698
73.000000 -0.999468
74.000000 -0.998426
75.000000 -0.997587
76.000000 -0.996954
77.000000 -0.996525
78.000000 -0.996291
79.000000 -0.996235
80.000000 -0.996337
81.000000 -0.996572
82.000000 -0.996914
83.000000 -0.997335
84.000000 -0.997808
85.000000 -0.998307
86.000000 -0.998809
87.000000 -0.999292
88.000000 -0.999741
89.000000 -1.000140
90.000000 -1.000482
91.000000 -1.000758
92.000000 -1.000968
93.000000 -1.001110
94.000000 -1.001188
95.000000 -1.001208
96.000000 -1.001177
97.000000 -1.001101
98.000000 -1.000992
99.000000 -1.000856
100.000000 -1.000704
101.000000 -1.000543
102.000000 -1.000382
103.000000 -1.000227
104.000000 -1.000083
105.000000 -0.999955
106.000000 -0.999846
107.000000 -0.999758
108.000000 -0.999691
109.000000 -0.999645
110.000000 -0.999621
111.000000 -0.999614
112.000000 -0.999625
113.000000 -0.999649
114.000000 -0.999684
115.000000 -0.999727
116.000000 -0.999776
117.000000 -0.999827
118.000000 -0.999879
119.000000 -0.999928
120.000000 -0.999974
121.000000 -1.000015
122.000000 -1.000050
123.000000 -1.000078
124.000000 -1.000099
125.000000 -1.000114
126.000000 -1.000122
127.000000 -1.000124
128.000000 -1.000120
129.000000 -1.000112
130.000000 -1.000101
131.000000 -1.000087
132.000000 -1.000072
133.000000 -1.000055
134.000000 -1.000039
135.000000 -1.000023
136.000000 -1.000008
137.000000 -0.999995
138.000000 -0.999984
139.000000 -0.999975
140.000000 -0.999968
141.000000 -0.999963
142.000000 -0.999961
143.000000 -0.999960
144.000000 -0.999962
145.000000 -0.999964
146.000000 -0.999968
147.000000 -0.999972
148.000000 -0.999977
149.000000 -0.999982
150.000000 -0.999988
151.000000 -0.999993
152.000000 -0.999998
153.000000 -1.000002
154.000000 -1.000005
155.000000 -1.000008
156.000000 -1.000010
157.000000 -1.000012
158.000000 -1.000012
159.000000 -1.000013
160.000000 -1.000012
161.000000 -1.000011
162.000000 -1.000010
163.000000 -1.000009
164.000000 -1.000007
165.000000 -1.000006
166.000000 -1.000004
167.000000 -1.000002
168.000000 -1.000001
169.000000 -0.999999
170.000000 -0.999998
171.000000 -0.999997
172.000000 -0.999997
173.000000 -0.999996
174.000000 -0.999996
175.000000 -0.999996
176.000000 -0.999996
177.000000 -0.999996
178.000000 -0.999997
179.000000 -0.999997
180.000000 -0.999998
181.000000 -0.999998
182.000000 -0.999999
183.000000 -0.999999
184.000000 -1.000000
185.000000 -1.000000
186.000000 -1.000001
187.000000 -1.000001
188.000000 -1.000001
189.000000 -1.000001
190.000000 -1.000001
191.000000 -1.000001
192.000000 -1.000001
193.000000 -1.000001
194.000000 -1.000001
195.000000 -1.000001
196.000000 -1.000001
197.000000 -1.000001
198.000000 -1.000000
199.000000 -1.000000
200.000000 -1.000000
201.000000 -1.000000
202.000000 -1.000000
203.000000 -1.000000
204.000000 -1.000000
205.000000 -1.000000
206.000000 -0.979532
207.000000 -0.925676
208.000000 -0.840740
209.000000 -0.736008
210.000000 -0.625444
211.000000 -0.520955
212.000000 -0.430385
213.000000 -0.357431
214.000000 -0.302526
215.000000 -0.263970
216.000000 -0.238951
217.000000 -0.224298
218.000000 -0.216978
219.000000 -0.214380
220.000000 -0.214440
221.000000 -0.215683
222.000000 -0.217112
223.000000 -0.218106
224.000000 -0.218350
225.000000 -0.217779
226.000000 -0.216503
227.000000 -0.214724
228.000000 -0.212669
229.000000 -0.210541
230.000000 -0.208493
231.000000 -0.206630
232.000000 -0.205005
233.000000 -0.203639
234.000000 -0.202526
235.000000 -0.201647
236.000000 -0.200973
237.000000 -0.200474
238.000000 -0.200121
239.000000 -0.199885
240.000000 -0.199742
241.000000 -0.199669
242.000000 -0.199648
243.000000 -0.199662
244.000000 -0.199698
245.000000 -0.199747
246.000000 -0.199800
247.000000 -0.199852
248.000000 -0.199899
249.000000 -0.199940
250.000000 -0.199973
251.000000 -0.199998
252.000000 -0.200016
253.000000 -0.200027
254.000000 -0.200034
255.000000 -0.200036
256.000000 -0.200035
257.000000 -0.200032
258.000000 -0.200027
259.000000 -0.200022
260.000000 -0.200017
261.000000 -0.200013
262.000000 -0.200008
263.000000 -0.200005
264.000000 -0.200002
265.000000 -0.200000
266.000000 -0.199998
267.000000 -0.199997
268.000000 -0.199997
269.000000 -0.199997
270.000000 -0.199997
271.000000 -0.199997
272.000000 -0.199998
273.000000 -0.199998
274.000000 -0.199998
275.000000 -0.199999
276.000000 -0.199999
277.000000 -0.200000
278.000000 -0.200000
279.000000 -0.200000
280.000000 -0.200000
281.000000 -0.200000
282.000000 -0.200000
283.000000 -0.200000
284.000000 -0.200000
285.000000 -0.200000
286.000000 -0.200000
287.000000 -0.200000
288.000000 -0.200000
289.000000 -0.200000
290.000000 -0.200000
291.000000 -0.200000
292.000000 -0.200000
293.000000 -0.200000
294.000000 -0.200000
295.000000 -0.200000
296.000000 -0.200000
297.000000 -0.200000
298.000000 -0.200000
299.000000 -0.200000
300.000000 -0.200000
301.000000 -0.200000
302.000000 -0.200000
303.000000 -0.200000
304.000000 -0.200000
305.000000 -0.200000
306.000000 -0.200000
307.000000 -0.200000
308.000000 -0.200000
309.000000 -0.200000
310.000000 -0.200000
311.000000 -0.200000
312.000000 -0.200000
313.000000 -0.200000
314.000000 -0.200000
315.000000 -0.200000
316.000000 -0.200000
317.000000 -0.200000
318.000000 -0.200000
319.000000 -0.200000
320.000000 -0.200000
321.000000 -0.200000
322.000000 -0.200000
323.000000 -0.200000
324.000000 -0.200000
325.000000 -0.200000
326.000000 -0.200000
327.000000 -0.200000
328.000000 -0.200000
329.000000 -0.200000
330.000000 -0.200000
331.000000 -0.200000
332.000000 -0.200000
333.000000 -0.200000
334.000000 -0.200000
335.000000 -0.200000
336.000000 -0.200000
337.000000 -0.200000
338.000000 -0.200000
339.000000 -0.200000
340.000000 -0.200000
341.000000 -0.200000
342.000000 -0.200000
343.000000 -0.200000
344.000000 -0.200000
345.000000 -0.200000
346.000000 -0.200000
347.000000 -0.200000
348.000000 -0.200000
349.000000 -0.200000
350.000000 -0.200000
351.000000 -0.200000
352.000000 -0.200000
353.000000 -0.200000
354.000000 -0.200000
355.000000 -0.200000
356.000000 -0.200000
357.000000 -0.200000
358.000000 -0.200000
359.000000 -0.200000
360.000000 -0.200000
361.000000 -0.200000
362.000000 -0.200000
363.000000 -0.200000
364.000000 -0.200000
365.000000 -0.200000
366.000000 -0.200000
367.000000 -0.200000
368.000000 -0.200000
369.000000 -0.200000
370.000000 -0.200000
371.000000 -0.200000
372.000000 -0.200000
373.000000 -0.200000
374.000000 -0.200000
375.000000 -0.200000
376.000000 -0.200000
377.000000 -0.200000
378.000000 -0.200000
379.000000 -0.200000
380.000000 -0.200000
381.000000 -0.200000
382.000000 -0.200000
383.000000 -0.200000
384.000000 -0.200000
385.000000 -0.200000
386.000000 -0.200000
387.000000 -0.200000
388.000000 -0.200000
389.000000 -0.200000
390.000000 -0.200000
391.000000 -0.200000
392.000000 -0.200000
393.000000 -0.200000
394.000000 -0.200000
395.000000 -0.200000
396.000000 -0.200000
397.000000 -0.200000
398.000000 -0.200000
399.000000 -0.200000
400.000000 -0.200000
401.000000 -0.200000
402.000000 -0.200000
403.000000 -0.200000
404.000000 -0.200000
405.000000 -0.200000
406.000000 -0.243075
407.000000 -0.361259
408.000000 -0.549301
409.000000 -0.779290
410.000000 -1.024930
411.000000 -1.268229
412.000000 -1.497548
413.000000 -1.705993
414.000000 -1.890128
415.000000 -2.048949
416.000000 -2.180919
417.000000 -2.285106
418.000000 -2.362444
419.000000 -2.415284
420.000000 -2.446657
421.000000 -2.459807
422.000000 -2.458272
423.000000 -2.445602
424.000000 -2.425058
425.000000 -2.399435
426.000000 -2.370992
427.000000 -2.341451
428.000000 -2.312049
429.000000 -2.283619
430.000000 -2.256672
431.000000 -2.231472
432.000000 -2.208102
433.000000 -2.186513
434.000000 -2.166573
435.000000 -2.148105
436.000000 -2.130918
437.000000 -2.114847
438.000000 -2.099772
439.000000 -2.085624
440.000000 -2.072391
441.000000 -2.060102
442.000000 -2.048803
443.000000 -2.038542
444.000000 -2.029357
445.000000 -2.021267
446.000000 -2.014272
447.000000 -2.008349
448.000000 -2.003453
449.000000 -1.999524
450.000000 -1.996486
451.000000 -1.994251
452.000000 -1.992725
453.000000 -1.991811
454.000000 -1.991411
455.000000 -1.991428
456.000000 -1.991773
457.000000 -1.992362
458.000000 -1.993121
459.000000 -1.993985
460.000000 -1.994899
461.000000 -1.995818
462.000000 -1.996706
463.000000 -1.997537
464.000000 -1.998291
465.000000 -1.998957
466.000000 -1.999529
467.000000 -2.000005
468.000000 -2.000386
469.000000 -2.000679
470.000000 -2.000890
471.000000 -2.001028
472.000000 -2.001103
473.000000 -2.001124
474.000000 -2.001101
475.000000 -2.001043
476.000000 -2.000960
477.000000 -2.000859
478.000000 -2.000748
479.000000 -2.000632
480.000000 -2.000516
481.000000 -2.000405
482.000000 -2.000301
483.000000 -2.000207
484.000000 -2.000124
485.000000 -2.000053
486.000000 -1.999995
487.000000 -1.999948
488.000000 -1.999912
489.000000 -1.999887
490.000000 -1.999870
491.000000 -1.999862
492.000000 -1.999860
493.000000 -1.999863
494.000000 -1.999871
495.000000 -1.999882
496.000000 -1.999894
497.000000 -1.999909
498.000000 -1.999923
499.000000 -1.999937
500.000000 -1.999951
501.000000 -1.999964
502.000000 -1.999975
503.000000 -1.999986
504.000000 -1.999994
505.000000 -2.000001
506.000000 -2.000007
507.000000 -2.000011
508.000000 -2.000014
509.000000 -2.000016
510.000000 -2.000017
511.000000 -2.000017
512.000000 -2.000017
513.000000 -2.000016
514.000000 -2.000015
515.000000 -2.000013
516.000000 -2.000011
517.000000 -2.000009
518.000000 -2.000008
519.000000 -2.000006
520.000000 -2.000004
521.000000 -2.000003
522.000000 -2.000002
523.000000 -2.000001
524.000000 -2.000000
525.000000 -1.999999
526.000000 -1.999999
527.000000 -1.999998
528.000000 -1.999998
529.000000 -1.999998
530.000000 -1.999998
531.000000 -1.999998
532.000000 -1.999998
533.000000 -1.999998
534.000000 -1.999998
535.000000 -1.999999
536.000000 -1.999999
537.000000 -1.999999
538.000000 -1.999999
539.000000 -1.999999
540.000000 -2.000000
541.000000 -2.000000
542.000000 -2.000000
543.000000 -2.000000
544.000000 -2.000000
545.000000 -2.000000
546.000000 -2.000000
547.000000 -2.000000
548.000000 -2.000000
549.000000 -2.000000
550.000000 -2.000000
551.000000 -2.000000
552.000000 -2.000000
553.000000 -2.000000
554.000000 -2.000000
555.000000 -2.000000
556.000000 -2.000000
557.000000 -2.000000
558.000000 -2.000000
559.000000 -2.000000
560.000000 -2.000000
561.000000 -2.000000
562.000000 -2.000000
563.000000 -2.000000
564.000000 -2.000000
565.000000 -2.000000
566.000000 -2.000000
567.000000 -2.000000
568.000000 -2.000000
569.000000 -2.000000
570.000000 -2.000000
571.000000 -2.000000
572.000000 -2.000000
573.000000 -2.000000
574.000000 -2.000000
575.000000 -2.000000
576.000000 -2.000000
577.000000 -2.000000
578.000000 -2.000000
579.000000 -2.000000
580.000000 -2.000000
581.000000 -2.000000
582.000000 -2.000000
583.000000 -2.000000
584.000000 -2.000000
585.000000 -2.000000
586.000000 -2.000000
587.000000 -2.000000
588.000000 -2.000000
589.000000 -2.000000
590.000000 -2.000000
591.000000 -2.000000
592.000000 -2.000000
593.000000 -2.000000
594.000000 -2.000000
595.000000 -2.000000
596.000000 -2.000000
597.000000 -2.000000
598.000000 -2.000000
599.000000 -2.000000
600.000000 -2.000000
601.000000 -2.000000
602.000000 -2.000000
603.000000 -2.000000
604.000000 -2.000000
605.000000 -2.000000
606.000000 -1.959761
607.000000 -1.848452
608.000000 -1.664644
609.000000 -1.429724
610.000000 -1.175932
611.000000 -0.933877
612.000000 -0.725071
613.000000 -0.560238
614.000000 -0.441144
615.000000 -0.361640
616.000000 -0.311154
617.000000 -0.279927
618.000000 -0.260373
619.000000 -0.246806
620.000000 -0.235212
621.000000 -0.223093
622.000000 -0.209294
623.000000 -0.193566
624.000000 -0.176090
625.000000 -0.157373
626.000000 -0.138135
627.000000 -0.119110
628.000000 -0.100892
629.000000 -0.083874
630.000000 -0.068251
631.000000 -0.054076
632.000000 -0.041419
633.000000 -0.030360
634.000000 -0.020903
635.000000 -0.012954
636.000000 -0.006349
637.000000 -0.000764
638.000000 0.004218
639.000000 0.008911
640.000000 0.013446
641.000000 0.017816
642.000000 0.021954
643.000000 0.025774
644.000000 0.029200
645.000000 0.032202
646.000000 0.034794
647.000000 0.037020
648.000000 0.038931
649.000000 0.040580
650.000000 0.042014
651.000000 0.043274
652.000000 0.044391
653.000000 0.045394
654.000000 0.046304
655.000000 0.047135
656.000000 0.047903
657.000000 0.048616
658.000000 0.049282
659.000000 0.049909
660.000000 0.050501
661.000000 0.051062
662.000000 0.051596
663.000000 0.052106
664.000000 0.052594
665.000000 0.053062
666.000000 0.053512
667.000000 0.053946
668.000000 0.054365
669.000000 0.054771
670.000000 0.055164
671.000000 0.055545
672.000000 0.055915
673.000000 0.056276
674.000000 0.056627
675.000000 0.056969
676.000000 0.057303
677.000000 0.057629
678.000000 0.057948
679.000000 0.058261
680.000000 0.058566
681.000000 0.058866
682.000000 0.059159
683.000000 0.059447
684.000000 0.059730
685.000000 0.060008
686.000000 0.060280
687.000000 0.060548
688.000000 0.060812
689.000000 0.061071
690.000000 0.061325
691.000000 0.061576
692.000000 0.061823
693.000000 0.062066
694.000000 0.062305
695.000000 0.062541
696.000000 0.062773
697.000000 0.063002
698.000000 0.063227
699.000000 0.063449
700.000000 0.063668
701.000000 0.063884
702.000000 0.064097
703.000000 0.064307
704.000000 0.064514
705.000000 0.064718
706.000000 0.064920
707.000000 0.065118
708.000000 0.065314
709.000000 0.065508
710.000000 0.065698
711.000000 0.065886
712.000000 0.066072
713.000000 0.066255
714.000000 0.066436
715.000000 0.066614
716.000000 0.066790
717.000000 0.066964
718.000000 0.067136
719.000000 0.067305
720.000000 0.067472
721.000000 0.067637
722.000000 0.067799
723.000000 0.067960
724.000000 0.068118
725.000000 0.068275
726.000000 0.068429
727.000000 0.068581
728.000000 0.068732
729.000000 0.068880
730.000000 0.069026
731.000000 0.069171
732.000000 0.069314
733.000000 0.069455
734.000000 0.069594
735.000000 0.069731
736.000000 0.069866
737.000000 0.070000
738.000000 0.070132
739.000000 0.070262
740.000000 0.070391
741.000000 0.070517
742.000000 0.070643
743.000000 0.070766
744.000000 0.070888
745.000000 0.071009
746.000000 0.071127
747.000000 0.071245
748.000000 0.071360
749.000000 0.071475
750.000000 0.071587
751.000000 0.071699
752.000000 0.071809
753.000000 0.071917
754.000000 0.072024
755.000000 0.072130
756.000000 0.072234
757.000000 0.072337
758.000000 0.072438
759.000000 0.072539
760.000000 0.072637
761.000000 0.072735
762.000000 0.072831
763.000000 0.072926
764.000000 0.073020
765.000000 0.073113
766.000000 0.073204
767.000000 0.073294
768.000000 0.073383
769.000000 0.073471
770.000000 0.073558
771.000000 0.073644
772.000000 0.073728
773.000000 0.073811
774.000000 0.073894
775.000000 0.073975
776.000000 0.074055
777.000000 0.074134
778.000000 0.074212
779.000000 0.074289
780.000000 0.074365
781.000000 0.074440
782.000000 0.074514
783.000000 0.074587
784.000000 0.074659
785.000000 0.074730
786.000000 0.074800
787.000000 0.074869
788.000000 0.074937
789.000000 0.075005
790.000000 0.075071
791.000000 0.075137
792.000000 0.075202
793.000000 0.075266
794.000000 0.075329
795.000000 0.075391
796.000000 0.075453
797.000000 0.075513
798.000000 0.075573
799.000000 0.075632
800.000000 0.075690
801.000000 0.075748
802.000000 0.075804
803.000000 0.075860
804.000000 0.075916
805.000000 0.075970
806.000000 0.077248
807.000000 0.072365
808.000000 0.026745
809.000000 -0.095969
810.000000 -0.298293
811.000000 -0.550463
812.000000 -0.822311
813.000000 -1.093110
814.000000 -1.349366
815.000000 -1.583003
816.000000 -1.789898
817.000000 -1.968292
818.000000 -2.115613
819.000000 -2.229381
820.000000 -2.308705
821.000000 -2.354432
822.000000 -2.368861
823.000000 -2.355397
824.000000 -2.318909
825.000000 -2.265360
826.000000 -2.200737
827.000000 -2.130258
828.000000 -2.058052
829.000000 -1.987139
830.000000 -1.919588
831.000000 -1.856718
832.000000 -1.799346
833.000000 -1.747943
834.000000 -1.702658
835.000000 -1.663355
836.000000 -1.629682
837.000000 -1.601168
838.000000 -1.577293
839.000000 -1.557537
840.000000 -1.541404
841.000000 -1.528433
842.000000 -1.518200
843.000000 -1.510317
844.000000 -1.504430
845.000000 -1.500218
846.000000 -1.497385
847.000000 -1.495666
848.000000 -1.494822
849.000000 -1.494638
850.000000 -1.494930
851.000000 -1.495539
852.000000 -1.496333
853.000000 -1.497206
854.000000 -1.498078
855.000000 -1.498891
856.000000 -1.499606
857.000000 -1.500202
858.000000 -1.500670
859.000000 -1.501013
860.000000 -1.501239
861.000000 -1.501364
862.000000 -1.501404
863.000000 -1.501377
864.000000 -1.501300
865.000000 -1.501190
866.000000 -1.501059
867.000000 -1.500918
868.000000 -1.500778
869.000000 -1.500642
870.000000 -1.500517
871.000000 -1.500405
872.000000 -1.500306
873.000000 -1.500221
874.000000 -1.500150
875.000000 -1.500092
876.000000 -1.500046
877.000000 -1.500010
878.000000 -1.499983
879.000000 -1.499964
880.000000 -1.499952
881.000000 -1.499946
882.000000 -1.499943
883.000000 -1.499944
884.000000 -1.499948
885.000000 -1.499953
886.000000 -1.499959
887.000000 -1.499965
888.000000 -1.499972
889.000000 -1.499978
890.000000 -1.499984
891.000000 -1.499989
892.000000 -1.499994
893.000000 -1.499997
894.000000 -1.500000
895.000000 -1.500002
896.000000 -1.500003
897.000000 -1.500004
898.000000 -1.500005
899.000000 -1.500005
900.000000 -1.500005
901.000000 -1.500004
902.000000 -1.500004
903.000000 -1.500004
904.000000 -1.500003
905.000000 -1.500002
906.000000 -1.500002
907.000000 -1.500001
908.000000 -1.500001
909.000000 -1.500001
910.000000 -1.500000
911.000000 -1.500000
912.000000 -1.500000
913.000000 -1.500000
914.000000 -1.500000
915.000000 -1.500000
916.000000 -1.500000
917.000000 -1.500000
918.000000 -1.500000
919.000000 -1.500000
920.000000 -1.500000
921.000000 -1.500000
922.000000 -1.500000
923.000000 -1.500000
924.000000 -1.500000
925.000000 -1.500000
926.000000 -1.500000
927.000000 -1.500000
928.000000 -1.500000
929.000000 -1.500000
930.000000 -1.500000
931.000000 -1.500000
932.000000 -1.500000
933.000000 -1.500000
934.000000 -1.500000
935.000000 -1.500000
936.000000 -1.500000
937.000000 -1.500000
938.000000 -1.500000
939.000000 -1.500000
940.000000 -1.500000
941.000000 -1.500000
942.000000 -1.500000
943.000000 -1.500000
944.000000 -1.500000
945.000000 -1.500000
946.000000 -1.500000
947.000000 -1.500000
948.000000 -1.500000
949.000000 -1.500000
950.000000 -1.500000
951.000000 -1.500000
952.000000 -1.500000
953.000000 -1.500000
954.000000 -1.500000
955.000000 -1.500000
956.000000 -1.500000
957.000000 -1.500000
958.000000 -1.500000
959.000000 -1.500000
960.000000 -1.500000
961.000000 -1.500000
962.000000 -1.500000
963.000000 -1.500000
964.000000 -1.500000
965.000000 -1.500000
966.000000 -1.500000
967.000000 -1.500000
968.000000 -1.500000
969.000000 -1.500000
970.000000 -1.500000
971.000000 -1.500000
972.000000 -1.500000
973.000000 -1.500000
974.000000 -1.500000
975.000000 -1.500000
976.000000 -1.500000
977.000000 -1.500000
978.000000 -1.500000
979.000000 -1.500000
980.000000 -1.500000
981.000000 -1.500000
982.000000 -1.500000
983.000000 -1.500000
984.000000 -1.500000
985.000000 -1.500000
986.000000 -1.500000
987.000000 -1.500000
988.000000 -1.500000
989.000000 -1.500000
990.000000 -1.500000
991.000000 -1.500000
992.000000 -1.500000
993.000000 -1.500000
994.000000 -1.500000
995.000000 -1.500000
996.000000 -1.500000
997.000000 -1.500000
998.000000 -1.500000
999.000000 -1.500000
1000.000000 -1.500000
