1.000000 0.000000
2.000000 0.000000
3.000000 0.000000
4.000000 0.000000
5.000000 0.000000
6.000000 0.000000
7.000000 0.000000
8.000000 0.000000
9.000000 0.000000
10.000000 0.000000
11.000000 0.000000
12.000000 0.000000
13.000000 0.000000
14.000000 0.000000
15.000000 0.000000
16.000000 0.000000
17.000000 0.000000
18.000000 0.000000
19.000000 0.000000
20.000000 0.000000
21.000000 0.000000
22.000000 0.000000
23.000000 0.000000
24.000000 0.000000
25.000000 0.000000
26.000000 -0.001466
27.000000 -0.005957
28.000000 -0.013754
29.000000 -0.024669
30.000000 -0.038408
31.000000 -0.054728
32.000000 -0.073467
33.000000 -0.094545
34.000000 -0.117931
35.000000 -0.143622
36.000000 -0.171609
37.000000 -0.201866
38.000000 -0.236099
39.000000 -0.277541
40.000000 -0.329128
41.000000 -0.392184
42.000000 -0.467067
43.000000 -0.553746
44.000000 -0.651663
45.000000 -0.759319
46.000000 -0.872831
47.000000 -0.986008
48.000000 -1.092502
49.000000 -1.186724
50.000000 -1.264037
51.000000 -1.321349
52.000000 -1.357725
53.000000 -1.374004
54.000000 -1.372301
55.000000 -1.355606
56.000000 -1.327429
57.000000 -1.291479
58.000000 -1.251331
59.000000 -1.210125
60.000000 -1.170377
61.000000 -1.133901
62.000000 -1.101830
63.000000 -1.074699
64.000000 -1.052571
65.000000 -1.035164
66.000000 -1.021972
67.000000 -1.012371
68.000000 -1.005696
69.000000 -1.001309
70.000000 -0.998636
71.000000 -0.997194
72.000000 -0.996593
73.000000 -0.996541
74.000000 -0.996824
75.000000 -0.997295
76.000000 -0.997854
77.000000 -0.998432
78.000000 -0.998986
79.000000 -0.999483
80.000000 -0.999905
81.000000 -1.000239
82.000000 -1.000484
83.000000 -1.000642
84.000000 -1.000723
85.000000 -1.000740
86.000000 -1.000707
87.000000 -1.000639
88.000000 -1.000550
89.000000 -1.000451
90.000000 -1.000352
91.000000 -1.000259
92.000000 -1.000178
93.000000 -1.000111
94.000000 -1.000057
95.000000 -1.000017
96.000000 -0.999990
97.000000 -0.999972
98.000000 -0.999962
99.000000 -0.999959
100.000000 -0.999959
101.000000 -0.999962
102.000000 -0.999966
103.000000 -0.999971
104.000000 -0.999975
105.000000 -0.999980
106.000000 -0.999984
107.000000 -0.999987
108.000000 -0.999990
109.000000 -0.999993
110.000000 -0.999995
111.000000 -0.999997
112.000000 -0.999998
113.000000 -0.999999
114.000000 -1.000000
115.000000 -1.000001
116.000000 -1.000001
117.000000 -1.000001
118.000000 -1.000001
119.000000 -1.000001
120.000000 -1.000001
121.000000 -1.000000
122.000000 -1.000000
123.000000 -1.000000
124.000000 -1.000000
125.000000 -1.000000
126.000000 -1.000000
127.000000 -1.000000
128.000000 -1.000000
129.000000 -1.000000
130.000000 -1.000000
131.000000 -1.000000
132.000000 -1.000000
133.000000 -1.000000
134.000000 -1.000000
135.000000 -1.000000
136.000000 -1.000000
137.000000 -1.000000
138.000000 -1.000000
139.000000 -1.000000
140.000000 -1.000000
141.000000 -1.000000
142.000000 -1.000000
143.000000 -1.000000
144.000000 -1.000000
145.000000 -1.000000
146.000000 -1.000000
147.000000 -1.000000
148.000000 -1.000000
149.000000 -1.000000
150.000000 -1.000000
151.000000 -1.000000
152.000000 -1.000000
153.000000 -1.000000
154.000000 -1.000000
155.000000 -1.000000
156.000000 -1.000000
157.000000 -1.000000
158.000000 -1.000000
159.000000 -1.000000
160.000000 -1.000000
161.000000 -1.000000
162.000000 -1.000000
163.000000 -1.000000
164.000000 -1.000000
165.000000 -1.000000
166.000000 -1.000000
167.000000 -1.000000
168.000000 -1.000000
169.000000 -1.000000
170.000000 -1.000000
171.000000 -1.000000
172.000000 -1.000000
173.000000 -1.000000
174.000000 -1.000000
175.000000 -1.000000
176.000000 -1.000000
177.000000 -1.000000
178.000000 -1.000000
179.000000 -1.000000
180.000000 -1.000000
181.000000 -1.000000
182.000000 -1.000000
183.000000 -1.000000
184.000000 -1.000000
185.000000 -1.000000
186.000000 -1.000000
187.000000 -1.000000
188.000000 -1.000000
189.000000 -1.000000
190.000000 -1.000000
191.000000 -1.000000
192.000000 -1.000000
193.000000 -1.000000
194.000000 -1.000000
195.000000 -1.000000
196.000000 -1.000000
197.000000 -1.000000
198.000000 -1.000000
199.000000 -1.000000
200.000000 -1.000000
201.000000 -1.000000
202.000000 -1.000000
203.000000 -1.000000
204.000000 -1.000000
205.000000 -1.000000
206.000000 -0.955949
207.000000 -0.855501
208.000000 -0.725908
209.000000 -0.599439
210.000000 -0.496838
211.000000 -0.425910
212.000000 -0.385605
213.000000 -0.370323
214.000000 -0.372338
215.000000 -0.383074
216.000000 -0.394576
217.000000 -0.400784
218.000000 -0.398051
219.000000 -0.385370
220.000000 -0.364212
221.000000 -0.337711
222.000000 -0.309459
223.000000 -0.282493
224.000000 -0.258825
225.000000 -0.239440
226.000000 -0.224549
227.000000 -0.213885
228.000000 -0.206863
229.000000 -0.202702
230.000000 -0.200578
231.000000 -0.199751
232.000000 -0.199639
233.000000 -0.199845
234.000000 -0.200133
235.000000 -0.200387
236.000000 -0.200568
237.000000 -0.200674
238.000000 -0.200719
239.000000 -0.200718
240.000000 -0.200684
241.000000 -0.200627
242.000000 -0.200553
243.000000 -0.200471
244.000000 -0.200385
245.000000 -0.200302
246.000000 -0.200226
247.000000 -0.200160
248.000000 -0.200106
249.000000 -0.200063
250.000000 -0.200032
251.000000 -0.200011
252.000000 -0.199997
253.000000 -0.199990
254.000000 -0.199986
255.000000 -0.199986
256.000000 -0.199987
257.000000 -0.199989
258.000000 -0.199992
259.000000 -0.199994
260.000000 -0.199996
261.000000 -0.199998
262.000000 -0.199999
263.000000 -0.200000
264.000000 -0.200001
265.000000 -0.200001
266.000000 -0.200001
267.000000 -0.200001
268.000000 -0.200001
269.000000 -0.200001
270.000000 -0.200001
271.000000 -0.200001
272.000000 -0.200000
273.000000 -0.200000
274.000000 -0.200000
275.000000 -0.200000
276.000000 -0.200000
277.000000 -0.200000
278.000000 -0.200000
279.000000 -0.200000
280.000000 -0.200000
281.000000 -0.200000
282.000000 -0.200000
283.000000 -0.200000
284.000000 -0.200000
285.000000 -0.200000
286.000000 -0.200000
287.000000 -0.200000
288.000000 -0.200000
289.000000 -0.200000
290.000000 -0.200000
291.000000 -0.200000
292.000000 -0.200000
293.000000 -0.200000
294.000000 -0.200000
295.000000 -0.200000
296.000000 -0.200000
297.000000 -0.200000
298.000000 -0.200000
299.000000 -0.200000
300.000000 -0.200000
301.000000 -0.200000
302.000000 -0.200000
303.000000 -0.200000
304.000000 -0.200000
305.000000 -0.200000
306.000000 -0.200000
307.000000 -0.200000
308.000000 -0.200000
309.000000 -0.200000
310.000000 -0.200000
311.000000 -0.200000
312.000000 -0.200000
313.000000 -0.200000
314.000000 -0.200000
315.000000 -0.200000
316.000000 -0.200000
317.000000 -0.200000
318.000000 -0.200000
319.000000 -0.200000
320.000000 -0.200000
321.000000 -0.200000
322.000000 -0.200000
323.000000 -0.200000
324.000000 -0.200000
325.000000 -0.200000
326.000000 -0.200000
327.000000 -0.200000
328.000000 -0.200000
329.000000 -0.200000
330.000000 -0.200000
331.000000 -0.200000
332.000000 -0.200000
333.000000 -0.200000
334.000000 -0.200000
335.000000 -0.200000
336.000000 -0.200000
337.000000 -0.200000
338.000000 -0.200000
339.000000 -0.200000
340.000000 -0.200000
341.000000 -0.200000
342.000000 -0.200000
343.000000 -0.200000
344.000000 -0.200000
345.000000 -0.200000
346.000000 -0.200000
347.000000 -0.200000
348.000000 -0.200000
349.000000 -0.200000
350.000000 -0.200000
351.000000 -0.200000
352.000000 -0.200000
353.000000 -0.200000
354.000000 -0.200000
355.000000 -0.200000
356.000000 -0.200000
357.000000 -0.200000
358.000000 -0.200000
359.000000 -0.200000
360.000000 -0.200000
361.000000 -0.200000
362.000000 -0.200000
363.000000 -0.200000
364.000000 -0.200000
365.000000 -0.200000
366.000000 -0.200000
367.000000 -0.200000
368.000000 -0.200000
369.000000 -0.200000
370.000000 -0.200000
371.000000 -0.200000
372.000000 -0.200000
373.000000 -0.200000
374.000000 -0.200000
375.000000 -0.200000
376.000000 -0.200000
377.000000 -0.200000
378.000000 -0.200000
379.000000 -0.200000
380.000000 -0.200000
381.000000 -0.200000
382.000000 -0.200000
383.000000 -0.200000
384.000000 -0.200000
385.000000 -0.200000
386.000000 -0.200000
387.000000 -0.200000
388.000000 -0.200000
389.000000 -0.200000
390.000000 -0.200000
391.000000 -0.200000
392.000000 -0.200000
393.000000 -0.200000
394.000000 -0.200000
395.000000 -0.200000
396.000000 -0.200000
397.000000 -0.200000
398.000000 -0.200000
399.000000 -0.200000
400.000000 -0.200000
401.000000 -0.200000
402.000000 -0.200000
403.000000 -0.200000
404.000000 -0.200000
405.000000 -0.200000
406.000000 -0.254368
407.000000 -0.395601
408.000000 -0.602858
409.000000 -0.842666
410.000000 -1.091481
411.000000 -1.333450
412.000000 -1.558562
413.000000 -1.761135
414.000000 -1.938610
415.000000 -2.090596
416.000000 -2.218145
417.000000 -2.322381
418.000000 -2.401566
419.000000 -2.452534
420.000000 -2.473565
421.000000 -2.466736
422.000000 -2.437906
423.000000 -2.394353
424.000000 -2.342822
425.000000 -2.288666
426.000000 -2.235705
427.000000 -2.186396
428.000000 -2.142078
429.000000 -2.103245
430.000000 -2.069832
431.000000 -2.041487
432.000000 -2.017796
433.000000 -1.998417
434.000000 -1.983081
435.000000 -1.971542
436.000000 -1.963518
437.000000 -1.958707
438.000000 -1.956764
439.000000 -1.957274
440.000000 -1.959747
441.000000 -1.963661
442.000000 -1.968506
443.000000 -1.973831
444.000000 -1.979275
445.000000 -1.984566
446.000000 -1.989516
447.000000 -1.993999
448.000000 -1.997931
449.000000 -2.001258
450.000000 -2.003946
451.000000 -2.005989
452.000000 -2.007403
453.000000 -2.008230
454.000000 -2.008536
455.000000 -2.008401
456.000000 -2.007916
457.000000 -2.007172
458.000000 -2.006255
459.000000 -2.005239
460.000000 -2.004189
461.000000 -2.003157
462.000000 -2.002182
463.000000 -2.001294
464.000000 -2.000515
465.000000 -1.999855
466.000000 -1.999322
467.000000 -1.998916
468.000000 -1.998630
469.000000 -1.998455
470.000000 -1.998380
471.000000 -1.998388
472.000000 -1.998465
473.000000 -1.998594
474.000000 -1.998760
475.000000 -1.998949
476.000000 -1.999148
477.000000 -1.999347
478.000000 -1.999537
479.000000 -1.999712
480.000000 -1.999867
481.000000 -1.999999
482.000000 -2.000107
483.000000 -2.000190
484.000000 -2.000250
485.000000 -2.000288
486.000000 -2.000307
487.000000 -2.000308
488.000000 -2.000297
489.000000 -2.000274
490.000000 -2.000244
491.000000 -2.000209
492.000000 -2.000171
493.000000 -2.000133
494.000000 -2.000097
495.000000 -2.000062
496.000000 -2.000032
497.000000 -2.000006
498.000000 -1.999984
499.000000 -1.999967
500.000000 -1.999955
501.000000 -1.999947
502.000000 -1.999942
503.000000 -1.999941
504.000000 -1.999943
505.000000 -1.999947
506.000000 -1.999952
507.000000 -1.999959
508.000000 -1.999966
509.000000 -1.999973
510.000000 -1.999980
511.000000 -1.999987
512.000000 -1.999993
513.000000 -1.999998
514.000000 -2.000002
515.000000 -2.000006
516.000000 -2.000008
517.000000 -2.000010
518.000000 -2.000011
519.000000 -2.000011
520.000000 -2.000011
521.000000 -2.000010
522.000000 -2.000009
523.000000 -2.000008
524.000000 -2.000007
525.000000 -2.000005
526.000000 -2.000004
527.000000 -2.000003
528.000000 -2.000002
529.000000 -2.000001
530.000000 -2.000000
531.000000 -1.999999
532.000000 -1.999999
533.000000 -1.999998
534.000000 -1.999998
535.000000 -1.999998
536.000000 -1.999998
537.000000 -1.999998
538.000000 -1.999998
539.000000 -1.999998
540.000000 -1.999999
541.000000 -1.999999
542.000000 -1.999999
543.000000 -1.999999
544.000000 -2.000000
545.000000 -2.000000
546.000000 -2.000000
547.000000 -2.000000
548.000000 -2.000000
549.000000 -2.000000
550.000000 -2.000000
551.000000 -2.000000
552.000000 -2.000000
553.000000 -2.000000
554.000000 -2.000000
555.000000 -2.000000
556.000000 -2.000000
557.000000 -2.000000
558.000000 -2.000000
559.000000 -2.000000
560.000000 -2.000000
561.000000 -2.000000
562.000000 -2.000000
563.000000 -2.000000
564.000000 -2.000000
565.000000 -2.000000
566.000000 -2.000000
567.000000 -2.000000
568.000000 -2.000000
569.000000 -2.000000
570.000000 -2.000000
571.000000 -2.000000
572.000000 -2.000000
573.000000 -2.000000
574.000000 -2.000000
575.000000 -2.000000
576.000000 -2.000000
577.000000 -2.000000
578.000000 -2.000000
579.000000 -2.000000
580.000000 -2.000000
581.000000 -2.000000
582.000000 -2.000000
583.000000 -2.000000
584.000000 -2.000000
585.000000 -2.000000
586.000000 -2.000000
587.000000 -2.000000
588.000000 -2.000000
589.000000 -2.000000
590.000000 -2.000000
591.000000 -2.000000
592.000000 -2.000000
593.000000 -2.000000
594.000000 -2.000000
595.000000 -2.000000
596.000000 -2.000000
597.000000 -2.000000
598.000000 -2.000000
599.000000 -2.000000
600.000000 -2.000000
601.000000 -2.000000
602.000000 -2.000000
603.000000 -2.000000
604.000000 -2.000000
605.000000 -2.000000
606.000000 -1.842266
607.000000 -1.455434
608.000000 -1.000507
609.000000 -0.615885
610.000000 -0.344339
611.000000 -0.180881
612.000000 -0.107580
613.000000 -0.104680
614.000000 -0.152391
615.000000 -0.231179
616.000000 -0.320179
617.000000 -0.401762
618.000000 -0.464011
619.000000 -0.493667
620.000000 -0.484806
621.000000 -0.441637
622.000000 -0.378041
623.000000 -0.309278
624.000000 -0.245389
625.000000 -0.191504
626.000000 -0.149370
627.000000 -0.118197
628.000000 -0.096030
629.000000 -0.080719
630.000000 -0.070131
631.000000 -0.062285
632.000000 -0.055799
633.000000 -0.050147
634.000000 -0.045341
635.000000 -0.041394
636.000000 -0.038183
637.000000 -0.035529
638.000000 -0.033265
639.000000 -0.031260
640.000000 -0.029424
641.000000 -0.027698
642.000000 -0.026051
643.000000 -0.024463
644.000000 -0.022926
645.000000 -0.021436
646.000000 -0.019990
647.000000 -0.018588
648.000000 -0.017229
649.000000 -0.015912
650.000000 -0.014635
651.000000 -0.013396
652.000000 -0.012196
653.000000 -0.011031
654.000000 -0.009901
655.000000 -0.008804
656.000000 -0.007738
657.000000 -0.006703
658.000000 -0.005696
659.000000 -0.004717
660.000000 -0.003765
661.000000 -0.002838
662.000000 -0.001935
663.000000 -0.001056
664.000000 -0.000200
665.000000 0.000634
666.000000 0.001448
667.000000 0.002242
668.000000 0.003016
669.000000 0.003771
670.000000 0.004524
671.000000 0.005307
672.000000 0.006155
673.000000 0.007088
674.000000 0.008115
675.000000 0.009238
676.000000 0.010448
677.000000 0.011739
678.000000 0.013104
679.000000 0.014537
680.000000 0.016034
681.000000 0.017590
682.000000 0.019199
683.000000 0.020852
684.000000 0.022542
685.000000 0.024258
686.000000 0.025987
687.000000 0.027718
688.000000 0.029438
689.000000 0.031137
690.000000 0.032803
691.000000 0.034427
692.000000 0.036000
693.000000 0.037507
694.000000 0.038925
695.000000 0.040240
696.000000 0.041451
697.000000 0.042563
698.000000 0.043583
699.000000 0.044521
700.000000 0.045388
701.000000 0.046191
702.000000 0.046938
703.000000 0.047636
704.000000 0.048292
705.000000 0.048909
706.000000 0.049493
707.000000 0.050047
708.000000 0.050575
709.000000 0.051078
710.000000 0.051560
711.000000 0.052022
712.000000 0.052467
713.000000 0.052895
714.000000 0.053308
715.000000 0.053707
716.000000 0.054094
717.000000 0.054469
718.000000 0.054833
719.000000 0.055187
720.000000 0.055532
721.000000 0.055868
722.000000 0.056195
723.000000 0.056515
724.000000 0.056828
725.000000 0.057133
726.000000 0.057433
727.000000 0.057726
728.000000 0.058013
729.000000 0.058295
730.000000 0.058571
731.000000 0.058843
732.000000 0.059109
733.000000 0.059371
734.000000 0.059629
735.000000 0.059882
736.000000 0.060131
737.000000 0.060376
738.000000 0.060618
739.000000 0.060856
740.000000 0.061090
741.000000 0.061321
742.000000 0.061548
743.000000 0.061772
744.000000 0.061993
745.000000 0.062211
746.000000 0.062426
747.000000 0.062638
748.000000 0.062848
749.000000 0.063054
750.000000 0.063258
751.000000 0.063459
752.000000 0.063658
753.000000 0.063854
754.000000 0.064047
755.000000 0.064238
756.000000 0.064427
757.000000 0.064613
758.000000 0.064797
759.000000 0.064979
760.000000 0.065158
761.000000 0.065335
762.000000 0.065511
763.000000 0.065684
764.000000 0.065854
765.000000 0.066023
766.000000 0.066190
767.000000 0.066355
768.000000 0.066518
769.000000 0.066679
770.000000 0.066837
771.000000 0.066995
772.000000 0.067150
773.000000 0.067303
774.000000 0.067455
775.000000 0.067604
776.000000 0.067752
777.000000 0.067899
778.000000 0.068043
779.000000 0.068186
780.000000 0.068327
781.000000 0.068466
782.000000 0.068604
783.000000 0.068740
784.000000 0.068875
785.000000 0.069008
786.000000 0.069139
787.000000 0.069269
788.000000 0.069397
789.000000 0.069524
790.000000 0.069650
791.000000 0.069773
792.000000 0.069896
793.000000 0.070017
794.000000 0.070136
795.000000 0.070254
796.000000 0.070371
797.000000 0.070487
798.000000 0.070601
799.000000 0.070713
800.000000 0.070824
801.000000 0.070935
802.000000 0.071043
803.000000 0.071151
804.000000 0.071257
805.000000 0.071362
806.000000 0.072930
807.000000 0.067780
808.000000 0.027324
809.000000 -0.080052
810.000000 -0.266832
811.000000 -0.510450
812.000000 -0.778756
813.000000 -1.049468
814.000000 -1.307901
815.000000 -1.545083
816.000000 -1.756235
817.000000 -1.935620
818.000000 -2.073110
819.000000 -2.160225
820.000000 -2.195172
821.000000 -2.183584
822.000000 -2.136067
823.000000 -2.064731
824.000000 -1.980557
825.000000 -1.892259
826.000000 -1.806007
827.000000 -1.725812
828.000000 -1.654114
829.000000 -1.592245
830.000000 -1.540746
831.000000 -1.499575
832.000000 -1.468249
833.000000 -1.445953
834.000000 -1.431632
835.000000 -1.424077
836.000000 -1.422012
837.000000 -1.424217
838.000000 -1.429577
839.000000 -1.437088
840.000000 -1.445866
841.000000 -1.455160
842.000000 -1.464370
843.000000 -1.473052
844.000000 -1.480917
845.000000 -1.487807
846.000000 -1.493660
847.000000 -1.498475
848.000000 -1.502286
849.000000 -1.505146
850.000000 -1.507124
851.000000 -1.508308
852.000000 -1.508805
853.000000 -1.508738
854.000000 -1.508237
855.000000 -1.507432
856.000000 -1.506441
857.000000 -1.505364
858.000000 -1.504279
859.000000 -1.503244
860.000000 -1.502299
861.000000 -1.501468
862.000000 -1.500762
863.000000 -1.500184
864.000000 -1.499733
865.000000 -1.499400
866.000000 -1.499172
867.000000 -1.499038
868.000000 -1.498982
869.000000 -1.498989
870.000000 -1.499043
871.000000 -1.499132
872.000000 -1.499242
873.000000 -1.499363
874.000000 -1.499486
875.000000 -1.499606
876.000000 -1.499716
877.000000 -1.499814
878.000000 -1.499899
879.000000 -1.499968
880.000000 -1.500023
881.000000 -1.500064
882.000000 -1.500092
883.000000 -1.500110
884.000000 -1.500118
885.000000 -1.500118
886.000000 -1.500113
887.000000 -1.500103
888.000000 -1.500090
889.000000 -1.500076
890.000000 -1.500062
891.000000 -1.500048
892.000000 -1.500035
893.000000 -1.500023
894.000000 -1.500013
895.000000 -1.500005
896.000000 -1.499998
897.000000 -1.499993
898.000000 -1.499990
899.000000 -1.499987
900.000000 -1.499986
901.000000 -1.499986
902.000000 -1.499987
903.000000 -1.499988
904.000000 -1.499989
905.000000 -1.499991
906.000000 -1.499993
907.000000 -1.499994
908.000000 -1.499996
909.000000 -1.499997
910.000000 -1.499998
911.000000 -1.499999
912.000000 -1.500000
913.000000 -1.500001
914.000000 -1.500001
915.000000 -1.500001
916.000000 -1.500002
917.000000 -1.500002
918.000000 -1.500002
919.000000 -1.500001
920.000000 -1.500001
921.000000 -1.500001
922.000000 -1.500001
923.000000 -1.500001
924.000000 -1.500001
925.000000 -1.500000
926.000000 -1.500000
927.000000 -1.500000
928.000000 -1.500000
929.000000 -1.500000
930.000000 -1.500000
931.000000 -1.500000
932.000000 -1.500000
933.000000 -1.500000
934.000000 -1.500000
935.000000 -1.500000
936.000000 -1.500000
937.000000 -1.500000
938.000000 -1.500000
939.000000 -1.500000
940.000000 -1.500000
941.000000 -1.500000
942.000000 -1.500000
943.000000 -1.500000
944.000000 -1.500000
945.000000 -1.500000
946.000000 -1.500000
947.000000 -1.500000
948.000000 -1.500000
949.000000 -1.500000
950.000000 -1.500000
951.000000 -1.500000
952.000000 -1.500000
953.000000 -1.500000
954.000000 -1.500000
955.000000 -1.500000
956.000000 -1.500000
957.000000 -1.500000
958.000000 -1.500000
959.000000 -1.500000
960.000000 -1.500000
961.000000 -1.500000
962.000000 -1.500000
963.000000 -1.500000
964.000000 -1.500000
965.000000 -1.500000
966.000000 -1.500000
967.000000 -1.500000
968.000000 -1.500000
969.000000 -1.500000
970.000000 -1.500000
971.000000 -1.500000
972.000000 -1.500000
973.000000 -1.500000
974.000000 -1.500000
975.000000 -1.500000
976.000000 -1.500000
977.000000 -1.500000
978.000000 -1.500000
979.000000 -1.500000
980.000000 -1.500000
981.000000 -1.500000
982.000000 -1.500000
983.000000 -1.500000
984.000000 -1.500000
985.000000 -1.500000
986.000000 -1.500000
987.000000 -1.500000
988.000000 -1.500000
989.000000 -1.500000
990.000000 -1.500000
991.000000 -1.500000
992.000000 -1.500000
993.000000 -1.500000
994.000000 -1.500000
995.000000 -1.500000
996.000000 -1.500000
997.000000 -1.500000
998.000000 -1.500000
999.000000 -1.500000
1000.000000 -1.500000
