1.000000 0.000000
2.000000 0.000000
3.000000 0.000000
4.000000 0.000000
5.000000 0.000000
6.000000 0.000000
7.000000 0.000000
8.000000 0.000000
9.000000 0.000000
10.000000 0.000000
11.000000 1.201029
12.000000 1.642863
13.000000 1.805405
14.000000 1.865200
15.000000 1.887198
16.000000 1.895290
17.000000 1.898267
18.000000 1.899363
19.000000 1.899766
20.000000 1.899914
21.000000 1.899968
22.000000 1.899988
23.000000 1.899996
24.000000 1.899998
25.000000 1.899999
26.000000 1.900000
27.000000 1.900000
28.000000 1.900000
29.000000 1.900000
30.000000 1.900000
31.000000 1.900000
32.000000 1.900000
33.000000 1.900000
34.000000 1.900000
35.000000 1.900000
36.000000 1.900000
37.000000 1.900000
38.000000 1.900000
39.000000 1.900000
40.000000 1.900000
41.000000 1.900000
42.000000 1.900000
43.000000 1.900000
44.000000 1.900000
45.000000 1.900000
46.000000 1.900000
47.000000 1.900000
48.000000 1.900000
49.000000 1.900000
50.000000 1.900000
51.000000 1.900000
52.000000 1.900000
53.000000 1.900000
54.000000 1.900000
55.000000 1.900000
56.000000 1.900000
57.000000 1.900000
58.000000 1.900000
59.000000 1.900000
60.000000 1.900000
61.000000 1.900000
62.000000 1.900000
63.000000 1.900000
64.000000 1.900000
65.000000 1.900000
66.000000 1.900000
67.000000 1.900000
68.000000 1.900000
69.000000 1.900000
70.000000 1.900000
71.000000 1.900000
72.000000 1.900000
73.000000 1.900000
74.000000 1.900000
75.000000 1.900000
76.000000 1.900000
77.000000 1.900000
78.000000 1.900000
79.000000 1.900000
80.000000 1.900000
81.000000 1.900000
82.000000 1.900000
83.000000 1.900000
84.000000 1.900000
85.000000 1.900000
86.000000 1.900000
87.000000 1.900000
88.000000 1.900000
89.000000 1.900000
90.000000 1.900000
91.000000 1.900000
92.000000 1.900000
93.000000 1.900000
94.000000 1.900000
95.000000 1.900000
96.000000 1.900000
97.000000 1.900000
98.000000 1.900000
99.000000 1.900000
100.000000 1.900000
101.000000 1.900000
102.000000 1.900000
103.000000 1.900000
104.000000 1.900000
105.000000 1.900000
106.000000 1.900000
107.000000 1.900000
108.000000 1.900000
109.000000 1.900000
110.000000 1.900000
111.000000 1.900000
112.000000 1.900000
113.000000 1.900000
114.000000 1.900000
115.000000 1.900000
116.000000 1.900000
117.000000 1.900000
118.000000 1.900000
119.000000 1.900000
120.000000 1.900000
121.000000 1.900000
122.000000 1.900000
123.000000 1.900000
124.000000 1.900000
125.000000 1.900000
126.000000 1.900000
127.000000 1.900000
128.000000 1.900000
129.000000 1.900000
130.000000 1.900000
131.000000 1.900000
132.000000 1.900000
133.000000 1.900000
134.000000 1.900000
135.000000 1.900000
136.000000 1.900000
137.000000 1.900000
138.000000 1.900000
139.000000 1.900000
140.000000 1.900000
141.000000 1.900000
142.000000 1.900000
143.000000 1.900000
144.000000 1.900000
145.000000 1.900000
146.000000 1.900000
147.000000 1.900000
148.000000 1.900000
149.000000 1.900000
150.000000 1.900000
151.000000 1.900000
152.000000 1.900000
153.000000 1.900000
154.000000 1.900000
155.000000 1.900000
156.000000 1.900000
157.000000 1.900000
158.000000 1.900000
159.000000 1.900000
160.000000 1.900000
161.000000 1.900000
162.000000 1.900000
163.000000 1.900000
164.000000 1.900000
165.000000 1.900000
166.000000 1.900000
167.000000 1.900000
168.000000 1.900000
169.000000 1.900000
170.000000 1.900000
171.000000 1.900000
172.000000 1.900000
173.000000 1.900000
174.000000 1.900000
175.000000 1.900000
176.000000 1.900000
177.000000 1.900000
178.000000 1.900000
179.000000 1.900000
180.000000 1.900000
181.000000 1.900000
182.000000 1.900000
183.000000 1.900000
184.000000 1.900000
185.000000 1.900000
186.000000 1.900000
187.000000 1.900000
188.000000 1.900000
189.000000 1.900000
190.000000 1.900000
191.000000 1.900000
192.000000 1.900000
193.000000 1.900000
194.000000 1.900000
195.000000 1.900000
196.000000 1.900000
197.000000 1.900000
198.000000 1.900000
199.000000 1.900000
200.000000 1.900000
