1.000000 0.000000
2.000000 0.000000
3.000000 0.000000
4.000000 0.000000
5.000000 0.000000
6.000000 0.000000
7.000000 0.000000
8.000000 0.000000
9.000000 0.000000
10.000000 0.000000
11.000000 0.019033
12.000000 0.036254
13.000000 0.051836
14.000000 0.065936
15.000000 0.078694
16.000000 0.090238
17.000000 0.100683
18.000000 0.110134
19.000000 0.118686
20.000000 0.126424
21.000000 0.133426
22.000000 0.139761
23.000000 0.145494
24.000000 0.150681
25.000000 0.155374
26.000000 0.159621
27.000000 0.163463
28.000000 0.166940
29.000000 0.170086
30.000000 0.172933
31.000000 0.175509
32.000000 0.177839
33.000000 0.179948
34.000000 0.181856
35.000000 0.183583
36.000000 0.185145
37.000000 0.186559
38.000000 0.187838
39.000000 0.188995
40.000000 0.190043
41.000000 0.190990
42.000000 0.191848
43.000000 0.192623
44.000000 0.193325
45.000000 0.193961
46.000000 0.194535
47.000000 0.195055
48.000000 0.195526
49.000000 0.195952
50.000000 0.196337
51.000000 0.196685
52.000000 0.197001
53.000000 0.197286
54.000000 0.197545
55.000000 0.197778
56.000000 0.197990
57.000000 0.198181
58.000000 0.198354
59.000000 0.198511
60.000000 0.198652
61.000000 0.198781
62.000000 0.198897
63.000000 0.199002
64.000000 0.199097
65.000000 0.199183
66.000000 0.199260
67.000000 0.199331
68.000000 0.199394
69.000000 0.199452
70.000000 0.199504
71.000000 0.199551
72.000000 0.199594
73.000000 0.199633
74.000000 0.199668
75.000000 0.199699
76.000000 0.199728
77.000000 0.199754
78.000000 0.199777
79.000000 0.199798
80.000000 0.199818
81.000000 0.199835
82.000000 0.199851
83.000000 0.199865
84.000000 0.199878
85.000000 0.199889
86.000000 0.199900
87.000000 0.199909
88.000000 0.199918
89.000000 0.199926
90.000000 0.199933
91.000000 0.199939
92.000000 0.199945
93.000000 0.199950
94.000000 0.199955
95.000000 0.199959
96.000000 0.199963
97.000000 0.199967
98.000000 0.199970
99.000000 0.199973
100.000000 0.199975
101.000000 0.199978
102.000000 0.199980
103.000000 0.199982
104.000000 0.199983
105.000000 0.199985
106.000000 0.199986
107.000000 0.199988
108.000000 0.199989
109.000000 0.199990
110.000000 0.199991
111.000000 0.199992
112.000000 0.199993
113.000000 0.199993
114.000000 0.199994
115.000000 0.199994
116.000000 0.199995
117.000000 0.199995
118.000000 0.199996
119.000000 0.199996
120.000000 0.199997
121.000000 0.199997
122.000000 0.199997
123.000000 0.199998
124.000000 0.199998
125.000000 0.199998
126.000000 0.199998
127.000000 0.199998
128.000000 0.199998
129.000000 0.199999
130.000000 0.199999
131.000000 0.199999
132.000000 0.199999
133.000000 0.199999
134.000000 0.199999
135.000000 0.199999
136.000000 0.199999
137.000000 0.199999
138.000000 0.199999
139.000000 0.200000
140.000000 0.200000
141.000000 0.200000
142.000000 0.200000
143.000000 0.200000
144.000000 0.200000
145.000000 0.200000
146.000000 0.200000
147.000000 0.200000
148.000000 0.200000
149.000000 0.200000
150.000000 0.200000
151.000000 0.200000
152.000000 0.200000
153.000000 0.200000
154.000000 0.200000
155.000000 0.200000
156.000000 0.200000
157.000000 0.200000
158.000000 0.200000
159.000000 0.200000
160.000000 0.200000
161.000000 0.200000
162.000000 0.200000
163.000000 0.200000
164.000000 0.200000
165.000000 0.200000
166.000000 0.200000
167.000000 0.200000
168.000000 0.200000
169.000000 0.200000
170.000000 0.200000
171.000000 0.200000
172.000000 0.200000
173.000000 0.200000
174.000000 0.200000
175.000000 0.200000
176.000000 0.200000
177.000000 0.200000
178.000000 0.200000
179.000000 0.200000
180.000000 0.200000
181.000000 0.200000
182.000000 0.200000
183.000000 0.200000
184.000000 0.200000
185.000000 0.200000
186.000000 0.200000
187.000000 0.200000
188.000000 0.200000
189.000000 0.200000
190.000000 0.200000
191.000000 0.200000
192.000000 0.200000
193.000000 0.200000
194.000000 0.200000
195.000000 0.200000
196.000000 0.200000
197.000000 0.200000
198.000000 0.200000
199.000000 0.200000
200.000000 0.200000
