1.000000 0.000000
2.000000 0.000000
3.000000 0.000000
4.000000 0.000000
5.000000 0.000000
6.000000 0.000000
7.000000 0.000000
8.000000 0.000000
9.000000 0.000000
10.000000 0.000000
11.000000 0.016392
12.000000 0.032247
13.000000 0.047581
14.000000 0.062413
15.000000 0.076759
16.000000 0.090635
17.000000 0.104055
18.000000 0.117036
19.000000 0.129591
20.000000 0.141734
21.000000 0.153480
22.000000 0.164840
23.000000 0.175828
24.000000 0.186455
25.000000 0.196735
26.000000 0.206677
27.000000 0.216293
28.000000 0.225594
29.000000 0.234590
30.000000 0.243291
31.000000 0.251707
32.000000 0.259847
33.000000 0.267720
34.000000 0.275336
35.000000 0.282701
36.000000 0.289825
37.000000 0.296715
38.000000 0.303380
39.000000 0.309826
40.000000 0.316060
41.000000 0.322091
42.000000 0.327923
43.000000 0.333564
44.000000 0.339021
45.000000 0.344298
46.000000 0.349403
47.000000 0.354340
48.000000 0.359115
49.000000 0.363734
50.000000 0.368201
51.000000 0.372522
52.000000 0.376702
53.000000 0.380744
54.000000 0.384653
55.000000 0.388435
56.000000 0.392092
57.000000 0.395630
58.000000 0.399052
59.000000 0.402361
60.000000 0.405562
61.000000 0.408658
62.000000 0.411653
63.000000 0.414549
64.000000 0.417351
65.000000 0.420060
66.000000 0.422681
67.000000 0.425216
68.000000 0.427667
69.000000 0.430039
70.000000 0.432332
71.000000 0.434551
72.000000 0.436696
73.000000 0.438772
74.000000 0.440779
75.000000 0.442721
76.000000 0.444598
77.000000 0.446415
78.000000 0.448171
79.000000 0.449871
80.000000 0.451514
81.000000 0.453104
82.000000 0.454641
83.000000 0.456128
84.000000 0.457566
85.000000 0.458958
86.000000 0.460303
87.000000 0.461604
88.000000 0.462863
89.000000 0.464081
90.000000 0.465258
91.000000 0.466397
92.000000 0.467499
93.000000 0.468564
94.000000 0.469595
95.000000 0.470592
96.000000 0.471556
97.000000 0.472488
98.000000 0.473390
99.000000 0.474263
100.000000 0.475106
101.000000 0.475923
102.000000 0.476712
103.000000 0.477475
104.000000 0.478214
105.000000 0.478928
106.000000 0.479619
107.000000 0.480287
108.000000 0.480933
109.000000 0.481558
110.000000 0.482163
111.000000 0.482748
112.000000 0.483313
113.000000 0.483860
114.000000 0.484390
115.000000 0.484901
116.000000 0.485396
117.000000 0.485875
118.000000 0.486338
119.000000 0.486786
120.000000 0.487219
121.000000 0.487638
122.000000 0.488044
123.000000 0.488435
124.000000 0.488815
125.000000 0.489181
126.000000 0.489536
127.000000 0.489879
128.000000 0.490211
129.000000 0.490532
130.000000 0.490842
131.000000 0.491142
132.000000 0.491433
133.000000 0.491714
134.000000 0.491985
135.000000 0.492248
136.000000 0.492502
137.000000 0.492748
138.000000 0.492986
139.000000 0.493216
140.000000 0.493438
141.000000 0.493653
142.000000 0.493861
143.000000 0.494063
144.000000 0.494257
145.000000 0.494446
146.000000 0.494628
147.000000 0.494804
148.000000 0.494974
149.000000 0.495139
150.000000 0.495298
151.000000 0.495452
152.000000 0.495601
153.000000 0.495746
154.000000 0.495885
155.000000 0.496020
156.000000 0.496151
157.000000 0.496277
158.000000 0.496399
159.000000 0.496517
160.000000 0.496631
161.000000 0.496741
162.000000 0.496848
163.000000 0.496952
164.000000 0.497052
165.000000 0.497148
166.000000 0.497242
167.000000 0.497332
168.000000 0.497420
169.000000 0.497504
170.000000 0.497586
171.000000 0.497665
172.000000 0.497742
173.000000 0.497816
174.000000 0.497887
175.000000 0.497957
176.000000 0.498024
177.000000 0.498088
178.000000 0.498151
179.000000 0.498212
180.000000 0.498270
181.000000 0.498327
182.000000 0.498382
183.000000 0.498435
184.000000 0.498486
185.000000 0.498536
186.000000 0.498584
187.000000 0.498630
188.000000 0.498675
189.000000 0.498719
190.000000 0.498761
191.000000 0.498801
192.000000 0.498841
193.000000 0.498879
194.000000 0.498915
195.000000 0.498951
196.000000 0.498985
197.000000 0.499019
198.000000 0.499051
199.000000 0.499082
200.000000 0.499112
