1.000000 0.000000
2.000000 0.000000
3.000000 0.000000
4.000000 0.000000
5.000000 0.000000
6.000000 0.000000
7.000000 0.000000
8.000000 0.000000
9.000000 0.000000
10.000000 0.000000
11.000000 0.009588
12.000000 0.018914
13.000000 0.027984
14.000000 0.036806
15.000000 0.045386
16.000000 0.053731
17.000000 0.061848
18.000000 0.069742
19.000000 0.077420
20.000000 0.084887
21.000000 0.092150
22.000000 0.099214
23.000000 0.106084
24.000000 0.112767
25.000000 0.119266
26.000000 0.125587
27.000000 0.131735
28.000000 0.137714
29.000000 0.143530
30.000000 0.149186
31.000000 0.154688
32.000000 0.160038
33.000000 0.165242
34.000000 0.170304
35.000000 0.175227
36.000000 0.180015
37.000000 0.184672
38.000000 0.189201
39.000000 0.193606
40.000000 0.197891
41.000000 0.202058
42.000000 0.206111
43.000000 0.210053
44.000000 0.213887
45.000000 0.217615
46.000000 0.221242
47.000000 0.224770
48.000000 0.228200
49.000000 0.231537
50.000000 0.234782
51.000000 0.237939
52.000000 0.241009
53.000000 0.243995
54.000000 0.246899
55.000000 0.249723
56.000000 0.252470
57.000000 0.255142
58.000000 0.257741
59.000000 0.260268
60.000000 0.262727
61.000000 0.265118
62.000000 0.267443
63.000000 0.269705
64.000000 0.271904
65.000000 0.274044
66.000000 0.276125
67.000000 0.278149
68.000000 0.280117
69.000000 0.282032
70.000000 0.283894
71.000000 0.285705
72.000000 0.287466
73.000000 0.289179
74.000000 0.290845
75.000000 0.292466
76.000000 0.294042
77.000000 0.295575
78.000000 0.297066
79.000000 0.298516
80.000000 0.299927
81.000000 0.301298
82.000000 0.302633
83.000000 0.303930
84.000000 0.305192
85.000000 0.306420
86.000000 0.307614
87.000000 0.308775
88.000000 0.309904
89.000000 0.311003
90.000000 0.312071
91.000000 0.313110
92.000000 0.314121
93.000000 0.315104
94.000000 0.316060
95.000000 0.316990
96.000000 0.317894
97.000000 0.318774
98.000000 0.319629
99.000000 0.320461
100.000000 0.321270
101.000000 0.322057
102.000000 0.322823
103.000000 0.323567
104.000000 0.324291
105.000000 0.324996
106.000000 0.325681
107.000000 0.326347
108.000000 0.326995
109.000000 0.327625
110.000000 0.328238
111.000000 0.328834
112.000000 0.329414
113.000000 0.329978
114.000000 0.330527
115.000000 0.331060
116.000000 0.331579
117.000000 0.332084
118.000000 0.332575
119.000000 0.333052
120.000000 0.333516
121.000000 0.333968
122.000000 0.334407
123.000000 0.334834
124.000000 0.335250
125.000000 0.335654
126.000000 0.336047
127.000000 0.336429
128.000000 0.336801
129.000000 0.337162
130.000000 0.337514
131.000000 0.337856
132.000000 0.338189
133.000000 0.338512
134.000000 0.338827
135.000000 0.339133
136.000000 0.339431
137.000000 0.339720
138.000000 0.340002
139.000000 0.340276
140.000000 0.340542
141.000000 0.340801
142.000000 0.341053
143.000000 0.341299
144.000000 0.341537
145.000000 0.341769
146.000000 0.341994
147.000000 0.342214
148.000000 0.342427
149.000000 0.342634
150.000000 0.342836
151.000000 0.343032
152.000000 0.343223
153.000000 0.343409
154.000000 0.343590
155.000000 0.343765
156.000000 0.343936
157.000000 0.344102
158.000000 0.344264
159.000000 0.344421
160.000000 0.344574
161.000000 0.344722
162.000000 0.344867
163.000000 0.345008
164.000000 0.345144
165.000000 0.345277
166.000000 0.345407
167.000000 0.345533
168.000000 0.345655
169.000000 0.345774
170.000000 0.345890
171.000000 0.346002
172.000000 0.346112
173.000000 0.346218
174.000000 0.346322
175.000000 0.346423
176.000000 0.346521
177.000000 0.346616
178.000000 0.346709
179.000000 0.346799
180.000000 0.346887
181.000000 0.346972
182.000000 0.347055
183.000000 0.347136
184.000000 0.347214
185.000000 0.347290
186.000000 0.347365
187.000000 0.347437
188.000000 0.347507
189.000000 0.347575
190.000000 0.347642
191.000000 0.347706
192.000000 0.347769
193.000000 0.347830
194.000000 0.347890
195.000000 0.347948
196.000000 0.348004
197.000000 0.348058
198.000000 0.348112
199.000000 0.348163
200.000000 0.348214
