1.000000 0.000000
2.000000 0.000000
3.000000 0.000000
4.000000 0.000000
5.000000 0.000000
6.000000 0.000000
7.000000 0.000000
8.000000 0.000000
9.000000 0.000000
10.000000 0.000000
11.000000 0.038380
12.000000 0.070867
13.000000 0.098367
14.000000 0.121646
15.000000 0.141350
16.000000 0.158030
17.000000 0.172149
18.000000 0.184101
19.000000 0.194217
20.000000 0.202781
21.000000 0.210030
22.000000 0.216166
23.000000 0.221360
24.000000 0.225757
25.000000 0.229479
26.000000 0.232629
27.000000 0.235296
28.000000 0.237553
29.000000 0.239464
30.000000 0.241082
31.000000 0.242451
32.000000 0.243610
33.000000 0.244591
34.000000 0.245421
35.000000 0.246124
36.000000 0.246719
37.000000 0.247223
38.000000 0.247649
39.000000 0.248010
40.000000 0.248316
41.000000 0.248574
42.000000 0.248793
43.000000 0.248978
44.000000 0.249135
45.000000 0.249268
46.000000 0.249380
47.000000 0.249475
48.000000 0.249556
49.000000 0.249624
50.000000 0.249682
51.000000 0.249731
52.000000 0.249772
53.000000 0.249807
54.000000 0.249837
55.000000 0.249862
56.000000 0.249883
57.000000 0.249901
58.000000 0.249916
59.000000 0.249929
60.000000 0.249940
61.000000 0.249949
62.000000 0.249957
63.000000 0.249964
64.000000 0.249969
65.000000 0.249974
66.000000 0.249978
67.000000 0.249981
68.000000 0.249984
69.000000 0.249987
70.000000 0.249989
71.000000 0.249990
72.000000 0.249992
73.000000 0.249993
74.000000 0.249994
75.000000 0.249995
76.000000 0.249996
77.000000 0.249996
78.000000 0.249997
79.000000 0.249997
80.000000 0.249998
81.000000 0.249998
82.000000 0.249998
83.000000 0.249999
84.000000 0.249999
85.000000 0.249999
86.000000 0.249999
87.000000 0.249999
88.000000 0.249999
89.000000 0.250000
90.000000 0.250000
91.000000 0.250000
92.000000 0.250000
93.000000 0.250000
94.000000 0.250000
95.000000 0.250000
96.000000 0.250000
97.000000 0.250000
98.000000 0.250000
99.000000 0.250000
100.000000 0.250000
101.000000 0.250000
102.000000 0.250000
103.000000 0.250000
104.000000 0.250000
105.000000 0.250000
106.000000 0.250000
107.000000 0.250000
108.000000 0.250000
109.000000 0.250000
110.000000 0.250000
111.000000 0.250000
112.000000 0.250000
113.000000 0.250000
114.000000 0.250000
115.000000 0.250000
116.000000 0.250000
117.000000 0.250000
118.000000 0.250000
119.000000 0.250000
120.000000 0.250000
121.000000 0.250000
122.000000 0.250000
123.000000 0.250000
124.000000 0.250000
125.000000 0.250000
126.000000 0.250000
127.000000 0.250000
128.000000 0.250000
129.000000 0.250000
130.000000 0.250000
131.000000 0.250000
132.000000 0.250000
133.000000 0.250000
134.000000 0.250000
135.000000 0.250000
136.000000 0.250000
137.000000 0.250000
138.000000 0.250000
139.000000 0.250000
140.000000 0.250000
141.000000 0.250000
142.000000 0.250000
143.000000 0.250000
144.000000 0.250000
145.000000 0.250000
146.000000 0.250000
147.000000 0.250000
148.000000 0.250000
149.000000 0.250000
150.000000 0.250000
151.000000 0.250000
152.000000 0.250000
153.000000 0.250000
154.000000 0.250000
155.000000 0.250000
156.000000 0.250000
157.000000 0.250000
158.000000 0.250000
159.000000 0.250000
160.000000 0.250000
161.000000 0.250000
162.000000 0.250000
163.000000 0.250000
164.000000 0.250000
165.000000 0.250000
166.000000 0.250000
167.000000 0.250000
168.000000 0.250000
169.000000 0.250000
170.000000 0.250000
171.000000 0.250000
172.000000 0.250000
173.000000 0.250000
174.000000 0.250000
175.000000 0.250000
176.000000 0.250000
177.000000 0.250000
178.000000 0.250000
179.000000 0.250000
180.000000 0.250000
181.000000 0.250000
182.000000 0.250000
183.000000 0.250000
184.000000 0.250000
185.000000 0.250000
186.000000 0.250000
187.000000 0.250000
188.000000 0.250000
189.000000 0.250000
190.000000 0.250000
191.000000 0.250000
192.000000 0.250000
193.000000 0.250000
194.000000 0.250000
195.000000 0.250000
196.000000 0.250000
197.000000 0.250000
198.000000 0.250000
199.000000 0.250000
200.000000 0.250000
