1.000000 0.000000
2.000000 0.000000
3.000000 0.000000
4.000000 0.000000
5.000000 0.000000
6.000000 0.000000
7.000000 0.000000
8.000000 0.000000
9.000000 0.000000
10.000000 0.000128
11.000000 0.000188
12.000000 0.000263
13.000000 0.000340
14.000000 0.000416
15.000000 0.000492
16.000000 0.000566
17.000000 0.000640
18.000000 0.000712
19.000000 0.000782
20.000000 0.000850
21.000000 0.000916
22.000000 0.000980
23.000000 0.001042
24.000000 0.001102
25.000000 0.001159
26.000000 0.001214
27.000000 0.001267
28.000000 0.001317
29.000000 0.001365
30.000000 0.001411
31.000000 0.001454
32.000000 0.001495
33.000000 0.001534
34.000000 0.001571
35.000000 0.001606
36.000000 0.001639
37.000000 0.001670
38.000000 0.001698
39.000000 0.001725
40.000000 0.001750
41.000000 0.001774
42.000000 0.001795
43.000000 0.001815
44.000000 0.001834
45.000000 0.001851
46.000000 0.001866
47.000000 0.001880
48.000000 0.001893
49.000000 0.001904
50.000000 0.001915
51.000000 0.001924
52.000000 0.001932
53.000000 0.001939
54.000000 0.001946
55.000000 0.001951
56.000000 0.001955
57.000000 0.001959
58.000000 0.001962
59.000000 0.001964
60.000000 0.001966
61.000000 0.001967
62.000000 0.001968
63.000000 0.001968
64.000000 0.001967
65.000000 0.001966
66.000000 0.001965
67.000000 0.001963
68.000000 0.001961
69.000000 0.001959
70.000000 0.001957
71.000000 0.001954
72.000000 0.001951
73.000000 0.001948
74.000000 0.001945
75.000000 0.001941
76.000000 0.001938
77.000000 0.001934
78.000000 0.001931
79.000000 0.001927
80.000000 0.001923
81.000000 0.001920
82.000000 0.001916
83.000000 0.001912
84.000000 0.001908
85.000000 0.001905
86.000000 0.001901
87.000000 0.001898
88.000000 0.001894
89.000000 0.001891
90.000000 0.001887
91.000000 0.001884
92.000000 0.001881
93.000000 0.001878
94.000000 0.001874
95.000000 0.001871
96.000000 0.001869
97.000000 0.001866
98.000000 0.001863
99.000000 0.001861
100.000000 0.001858
101.000000 0.001856
102.000000 0.001853
103.000000 0.001851
104.000000 0.001849
105.000000 0.001847
106.000000 0.001845
107.000000 0.001843
108.000000 0.001842
109.000000 0.001840
110.000000 0.003597
111.000000 0.002312
112.000000 0.002315
113.000000 0.002328
114.000000 0.002333
115.000000 0.002332
116.000000 0.002325
117.000000 0.002314
118.000000 0.002298
119.000000 0.002278
120.000000 0.002253
121.000000 0.002225
122.000000 0.002194
123.000000 0.002160
124.000000 0.002124
125.000000 0.002085
126.000000 0.002044
127.000000 0.002001
128.000000 0.001957
129.000000 0.001912
130.000000 0.001866
131.000000 0.001819
132.000000 0.001771
133.000000 0.001723
134.000000 0.001675
135.000000 0.001627
136.000000 0.001579
137.000000 0.001531
138.000000 0.001484
139.000000 0.001438
140.000000 0.001392
141.000000 0.001346
142.000000 0.001302
143.000000 0.001258
144.000000 0.001216
145.000000 0.001174
146.000000 0.001134
147.000000 0.001095
148.000000 0.001056
149.000000 0.001019
150.000000 0.000984
151.000000 0.000949
152.000000 0.000916
153.000000 0.000884
154.000000 0.000854
155.000000 0.000824
156.000000 0.000796
157.000000 0.000769
158.000000 0.000744
159.000000 0.000719
160.000000 0.000696
161.000000 0.000674
162.000000 0.000653
163.000000 0.000633
164.000000 0.000615
165.000000 0.000597
166.000000 0.000581
167.000000 0.000565
168.000000 0.000551
169.000000 0.000537
170.000000 0.000525
171.000000 0.000513
172.000000 0.000502
173.000000 0.000492
174.000000 0.000483
175.000000 0.000474
176.000000 0.000467
177.000000 0.000460
178.000000 0.000453
179.000000 0.000447
180.000000 0.000442
181.000000 0.000438
182.000000 0.000434
183.000000 0.000430
184.000000 0.000427
185.000000 0.000424
186.000000 0.000422
187.000000 0.000420
188.000000 0.000419
189.000000 0.000418
190.000000 0.000417
191.000000 0.000416
192.000000 0.000416
193.000000 0.000416
194.000000 0.000416
195.000000 0.000417
196.000000 0.000417
197.000000 0.000418
198.000000 0.000419
199.000000 0.000420
200.000000 0.000422
201.000000 0.000423
202.000000 0.000424
203.000000 0.000426
204.000000 0.000427
205.000000 0.000429
206.000000 0.000431
207.000000 0.000433
208.000000 0.000434
209.000000 0.000436
210.000000 0.000386
211.000000 0.000372
212.000000 0.000347
213.000000 0.000323
214.000000 0.000300
215.000000 0.000278
216.000000 0.000257
217.000000 0.000237
218.000000 0.000218
219.000000 0.000199
220.000000 0.000182
221.000000 0.000165
222.000000 0.000150
223.000000 0.000135
224.000000 0.000121
225.000000 0.000108
226.000000 0.000095
227.000000 0.000084
228.000000 0.000073
229.000000 0.000063
230.000000 0.000053
231.000000 0.000044
232.000000 0.000036
233.000000 0.000029
234.000000 0.000022
235.000000 0.000015
236.000000 0.000010
237.000000 0.000004
238.000000 -0.000000
239.000000 -0.000005
240.000000 -0.000009
241.000000 -0.000012
242.000000 -0.000015
243.000000 -0.000018
244.000000 -0.000020
245.000000 -0.000022
246.000000 -0.000024
247.000000 -0.000025
248.000000 -0.000026
249.000000 -0.000027
250.000000 -0.000027
251.000000 -0.000028
252.000000 -0.000028
253.000000 -0.000028
254.000000 -0.000028
255.000000 -0.000027
256.000000 -0.000027
257.000000 -0.000026
258.000000 -0.000025
259.000000 -0.000024
260.000000 -0.000023
261.000000 -0.000022
262.000000 -0.000021
263.000000 -0.000020
264.000000 -0.000019
265.000000 -0.000018
266.000000 -0.000016
267.000000 -0.000015
268.000000 -0.000013
269.000000 -0.000012
270.000000 -0.000011
271.000000 -0.000009
272.000000 -0.000008
273.000000 -0.000006
274.000000 -0.000005
275.000000 -0.000004
276.000000 -0.000002
277.000000 -0.000001
278.000000 0.000000
279.000000 0.000002
280.000000 0.000003
281.000000 0.000004
282.000000 0.000006
283.000000 0.000007
284.000000 0.000008
285.000000 0.000009
286.000000 0.000010
287.000000 0.000011
288.000000 0.000012
289.000000 0.000013
290.000000 0.000014
291.000000 0.000015
292.000000 0.000016
293.000000 0.000017
294.000000 0.000018
295.000000 0.000018
296.000000 0.000019
297.000000 0.000020
298.000000 0.000020
299.000000 0.000021
300.000000 0.000022
301.000000 0.000022
302.000000 0.000023
303.000000 0.000023
304.000000 0.000024
305.000000 0.000024
306.000000 0.000024
307.000000 0.000025
308.000000 0.000025
309.000000 0.000025
310.000000 0.000054
311.000000 0.000068
312.000000 0.000085
313.000000 0.000102
314.000000 0.000119
315.000000 0.000136
316.000000 0.000153
317.000000 0.000169
318.000000 0.000186
319.000000 0.000201
320.000000 0.000217
321.000000 0.000231
322.000000 0.000246
323.000000 0.000260
324.000000 0.000273
325.000000 0.000286
326.000000 0.000298
327.000000 0.000310
328.000000 0.000321
329.000000 0.000332
330.000000 0.000342
331.000000 0.000351
332.000000 0.000361
333.000000 0.000369
334.000000 0.000377
335.000000 0.000385
336.000000 0.000392
337.000000 0.000399
338.000000 0.000406
339.000000 0.000411
340.000000 0.000417
341.000000 0.000422
342.000000 0.000427
343.000000 0.000431
344.000000 0.000435
345.000000 0.000439
346.000000 0.000442
347.000000 0.000446
348.000000 0.000448
349.000000 0.000451
350.000000 0.000453
351.000000 0.000455
352.000000 0.000457
353.000000 0.000458
354.000000 0.000460
355.000000 0.000461
356.000000 0.000462
357.000000 0.000463
358.000000 0.000463
359.000000 0.000464
360.000000 0.000464
361.000000 0.000464
362.000000 0.000464
363.000000 0.000464
364.000000 0.000464
365.000000 0.000464
366.000000 0.000464
367.000000 0.000463
368.000000 0.000463
369.000000 0.000462
370.000000 0.000462
371.000000 0.000461
372.000000 0.000460
373.000000 0.000460
374.000000 0.000459
375.000000 0.000458
376.000000 0.000457
377.000000 0.000456
378.000000 0.000456
379.000000 0.000455
380.000000 0.000454
381.000000 0.000453
382.000000 0.000452
383.000000 0.000451
384.000000 0.000451
385.000000 0.000450
386.000000 0.000449
387.000000 0.000448
388.000000 0.000447
389.000000 0.000447
390.000000 0.000446
391.000000 0.000445
392.000000 0.000444
393.000000 0.000444
394.000000 0.000443
395.000000 0.000442
396.000000 0.000442
397.000000 0.000441
398.000000 0.000440
399.000000 0.000440
400.000000 0.000439
401.000000 0.000439
402.000000 0.000438
403.000000 0.000438
404.000000 0.000437
405.000000 0.000437
406.000000 0.000436
407.000000 0.000436
408.000000 0.000436
409.000000 0.000435
410.000000 -0.000620
411.000000 0.000150
412.000000 0.000147
413.000000 0.000138
414.000000 0.000134
415.000000 0.000134
416.000000 0.000137
417.000000 0.000143
418.000000 0.000152
419.000000 0.000163
420.000000 0.000177
421.000000 0.000193
422.000000 0.000211
423.000000 0.000231
424.000000 0.000253
425.000000 0.000276
426.000000 0.000300
427.000000 0.000325
428.000000 0.000351
429.000000 0.000378
430.000000 0.000406
431.000000 0.000434
432.000000 0.000462
433.000000 0.000491
434.000000 0.000519
435.000000 0.000548
436.000000 0.000577
437.000000 0.000605
438.000000 0.000634
439.000000 0.000662
440.000000 0.000689
441.000000 0.000717
442.000000 0.000743
443.000000 0.000769
444.000000 0.000795
445.000000 0.000820
446.000000 0.000844
447.000000 0.000868
448.000000 0.000891
449.000000 0.000913
450.000000 0.000935
451.000000 0.000955
452.000000 0.000976
453.000000 0.000995
454.000000 0.001013
455.000000 0.001031
456.000000 0.001048
457.000000 0.001064
458.000000 0.001080
459.000000 0.001095
460.000000 0.001109
461.000000 0.001122
462.000000 0.001135
463.000000 0.001147
464.000000 0.001158
465.000000 0.001168
466.000000 0.001178
467.000000 0.001188
468.000000 0.001197
469.000000 0.001205
470.000000 0.001212
471.000000 0.001220
472.000000 0.001226
473.000000 0.001232
474.000000 0.001238
475.000000 0.001243
476.000000 0.001248
477.000000 0.001252
478.000000 0.001256
479.000000 0.001260
480.000000 0.001263
481.000000 0.001266
482.000000 0.001268
483.000000 0.001270
484.000000 0.001272
485.000000 0.001274
486.000000 0.001275
487.000000 0.001276
488.000000 0.001277
489.000000 0.001278
490.000000 0.001279
491.000000 0.001279
492.000000 0.001279
493.000000 0.001279
494.000000 0.001279
495.000000 0.001279
496.000000 0.001278
497.000000 0.001278
498.000000 0.001277
499.000000 0.001277
500.000000 0.001276
501.000000 0.001275
502.000000 0.001274
503.000000 0.001273
504.000000 0.001272
505.000000 0.001271
506.000000 0.001270
507.000000 0.001269
508.000000 0.001268
509.000000 0.001267
510.000000 0.001187
511.000000 0.001163
512.000000 0.001122
513.000000 0.001082
514.000000 0.001044
515.000000 0.001007
516.000000 0.000971
517.000000 0.000937
518.000000 0.000905
519.000000 0.000874
520.000000 0.000844
521.000000 0.000816
522.000000 0.000789
523.000000 0.000763
524.000000 0.000739
525.000000 0.000716
526.000000 0.000694
527.000000 0.000674
528.000000 0.000655
529.000000 0.000637
530.000000 0.000620
531.000000 0.000604
532.000000 0.000590
533.000000 0.000576
534.000000 0.000564
535.000000 0.000552
536.000000 0.000541
537.000000 0.000532
538.000000 0.000523
539.000000 0.000515
540.000000 0.000507
541.000000 0.000500
542.000000 0.000495
543.000000 0.000489
544.000000 0.000484
545.000000 0.000480
546.000000 0.000477
547.000000 0.000474
548.000000 0.000471
549.000000 0.000469
550.000000 0.000467
551.000000 0.000466
552.000000 0.000465
553.000000 0.000465
554.000000 0.000464
555.000000 0.000464
556.000000 0.000465
557.000000 0.000465
558.000000 0.000466
559.000000 0.000467
560.000000 0.000468
561.000000 0.000470
562.000000 0.000471
563.000000 0.000473
564.000000 0.000474
565.000000 0.000476
566.000000 0.000478
567.000000 0.000480
568.000000 0.000482
569.000000 0.000484
570.000000 0.000486
571.000000 0.000488
572.000000 0.000491
573.000000 0.000493
574.000000 0.000495
575.000000 0.000497
576.000000 0.000499
577.000000 0.000502
578.000000 0.000504
579.000000 0.000506
580.000000 0.000508
581.000000 0.000510
582.000000 0.000512
583.000000 0.000514
584.000000 0.000516
585.000000 0.000517
586.000000 0.000519
587.000000 0.000521
588.000000 0.000523
589.000000 0.000524
590.000000 0.000526
591.000000 0.000527
592.000000 0.000529
593.000000 0.000530
594.000000 0.000531
595.000000 0.000533
596.000000 0.000534
597.000000 0.000535
598.000000 0.000536
599.000000 0.000537
600.000000 0.000538
601.000000 0.000539
602.000000 0.000540
603.000000 0.000541
604.000000 0.000542
605.000000 0.000542
606.000000 0.000543
607.000000 0.000544
608.000000 0.000544
609.000000 0.000545
610.000000 0.000404
611.000000 0.000337
612.000000 0.000254
613.000000 0.000170
614.000000 0.000085
615.000000 0.000001
616.000000 -0.000082
617.000000 -0.000163
618.000000 -0.000242
619.000000 -0.000320
620.000000 -0.000396
621.000000 -0.000469
622.000000 -0.000540
623.000000 -0.000609
624.000000 -0.000675
625.000000 -0.000738
626.000000 -0.000799
627.000000 -0.000858
628.000000 -0.000914
629.000000 -0.000967
630.000000 -0.001018
631.000000 -0.001066
632.000000 -0.001112
633.000000 -0.001156
634.000000 -0.001197
635.000000 -0.001235
636.000000 -0.001272
637.000000 -0.001306
638.000000 -0.001338
639.000000 -0.001368
640.000000 -0.001396
641.000000 -0.001422
642.000000 -0.001446
643.000000 -0.001468
644.000000 -0.001489
645.000000 -0.001507
646.000000 -0.001525
647.000000 -0.001540
648.000000 -0.001555
649.000000 -0.001568
650.000000 -0.001579
651.000000 -0.001590
652.000000 -0.001599
653.000000 -0.001607
654.000000 -0.001614
655.000000 -0.001620
656.000000 -0.001625
657.000000 -0.001629
658.000000 -0.001633
659.000000 -0.001635
660.000000 -0.001637
661.000000 -0.001638
662.000000 -0.001639
663.000000 -0.001639
664.000000 -0.001639
665.000000 -0.001638
666.000000 -0.001636
667.000000 -0.001635
668.000000 -0.001633
669.000000 -0.001630
670.000000 -0.001627
671.000000 -0.001624
672.000000 -0.001621
673.000000 -0.001618
674.000000 -0.001614
675.000000 -0.001611
676.000000 -0.001607
677.000000 -0.001603
678.000000 -0.001599
679.000000 -0.001595
680.000000 -0.001591
681.000000 -0.001587
682.000000 -0.001583
683.000000 -0.001578
684.000000 -0.001574
685.000000 -0.001570
686.000000 -0.001566
687.000000 -0.001562
688.000000 -0.001558
689.000000 -0.001555
690.000000 -0.001551
691.000000 -0.001547
692.000000 -0.001544
693.000000 -0.001540
694.000000 -0.001537
695.000000 -0.001533
696.000000 -0.001530
697.000000 -0.001527
698.000000 -0.001524
699.000000 -0.001521
700.000000 -0.001518
701.000000 -0.001516
702.000000 -0.001513
703.000000 -0.001511
704.000000 -0.001508
705.000000 -0.001506
706.000000 -0.001504
707.000000 -0.001502
708.000000 -0.001500
709.000000 -0.001498
710.000000 -0.000793
711.000000 -0.001305
712.000000 -0.001302
713.000000 -0.001295
714.000000 -0.001291
715.000000 -0.001290
716.000000 -0.001290
717.000000 -0.001294
718.000000 -0.001299
719.000000 -0.001305
720.000000 -0.001314
721.000000 -0.001324
722.000000 -0.001335
723.000000 -0.001348
724.000000 -0.001362
725.000000 -0.001377
726.000000 -0.001392
727.000000 -0.001409
728.000000 -0.001426
729.000000 -0.001444
730.000000 -0.001462
731.000000 -0.001480
732.000000 -0.001499
733.000000 -0.001518
734.000000 -0.001537
735.000000 -0.001556
736.000000 -0.001575
737.000000 -0.001594
738.000000 -0.001613
739.000000 -0.001631
740.000000 -0.001650
741.000000 -0.001668
742.000000 -0.001686
743.000000 -0.001703
744.000000 -0.001720
745.000000 -0.001737
746.000000 -0.001753
747.000000 -0.001769
748.000000 -0.001785
749.000000 -0.001800
750.000000 -0.001814
751.000000 -0.001828
752.000000 -0.001841
753.000000 -0.001854
754.000000 -0.001867
755.000000 -0.001879
756.000000 -0.001890
757.000000 -0.001901
758.000000 -0.001912
759.000000 -0.001922
760.000000 -0.001931
761.000000 -0.001940
762.000000 -0.001949
763.000000 -0.001957
764.000000 -0.001965
765.000000 -0.001972
766.000000 -0.001979
767.000000 -0.001985
768.000000 -0.001991
769.000000 -0.001997
770.000000 -0.002002
771.000000 -0.002007
772.000000 -0.002011
773.000000 -0.002015
774.000000 -0.002019
775.000000 -0.002023
776.000000 -0.002026
777.000000 -0.002029
778.000000 -0.002032
779.000000 -0.002034
780.000000 -0.002036
781.000000 -0.002038
782.000000 -0.002040
783.000000 -0.002042
784.000000 -0.002043
785.000000 -0.002044
786.000000 -0.002045
787.000000 -0.002046
788.000000 -0.002047
789.000000 -0.002047
790.000000 -0.002047
791.000000 -0.002048
792.000000 -0.002048
793.000000 -0.002048
794.000000 -0.002048
795.000000 -0.002048
796.000000 -0.002048
797.000000 -0.002047
798.000000 -0.002047
799.000000 -0.002046
800.000000 -0.002046
801.000000 -0.002045
802.000000 -0.002045
803.000000 -0.002044
804.000000 -0.002044
805.000000 -0.002043
806.000000 -0.002042
807.000000 -0.002041
808.000000 -0.002041
809.000000 -0.002040
810.000000 -0.001908
811.000000 -0.001868
812.000000 -0.001801
813.000000 -0.001736
814.000000 -0.001673
815.000000 -0.001613
816.000000 -0.001555
817.000000 -0.001499
818.000000 -0.001446
819.000000 -0.001395
820.000000 -0.001346
821.000000 -0.001300
822.000000 -0.001256
823.000000 -0.001215
824.000000 -0.001175
825.000000 -0.001138
826.000000 -0.001103
827.000000 -0.001070
828.000000 -0.001039
829.000000 -0.001010
830.000000 -0.000982
831.000000 -0.000957
832.000000 -0.000933
833.000000 -0.000911
834.000000 -0.000891
835.000000 -0.000872
836.000000 -0.000855
837.000000 -0.000839
838.000000 -0.000825
839.000000 -0.000812
840.000000 -0.000800
841.000000 -0.000789
842.000000 -0.000780
843.000000 -0.000771
844.000000 -0.000764
845.000000 -0.000757
846.000000 -0.000752
847.000000 -0.000747
848.000000 -0.000743
849.000000 -0.000740
850.000000 -0.000737
851.000000 -0.000735
852.000000 -0.000734
853.000000 -0.000733
854.000000 -0.000733
855.000000 -0.000733
856.000000 -0.000734
857.000000 -0.000735
858.000000 -0.000736
859.000000 -0.000738
860.000000 -0.000740
861.000000 -0.000742
862.000000 -0.000745
863.000000 -0.000747
864.000000 -0.000750
865.000000 -0.000753
866.000000 -0.000756
867.000000 -0.000760
868.000000 -0.000763
869.000000 -0.000767
870.000000 -0.000770
871.000000 -0.000774
872.000000 -0.000777
873.000000 -0.000781
874.000000 -0.000785
875.000000 -0.000788
876.000000 -0.000792
877.000000 -0.000795
878.000000 -0.000799
879.000000 -0.000802
880.000000 -0.000806
881.000000 -0.000809
882.000000 -0.000812
883.000000 -0.000815
884.000000 -0.000819
885.000000 -0.000822
886.000000 -0.000824
887.000000 -0.000827
888.000000 -0.000830
889.000000 -0.000833
890.000000 -0.000835
891.000000 -0.000838
892.000000 -0.000840
893.000000 -0.000842
894.000000 -0.000845
895.000000 -0.000847
896.000000 -0.000849
897.000000 -0.000850
898.000000 -0.000852
899.000000 -0.000854
900.000000 -0.000856
