1.000000 0.000000
2.000000 0.000000
3.000000 0.000000
4.000000 0.000000
5.000000 0.000000
6.000000 0.000000
7.000000 0.000000
8.000000 0.000000
9.000000 0.000000
10.000000 0.000000
11.000000 8.631421
12.000000 9.071845
13.000000 9.007222
14.000000 8.999371
15.000000 8.999630
16.000000 8.999739
17.000000 8.999762
18.000000 8.999764
19.000000 8.999800
20.000000 8.999819
21.000000 8.999827
22.000000 8.999845
23.000000 8.999863
24.000000 8.999875
25.000000 8.999888
26.000000 8.999894
27.000000 8.999921
28.000000 8.999918
29.000000 8.999934
30.000000 8.999937
31.000000 8.999948
32.000000 8.999956
33.000000 8.999968
34.000000 8.999966
35.000000 8.999977
36.000000 8.999983
37.000000 8.999984
38.000000 8.999991
39.000000 8.999994
40.000000 9.000001
41.000000 9.000000
42.000000 9.000001
43.000000 9.000013
44.000000 9.000012
45.000000 9.000009
46.000000 9.000020
47.000000 9.000012
48.000000 9.000026
49.000000 9.000015
50.000000 9.000020
51.000000 9.000023
52.000000 9.000026
53.000000 9.000028
54.000000 9.000021
55.000000 9.000032
56.000000 9.000024
57.000000 9.000025
58.000000 9.000026
59.000000 9.000034
60.000000 9.000026
61.000000 9.000026
62.000000 9.000027
63.000000 9.000026
64.000000 9.000026
65.000000 9.000026
66.000000 9.000025
67.000000 9.000025
68.000000 9.000024
69.000000 9.000024
70.000000 9.000023
71.000000 9.000023
72.000000 9.000022
73.000000 9.000021
74.000000 9.000021
75.000000 9.000020
76.000000 9.000019
77.000000 9.000019
78.000000 9.000018
79.000000 9.000017
80.000000 9.000016
81.000000 9.000016
82.000000 9.000015
83.000000 9.000014
84.000000 9.000014
85.000000 9.000013
86.000000 9.000012
87.000000 9.000012
88.000000 9.000011
89.000000 9.000010
90.000000 9.000010
91.000000 9.000009
92.000000 9.000008
93.000000 9.000008
94.000000 9.000007
95.000000 9.000007
96.000000 9.000007
97.000000 9.000006
98.000000 9.000006
99.000000 9.000005
100.000000 9.000005
101.000000 9.000004
102.000000 9.000004
103.000000 9.000004
104.000000 9.000003
105.000000 9.000003
106.000000 9.000002
107.000000 9.000002
108.000000 9.000002
109.000000 9.000002
110.000000 9.000001
111.000000 9.057670
112.000000 8.991818
113.000000 8.999932
114.000000 9.000312
115.000000 9.000322
116.000000 9.000335
117.000000 9.000321
118.000000 9.000330
119.000000 9.000321
120.000000 9.000310
121.000000 9.000309
122.000000 9.000321
123.000000 9.000295
124.000000 9.000287
125.000000 9.000268
126.000000 9.000291
127.000000 9.000276
128.000000 9.000252
129.000000 9.000267
130.000000 9.000219
131.000000 9.000240
132.000000 9.000220
133.000000 9.000228
134.000000 9.000197
135.000000 9.000206
136.000000 9.000173
137.000000 9.000191
138.000000 9.000156
139.000000 9.000162
140.000000 9.000146
141.000000 9.000165
142.000000 9.000121
143.000000 9.000114
144.000000 9.000144
145.000000 9.000101
146.000000 9.000103
147.000000 9.000089
148.000000 9.000111
149.000000 9.000080
150.000000 9.000055
151.000000 9.000091
152.000000 9.000078
153.000000 9.000042
154.000000 9.000058
155.000000 9.000056
156.000000 9.000047
157.000000 9.000026
158.000000 9.000052
159.000000 9.000039
160.000000 9.000019
161.000000 9.000017
162.000000 9.000026
163.000000 9.000020
164.000000 9.000039
165.000000 8.999979
166.000000 9.000042
167.000000 8.999984
168.000000 9.000021
169.000000 8.999998
170.000000 8.999997
171.000000 9.000011
172.000000 8.999996
173.000000 8.999986
174.000000 8.999991
175.000000 9.000015
176.000000 8.999988
177.000000 8.999967
178.000000 9.000026
179.000000 8.999966
180.000000 9.000005
181.000000 8.999971
182.000000 9.000005
183.000000 8.999982
184.000000 8.999987
185.000000 8.999991
186.000000 8.999970
187.000000 9.000006
188.000000 8.999984
189.000000 8.999968
190.000000 8.999994
191.000000 9.000005
192.000000 8.999966
193.000000 9.000001
194.000000 8.999981
195.000000 8.999970
196.000000 9.000004
197.000000 8.999979
198.000000 9.000007
199.000000 8.999977
200.000000 8.999998
201.000000 8.999961
202.000000 9.000023
203.000000 8.999970
204.000000 8.999981
205.000000 9.000003
206.000000 8.999984
207.000000 8.999999
208.000000 8.999997
209.000000 8.999969
210.000000 9.000023
211.000000 9.006733
212.000000 8.998765
213.000000 8.999927
214.000000 9.000062
215.000000 9.000094
216.000000 9.000066
217.000000 9.000032
218.000000 9.000063
219.000000 9.000036
220.000000 9.000018
221.000000 9.000049
222.000000 9.000004
223.000000 9.000042
224.000000 9.000001
225.000000 9.000027
226.000000 8.999996
227.000000 9.000007
228.000000 9.000028
229.000000 8.999978
230.000000 9.000024
231.000000 8.999986
232.000000 9.000028
233.000000 8.999968
234.000000 9.000012
235.000000 8.999991
236.000000 8.999992
237.000000 8.999998
238.000000 8.999997
239.000000 9.000003
240.000000 8.999980
241.000000 9.000005
242.000000 8.999987
243.000000 8.999976
244.000000 9.000006
245.000000 8.999995
246.000000 8.999983
247.000000 8.999972
248.000000 8.999997
249.000000 9.000002
250.000000 8.999996
251.000000 8.999996
252.000000 8.999975
253.000000 8.999992
254.000000 8.999980
255.000000 9.000012
256.000000 8.999988
257.000000 8.999979
258.000000 8.999998
259.000000 8.999973
260.000000 9.000005
261.000000 9.000007
262.000000 8.999964
263.000000 9.000000
264.000000 9.000008
265.000000 8.999991
266.000000 8.999986
267.000000 8.999985
268.000000 9.000007
269.000000 8.999991
270.000000 8.999987
271.000000 8.999987
272.000000 9.000010
273.000000 8.999994
274.000000 8.999991
275.000000 8.999991
276.000000 9.000013
277.000000 8.999974
278.000000 9.000010
279.000000 8.999997
280.000000 8.999994
281.000000 8.999994
282.000000 8.999992
283.000000 8.999993
284.000000 9.000016
285.000000 8.999977
286.000000 9.000013
287.000000 8.999976
288.000000 9.000013
289.000000 9.000000
290.000000 8.999998
291.000000 8.999997
292.000000 8.999997
293.000000 8.999996
294.000000 8.999996
295.000000 8.999997
296.000000 9.000020
297.000000 8.999981
298.000000 8.999994
299.000000 9.000020
300.000000 8.999981
301.000000 9.000018
302.000000 8.999981
303.000000 9.000017
304.000000 8.999981
305.000000 9.000017
306.000000 8.999980
307.000000 9.000016
308.000000 8.999980
309.000000 9.000017
310.000000 9.000004
311.000000 10.918097
312.000000 11.015969
313.000000 11.001608
314.000000 10.999863
315.000000 10.999920
316.000000 10.999944
317.000000 10.999950
318.000000 10.999949
319.000000 10.999958
320.000000 10.999962
321.000000 10.999963
322.000000 10.999967
323.000000 10.999971
324.000000 10.999974
325.000000 10.999976
326.000000 10.999978
327.000000 10.999984
328.000000 10.999983
329.000000 10.999987
330.000000 10.999987
331.000000 10.999989
332.000000 10.999991
333.000000 10.999994
334.000000 10.999993
335.000000 10.999995
336.000000 10.999997
337.000000 10.999997
338.000000 10.999998
339.000000 10.999999
340.000000 11.000001
341.000000 11.000000
342.000000 11.000001
343.000000 11.000003
344.000000 11.000003
345.000000 11.000002
346.000000 11.000005
347.000000 11.000003
348.000000 11.000006
349.000000 11.000003
350.000000 11.000004
351.000000 11.000005
352.000000 11.000006
353.000000 11.000006
354.000000 11.000005
355.000000 11.000007
356.000000 11.000005
357.000000 11.000006
358.000000 11.000006
359.000000 11.000008
360.000000 11.000005
361.000000 11.000005
362.000000 11.000006
363.000000 11.000006
364.000000 11.000005
365.000000 11.000006
366.000000 11.000005
367.000000 11.000005
368.000000 11.000005
369.000000 11.000005
370.000000 11.000005
371.000000 11.000005
372.000000 11.000004
373.000000 11.000005
374.000000 11.000004
375.000000 11.000004
376.000000 11.000004
377.000000 11.000004
378.000000 11.000004
379.000000 11.000004
380.000000 11.000003
381.000000 11.000003
382.000000 11.000003
383.000000 11.000003
384.000000 11.000003
385.000000 11.000003
386.000000 11.000002
387.000000 11.000003
388.000000 11.000002
389.000000 11.000002
390.000000 11.000002
391.000000 11.000002
392.000000 11.000002
393.000000 11.000002
394.000000 11.000002
395.000000 11.000002
396.000000 11.000001
397.000000 11.000002
398.000000 11.000001
399.000000 11.000001
400.000000 11.000001
401.000000 11.000001
402.000000 11.000001
403.000000 11.000001
404.000000 11.000001
405.000000 11.000000
406.000000 11.000001
407.000000 11.000000
408.000000 11.000001
409.000000 11.000000
410.000000 11.000000
411.000000 10.965399
412.000000 11.004910
413.000000 11.000041
414.000000 10.999813
415.000000 10.999807
416.000000 10.999799
417.000000 10.999807
418.000000 10.999801
419.000000 10.999807
420.000000 10.999814
421.000000 10.999814
422.000000 10.999807
423.000000 10.999822
424.000000 10.999827
425.000000 10.999838
426.000000 10.999825
427.000000 10.999834
428.000000 10.999848
429.000000 10.999839
430.000000 10.999868
431.000000 10.999855
432.000000 10.999867
433.000000 10.999862
434.000000 10.999881
435.000000 10.999875
436.000000 10.999895
437.000000 10.999884
438.000000 10.999905
439.000000 10.999902
440.000000 10.999911
441.000000 10.999900
442.000000 10.999927
443.000000 10.999931
444.000000 10.999913
445.000000 10.999939
446.000000 10.999937
447.000000 10.999946
448.000000 10.999932
449.000000 10.999951
450.000000 10.999966
451.000000 10.999945
452.000000 10.999953
453.000000 10.999974
454.000000 10.999964
455.000000 10.999966
456.000000 10.999972
457.000000 10.999984
458.000000 10.999968
459.000000 10.999976
460.000000 10.999988
461.000000 10.999990
462.000000 10.999984
463.000000 10.999987
464.000000 10.999976
465.000000 11.000012
466.000000 10.999975
467.000000 11.000010
468.000000 10.999987
469.000000 11.000001
470.000000 11.000002
471.000000 10.999993
472.000000 11.000002
473.000000 11.000008
474.000000 11.000005
475.000000 10.999991
476.000000 11.000007
477.000000 11.000020
478.000000 10.999984
479.000000 11.000020
480.000000 10.999997
481.000000 11.000017
482.000000 10.999997
483.000000 11.000011
484.000000 11.000008
485.000000 11.000005
486.000000 11.000018
487.000000 10.999996
488.000000 11.000009
489.000000 11.000019
490.000000 11.000003
491.000000 10.999997
492.000000 11.000020
493.000000 10.999999
494.000000 11.000011
495.000000 11.000018
496.000000 10.999998
497.000000 11.000013
498.000000 10.999996
499.000000 11.000014
500.000000 11.000001
501.000000 11.000023
502.000000 10.999986
503.000000 11.000018
504.000000 11.000012
505.000000 10.999998
506.000000 11.000010
507.000000 11.000000
508.000000 11.000002
509.000000 11.000019
510.000000 10.999986
511.000000 11.010137
512.000000 10.998173
513.000000 10.999893
514.000000 11.000161
515.000000 11.000104
516.000000 11.000110
517.000000 11.000093
518.000000 11.000082
519.000000 11.000057
520.000000 11.000062
521.000000 11.000054
522.000000 11.000051
523.000000 11.000014
524.000000 11.000058
525.000000 11.000015
526.000000 11.000034
527.000000 11.000006
528.000000 11.000017
529.000000 11.000020
530.000000 11.000004
531.000000 11.000013
532.000000 10.999987
533.000000 11.000010
534.000000 11.000001
535.000000 10.999994
536.000000 10.999995
537.000000 10.999997
538.000000 10.999988
539.000000 10.999988
540.000000 10.999992
541.000000 10.999987
542.000000 10.999997
543.000000 10.999984
544.000000 10.999979
545.000000 10.999993
546.000000 10.999980
547.000000 11.000010
548.000000 10.999963
549.000000 10.999994
550.000000 10.999981
551.000000 10.999978
552.000000 10.999990
553.000000 10.999981
554.000000 11.000001
555.000000 10.999959
556.000000 10.999995
557.000000 10.999994
558.000000 10.999981
559.000000 10.999982
560.000000 10.999986
561.000000 10.999978
562.000000 11.000004
563.000000 10.999983
564.000000 10.999977
565.000000 10.999990
566.000000 10.999992
567.000000 10.999994
568.000000 10.999980
569.000000 10.999991
570.000000 10.999994
571.000000 10.999995
572.000000 10.999981
573.000000 10.999992
574.000000 10.999994
575.000000 10.999994
576.000000 10.999982
577.000000 11.000006
578.000000 10.999983
579.000000 10.999993
580.000000 10.999994
581.000000 10.999996
582.000000 10.999997
583.000000 10.999997
584.000000 10.999984
585.000000 11.000007
586.000000 10.999987
587.000000 11.000009
588.000000 10.999987
589.000000 10.999996
590.000000 10.999997
591.000000 10.999997
592.000000 10.999999
593.000000 10.999998
594.000000 11.000000
595.000000 11.000000
596.000000 10.999985
597.000000 11.000010
598.000000 11.000001
599.000000 10.999987
600.000000 11.000010
601.000000 10.999989
602.000000 11.000010
603.000000 10.999989
604.000000 11.000011
605.000000 10.999989
606.000000 11.000012
607.000000 10.999990
608.000000 11.000012
609.000000 10.999990
610.000000 10.999997
611.000000 1.409531
612.000000 0.920170
613.000000 0.991974
614.000000 1.000698
615.000000 1.000410
616.000000 1.000289
617.000000 1.000264
618.000000 1.000261
619.000000 1.000222
620.000000 1.000200
621.000000 1.000192
622.000000 1.000172
623.000000 1.000152
624.000000 1.000139
625.000000 1.000125
626.000000 1.000118
627.000000 1.000088
628.000000 1.000092
629.000000 1.000074
630.000000 1.000070
631.000000 1.000058
632.000000 1.000049
633.000000 1.000037
634.000000 1.000039
635.000000 1.000026
636.000000 1.000019
637.000000 1.000019
638.000000 1.000010
639.000000 1.000007
640.000000 1.000000
641.000000 1.000000
642.000000 0.999999
643.000000 0.999986
644.000000 0.999987
645.000000 0.999990
646.000000 0.999979
647.000000 0.999988
648.000000 0.999971
649.000000 0.999984
650.000000 0.999979
651.000000 0.999974
652.000000 0.999972
653.000000 0.999970
654.000000 0.999977
655.000000 0.999965
656.000000 0.999974
657.000000 0.999973
658.000000 0.999971
659.000000 0.999963
660.000000 0.999971
661.000000 0.999971
662.000000 0.999971
663.000000 0.999971
664.000000 0.999971
665.000000 0.999972
666.000000 0.999972
667.000000 0.999973
668.000000 0.999973
669.000000 0.999974
670.000000 0.999975
671.000000 0.999975
672.000000 0.999975
673.000000 0.999977
674.000000 0.999977
675.000000 0.999978
676.000000 0.999979
677.000000 0.999980
678.000000 0.999980
679.000000 0.999981
680.000000 0.999982
681.000000 0.999983
682.000000 0.999984
683.000000 0.999984
684.000000 0.999985
685.000000 0.999986
686.000000 0.999986
687.000000 0.999987
688.000000 0.999988
689.000000 0.999988
690.000000 0.999990
691.000000 0.999990
692.000000 0.999991
693.000000 0.999991
694.000000 0.999992
695.000000 0.999993
696.000000 0.999992
697.000000 0.999994
698.000000 0.999994
699.000000 0.999994
700.000000 0.999995
701.000000 0.999995
702.000000 0.999996
703.000000 0.999996
704.000000 0.999997
705.000000 0.999997
706.000000 0.999998
707.000000 0.999997
708.000000 0.999998
709.000000 0.999998
710.000000 0.999998
711.000000 1.023066
712.000000 0.996725
713.000000 0.999971
714.000000 1.000124
715.000000 1.000128
716.000000 1.000134
717.000000 1.000128
718.000000 1.000132
719.000000 1.000128
720.000000 1.000124
721.000000 1.000124
722.000000 1.000129
723.000000 1.000119
724.000000 1.000116
725.000000 1.000108
726.000000 1.000117
727.000000 1.000111
728.000000 1.000102
729.000000 1.000108
730.000000 1.000089
731.000000 1.000097
732.000000 1.000089
733.000000 1.000092
734.000000 1.000080
735.000000 1.000084
736.000000 1.000071
737.000000 1.000078
738.000000 1.000064
739.000000 1.000066
740.000000 1.000060
741.000000 1.000067
742.000000 1.000050
743.000000 1.000047
744.000000 1.000059
745.000000 1.000041
746.000000 1.000043
747.000000 1.000037
748.000000 1.000046
749.000000 1.000033
750.000000 1.000023
751.000000 1.000037
752.000000 1.000032
753.000000 1.000018
754.000000 1.000024
755.000000 1.000024
756.000000 1.000019
757.000000 1.000012
758.000000 1.000022
759.000000 1.000017
760.000000 1.000008
761.000000 1.000007
762.000000 1.000011
763.000000 1.000009
764.000000 1.000016
765.000000 0.999992
766.000000 1.000017
767.000000 0.999994
768.000000 1.000009
769.000000 1.000000
770.000000 0.999999
771.000000 1.000005
772.000000 0.999999
773.000000 0.999995
774.000000 0.999997
775.000000 1.000006
776.000000 0.999996
777.000000 0.999987
778.000000 1.000011
779.000000 0.999987
780.000000 1.000002
781.000000 0.999989
782.000000 1.000002
783.000000 0.999993
784.000000 0.999995
785.000000 0.999997
786.000000 0.999988
787.000000 1.000003
788.000000 0.999994
789.000000 0.999987
790.000000 0.999998
791.000000 1.000002
792.000000 0.999986
793.000000 1.000000
794.000000 0.999992
795.000000 0.999988
796.000000 1.000001
797.000000 0.999992
798.000000 1.000003
799.000000 0.999991
800.000000 0.999999
801.000000 0.999984
802.000000 1.000009
803.000000 0.999988
804.000000 0.999992
805.000000 1.000001
806.000000 0.999993
807.000000 1.000000
808.000000 0.999999
809.000000 0.999987
810.000000 1.000009
811.000000 0.983115
812.000000 1.003052
813.000000 1.000179
814.000000 0.999751
815.000000 0.999816
816.000000 0.999820
817.000000 0.999857
818.000000 0.999860
819.000000 0.999906
820.000000 0.999906
821.000000 0.999904
822.000000 0.999928
823.000000 0.999962
824.000000 0.999920
825.000000 0.999968
826.000000 0.999954
827.000000 0.999989
828.000000 0.999965
829.000000 0.999981
830.000000 0.999984
831.000000 0.999988
832.000000 1.000006
833.000000 1.000000
834.000000 0.999994
835.000000 1.000011
836.000000 1.000011
837.000000 1.000005
838.000000 1.000018
839.000000 1.000016
840.000000 1.000019
841.000000 1.000016
842.000000 1.000010
843.000000 1.000033
844.000000 1.000027
845.000000 1.000012
846.000000 1.000035
847.000000 0.999998
848.000000 1.000052
849.000000 1.000008
850.000000 1.000027
851.000000 1.000032
852.000000 1.000025
853.000000 1.000030
854.000000 1.000007
855.000000 1.000051
856.000000 1.000011
857.000000 1.000017
858.000000 1.000027
859.000000 1.000036
860.000000 1.000017
861.000000 1.000027
862.000000 1.000011
863.000000 1.000024
864.000000 1.000028
865.000000 1.000018
866.000000 1.000017
867.000000 1.000015
868.000000 1.000024
869.000000 1.000016
870.000000 1.000014
871.000000 1.000013
872.000000 1.000022
873.000000 1.000014
874.000000 1.000012
875.000000 1.000012
876.000000 1.000020
877.000000 1.000003
878.000000 1.000018
879.000000 1.000011
880.000000 1.000010
881.000000 1.000008
882.000000 1.000008
883.000000 1.000007
884.000000 1.000015
885.000000 1.000000
886.000000 1.000013
887.000000 0.999998
888.000000 1.000012
889.000000 1.000006
890.000000 1.000005
891.000000 1.000005
892.000000 1.000003
893.000000 1.000004
894.000000 1.000002
895.000000 1.000002
896.000000 1.000012
897.000000 0.999995
898.000000 1.000001
899.000000 1.000010
900.000000 0.999995
