1.000000 0.000000
2.000000 0.000000
3.000000 0.000000
4.000000 0.000000
5.000000 0.000000
6.000000 0.000000
7.000000 0.000000
8.000000 0.000000
9.000000 0.000000
10.000000 0.000000
11.000000 0.061172
12.000000 -0.010864
13.000000 -0.001425
14.000000 0.000169
15.000000 0.000143
16.000000 0.000114
17.000000 0.000128
18.000000 0.000123
19.000000 0.000132
20.000000 0.000119
21.000000 0.000139
22.000000 0.000135
23.000000 0.000127
24.000000 0.000133
25.000000 0.000132
26.000000 0.000119
27.000000 0.000136
28.000000 0.000123
29.000000 0.000131
30.000000 0.000112
31.000000 0.000121
32.000000 0.000113
33.000000 0.000116
34.000000 0.000112
35.000000 0.000104
36.000000 0.000100
37.000000 0.000103
38.000000 0.000097
39.000000 0.000097
40.000000 0.000093
41.000000 0.000082
42.000000 0.000082
43.000000 0.000083
44.000000 0.000072
45.000000 0.000077
46.000000 0.000066
47.000000 0.000066
48.000000 0.000062
49.000000 0.000058
50.000000 0.000059
51.000000 0.000053
52.000000 0.000047
53.000000 0.000049
54.000000 0.000043
55.000000 0.000046
56.000000 0.000031
57.000000 0.000040
58.000000 0.000030
59.000000 0.000032
60.000000 0.000033
61.000000 0.000019
62.000000 0.000026
63.000000 0.000027
64.000000 0.000016
65.000000 0.000022
66.000000 0.000011
67.000000 0.000017
68.000000 0.000015
69.000000 0.000011
70.000000 0.000004
71.000000 0.000011
72.000000 0.000009
73.000000 0.000006
74.000000 0.000005
75.000000 0.000005
76.000000 0.000003
77.000000 0.000003
78.000000 0.000001
79.000000 0.000001
80.000000 -0.000000
81.000000 -0.000000
82.000000 -0.000002
83.000000 -0.000002
84.000000 -0.000003
85.000000 -0.000002
86.000000 -0.000004
87.000000 -0.000003
88.000000 -0.000004
89.000000 -0.000004
90.000000 -0.000005
91.000000 -0.000005
92.000000 -0.000005
93.000000 -0.000004
94.000000 -0.000006
95.000000 -0.000005
96.000000 -0.000005
97.000000 -0.000006
98.000000 -0.000005
99.000000 -0.000006
100.000000 -0.000005
101.000000 -0.000006
102.000000 -0.000005
103.000000 -0.000005
104.000000 -0.000005
105.000000 -0.000005
106.000000 -0.000005
107.000000 -0.000005
108.000000 -0.000005
109.000000 -0.000005
110.000000 -0.000004
111.000000 0.336527
112.000000 -0.111081
113.000000 -0.003317
114.000000 0.000729
115.000000 0.000324
116.000000 0.000233
117.000000 0.000234
118.000000 0.000196
119.000000 0.000217
120.000000 0.000149
121.000000 0.000153
122.000000 0.000140
123.000000 0.000117
124.000000 0.000093
125.000000 0.000081
126.000000 0.000089
127.000000 0.000043
128.000000 0.000062
129.000000 0.000021
130.000000 0.000012
131.000000 0.000026
132.000000 0.000000
133.000000 -0.000003
134.000000 -0.000003
135.000000 -0.000028
136.000000 -0.000028
137.000000 -0.000039
138.000000 -0.000024
139.000000 -0.000053
140.000000 -0.000058
141.000000 -0.000030
142.000000 -0.000067
143.000000 -0.000050
144.000000 -0.000068
145.000000 -0.000068
146.000000 -0.000051
147.000000 -0.000069
148.000000 -0.000082
149.000000 -0.000056
150.000000 -0.000080
151.000000 -0.000068
152.000000 -0.000057
153.000000 -0.000075
154.000000 -0.000078
155.000000 -0.000061
156.000000 -0.000060
157.000000 -0.000072
158.000000 -0.000058
159.000000 -0.000071
160.000000 -0.000064
161.000000 -0.000052
162.000000 -0.000068
163.000000 -0.000067
164.000000 -0.000033
165.000000 -0.000072
166.000000 -0.000047
167.000000 -0.000042
168.000000 -0.000059
169.000000 -0.000061
170.000000 -0.000034
171.000000 -0.000025
172.000000 -0.000067
173.000000 -0.000026
174.000000 -0.000040
175.000000 -0.000040
176.000000 -0.000040
177.000000 -0.000013
178.000000 -0.000053
179.000000 -0.000012
180.000000 -0.000050
181.000000 -0.000009
182.000000 -0.000022
183.000000 -0.000048
184.000000 -0.000005
185.000000 -0.000019
186.000000 -0.000018
187.000000 -0.000016
188.000000 -0.000017
189.000000 -0.000040
190.000000 0.000001
191.000000 -0.000011
192.000000 -0.000012
193.000000 -0.000010
194.000000 -0.000009
195.000000 -0.000010
196.000000 -0.000007
197.000000 -0.000008
198.000000 -0.000006
199.000000 -0.000006
200.000000 -0.000004
201.000000 -0.000005
202.000000 -0.000003
203.000000 -0.000003
204.000000 -0.000002
205.000000 -0.000002
206.000000 -0.000002
207.000000 -0.000001
208.000000 -0.000001
209.000000 -0.000001
210.000000 0.000001
211.000000 1.978763
212.000000 2.005980
213.000000 2.000122
214.000000 1.999931
215.000000 1.999937
216.000000 1.999955
217.000000 1.999945
218.000000 1.999953
219.000000 1.999948
220.000000 1.999959
221.000000 1.999950
222.000000 1.999952
223.000000 1.999957
224.000000 1.999959
225.000000 1.999960
226.000000 1.999962
227.000000 1.999956
228.000000 1.999966
229.000000 1.999964
230.000000 1.999970
231.000000 1.999961
232.000000 1.999975
233.000000 1.999964
234.000000 1.999972
235.000000 1.999978
236.000000 1.999972
237.000000 1.999972
238.000000 1.999981
239.000000 1.999970
240.000000 1.999983
241.000000 1.999980
242.000000 1.999982
243.000000 1.999982
244.000000 1.999984
245.000000 1.999984
246.000000 1.999986
247.000000 1.999987
248.000000 1.999988
249.000000 1.999988
250.000000 1.999990
251.000000 1.999991
252.000000 1.999991
253.000000 1.999992
254.000000 1.999993
255.000000 1.999993
256.000000 1.999994
257.000000 1.999994
258.000000 1.999995
259.000000 1.999996
260.000000 1.999997
261.000000 1.999997
262.000000 1.999997
263.000000 1.999998
264.000000 1.999998
265.000000 1.999999
266.000000 1.999999
267.000000 1.999999
268.000000 2.000000
269.000000 2.000000
270.000000 2.000000
271.000000 2.000001
272.000000 2.000000
273.000000 2.000001
274.000000 2.000001
275.000000 2.000001
276.000000 2.000002
277.000000 2.000000
278.000000 2.000002
279.000000 2.000001
280.000000 2.000002
281.000000 2.000001
282.000000 2.000002
283.000000 2.000002
284.000000 2.000002
285.000000 2.000001
286.000000 2.000003
287.000000 2.000001
288.000000 2.000002
289.000000 2.000002
290.000000 2.000002
291.000000 2.000002
292.000000 2.000002
293.000000 2.000002
294.000000 2.000002
295.000000 2.000002
296.000000 2.000002
297.000000 2.000002
298.000000 2.000001
299.000000 2.000002
300.000000 2.000001
301.000000 2.000002
302.000000 2.000001
303.000000 2.000002
304.000000 2.000002
305.000000 2.000001
306.000000 2.000002
307.000000 2.000001
308.000000 2.000001
309.000000 2.000001
310.000000 2.000001
311.000000 2.013595
312.000000 1.997586
313.000000 1.999685
314.000000 2.000038
315.000000 2.000033
316.000000 2.000026
317.000000 2.000029
318.000000 2.000027
319.000000 2.000030
320.000000 2.000026
321.000000 2.000032
322.000000 2.000030
323.000000 2.000028
324.000000 2.000030
325.000000 2.000029
326.000000 2.000027
327.000000 2.000030
328.000000 2.000027
329.000000 2.000029
330.000000 2.000025
331.000000 2.000026
332.000000 2.000025
333.000000 2.000025
334.000000 2.000025
335.000000 2.000022
336.000000 2.000022
337.000000 2.000022
338.000000 2.000021
339.000000 2.000021
340.000000 2.000021
341.000000 2.000017
342.000000 2.000018
343.000000 2.000018
344.000000 2.000016
345.000000 2.000016
346.000000 2.000014
347.000000 2.000014
348.000000 2.000014
349.000000 2.000012
350.000000 2.000013
351.000000 2.000011
352.000000 2.000010
353.000000 2.000010
354.000000 2.000009
355.000000 2.000010
356.000000 2.000006
357.000000 2.000009
358.000000 2.000006
359.000000 2.000007
360.000000 2.000007
361.000000 2.000004
362.000000 2.000005
363.000000 2.000006
364.000000 2.000003
365.000000 2.000005
366.000000 2.000002
367.000000 2.000003
368.000000 2.000004
369.000000 2.000002
370.000000 2.000001
371.000000 2.000002
372.000000 2.000002
373.000000 2.000002
374.000000 2.000001
375.000000 2.000001
376.000000 2.000001
377.000000 2.000000
378.000000 2.000001
379.000000 2.000000
380.000000 2.000000
381.000000 2.000000
382.000000 2.000000
383.000000 1.999999
384.000000 1.999999
385.000000 1.999999
386.000000 1.999999
387.000000 1.999999
388.000000 2.000000
389.000000 1.999998
390.000000 2.000000
391.000000 1.999998
392.000000 1.999999
393.000000 1.999999
394.000000 1.999998
395.000000 1.999999
396.000000 1.999998
397.000000 2.000000
398.000000 1.999998
399.000000 1.999999
400.000000 1.999998
401.000000 1.999999
402.000000 1.999999
403.000000 1.999999
404.000000 1.999999
405.000000 1.999999
406.000000 1.999999
407.000000 1.999999
408.000000 1.999999
409.000000 1.999999
410.000000 1.999999
411.000000 1.798081
412.000000 2.066644
413.000000 2.001987
414.000000 1.999558
415.000000 1.999803
416.000000 1.999857
417.000000 1.999857
418.000000 1.999879
419.000000 1.999867
420.000000 1.999908
421.000000 1.999905
422.000000 1.999913
423.000000 1.999927
424.000000 1.999942
425.000000 1.999949
426.000000 1.999944
427.000000 1.999972
428.000000 1.999961
429.000000 1.999986
430.000000 1.999991
431.000000 1.999983
432.000000 1.999998
433.000000 2.000001
434.000000 2.000000
435.000000 2.000016
436.000000 2.000015
437.000000 2.000023
438.000000 2.000014
439.000000 2.000031
440.000000 2.000034
441.000000 2.000017
442.000000 2.000039
443.000000 2.000030
444.000000 2.000041
445.000000 2.000040
446.000000 2.000030
447.000000 2.000041
448.000000 2.000049
449.000000 2.000034
450.000000 2.000048
451.000000 2.000041
452.000000 2.000034
453.000000 2.000045
454.000000 2.000047
455.000000 2.000036
456.000000 2.000037
457.000000 2.000043
458.000000 2.000035
459.000000 2.000042
460.000000 2.000039
461.000000 2.000031
462.000000 2.000041
463.000000 2.000040
464.000000 2.000020
465.000000 2.000043
466.000000 2.000028
467.000000 2.000025
468.000000 2.000035
469.000000 2.000037
470.000000 2.000020
471.000000 2.000015
472.000000 2.000041
473.000000 2.000016
474.000000 2.000025
475.000000 2.000024
476.000000 2.000024
477.000000 2.000008
478.000000 2.000031
479.000000 2.000007
480.000000 2.000030
481.000000 2.000006
482.000000 2.000014
483.000000 2.000029
484.000000 2.000003
485.000000 2.000011
486.000000 2.000011
487.000000 2.000010
488.000000 2.000010
489.000000 2.000025
490.000000 1.999999
491.000000 2.000007
492.000000 2.000007
493.000000 2.000006
494.000000 2.000006
495.000000 2.000005
496.000000 2.000005
497.000000 2.000004
498.000000 2.000004
499.000000 2.000003
500.000000 2.000003
501.000000 2.000003
502.000000 2.000002
503.000000 2.000002
504.000000 2.000002
505.000000 2.000001
506.000000 2.000001
507.000000 2.000001
508.000000 2.000000
509.000000 2.000001
510.000000 2.000000
511.000000 4.968144
512.000000 5.008967
513.000000 5.000179
514.000000 4.999894
515.000000 4.999901
516.000000 4.999928
517.000000 4.999913
518.000000 4.999923
519.000000 4.999916
520.000000 4.999933
521.000000 4.999918
522.000000 4.999923
523.000000 4.999927
524.000000 4.999933
525.000000 4.999933
526.000000 4.999937
527.000000 4.999927
528.000000 4.999942
529.000000 4.999941
530.000000 4.999948
531.000000 4.999936
532.000000 4.999955
533.000000 4.999941
534.000000 4.999951
535.000000 4.999962
536.000000 4.999952
537.000000 4.999953
538.000000 4.999967
539.000000 4.999950
540.000000 4.999971
541.000000 4.999965
542.000000 4.999968
543.000000 4.999968
544.000000 4.999972
545.000000 4.999973
546.000000 4.999974
547.000000 4.999977
548.000000 4.999978
549.000000 4.999979
550.000000 4.999981
551.000000 4.999982
552.000000 4.999983
553.000000 4.999985
554.000000 4.999987
555.000000 4.999986
556.000000 4.999989
557.000000 4.999989
558.000000 4.999990
559.000000 4.999992
560.000000 4.999993
561.000000 4.999993
562.000000 4.999995
563.000000 4.999995
564.000000 4.999995
565.000000 4.999997
566.000000 4.999997
567.000000 4.999997
568.000000 4.999998
569.000000 5.000000
570.000000 4.999998
571.000000 5.000001
572.000000 4.999999
573.000000 5.000001
574.000000 5.000001
575.000000 5.000001
576.000000 5.000002
577.000000 5.000001
578.000000 5.000003
579.000000 5.000002
580.000000 5.000003
581.000000 5.000002
582.000000 5.000002
583.000000 5.000003
584.000000 5.000002
585.000000 5.000003
586.000000 5.000003
587.000000 5.000003
588.000000 5.000003
589.000000 5.000004
590.000000 5.000003
591.000000 5.000003
592.000000 5.000003
593.000000 5.000003
594.000000 5.000003
595.000000 5.000003
596.000000 5.000002
597.000000 5.000004
598.000000 5.000002
599.000000 5.000003
600.000000 5.000004
601.000000 5.000002
602.000000 5.000004
603.000000 5.000002
604.000000 5.000004
605.000000 5.000001
606.000000 5.000004
607.000000 5.000001
608.000000 5.000003
609.000000 5.000001
610.000000 5.000002
611.000000 4.932034
612.000000 5.012073
613.000000 5.001586
614.000000 4.999814
615.000000 4.999842
616.000000 4.999875
617.000000 4.999860
618.000000 4.999863
619.000000 4.999857
620.000000 4.999868
621.000000 4.999848
622.000000 4.999851
623.000000 4.999860
624.000000 4.999853
625.000000 4.999854
626.000000 4.999870
627.000000 4.999850
628.000000 4.999864
629.000000 4.999856
630.000000 4.999877
631.000000 4.999865
632.000000 4.999877
633.000000 4.999870
634.000000 4.999878
635.000000 4.999884
636.000000 4.999891
637.000000 4.999885
638.000000 4.999893
639.000000 4.999893
640.000000 4.999898
641.000000 4.999909
642.000000 4.999909
643.000000 4.999908
644.000000 4.999920
645.000000 4.999915
646.000000 4.999928
647.000000 4.999927
648.000000 4.999932
649.000000 4.999935
650.000000 4.999935
651.000000 4.999941
652.000000 4.999948
653.000000 4.999946
654.000000 4.999952
655.000000 4.999950
656.000000 4.999964
657.000000 4.999957
658.000000 4.999966
659.000000 4.999965
660.000000 4.999963
661.000000 4.999979
662.000000 4.999971
663.000000 4.999970
664.000000 4.999982
665.000000 4.999976
666.000000 4.999988
667.000000 4.999981
668.000000 4.999984
669.000000 4.999987
670.000000 4.999996
671.000000 4.999988
672.000000 4.999990
673.000000 4.999994
674.000000 4.999993
675.000000 4.999995
676.000000 4.999997
677.000000 4.999996
678.000000 4.999999
679.000000 4.999998
680.000000 5.000001
681.000000 5.000000
682.000000 5.000002
683.000000 5.000001
684.000000 5.000003
685.000000 5.000003
686.000000 5.000004
687.000000 5.000003
688.000000 5.000006
689.000000 5.000003
690.000000 5.000006
691.000000 5.000004
692.000000 5.000007
693.000000 5.000005
694.000000 5.000006
695.000000 5.000007
696.000000 5.000004
697.000000 5.000008
698.000000 5.000004
699.000000 5.000007
700.000000 5.000005
701.000000 5.000006
702.000000 5.000005
703.000000 5.000006
704.000000 5.000006
705.000000 5.000006
706.000000 5.000005
707.000000 5.000005
708.000000 5.000006
709.000000 5.000005
710.000000 5.000004
711.000000 5.134619
712.000000 4.955572
713.000000 4.998679
714.000000 5.000298
715.000000 5.000134
716.000000 5.000099
717.000000 5.000098
718.000000 5.000083
719.000000 5.000091
720.000000 5.000064
721.000000 5.000066
722.000000 5.000060
723.000000 5.000051
724.000000 5.000040
725.000000 5.000036
726.000000 5.000039
727.000000 5.000021
728.000000 5.000027
729.000000 5.000011
730.000000 5.000007
731.000000 5.000012
732.000000 5.000003
733.000000 5.000000
734.000000 5.000002
735.000000 4.999990
736.000000 4.999991
737.000000 4.999986
738.000000 4.999992
739.000000 4.999980
740.000000 4.999978
741.000000 4.999989
742.000000 4.999974
743.000000 4.999981
744.000000 4.999973
745.000000 4.999973
746.000000 4.999981
747.000000 4.999973
748.000000 4.999968
749.000000 4.999978
750.000000 4.999969
751.000000 4.999973
752.000000 4.999978
753.000000 4.999970
754.000000 4.999969
755.000000 4.999976
756.000000 4.999975
757.000000 4.999972
758.000000 4.999976
759.000000 4.999972
760.000000 4.999974
761.000000 4.999979
762.000000 4.999972
763.000000 4.999974
764.000000 4.999986
765.000000 4.999971
766.000000 4.999981
767.000000 4.999983
768.000000 4.999977
769.000000 4.999975
770.000000 4.999987
771.000000 4.999990
772.000000 4.999972
773.000000 4.999990
774.000000 4.999983
775.000000 4.999984
776.000000 4.999984
777.000000 4.999994
778.000000 4.999979
779.000000 4.999995
780.000000 4.999980
781.000000 4.999996
782.000000 4.999991
783.000000 4.999980
784.000000 4.999998
785.000000 4.999992
786.000000 4.999992
787.000000 4.999993
788.000000 4.999994
789.000000 4.999982
790.000000 5.000001
791.000000 4.999994
792.000000 4.999995
793.000000 4.999996
794.000000 4.999995
795.000000 4.999997
796.000000 4.999996
797.000000 4.999998
798.000000 4.999997
799.000000 4.999998
800.000000 4.999998
801.000000 4.999998
802.000000 4.999998
803.000000 4.999999
804.000000 4.999999
805.000000 4.999999
806.000000 4.999999
807.000000 4.999999
808.000000 5.000000
809.000000 4.999999
810.000000 5.000000
811.000000 0.053093
812.000000 -0.014947
813.000000 -0.000300
814.000000 0.000175
815.000000 0.000163
816.000000 0.000118
817.000000 0.000144
818.000000 0.000127
819.000000 0.000138
820.000000 0.000110
821.000000 0.000134
822.000000 0.000127
823.000000 0.000119
824.000000 0.000109
825.000000 0.000110
826.000000 0.000103
827.000000 0.000119
828.000000 0.000094
829.000000 0.000097
830.000000 0.000084
831.000000 0.000104
832.000000 0.000072
833.000000 0.000096
834.000000 0.000079
835.000000 0.000062
836.000000 0.000078
837.000000 0.000077
838.000000 0.000054
839.000000 0.000081
840.000000 0.000047
841.000000 0.000057
842.000000 0.000052
843.000000 0.000051
844.000000 0.000046
845.000000 0.000044
846.000000 0.000042
847.000000 0.000038
848.000000 0.000036
849.000000 0.000034
850.000000 0.000031
851.000000 0.000029
852.000000 0.000027
853.000000 0.000024
854.000000 0.000021
855.000000 0.000022
856.000000 0.000017
857.000000 0.000017
858.000000 0.000015
859.000000 0.000013
860.000000 0.000011
861.000000 0.000011
862.000000 0.000009
863.000000 0.000008
864.000000 0.000007
865.000000 0.000005
866.000000 0.000004
867.000000 0.000004
868.000000 0.000003
869.000000 0.000000
870.000000 0.000003
871.000000 -0.000001
872.000000 0.000001
873.000000 -0.000002
874.000000 -0.000001
875.000000 -0.000002
876.000000 -0.000003
877.000000 -0.000002
878.000000 -0.000004
879.000000 -0.000003
880.000000 -0.000005
881.000000 -0.000004
882.000000 -0.000004
883.000000 -0.000006
884.000000 -0.000004
885.000000 -0.000005
886.000000 -0.000005
887.000000 -0.000004
888.000000 -0.000005
889.000000 -0.000006
890.000000 -0.000004
891.000000 -0.000005
892.000000 -0.000006
893.000000 -0.000004
894.000000 -0.000006
895.000000 -0.000005
896.000000 -0.000004
897.000000 -0.000007
898.000000 -0.000003
899.000000 -0.000005
900.000000 -0.000005
