1.000000 0.000000
2.000000 0.000000
3.000000 0.000000
4.000000 0.000000
5.000000 0.000000
6.000000 0.000000
7.000000 0.000000
8.000000 0.000000
9.000000 0.000000
10.000000 7.339057
11.000000 5.101620
12.000000 4.949598
13.000000 4.992785
14.000000 5.014978
15.000000 5.024815
16.000000 5.025602
17.000000 5.018127
18.000000 5.003183
19.000000 4.981471
20.000000 4.953743
21.000000 4.920710
22.000000 4.883010
23.000000 4.841241
24.000000 4.795971
25.000000 4.747710
26.000000 4.696942
27.000000 4.644061
28.000000 4.589508
29.000000 4.533600
30.000000 4.476694
31.000000 4.419070
32.000000 4.361010
33.000000 4.302738
34.000000 4.244509
35.000000 4.186498
36.000000 4.128891
37.000000 4.071867
38.000000 4.015550
39.000000 3.960095
40.000000 3.905593
41.000000 3.852170
42.000000 3.799909
43.000000 3.748880
44.000000 3.699156
45.000000 3.650809
46.000000 3.603860
47.000000 3.558389
48.000000 3.514373
49.000000 3.471889
50.000000 3.430926
51.000000 3.391503
52.000000 3.353620
53.000000 3.317276
54.000000 3.282480
55.000000 3.249200
56.000000 3.217438
57.000000 3.187171
58.000000 3.158382
59.000000 3.131025
60.000000 3.105105
61.000000 3.080570
62.000000 3.057397
63.000000 3.035549
64.000000 3.014991
65.000000 2.995688
66.000000 2.977601
67.000000 2.960689
68.000000 2.944919
69.000000 2.930241
70.000000 2.916625
71.000000 2.904022
72.000000 2.892397
73.000000 2.881706
74.000000 2.871910
75.000000 2.862971
76.000000 2.854843
77.000000 2.847494
78.000000 2.840882
79.000000 2.834971
80.000000 2.829719
81.000000 2.825097
82.000000 2.821064
83.000000 2.817588
84.000000 2.814634
85.000000 2.812174
86.000000 2.810168
87.000000 2.808594
88.000000 2.807418
89.000000 2.806611
90.000000 2.806149
91.000000 2.806005
92.000000 2.806150
93.000000 2.806566
94.000000 2.807224
95.000000 2.808106
96.000000 2.809193
97.000000 2.810456
98.000000 2.811886
99.000000 2.813460
100.000000 2.815164
101.000000 2.816978
102.000000 2.818890
103.000000 2.820885
104.000000 2.822950
105.000000 2.825073
106.000000 2.827240
107.000000 2.829443
108.000000 2.831669
109.000000 2.833912
110.000000 1.139118
111.000000 1.126271
112.000000 0.795584
113.000000 0.462801
114.000000 0.147831
115.000000 -0.150542
116.000000 -0.432659
117.000000 -0.698761
118.000000 -0.949254
119.000000 -1.184448
120.000000 -1.404763
121.000000 -1.610603
122.000000 -1.802446
123.000000 -1.980714
124.000000 -2.145903
125.000000 -2.298457
126.000000 -2.438934
127.000000 -2.567820
128.000000 -2.685546
129.000000 -2.792737
130.000000 -2.889742
131.000000 -2.977180
132.000000 -3.055457
133.000000 -3.125120
134.000000 -3.186562
135.000000 -3.240319
136.000000 -3.286761
137.000000 -3.326424
138.000000 -3.359612
139.000000 -3.386852
140.000000 -3.408443
141.000000 -3.424881
142.000000 -3.436424
143.000000 -3.443458
144.000000 -3.446418
145.000000 -3.445497
146.000000 -3.441102
147.000000 -3.433465
148.000000 -3.422970
149.000000 -3.409805
150.000000 -3.394209
151.000000 -3.376532
152.000000 -3.356953
153.000000 -3.335639
154.000000 -3.312877
155.000000 -3.288838
156.000000 -3.263703
157.000000 -3.237608
158.000000 -3.210793
159.000000 -3.183364
160.000000 -3.155446
161.000000 -3.127185
162.000000 -3.098722
163.000000 -3.070133
164.000000 -3.041609
165.000000 -3.013056
166.000000 -2.984823
167.000000 -2.956728
168.000000 -2.929050
169.000000 -2.901731
170.000000 -2.874861
171.000000 -2.848525
172.000000 -2.822734
173.000000 -2.797525
174.000000 -2.772936
175.000000 -2.749055
176.000000 -2.725844
177.000000 -2.703267
178.000000 -2.681551
179.000000 -2.660444
180.000000 -2.640185
181.000000 -2.620597
182.000000 -2.601839
183.000000 -2.583802
184.000000 -2.566529
185.000000 -2.550034
186.000000 -2.534229
187.000000 -2.519230
188.000000 -2.504939
189.000000 -2.491331
190.000000 -2.478456
191.000000 -2.466307
192.000000 -2.454754
193.000000 -2.443932
194.000000 -2.433723
195.000000 -2.424107
196.000000 -2.415153
197.000000 -2.406726
198.000000 -2.398929
199.000000 -2.391617
200.000000 -2.384894
201.000000 -2.378578
202.000000 -2.372875
203.000000 -2.367548
204.000000 -2.362674
205.000000 -2.358268
206.000000 -2.354223
207.000000 -2.350590
208.000000 -2.347343
209.000000 -2.344364
210.000000 -2.445904
211.000000 -2.420529
212.000000 -2.411345
213.000000 -2.403447
214.000000 -2.392567
215.000000 -2.379509
216.000000 -2.364629
217.000000 -2.348211
218.000000 -2.330663
219.000000 -2.312126
220.000000 -2.292795
221.000000 -2.272962
222.000000 -2.252612
223.000000 -2.232063
224.000000 -2.211261
225.000000 -2.190462
226.000000 -2.169631
227.000000 -2.148914
228.000000 -2.128436
229.000000 -2.108092
230.000000 -2.088146
231.000000 -2.068450
232.000000 -2.049250
233.000000 -2.030355
234.000000 -2.011999
235.000000 -1.994088
236.000000 -1.976680
237.000000 -1.959806
238.000000 -1.943457
239.000000 -1.927690
240.000000 -1.912429
241.000000 -1.897785
242.000000 -1.883689
243.000000 -1.870133
244.000000 -1.857191
245.000000 -1.844805
246.000000 -1.832980
247.000000 -1.821680
248.000000 -1.810957
249.000000 -1.800778
250.000000 -1.791120
251.000000 -1.782002
252.000000 -1.773353
253.000000 -1.765237
254.000000 -1.757555
255.000000 -1.750406
256.000000 -1.743681
257.000000 -1.737375
258.000000 -1.731543
259.000000 -1.726060
260.000000 -1.721014
261.000000 -1.716380
262.000000 -1.712030
263.000000 -1.708075
264.000000 -1.704470
265.000000 -1.701166
266.000000 -1.698167
267.000000 -1.695441
268.000000 -1.693030
269.000000 -1.690855
270.000000 -1.688935
271.000000 -1.687223
272.000000 -1.685777
273.000000 -1.684513
274.000000 -1.683447
275.000000 -1.682545
276.000000 -1.681872
277.000000 -1.681279
278.000000 -1.680896
279.000000 -1.680629
280.000000 -1.680490
281.000000 -1.680471
282.000000 -1.680557
283.000000 -1.680725
284.000000 -1.681043
285.000000 -1.681361
286.000000 -1.681838
287.000000 -1.682296
288.000000 -1.682881
289.000000 -1.683493
290.000000 -1.684155
291.000000 -1.684859
292.000000 -1.685597
293.000000 -1.686367
294.000000 -1.687158
295.000000 -1.687952
296.000000 -1.688826
297.000000 -1.689641
298.000000 -1.690476
299.000000 -1.691372
300.000000 -1.692185
301.000000 -1.693085
302.000000 -1.693893
303.000000 -1.694782
304.000000 -1.695574
305.000000 -1.696444
306.000000 -1.697213
307.000000 -1.698055
308.000000 -1.698793
309.000000 -1.699582
310.000000 -0.069424
311.000000 -0.567358
312.000000 -0.601852
313.000000 -0.592940
314.000000 -0.588675
315.000000 -0.587133
316.000000 -0.587580
317.000000 -0.589840
318.000000 -0.593740
319.000000 -0.599116
320.000000 -0.605812
321.000000 -0.613659
322.000000 -0.622524
323.000000 -0.632270
324.000000 -0.642771
325.000000 -0.653917
326.000000 -0.665598
327.000000 -0.677726
328.000000 -0.690206
329.000000 -0.702969
330.000000 -0.715931
331.000000 -0.729038
332.000000 -0.742217
333.000000 -0.755431
334.000000 -0.768614
335.000000 -0.781736
336.000000 -0.794748
337.000000 -0.807617
338.000000 -0.820314
339.000000 -0.832805
340.000000 -0.845069
341.000000 -0.857082
342.000000 -0.868824
343.000000 -0.880279
344.000000 -0.891433
345.000000 -0.902272
346.000000 -0.912786
347.000000 -0.922966
348.000000 -0.932812
349.000000 -0.942310
350.000000 -0.951459
351.000000 -0.960261
352.000000 -0.968712
353.000000 -0.976815
354.000000 -0.984569
355.000000 -0.991977
356.000000 -0.999046
357.000000 -1.005775
358.000000 -1.012172
359.000000 -1.018247
360.000000 -1.023999
361.000000 -1.029438
362.000000 -1.034574
363.000000 -1.039410
364.000000 -1.043958
365.000000 -1.048224
366.000000 -1.052218
367.000000 -1.055951
368.000000 -1.059424
369.000000 -1.062658
370.000000 -1.065652
371.000000 -1.068421
372.000000 -1.070973
373.000000 -1.073313
374.000000 -1.075458
375.000000 -1.077410
376.000000 -1.079181
377.000000 -1.080782
378.000000 -1.082215
379.000000 -1.083496
380.000000 -1.084629
381.000000 -1.085623
382.000000 -1.086486
383.000000 -1.087227
384.000000 -1.087852
385.000000 -1.088367
386.000000 -1.088782
387.000000 -1.089104
388.000000 -1.089334
389.000000 -1.089488
390.000000 -1.089561
391.000000 -1.089569
392.000000 -1.089511
393.000000 -1.089393
394.000000 -1.089224
395.000000 -1.089004
396.000000 -1.088743
397.000000 -1.088439
398.000000 -1.088103
399.000000 -1.087733
400.000000 -1.087338
401.000000 -1.086916
402.000000 -1.086475
403.000000 -1.086015
404.000000 -1.085543
405.000000 -1.085056
406.000000 -1.084562
407.000000 -1.084060
408.000000 -1.083552
409.000000 -1.083045
410.000000 -0.064313
411.000000 -0.054745
412.000000 0.145516
413.000000 0.347023
414.000000 0.537822
415.000000 0.718643
416.000000 0.889681
417.000000 1.051081
418.000000 1.203081
419.000000 1.345865
420.000000 1.479683
421.000000 1.604773
422.000000 1.721423
423.000000 1.829882
424.000000 1.930447
425.000000 2.023386
426.000000 2.109029
427.000000 2.187668
428.000000 2.259563
429.000000 2.325087
430.000000 2.384450
431.000000 2.438026
432.000000 2.486053
433.000000 2.528865
434.000000 2.566695
435.000000 2.599870
436.000000 2.628607
437.000000 2.653231
438.000000 2.673927
439.000000 2.691009
440.000000 2.704659
441.000000 2.715177
442.000000 2.722718
443.000000 2.727513
444.000000 2.729826
445.000000 2.729776
446.000000 2.727604
447.000000 2.723454
448.000000 2.717557
449.000000 2.710027
450.000000 2.701007
451.000000 2.690711
452.000000 2.679245
453.000000 2.666713
454.000000 2.653289
455.000000 2.639072
456.000000 2.624178
457.000000 2.608684
458.000000 2.592739
459.000000 2.576407
460.000000 2.559765
461.000000 2.542898
462.000000 2.525897
463.000000 2.508803
464.000000 2.491737
465.000000 2.474639
466.000000 2.457721
467.000000 2.440877
468.000000 2.424271
469.000000 2.407872
470.000000 2.391734
471.000000 2.375909
472.000000 2.360405
473.000000 2.345241
474.000000 2.330444
475.000000 2.316068
476.000000 2.302088
477.000000 2.288486
478.000000 2.275395
479.000000 2.262668
480.000000 2.250447
481.000000 2.238626
482.000000 2.227301
483.000000 2.216409
484.000000 2.205973
485.000000 2.196002
486.000000 2.186446
487.000000 2.177374
488.000000 2.168725
489.000000 2.160489
490.000000 2.152690
491.000000 2.145330
492.000000 2.138328
493.000000 2.131764
494.000000 2.125571
495.000000 2.119733
496.000000 2.114297
497.000000 2.109175
498.000000 2.104435
499.000000 2.099987
500.000000 2.095896
501.000000 2.092049
502.000000 2.088571
503.000000 2.085322
504.000000 2.082347
505.000000 2.079653
506.000000 2.077179
507.000000 2.074955
508.000000 2.072962
509.000000 2.071134
510.000000 1.913436
511.000000 1.946636
512.000000 1.956182
513.000000 1.964464
514.000000 1.977595
515.000000 1.994689
516.000000 2.014940
517.000000 2.037871
518.000000 2.063008
519.000000 2.090007
520.000000 2.118480
521.000000 2.148165
522.000000 2.178761
523.000000 2.210154
524.000000 2.241963
525.000000 2.274185
526.000000 2.306525
527.000000 2.338941
528.000000 2.371246
529.000000 2.403333
530.000000 2.435133
531.000000 2.466500
532.000000 2.497444
533.000000 2.527796
534.000000 2.557552
535.000000 2.586651
536.000000 2.615043
537.000000 2.642672
538.000000 2.669539
539.000000 2.695589
540.000000 2.720803
541.000000 2.745182
542.000000 2.768678
543.000000 2.791312
544.000000 2.813087
545.000000 2.833952
546.000000 2.853986
547.000000 2.873068
548.000000 2.891374
549.000000 2.908762
550.000000 2.925325
551.000000 2.941068
552.000000 2.955969
553.000000 2.970102
554.000000 2.983392
555.000000 2.995999
556.000000 3.007811
557.000000 3.018900
558.000000 3.029303
559.000000 3.039024
560.000000 3.048079
561.000000 3.056532
562.000000 3.064325
563.000000 3.071560
564.000000 3.078242
565.000000 3.084368
566.000000 3.089982
567.000000 3.095088
568.000000 3.099749
569.000000 3.103952
570.000000 3.107722
571.000000 3.111086
572.000000 3.114085
573.000000 3.116712
574.000000 3.118999
575.000000 3.120953
576.000000 3.122643
577.000000 3.123996
578.000000 3.125130
579.000000 3.125998
580.000000 3.126640
581.000000 3.127068
582.000000 3.127299
583.000000 3.127336
584.000000 3.127239
585.000000 3.126940
586.000000 3.126553
587.000000 3.125986
588.000000 3.125342
589.000000 3.124579
590.000000 3.123724
591.000000 3.122787
592.000000 3.121777
593.000000 3.120702
594.000000 3.119573
595.000000 3.118386
596.000000 3.117191
597.000000 3.115932
598.000000 3.114649
599.000000 3.113379
600.000000 3.112050
601.000000 3.110759
602.000000 3.109421
603.000000 3.108128
604.000000 3.106797
605.000000 3.105520
606.000000 3.104212
607.000000 3.102965
608.000000 3.101691
609.000000 3.100474
610.000000 -5.055240
611.000000 -2.570376
612.000000 -2.402614
613.000000 -2.451720
614.000000 -2.477468
615.000000 -2.489455
616.000000 -2.491355
617.000000 -2.484039
618.000000 -2.468395
619.000000 -2.445189
620.000000 -2.415272
621.000000 -2.379418
622.000000 -2.338349
623.000000 -2.292721
624.000000 -2.243170
625.000000 -2.190262
626.000000 -2.134533
627.000000 -2.076422
628.000000 -2.016421
629.000000 -1.954886
630.000000 -1.892205
631.000000 -1.828702
632.000000 -1.764675
633.000000 -1.700394
634.000000 -1.636124
635.000000 -1.572075
636.000000 -1.508443
637.000000 -1.445435
638.000000 -1.383189
639.000000 -1.321878
640.000000 -1.261599
641.000000 -1.202499
642.000000 -1.144670
643.000000 -1.088187
644.000000 -1.033137
645.000000 -0.979600
646.000000 -0.927594
647.000000 -0.877218
648.000000 -0.828441
649.000000 -0.781352
650.000000 -0.735939
651.000000 -0.692224
652.000000 -0.650206
653.000000 -0.609888
654.000000 -0.571281
655.000000 -0.534341
656.000000 -0.499086
657.000000 -0.465477
658.000000 -0.433506
659.000000 -0.403118
660.000000 -0.374320
661.000000 -0.347051
662.000000 -0.321294
663.000000 -0.297000
664.000000 -0.274137
665.000000 -0.252661
666.000000 -0.232535
667.000000 -0.213711
668.000000 -0.196148
669.000000 -0.179802
670.000000 -0.164630
671.000000 -0.150582
672.000000 -0.137621
673.000000 -0.125692
674.000000 -0.114759
675.000000 -0.104777
676.000000 -0.095693
677.000000 -0.087480
678.000000 -0.080079
679.000000 -0.073460
680.000000 -0.067574
681.000000 -0.062387
682.000000 -0.057853
683.000000 -0.053942
684.000000 -0.050610
685.000000 -0.047827
686.000000 -0.045548
687.000000 -0.043757
688.000000 -0.042399
689.000000 -0.041462
690.000000 -0.040900
691.000000 -0.040700
692.000000 -0.040820
693.000000 -0.041242
694.000000 -0.041935
695.000000 -0.042875
696.000000 -0.044050
697.000000 -0.045415
698.000000 -0.046974
699.000000 -0.048689
700.000000 -0.050554
701.000000 -0.052538
702.000000 -0.054635
703.000000 -0.056825
704.000000 -0.059096
705.000000 -0.061428
706.000000 -0.063815
707.000000 -0.066241
708.000000 -0.068693
709.000000 -0.071169
710.000000 -0.752476
711.000000 -0.760988
712.000000 -0.896632
713.000000 -1.033094
714.000000 -1.162393
715.000000 -1.285021
716.000000 -1.401093
717.000000 -1.510708
718.000000 -1.614019
719.000000 -1.711143
720.000000 -1.802246
721.000000 -1.887483
722.000000 -1.967045
723.000000 -2.041092
724.000000 -2.109826
725.000000 -2.173422
726.000000 -2.232098
727.000000 -2.286048
728.000000 -2.335447
729.000000 -2.380540
730.000000 -2.421469
731.000000 -2.458486
732.000000 -2.491742
733.000000 -2.521471
734.000000 -2.547819
735.000000 -2.571012
736.000000 -2.591190
737.000000 -2.608574
738.000000 -2.623289
739.000000 -2.635543
740.000000 -2.645459
741.000000 -2.653240
742.000000 -2.658989
743.000000 -2.662862
744.000000 -2.665037
745.000000 -2.665595
746.000000 -2.664694
747.000000 -2.662437
748.000000 -2.658978
749.000000 -2.654393
750.000000 -2.648779
751.000000 -2.642282
752.000000 -2.634972
753.000000 -2.626922
754.000000 -2.618248
755.000000 -2.609016
756.000000 -2.599310
757.000000 -2.589176
758.000000 -2.578720
759.000000 -2.567983
760.000000 -2.557018
761.000000 -2.545884
762.000000 -2.534642
763.000000 -2.523321
764.000000 -2.512003
765.000000 -2.500648
766.000000 -2.489399
767.000000 -2.478188
768.000000 -2.467120
769.000000 -2.456184
770.000000 -2.445408
771.000000 -2.434833
772.000000 -2.424466
773.000000 -2.414314
774.000000 -2.404403
775.000000 -2.394765
776.000000 -2.385384
777.000000 -2.376254
778.000000 -2.367457
779.000000 -2.358901
780.000000 -2.350679
781.000000 -2.342722
782.000000 -2.335091
783.000000 -2.327749
784.000000 -2.320709
785.000000 -2.313978
786.000000 -2.307522
787.000000 -2.301392
788.000000 -2.295539
789.000000 -2.289967
790.000000 -2.284681
791.000000 -2.279693
792.000000 -2.274944
793.000000 -2.270487
794.000000 -2.266280
795.000000 -2.262309
796.000000 -2.258611
797.000000 -2.255120
798.000000 -2.251889
799.000000 -2.248853
800.000000 -2.246058
801.000000 -2.243426
802.000000 -2.241044
803.000000 -2.238815
804.000000 -2.236774
805.000000 -2.234920
806.000000 -2.233215
807.000000 -2.231680
808.000000 -2.230299
809.000000 -2.229033
810.000000 -1.967728
811.000000 -2.024433
812.000000 -2.041535
813.000000 -2.056342
814.000000 -2.079124
815.000000 -2.108313
816.000000 -2.142643
817.000000 -2.181335
818.000000 -2.223556
819.000000 -2.268774
820.000000 -2.316368
821.000000 -2.365852
822.000000 -2.416817
823.000000 -2.468968
824.000000 -2.521803
825.000000 -2.575206
826.000000 -2.628786
827.000000 -2.682424
828.000000 -2.735807
829.000000 -2.788830
830.000000 -2.841288
831.000000 -2.893041
832.000000 -2.943998
833.000000 -2.994007
834.000000 -3.042963
835.000000 -3.090820
836.000000 -3.137487
837.000000 -3.182869
838.000000 -3.226977
839.000000 -3.269706
840.000000 -3.311064
841.000000 -3.351006
842.000000 -3.389492
843.000000 -3.426557
844.000000 -3.462174
845.000000 -3.496296
846.000000 -3.529029
847.000000 -3.560223
848.000000 -3.590099
849.000000 -3.618473
850.000000 -3.645486
851.000000 -3.671134
852.000000 -3.695419
853.000000 -3.718415
854.000000 -3.740061
855.000000 -3.760535
856.000000 -3.779729
857.000000 -3.797746
858.000000 -3.814614
859.000000 -3.830389
860.000000 -3.845057
861.000000 -3.858717
862.000000 -3.871344
863.000000 -3.883032
864.000000 -3.893805
865.000000 -3.903681
866.000000 -3.912721
867.000000 -3.920942
868.000000 -3.928413
869.000000 -3.935149
870.000000 -3.941179
871.000000 -3.946560
872.000000 -3.951322
873.000000 -3.955492
874.000000 -3.959108
875.000000 -3.962195
876.000000 -3.964818
877.000000 -3.966942
878.000000 -3.968672
879.000000 -3.969987
880.000000 -3.970934
881.000000 -3.971534
882.000000 -3.971816
883.000000 -3.971797
884.000000 -3.971528
885.000000 -3.970979
886.000000 -3.970241
887.000000 -3.969261
888.000000 -3.968122
889.000000 -3.966808
890.000000 -3.965344
891.000000 -3.963749
892.000000 -3.962039
893.000000 -3.960224
894.000000 -3.958327
895.000000 -3.956348
896.000000 -3.954323
897.000000 -3.952236
898.000000 -3.950106
899.000000 -3.947968
900.000000 -3.945786
