1.000000 0.000000
2.000000 0.000000
3.000000 0.000000
4.000000 0.000000
5.000000 0.000000
6.000000 0.000000
7.000000 0.000000
8.000000 0.000000
9.000000 0.000000
10.000000 0.101082
11.000000 0.222062
12.000000 0.331177
13.000000 0.450423
14.000000 0.574343
15.000000 0.700954
16.000000 0.829052
17.000000 0.957535
18.000000 1.085416
19.000000 1.212022
20.000000 1.336618
21.000000 1.458843
22.000000 1.578137
23.000000 1.694315
24.000000 1.807010
25.000000 1.916005
26.000000 2.021255
27.000000 2.122467
28.000000 2.219707
29.000000 2.312906
30.000000 2.401932
31.000000 2.486915
32.000000 2.567757
33.000000 2.644595
34.000000 2.717402
35.000000 2.786281
36.000000 2.851291
37.000000 2.912498
38.000000 2.970071
39.000000 3.023939
40.000000 3.074431
41.000000 3.121424
42.000000 3.165274
43.000000 3.205816
44.000000 3.243402
45.000000 3.278070
46.000000 3.309841
47.000000 3.338977
48.000000 3.365548
49.000000 3.389639
50.000000 3.411391
51.000000 3.430896
52.000000 3.448340
53.000000 3.463703
54.000000 3.477293
55.000000 3.488941
56.000000 3.499038
57.000000 3.507502
58.000000 3.514487
59.000000 3.520104
60.000000 3.524374
61.000000 3.527513
62.000000 3.529474
63.000000 3.530450
64.000000 3.530451
65.000000 3.529579
66.000000 3.527862
67.000000 3.525491
68.000000 3.522352
69.000000 3.518737
70.000000 3.514433
71.000000 3.509771
72.000000 3.504601
73.000000 3.499089
74.000000 3.493251
75.000000 3.487074
76.000000 3.480734
77.000000 3.474131
78.000000 3.467389
79.000000 3.460502
80.000000 3.453576
81.000000 3.446512
82.000000 3.439475
83.000000 3.432390
84.000000 3.425340
85.000000 3.418265
86.000000 3.411367
87.000000 3.404428
88.000000 3.397641
89.000000 3.390960
90.000000 3.384383
91.000000 3.377921
92.000000 3.371660
93.000000 3.365471
94.000000 3.359523
95.000000 3.353707
96.000000 3.348002
97.000000 3.342610
98.000000 3.337288
99.000000 3.332187
100.000000 3.327254
101.000000 3.322546
102.000000 3.318007
103.000000 3.313638
104.000000 3.309478
105.000000 3.305480
106.000000 3.301685
107.000000 3.298073
108.000000 3.294640
109.000000 3.291368
110.000000 30.026812
111.000000 14.108529
112.000000 13.930945
113.000000 13.963016
114.000000 13.958701
115.000000 13.945239
116.000000 13.923866
117.000000 13.894772
118.000000 13.858463
119.000000 13.815010
120.000000 13.765237
121.000000 13.709372
122.000000 13.647720
123.000000 13.581322
124.000000 13.510076
125.000000 13.434845
126.000000 13.355754
127.000000 13.273846
128.000000 13.188903
129.000000 13.101789
130.000000 13.012807
131.000000 12.922278
132.000000 12.830710
133.000000 12.738280
134.000000 12.645616
135.000000 12.552553
136.000000 12.460003
137.000000 12.367722
138.000000 12.276008
139.000000 12.185585
140.000000 12.095971
141.000000 12.007838
142.000000 11.921159
143.000000 11.836189
144.000000 11.752975
145.000000 11.671658
146.000000 11.592442
147.000000 11.515281
148.000000 11.440325
149.000000 11.367643
150.000000 11.297286
151.000000 11.229259
152.000000 11.163650
153.000000 11.100444
154.000000 11.039619
155.000000 10.981303
156.000000 10.925302
157.000000 10.871810
158.000000 10.820645
159.000000 10.771845
160.000000 10.725393
161.000000 10.681251
162.000000 10.639327
163.000000 10.599650
164.000000 10.562112
165.000000 10.526700
166.000000 10.493348
167.000000 10.461963
168.000000 10.432593
169.000000 10.405011
170.000000 10.379320
171.000000 10.355366
172.000000 10.333086
173.000000 10.312488
174.000000 10.293413
175.000000 10.275863
176.000000 10.259758
177.000000 10.244989
178.000000 10.231590
179.000000 10.219419
180.000000 10.208415
181.000000 10.198577
182.000000 10.189820
183.000000 10.182032
184.000000 10.175226
185.000000 10.169347
186.000000 10.164293
187.000000 10.160011
188.000000 10.156560
189.000000 10.153684
190.000000 10.151595
191.000000 10.150006
192.000000 10.149013
193.000000 10.148569
194.000000 10.148550
195.000000 10.149054
196.000000 10.149845
197.000000 10.151117
198.000000 10.152655
199.000000 10.154517
200.000000 10.156637
201.000000 10.159026
202.000000 10.161616
203.000000 10.164394
204.000000 10.167319
205.000000 10.170422
206.000000 10.173624
207.000000 10.176912
208.000000 10.180333
209.000000 10.183749
210.000000 9.791743
211.000000 9.884271
212.000000 9.839387
213.000000 9.791274
214.000000 9.745469
215.000000 9.701551
216.000000 9.659398
217.000000 9.619018
218.000000 9.580457
219.000000 9.543641
220.000000 9.508628
221.000000 9.475282
222.000000 9.443698
223.000000 9.413728
224.000000 9.385422
225.000000 9.358728
226.000000 9.333552
227.000000 9.309948
228.000000 9.287793
229.000000 9.266999
230.000000 9.247697
231.000000 9.229650
232.000000 9.212904
233.000000 9.197411
234.000000 9.183069
235.000000 9.169920
236.000000 9.157783
237.000000 9.146787
238.000000 9.136673
239.000000 9.127599
240.000000 9.119372
241.000000 9.112025
242.000000 9.105441
243.000000 9.099692
244.000000 9.094604
245.000000 9.090232
246.000000 9.086491
247.000000 9.083352
248.000000 9.080756
249.000000 9.078711
250.000000 9.077144
251.000000 9.076029
252.000000 9.075344
253.000000 9.075052
254.000000 9.075086
255.000000 9.075514
256.000000 9.076192
257.000000 9.077140
258.000000 9.078371
259.000000 9.079820
260.000000 9.081457
261.000000 9.083294
262.000000 9.085285
263.000000 9.087390
264.000000 9.089646
265.000000 9.092009
266.000000 9.094445
267.000000 9.096967
268.000000 9.099546
269.000000 9.102136
270.000000 9.104848
271.000000 9.107458
272.000000 9.110192
273.000000 9.112865
274.000000 9.115547
275.000000 9.118216
276.000000 9.120847
277.000000 9.123486
278.000000 9.126035
279.000000 9.128585
280.000000 9.131063
281.000000 9.133501
282.000000 9.135879
283.000000 9.138199
284.000000 9.140467
285.000000 9.142676
286.000000 9.144778
287.000000 9.146853
288.000000 9.148849
289.000000 9.150767
290.000000 9.152616
291.000000 9.154414
292.000000 9.156093
293.000000 9.157764
294.000000 9.159309
295.000000 9.160791
296.000000 9.162284
297.000000 9.163558
298.000000 9.164898
299.000000 9.166120
300.000000 9.167261
301.000000 9.168373
302.000000 9.169385
303.000000 9.170394
304.000000 9.171254
305.000000 9.172172
306.000000 9.172920
307.000000 9.173707
308.000000 9.174369
309.000000 9.175039
310.000000 9.198090
311.000000 9.225500
312.000000 9.250319
313.000000 9.277255
314.000000 9.305215
315.000000 9.333752
316.000000 9.362576
317.000000 9.391413
318.000000 9.420169
319.000000 9.448494
320.000000 9.476463
321.000000 9.503775
322.000000 9.530469
323.000000 9.556432
324.000000 9.581580
325.000000 9.605927
326.000000 9.629373
327.000000 9.651913
328.000000 9.673571
329.000000 9.694326
330.000000 9.714079
331.000000 9.733011
332.000000 9.750893
333.000000 9.767995
334.000000 9.784087
335.000000 9.799394
336.000000 9.813736
337.000000 9.827284
338.000000 9.840006
339.000000 9.851916
340.000000 9.863011
341.000000 9.873395
342.000000 9.883041
343.000000 9.891936
344.000000 9.900195
345.000000 9.907817
346.000000 9.914731
347.000000 9.921131
348.000000 9.926924
349.000000 9.932173
350.000000 9.936882
351.000000 9.941136
352.000000 9.944883
353.000000 9.948199
354.000000 9.951136
355.000000 9.953580
356.000000 9.955773
357.000000 9.957508
358.000000 9.958994
359.000000 9.960143
360.000000 9.961002
361.000000 9.961592
362.000000 9.961966
363.000000 9.962075
364.000000 9.962019
365.000000 9.961723
366.000000 9.961272
367.000000 9.960691
368.000000 9.959881
369.000000 9.959059
370.000000 9.958009
371.000000 9.956918
372.000000 9.955730
373.000000 9.954407
374.000000 9.953087
375.000000 9.951658
376.000000 9.950182
377.000000 9.948712
378.000000 9.947123
379.000000 9.945583
380.000000 9.944000
381.000000 9.942396
382.000000 9.940780
383.000000 9.939199
384.000000 9.937598
385.000000 9.935981
386.000000 9.934428
387.000000 9.932900
388.000000 9.931304
389.000000 9.929873
390.000000 9.928320
391.000000 9.926922
392.000000 9.925505
393.000000 9.924098
394.000000 9.922789
395.000000 9.921443
396.000000 9.920233
397.000000 9.918953
398.000000 9.917817
399.000000 9.916648
400.000000 9.915571
401.000000 9.914497
402.000000 9.913490
403.000000 9.912516
404.000000 9.911608
405.000000 9.910695
406.000000 9.909857
407.000000 9.909073
408.000000 9.908267
409.000000 9.907590
410.000000 -6.136159
411.000000 3.412324
412.000000 3.516631
413.000000 3.495231
414.000000 3.495856
415.000000 3.502011
416.000000 3.513099
417.000000 3.528906
418.000000 3.549154
419.000000 3.573813
420.000000 3.602354
421.000000 3.634666
422.000000 3.670518
423.000000 3.709356
424.000000 3.751160
425.000000 3.795424
426.000000 3.842114
427.000000 3.890573
428.000000 3.940896
429.000000 3.992618
430.000000 4.045527
431.000000 4.099379
432.000000 4.153993
433.000000 4.209098
434.000000 4.264459
435.000000 4.320042
436.000000 4.375426
437.000000 4.430661
438.000000 4.485578
439.000000 4.539785
440.000000 4.593541
441.000000 4.646411
442.000000 4.698450
443.000000 4.749505
444.000000 4.799516
445.000000 4.848391
446.000000 4.896076
447.000000 4.942497
448.000000 4.987625
449.000000 5.031402
450.000000 5.073813
451.000000 5.114803
452.000000 5.154385
453.000000 5.192517
454.000000 5.229209
455.000000 5.264450
456.000000 5.298241
457.000000 5.330594
458.000000 5.361506
459.000000 5.391015
460.000000 5.419114
461.000000 5.445843
462.000000 5.471209
463.000000 5.495257
464.000000 5.517985
465.000000 5.539468
466.000000 5.559696
467.000000 5.578722
468.000000 5.596586
469.000000 5.613306
470.000000 5.628934
471.000000 5.643498
472.000000 5.657035
473.000000 5.669607
474.000000 5.681213
475.000000 5.691913
476.000000 5.701759
477.000000 5.710745
478.000000 5.718968
479.000000 5.726401
480.000000 5.733142
481.000000 5.739177
482.000000 5.744575
483.000000 5.749354
484.000000 5.753552
485.000000 5.757206
486.000000 5.760345
487.000000 5.762979
488.000000 5.765192
489.000000 5.766957
490.000000 5.768342
491.000000 5.769342
492.000000 5.770009
493.000000 5.770360
494.000000 5.770417
495.000000 5.770209
496.000000 5.769740
497.000000 5.769076
498.000000 5.768169
499.000000 5.767111
500.000000 5.765862
501.000000 5.764480
502.000000 5.762960
503.000000 5.761324
504.000000 5.759579
505.000000 5.757757
506.000000 5.755857
507.000000 5.753886
508.000000 5.751884
509.000000 5.749815
510.000000 5.154615
511.000000 5.285906
512.000000 5.211160
513.000000 5.131553
514.000000 5.055420
515.000000 4.982139
516.000000 4.911602
517.000000 4.843759
518.000000 4.778774
519.000000 4.716507
520.000000 4.657066
521.000000 4.600288
522.000000 4.546253
523.000000 4.494861
524.000000 4.446095
525.000000 4.399933
526.000000 4.356238
527.000000 4.315065
528.000000 4.276262
529.000000 4.239727
530.000000 4.205595
531.000000 4.173539
532.000000 4.143657
533.000000 4.115815
534.000000 4.089942
535.000000 4.066013
536.000000 4.043830
537.000000 4.023507
538.000000 4.004723
539.000000 3.987698
540.000000 3.972101
541.000000 3.957994
542.000000 3.945236
543.000000 3.933873
544.000000 3.923668
545.000000 3.914713
546.000000 3.906848
547.000000 3.900022
548.000000 3.894186
549.000000 3.889292
550.000000 3.885253
551.000000 3.882020
552.000000 3.879567
553.000000 3.877801
554.000000 3.876657
555.000000 3.876204
556.000000 3.876217
557.000000 3.876763
558.000000 3.877787
559.000000 3.879264
560.000000 3.881082
561.000000 3.883284
562.000000 3.885789
563.000000 3.888546
564.000000 3.891578
565.000000 3.894850
566.000000 3.898269
567.000000 3.901889
568.000000 3.905636
569.000000 3.909434
570.000000 3.913489
571.000000 3.917392
572.000000 3.921544
573.000000 3.925628
574.000000 3.929742
575.000000 3.933895
576.000000 3.937990
577.000000 3.942129
578.000000 3.946162
579.000000 3.950184
580.000000 3.954151
581.000000 3.958046
582.000000 3.961868
583.000000 3.965611
584.000000 3.969299
585.000000 3.972885
586.000000 3.976319
587.000000 3.979732
588.000000 3.983021
589.000000 3.986172
590.000000 3.989265
591.000000 3.992225
592.000000 3.995064
593.000000 3.997845
594.000000 4.000445
595.000000 4.002954
596.000000 4.005461
597.000000 4.007666
598.000000 4.009912
599.000000 4.012032
600.000000 4.013982
601.000000 4.015907
602.000000 4.017652
603.000000 4.019404
604.000000 4.020923
605.000000 4.022521
606.000000 4.023842
607.000000 4.025234
608.000000 4.026420
609.000000 4.027601
610.000000 3.916384
611.000000 3.782913
612.000000 3.662638
613.000000 3.530978
614.000000 3.394062
615.000000 3.254121
616.000000 3.112456
617.000000 2.970248
618.000000 2.828779
619.000000 2.688502
620.000000 2.550588
621.000000 2.415105
622.000000 2.282923
623.000000 2.154142
624.000000 2.029163
625.000000 1.908320
626.000000 1.791531
627.000000 1.679211
628.000000 1.571300
629.000000 1.467869
630.000000 1.368956
631.000000 1.274647
632.000000 1.184742
633.000000 1.099446
634.000000 1.018454
635.000000 0.941955
636.000000 0.869593
637.000000 0.801530
638.000000 0.737475
639.000000 0.677552
640.000000 0.621278
641.000000 0.568990
642.000000 0.520134
643.000000 0.474926
644.000000 0.433033
645.000000 0.394395
646.000000 0.358880
647.000000 0.326398
648.000000 0.296710
649.000000 0.269784
650.000000 0.245428
651.000000 0.223632
652.000000 0.204053
653.000000 0.186832
654.000000 0.171601
655.000000 0.158437
656.000000 0.147135
657.000000 0.137504
658.000000 0.129636
659.000000 0.123238
660.000000 0.118349
661.000000 0.114692
662.000000 0.112410
663.000000 0.111154
664.000000 0.111059
665.000000 0.111865
666.000000 0.113657
667.000000 0.116201
668.000000 0.119509
669.000000 0.123488
670.000000 0.128119
671.000000 0.133206
672.000000 0.138883
673.000000 0.144850
674.000000 0.151291
675.000000 0.158061
676.000000 0.164995
677.000000 0.172319
678.000000 0.179665
679.000000 0.187293
680.000000 0.194915
681.000000 0.202704
682.000000 0.210436
683.000000 0.218290
684.000000 0.226065
685.000000 0.233850
686.000000 0.241478
687.000000 0.249203
688.000000 0.256604
689.000000 0.264101
690.000000 0.271266
691.000000 0.278498
692.000000 0.285410
693.000000 0.292234
694.000000 0.298857
695.000000 0.305233
696.000000 0.311655
697.000000 0.317519
698.000000 0.323499
699.000000 0.329109
700.000000 0.334615
701.000000 0.339801
702.000000 0.344844
703.000000 0.349691
704.000000 0.354336
705.000000 0.358737
706.000000 0.362959
707.000000 0.366998
708.000000 0.370747
709.000000 0.374456
710.000000 11.073426
711.000000 4.710321
712.000000 4.643523
713.000000 4.660325
714.000000 4.662216
715.000000 4.660369
716.000000 4.655019
717.000000 4.646422
718.000000 4.634734
719.000000 4.619958
720.000000 4.602491
721.000000 4.582376
722.000000 4.559818
723.000000 4.535112
724.000000 4.508359
725.000000 4.479886
726.000000 4.449666
727.000000 4.418176
728.000000 4.385393
729.000000 4.351565
730.000000 4.316866
731.000000 4.281523
732.000000 4.245509
733.000000 4.209197
734.000000 4.172579
735.000000 4.135834
736.000000 4.099094
737.000000 4.062439
738.000000 4.025968
739.000000 3.989896
740.000000 3.954083
741.000000 3.918858
742.000000 3.884140
743.000000 3.850026
744.000000 3.816599
745.000000 3.783924
746.000000 3.751962
747.000000 3.720876
748.000000 3.690618
749.000000 3.661245
750.000000 3.632748
751.000000 3.605224
752.000000 3.578590
753.000000 3.552930
754.000000 3.528245
755.000000 3.504462
756.000000 3.481717
757.000000 3.459851
758.000000 3.438998
759.000000 3.419063
760.000000 3.400069
761.000000 3.381966
762.000000 3.364813
763.000000 3.348502
764.000000 3.333112
765.000000 3.318517
766.000000 3.304780
767.000000 3.291871
768.000000 3.279682
769.000000 3.268337
770.000000 3.257671
771.000000 3.247738
772.000000 3.238518
773.000000 3.229888
774.000000 3.221964
775.000000 3.214632
776.000000 3.207856
777.000000 3.201720
778.000000 3.196024
779.000000 3.190916
780.000000 3.186261
781.000000 3.182084
782.000000 3.178317
783.000000 3.175007
784.000000 3.172075
785.000000 3.169491
786.000000 3.167274
787.000000 3.165441
788.000000 3.163799
789.000000 3.162577
790.000000 3.161499
791.000000 3.160777
792.000000 3.160249
793.000000 3.159916
794.000000 3.159824
795.000000 3.159853
796.000000 3.160158
797.000000 3.160484
798.000000 3.161070
799.000000 3.161705
800.000000 3.162511
801.000000 3.163372
802.000000 3.164346
803.000000 3.165399
804.000000 3.166550
805.000000 3.167718
806.000000 3.168959
807.000000 3.170271
808.000000 3.171546
809.000000 3.172946
810.000000 4.162922
811.000000 3.941926
812.000000 4.064382
813.000000 4.194933
814.000000 4.319697
815.000000 4.439715
816.000000 4.555185
817.000000 4.666178
818.000000 4.772445
819.000000 4.874211
820.000000 4.971303
821.000000 5.064002
822.000000 5.152159
823.000000 5.235974
824.000000 5.315450
825.000000 5.390639
826.000000 5.461771
827.000000 5.528748
828.000000 5.591831
829.000000 5.651199
830.000000 5.706608
831.000000 5.758614
832.000000 5.807059
833.000000 5.852151
834.000000 5.894029
835.000000 5.932714
836.000000 5.968552
837.000000 6.001333
838.000000 6.031611
839.000000 6.059014
840.000000 6.084082
841.000000 6.106715
842.000000 6.127158
843.000000 6.145318
844.000000 6.161594
845.000000 6.175838
846.000000 6.188305
847.000000 6.199080
848.000000 6.208255
849.000000 6.215893
850.000000 6.222145
851.000000 6.227091
852.000000 6.230773
853.000000 6.233341
854.000000 6.234908
855.000000 6.235353
856.000000 6.235047
857.000000 6.233889
858.000000 6.231950
859.000000 6.229292
860.000000 6.226081
861.000000 6.222256
862.000000 6.217945
863.000000 6.213237
864.000000 6.208084
865.000000 6.202555
866.000000 6.196791
867.000000 6.190713
868.000000 6.184435
869.000000 6.178081
870.000000 6.171320
871.000000 6.164813
872.000000 6.157908
873.000000 6.151124
874.000000 6.144295
875.000000 6.137417
876.000000 6.130634
877.000000 6.123789
878.000000 6.117127
879.000000 6.110481
880.000000 6.103942
881.000000 6.097518
882.000000 6.091222
883.000000 6.085060
884.000000 6.078995
885.000000 6.073097
886.000000 6.067454
887.000000 6.061852
888.000000 6.056454
889.000000 6.051282
890.000000 6.046218
891.000000 6.041360
892.000000 6.036720
893.000000 6.032164
894.000000 6.027911
895.000000 6.023812
896.000000 6.019709
897.000000 6.016118
898.000000 6.012443
899.000000 6.008991
900.000000 6.005810
