1.000000 0.331799
2.000000 0.590204
3.000000 0.791450
4.000000 0.948181
5.000000 1.070243
6.000000 1.165305
7.000000 1.239339
8.000000 1.296997
9.000000 1.341901
10.000000 1.376873
11.000000 1.404108
12.000000 1.425319
13.000000 1.441839
14.000000 1.454704
15.000000 1.464723
16.000000 1.472527
17.000000 1.478604
18.000000 1.483337
19.000000 1.487022
20.000000 1.489893
21.000000 1.492129
22.000000 1.493870
23.000000 1.495226
24.000000 1.496282
25.000000 1.497104
26.000000 1.497745
27.000000 1.498244
28.000000 1.498632
29.000000 1.498935
30.000000 1.499170
31.000000 1.499354
32.000000 1.499497
33.000000 1.499608
34.000000 1.499695
35.000000 1.499762
36.000000 1.499815
37.000000 1.499856
38.000000 1.499888
39.000000 1.499913
40.000000 1.499932
41.000000 1.499947
42.000000 1.499959
43.000000 1.499968
44.000000 1.499975
45.000000 1.499980
46.000000 1.499985
47.000000 1.499988
48.000000 1.499991
49.000000 1.499993
50.000000 1.499994
51.000000 1.499996
52.000000 1.499997
53.000000 1.499997
54.000000 1.499998
55.000000 1.499998
56.000000 1.499999
57.000000 1.499999
58.000000 1.499999
59.000000 1.499999
60.000000 1.500000
61.000000 1.500000
62.000000 1.500000
63.000000 1.500000
64.000000 1.500000
65.000000 1.500000
66.000000 1.500000
67.000000 1.500000
68.000000 1.500000
69.000000 1.500000
70.000000 1.500000
71.000000 1.500000
72.000000 1.500000
73.000000 1.500000
74.000000 1.500000
75.000000 1.500000
76.000000 1.500000
77.000000 1.500000
78.000000 1.500000
79.000000 1.500000
80.000000 1.500000
81.000000 1.500000
82.000000 1.500000
83.000000 1.500000
84.000000 1.500000
85.000000 1.500000
86.000000 1.500000
87.000000 1.500000
88.000000 1.500000
89.000000 1.500000
90.000000 1.500000
91.000000 1.500000
92.000000 1.500000
93.000000 1.500000
94.000000 1.500000
95.000000 1.500000
96.000000 1.500000
97.000000 1.500000
98.000000 1.500000
99.000000 1.500000
100.000000 1.500000
101.000000 1.500000
102.000000 1.500000
103.000000 1.500000
104.000000 1.500000
105.000000 1.500000
106.000000 1.500000
107.000000 1.500000
108.000000 1.500000
109.000000 1.500000
110.000000 1.500000
111.000000 1.500000
112.000000 1.500000
113.000000 1.500000
114.000000 1.500000
115.000000 1.500000
116.000000 1.500000
117.000000 1.500000
118.000000 1.500000
119.000000 1.500000
120.000000 1.500000
121.000000 1.500000
122.000000 1.500000
123.000000 1.500000
124.000000 1.500000
125.000000 1.500000
126.000000 1.500000
127.000000 1.500000
128.000000 1.500000
129.000000 1.500000
130.000000 1.500000
131.000000 1.500000
132.000000 1.500000
133.000000 1.500000
134.000000 1.500000
135.000000 1.500000
136.000000 1.500000
137.000000 1.500000
138.000000 1.500000
139.000000 1.500000
140.000000 1.500000
141.000000 1.500000
142.000000 1.500000
143.000000 1.500000
144.000000 1.500000
145.000000 1.500000
146.000000 1.500000
147.000000 1.500000
148.000000 1.500000
149.000000 1.500000
150.000000 1.500000
151.000000 1.500000
152.000000 1.500000
153.000000 1.500000
154.000000 1.500000
155.000000 1.500000
156.000000 1.500000
157.000000 1.500000
158.000000 1.500000
159.000000 1.500000
160.000000 1.500000
161.000000 1.500000
162.000000 1.500000
163.000000 1.500000
164.000000 1.500000
165.000000 1.500000
166.000000 1.500000
167.000000 1.500000
168.000000 1.500000
169.000000 1.500000
170.000000 1.500000
171.000000 1.500000
172.000000 1.500000
173.000000 1.500000
174.000000 1.500000
175.000000 1.500000
176.000000 1.500000
177.000000 1.500000
178.000000 1.500000
179.000000 1.500000
180.000000 1.500000
181.000000 1.500000
182.000000 1.500000
183.000000 1.500000
184.000000 1.500000
185.000000 1.500000
186.000000 1.500000
187.000000 1.500000
188.000000 1.500000
189.000000 1.500000
190.000000 1.500000
191.000000 1.500000
192.000000 1.500000
193.000000 1.500000
194.000000 1.500000
195.000000 1.500000
196.000000 1.500000
197.000000 1.500000
198.000000 1.500000
199.000000 1.500000
200.000000 1.500000
