1.000000 0.009588
2.000000 0.018914
3.000000 0.027984
4.000000 0.036806
5.000000 0.045386
6.000000 0.053731
7.000000 0.061848
8.000000 0.069742
9.000000 0.077420
10.000000 0.084887
11.000000 0.092150
12.000000 0.099214
13.000000 0.106084
14.000000 0.112767
15.000000 0.119266
16.000000 0.125587
17.000000 0.131735
18.000000 0.137714
19.000000 0.143530
20.000000 0.149186
21.000000 0.154688
22.000000 0.160038
23.000000 0.165242
24.000000 0.170304
25.000000 0.175227
26.000000 0.180015
27.000000 0.184672
28.000000 0.189201
29.000000 0.193606
30.000000 0.197891
31.000000 0.202058
32.000000 0.206111
33.000000 0.210053
34.000000 0.213887
35.000000 0.217615
36.000000 0.221242
37.000000 0.224770
38.000000 0.228200
39.000000 0.231537
40.000000 0.234782
41.000000 0.237939
42.000000 0.241009
43.000000 0.243995
44.000000 0.246899
45.000000 0.249723
46.000000 0.252470
47.000000 0.255142
48.000000 0.257741
49.000000 0.260268
50.000000 0.262727
51.000000 0.265118
52.000000 0.267443
53.000000 0.269705
54.000000 0.271904
55.000000 0.274044
56.000000 0.276125
57.000000 0.278149
58.000000 0.280117
59.000000 0.282032
60.000000 0.283894
61.000000 0.285705
62.000000 0.287466
63.000000 0.289179
64.000000 0.290845
65.000000 0.292466
66.000000 0.294042
67.000000 0.295575
68.000000 0.297066
69.000000 0.298516
70.000000 0.299927
71.000000 0.301298
72.000000 0.302633
73.000000 0.303930
74.000000 0.305192
75.000000 0.306420
76.000000 0.307614
77.000000 0.308775
78.000000 0.309904
79.000000 0.311003
80.000000 0.312071
81.000000 0.313110
82.000000 0.314121
83.000000 0.315104
84.000000 0.316060
85.000000 0.316990
86.000000 0.317894
87.000000 0.318774
88.000000 0.319629
89.000000 0.320461
90.000000 0.321270
91.000000 0.322057
92.000000 0.322823
93.000000 0.323567
94.000000 0.324291
95.000000 0.324996
96.000000 0.325681
97.000000 0.326347
98.000000 0.326995
99.000000 0.327625
100.000000 0.328238
101.000000 0.328834
102.000000 0.329414
103.000000 0.329978
104.000000 0.330527
105.000000 0.331060
106.000000 0.331579
107.000000 0.332084
108.000000 0.332575
109.000000 0.333052
110.000000 0.333516
111.000000 0.333968
112.000000 0.334407
113.000000 0.334834
114.000000 0.335250
115.000000 0.335654
116.000000 0.336047
117.000000 0.336429
118.000000 0.336801
119.000000 0.337162
120.000000 0.337514
121.000000 0.337856
122.000000 0.338189
123.000000 0.338512
124.000000 0.338827
125.000000 0.339133
126.000000 0.339431
127.000000 0.339720
128.000000 0.340002
129.000000 0.340276
130.000000 0.340542
131.000000 0.340801
132.000000 0.341053
133.000000 0.341299
134.000000 0.341537
135.000000 0.341769
136.000000 0.341994
137.000000 0.342214
138.000000 0.342427
139.000000 0.342634
140.000000 0.342836
141.000000 0.343032
142.000000 0.343223
143.000000 0.343409
144.000000 0.343590
145.000000 0.343765
146.000000 0.343936
147.000000 0.344102
148.000000 0.344264
149.000000 0.344421
150.000000 0.344574
151.000000 0.344722
152.000000 0.344867
153.000000 0.345008
154.000000 0.345144
155.000000 0.345277
156.000000 0.345407
157.000000 0.345533
158.000000 0.345655
159.000000 0.345774
160.000000 0.345890
161.000000 0.346002
162.000000 0.346112
163.000000 0.346218
164.000000 0.346322
165.000000 0.346423
166.000000 0.346521
167.000000 0.346616
168.000000 0.346709
169.000000 0.346799
170.000000 0.346887
171.000000 0.346972
172.000000 0.347055
173.000000 0.347136
174.000000 0.347214
175.000000 0.347290
176.000000 0.347365
177.000000 0.347437
178.000000 0.347507
179.000000 0.347575
180.000000 0.347642
181.000000 0.347706
182.000000 0.347769
183.000000 0.347830
184.000000 0.347890
185.000000 0.347948
186.000000 0.348004
187.000000 0.348058
188.000000 0.348112
189.000000 0.348163
190.000000 0.348214
191.000000 0.348263
192.000000 0.348310
193.000000 0.348357
194.000000 0.348402
195.000000 0.348445
196.000000 0.348488
197.000000 0.348529
198.000000 0.348570
199.000000 0.348609
200.000000 0.348647
