1.000000 0.019033
2.000000 0.036254
3.000000 0.051836
4.000000 0.065936
5.000000 0.078694
6.000000 0.090238
7.000000 0.100683
8.000000 0.110134
9.000000 0.118686
10.000000 0.126424
11.000000 0.133426
12.000000 0.139761
13.000000 0.145494
14.000000 0.150681
15.000000 0.155374
16.000000 0.159621
17.000000 0.163463
18.000000 0.166940
19.000000 0.170086
20.000000 0.172933
21.000000 0.175509
22.000000 0.177839
23.000000 0.179948
24.000000 0.181856
25.000000 0.183583
26.000000 0.185145
27.000000 0.186559
28.000000 0.187838
29.000000 0.188995
30.000000 0.190043
31.000000 0.190990
32.000000 0.191848
33.000000 0.192623
34.000000 0.193325
35.000000 0.193961
36.000000 0.194535
37.000000 0.195055
38.000000 0.195526
39.000000 0.195952
40.000000 0.196337
41.000000 0.196685
42.000000 0.197001
43.000000 0.197286
44.000000 0.197545
45.000000 0.197778
46.000000 0.197990
47.000000 0.198181
48.000000 0.198354
49.000000 0.198511
50.000000 0.198652
51.000000 0.198781
52.000000 0.198897
53.000000 0.199002
54.000000 0.199097
55.000000 0.199183
56.000000 0.199260
57.000000 0.199331
58.000000 0.199394
59.000000 0.199452
60.000000 0.199504
61.000000 0.199551
62.000000 0.199594
63.000000 0.199633
64.000000 0.199668
65.000000 0.199699
66.000000 0.199728
67.000000 0.199754
68.000000 0.199777
69.000000 0.199798
70.000000 0.199818
71.000000 0.199835
72.000000 0.199851
73.000000 0.199865
74.000000 0.199878
75.000000 0.199889
76.000000 0.199900
77.000000 0.199909
78.000000 0.199918
79.000000 0.199926
80.000000 0.199933
81.000000 0.199939
82.000000 0.199945
83.000000 0.199950
84.000000 0.199955
85.000000 0.199959
86.000000 0.199963
87.000000 0.199967
88.000000 0.199970
89.000000 0.199973
90.000000 0.199975
91.000000 0.199978
92.000000 0.199980
93.000000 0.199982
94.000000 0.199983
95.000000 0.199985
96.000000 0.199986
97.000000 0.199988
98.000000 0.199989
99.000000 0.199990
100.000000 0.199991
101.000000 0.199992
102.000000 0.199993
103.000000 0.199993
104.000000 0.199994
105.000000 0.199994
106.000000 0.199995
107.000000 0.199995
108.000000 0.199996
109.000000 0.199996
110.000000 0.199997
111.000000 0.199997
112.000000 0.199997
113.000000 0.199998
114.000000 0.199998
115.000000 0.199998
116.000000 0.199998
117.000000 0.199998
118.000000 0.199998
119.000000 0.199999
120.000000 0.199999
121.000000 0.199999
122.000000 0.199999
123.000000 0.199999
124.000000 0.199999
125.000000 0.199999
126.000000 0.199999
127.000000 0.199999
128.000000 0.199999
129.000000 0.200000
130.000000 0.200000
131.000000 0.200000
132.000000 0.200000
133.000000 0.200000
134.000000 0.200000
135.000000 0.200000
136.000000 0.200000
137.000000 0.200000
138.000000 0.200000
139.000000 0.200000
140.000000 0.200000
141.000000 0.200000
142.000000 0.200000
143.000000 0.200000
144.000000 0.200000
145.000000 0.200000
146.000000 0.200000
147.000000 0.200000
148.000000 0.200000
149.000000 0.200000
150.000000 0.200000
151.000000 0.200000
152.000000 0.200000
153.000000 0.200000
154.000000 0.200000
155.000000 0.200000
156.000000 0.200000
157.000000 0.200000
158.000000 0.200000
159.000000 0.200000
160.000000 0.200000
161.000000 0.200000
162.000000 0.200000
163.000000 0.200000
164.000000 0.200000
165.000000 0.200000
166.000000 0.200000
167.000000 0.200000
168.000000 0.200000
169.000000 0.200000
170.000000 0.200000
171.000000 0.200000
172.000000 0.200000
173.000000 0.200000
174.000000 0.200000
175.000000 0.200000
176.000000 0.200000
177.000000 0.200000
178.000000 0.200000
179.000000 0.200000
180.000000 0.200000
181.000000 0.200000
182.000000 0.200000
183.000000 0.200000
184.000000 0.200000
185.000000 0.200000
186.000000 0.200000
187.000000 0.200000
188.000000 0.200000
189.000000 0.200000
190.000000 0.200000
191.000000 0.200000
192.000000 0.200000
193.000000 0.200000
194.000000 0.200000
195.000000 0.200000
196.000000 0.200000
197.000000 0.200000
198.000000 0.200000
199.000000 0.200000
200.000000 0.200000
