1.000000 0.048771
2.000000 0.095163
3.000000 0.139292
4.000000 0.181269
5.000000 0.221199
6.000000 0.259182
7.000000 0.295312
8.000000 0.329680
9.000000 0.362372
10.000000 0.393469
11.000000 0.423050
12.000000 0.451188
13.000000 0.477954
14.000000 0.503415
15.000000 0.527633
16.000000 0.550671
17.000000 0.572585
18.000000 0.593430
19.000000 0.613259
20.000000 0.632121
21.000000 0.650062
22.000000 0.667129
23.000000 0.683363
24.000000 0.698806
25.000000 0.713495
26.000000 0.727468
27.000000 0.740760
28.000000 0.753403
29.000000 0.765430
30.000000 0.776870
31.000000 0.787752
32.000000 0.798103
33.000000 0.807950
34.000000 0.817316
35.000000 0.826226
36.000000 0.834701
37.000000 0.842763
38.000000 0.850431
39.000000 0.857726
40.000000 0.864665
41.000000 0.871265
42.000000 0.877544
43.000000 0.883516
44.000000 0.889197
45.000000 0.894601
46.000000 0.899741
47.000000 0.904631
48.000000 0.909282
49.000000 0.913706
50.000000 0.917915
51.000000 0.921918
52.000000 0.925726
53.000000 0.929349
54.000000 0.932794
55.000000 0.936072
56.000000 0.939190
57.000000 0.942156
58.000000 0.944977
59.000000 0.947660
60.000000 0.950213
61.000000 0.952641
62.000000 0.954951
63.000000 0.957148
64.000000 0.959238
65.000000 0.961226
66.000000 0.963117
67.000000 0.964916
68.000000 0.966627
69.000000 0.968254
70.000000 0.969803
71.000000 0.971275
72.000000 0.972676
73.000000 0.974009
74.000000 0.975276
75.000000 0.976482
76.000000 0.977629
77.000000 0.978720
78.000000 0.979758
79.000000 0.980745
80.000000 0.981684
81.000000 0.982578
82.000000 0.983427
83.000000 0.984236
84.000000 0.985004
85.000000 0.985736
86.000000 0.986431
87.000000 0.987093
88.000000 0.987723
89.000000 0.988321
90.000000 0.988891
91.000000 0.989433
92.000000 0.989948
93.000000 0.990438
94.000000 0.990905
95.000000 0.991348
96.000000 0.991770
97.000000 0.992172
98.000000 0.992553
99.000000 0.992917
100.000000 0.993262
101.000000 0.993591
102.000000 0.993903
103.000000 0.994201
104.000000 0.994483
105.000000 0.994752
106.000000 0.995008
107.000000 0.995252
108.000000 0.995483
109.000000 0.995704
110.000000 0.995913
111.000000 0.996113
112.000000 0.996302
113.000000 0.996482
114.000000 0.996654
115.000000 0.996817
116.000000 0.996972
117.000000 0.997120
118.000000 0.997261
119.000000 0.997394
120.000000 0.997521
121.000000 0.997642
122.000000 0.997757
123.000000 0.997867
124.000000 0.997971
125.000000 0.998070
126.000000 0.998164
127.000000 0.998253
128.000000 0.998338
129.000000 0.998419
130.000000 0.998497
131.000000 0.998570
132.000000 0.998640
133.000000 0.998706
134.000000 0.998769
135.000000 0.998829
136.000000 0.998886
137.000000 0.998941
138.000000 0.998992
139.000000 0.999041
140.000000 0.999088
141.000000 0.999133
142.000000 0.999175
143.000000 0.999215
144.000000 0.999253
145.000000 0.999290
146.000000 0.999324
147.000000 0.999357
148.000000 0.999389
149.000000 0.999419
150.000000 0.999447
151.000000 0.999474
152.000000 0.999500
153.000000 0.999524
154.000000 0.999547
155.000000 0.999569
156.000000 0.999590
157.000000 0.999610
158.000000 0.999629
159.000000 0.999647
160.000000 0.999665
161.000000 0.999681
162.000000 0.999696
163.000000 0.999711
164.000000 0.999725
165.000000 0.999739
166.000000 0.999751
167.000000 0.999764
168.000000 0.999775
169.000000 0.999786
170.000000 0.999797
171.000000 0.999806
172.000000 0.999816
173.000000 0.999825
174.000000 0.999833
175.000000 0.999842
176.000000 0.999849
177.000000 0.999857
178.000000 0.999864
179.000000 0.999870
180.000000 0.999877
181.000000 0.999883
182.000000 0.999888
183.000000 0.999894
184.000000 0.999899
185.000000 0.999904
186.000000 0.999909
187.000000 0.999913
188.000000 0.999917
189.000000 0.999921
190.000000 0.999925
191.000000 0.999929
192.000000 0.999932
193.000000 0.999936
194.000000 0.999939
195.000000 0.999942
196.000000 0.999945
197.000000 0.999947
198.000000 0.999950
199.000000 0.999952
200.000000 0.999955
