1.000000 0.020405
2.000000 0.039978
3.000000 0.058752
4.000000 0.076759
5.000000 0.094032
6.000000 0.110600
7.000000 0.126491
8.000000 0.141734
9.000000 0.156355
10.000000 0.170380
11.000000 0.183832
12.000000 0.196735
13.000000 0.209111
14.000000 0.220982
15.000000 0.232369
16.000000 0.243291
17.000000 0.253768
18.000000 0.263817
19.000000 0.273455
20.000000 0.282701
21.000000 0.291569
22.000000 0.300075
23.000000 0.308234
24.000000 0.316060
25.000000 0.323567
26.000000 0.330767
27.000000 0.337674
28.000000 0.344298
29.000000 0.350653
30.000000 0.356748
31.000000 0.362594
32.000000 0.368201
33.000000 0.373580
34.000000 0.378739
35.000000 0.383688
36.000000 0.388435
37.000000 0.392988
38.000000 0.397355
39.000000 0.401544
40.000000 0.405562
41.000000 0.409416
42.000000 0.413113
43.000000 0.416659
44.000000 0.420060
45.000000 0.423323
46.000000 0.426452
47.000000 0.429453
48.000000 0.432332
49.000000 0.435094
50.000000 0.437743
51.000000 0.440284
52.000000 0.442721
53.000000 0.445058
54.000000 0.447300
55.000000 0.449451
56.000000 0.451514
57.000000 0.453493
58.000000 0.455391
59.000000 0.457211
60.000000 0.458958
61.000000 0.460632
62.000000 0.462239
63.000000 0.463780
64.000000 0.465258
65.000000 0.466676
66.000000 0.468036
67.000000 0.469341
68.000000 0.470592
69.000000 0.471792
70.000000 0.472943
71.000000 0.474047
72.000000 0.475106
73.000000 0.476122
74.000000 0.477097
75.000000 0.478032
76.000000 0.478928
77.000000 0.479788
78.000000 0.480613
79.000000 0.481404
80.000000 0.482163
81.000000 0.482891
82.000000 0.483589
83.000000 0.484259
84.000000 0.484901
85.000000 0.485517
86.000000 0.486109
87.000000 0.486675
88.000000 0.487219
89.000000 0.487741
90.000000 0.488241
91.000000 0.488721
92.000000 0.489181
93.000000 0.489623
94.000000 0.490046
95.000000 0.490453
96.000000 0.490842
97.000000 0.491216
98.000000 0.491574
99.000000 0.491918
100.000000 0.492248
101.000000 0.492564
102.000000 0.492868
103.000000 0.493159
104.000000 0.493438
105.000000 0.493706
106.000000 0.493963
107.000000 0.494209
108.000000 0.494446
109.000000 0.494672
110.000000 0.494890
111.000000 0.495098
112.000000 0.495298
113.000000 0.495490
114.000000 0.495674
115.000000 0.495851
116.000000 0.496020
117.000000 0.496182
118.000000 0.496338
119.000000 0.496488
120.000000 0.496631
121.000000 0.496769
122.000000 0.496900
123.000000 0.497027
124.000000 0.497148
125.000000 0.497265
126.000000 0.497376
127.000000 0.497483
128.000000 0.497586
129.000000 0.497685
130.000000 0.497779
131.000000 0.497870
132.000000 0.497957
133.000000 0.498040
134.000000 0.498120
135.000000 0.498197
136.000000 0.498270
137.000000 0.498341
138.000000 0.498409
139.000000 0.498474
140.000000 0.498536
141.000000 0.498596
142.000000 0.498653
143.000000 0.498708
144.000000 0.498761
145.000000 0.498811
146.000000 0.498860
147.000000 0.498906
148.000000 0.498951
149.000000 0.498994
150.000000 0.499035
151.000000 0.499074
152.000000 0.499112
153.000000 0.499148
154.000000 0.499183
155.000000 0.499216
156.000000 0.499248
157.000000 0.499279
158.000000 0.499308
159.000000 0.499337
160.000000 0.499364
161.000000 0.499390
162.000000 0.499415
163.000000 0.499438
164.000000 0.499461
165.000000 0.499483
166.000000 0.499504
167.000000 0.499525
168.000000 0.499544
169.000000 0.499563
170.000000 0.499581
171.000000 0.499598
172.000000 0.499614
173.000000 0.499630
174.000000 0.499645
175.000000 0.499659
176.000000 0.499673
177.000000 0.499687
178.000000 0.499699
179.000000 0.499712
180.000000 0.499723
181.000000 0.499735
182.000000 0.499746
183.000000 0.499756
184.000000 0.499766
185.000000 0.499775
186.000000 0.499785
187.000000 0.499793
188.000000 0.499802
189.000000 0.499810
190.000000 0.499818
191.000000 0.499825
192.000000 0.499832
193.000000 0.499839
194.000000 0.499846
195.000000 0.499852
196.000000 0.499858
197.000000 0.499864
198.000000 0.499869
199.000000 0.499875
200.000000 0.499880
