1.000000 0.275429
2.000000 0.442484
3.000000 0.543809
4.000000 0.605265
5.000000 0.642541
6.000000 0.665149
7.000000 0.678862
8.000000 0.687179
9.000000 0.692224
10.000000 0.695283
11.000000 0.697139
12.000000 0.698265
13.000000 0.698948
14.000000 0.699362
15.000000 0.699613
16.000000 0.699765
17.000000 0.699858
18.000000 0.699914
19.000000 0.699948
20.000000 0.699968
21.000000 0.699981
22.000000 0.699988
23.000000 0.699993
24.000000 0.699996
25.000000 0.699997
26.000000 0.699998
27.000000 0.699999
28.000000 0.699999
29.000000 0.700000
30.000000 0.700000
31.000000 0.700000
32.000000 0.700000
33.000000 0.700000
34.000000 0.700000
35.000000 0.700000
36.000000 0.700000
37.000000 0.700000
38.000000 0.700000
39.000000 0.700000
40.000000 0.700000
41.000000 0.700000
42.000000 0.700000
43.000000 0.700000
44.000000 0.700000
45.000000 0.700000
46.000000 0.700000
47.000000 0.700000
48.000000 0.700000
49.000000 0.700000
50.000000 0.700000
51.000000 0.700000
52.000000 0.700000
53.000000 0.700000
54.000000 0.700000
55.000000 0.700000
56.000000 0.700000
57.000000 0.700000
58.000000 0.700000
59.000000 0.700000
60.000000 0.700000
61.000000 0.700000
62.000000 0.700000
63.000000 0.700000
64.000000 0.700000
65.000000 0.700000
66.000000 0.700000
67.000000 0.700000
68.000000 0.700000
69.000000 0.700000
70.000000 0.700000
71.000000 0.700000
72.000000 0.700000
73.000000 0.700000
74.000000 0.700000
75.000000 0.700000
76.000000 0.700000
77.000000 0.700000
78.000000 0.700000
79.000000 0.700000
80.000000 0.700000
81.000000 0.700000
82.000000 0.700000
83.000000 0.700000
84.000000 0.700000
85.000000 0.700000
86.000000 0.700000
87.000000 0.700000
88.000000 0.700000
89.000000 0.700000
90.000000 0.700000
91.000000 0.700000
92.000000 0.700000
93.000000 0.700000
94.000000 0.700000
95.000000 0.700000
96.000000 0.700000
97.000000 0.700000
98.000000 0.700000
99.000000 0.700000
100.000000 0.700000
101.000000 0.700000
102.000000 0.700000
103.000000 0.700000
104.000000 0.700000
105.000000 0.700000
106.000000 0.700000
107.000000 0.700000
108.000000 0.700000
109.000000 0.700000
110.000000 0.700000
111.000000 0.700000
112.000000 0.700000
113.000000 0.700000
114.000000 0.700000
115.000000 0.700000
116.000000 0.700000
117.000000 0.700000
118.000000 0.700000
119.000000 0.700000
120.000000 0.700000
121.000000 0.700000
122.000000 0.700000
123.000000 0.700000
124.000000 0.700000
125.000000 0.700000
126.000000 0.700000
127.000000 0.700000
128.000000 0.700000
129.000000 0.700000
130.000000 0.700000
131.000000 0.700000
132.000000 0.700000
133.000000 0.700000
134.000000 0.700000
135.000000 0.700000
136.000000 0.700000
137.000000 0.700000
138.000000 0.700000
139.000000 0.700000
140.000000 0.700000
141.000000 0.700000
142.000000 0.700000
143.000000 0.700000
144.000000 0.700000
145.000000 0.700000
146.000000 0.700000
147.000000 0.700000
148.000000 0.700000
149.000000 0.700000
150.000000 0.700000
151.000000 0.700000
152.000000 0.700000
153.000000 0.700000
154.000000 0.700000
155.000000 0.700000
156.000000 0.700000
157.000000 0.700000
158.000000 0.700000
159.000000 0.700000
160.000000 0.700000
161.000000 0.700000
162.000000 0.700000
163.000000 0.700000
164.000000 0.700000
165.000000 0.700000
166.000000 0.700000
167.000000 0.700000
168.000000 0.700000
169.000000 0.700000
170.000000 0.700000
171.000000 0.700000
172.000000 0.700000
173.000000 0.700000
174.000000 0.700000
175.000000 0.700000
176.000000 0.700000
177.000000 0.700000
178.000000 0.700000
179.000000 0.700000
180.000000 0.700000
181.000000 0.700000
182.000000 0.700000
183.000000 0.700000
184.000000 0.700000
185.000000 0.700000
186.000000 0.700000
187.000000 0.700000
188.000000 0.700000
189.000000 0.700000
190.000000 0.700000
191.000000 0.700000
192.000000 0.700000
193.000000 0.700000
194.000000 0.700000
195.000000 0.700000
196.000000 0.700000
197.000000 0.700000
198.000000 0.700000
199.000000 0.700000
200.000000 0.700000
