1.000000 0.078763
2.000000 0.152754
3.000000 0.222262
4.000000 0.287559
5.000000 0.348900
6.000000 0.406524
7.000000 0.460657
8.000000 0.511510
9.000000 0.559282
10.000000 0.604160
11.000000 0.646319
12.000000 0.685923
13.000000 0.723128
14.000000 0.758079
15.000000 0.790913
16.000000 0.821757
17.000000 0.850732
18.000000 0.877952
19.000000 0.903522
20.000000 0.927544
21.000000 0.950110
22.000000 0.971309
23.000000 0.991223
24.000000 1.009931
25.000000 1.027505
26.000000 1.044015
27.000000 1.059524
28.000000 1.074094
29.000000 1.087781
30.000000 1.100639
31.000000 1.112717
32.000000 1.124064
33.000000 1.134724
34.000000 1.144737
35.000000 1.154144
36.000000 1.162981
37.000000 1.171283
38.000000 1.179081
39.000000 1.186407
40.000000 1.193290
41.000000 1.199755
42.000000 1.205828
43.000000 1.211534
44.000000 1.216894
45.000000 1.221929
46.000000 1.226659
47.000000 1.231103
48.000000 1.235277
49.000000 1.239198
50.000000 1.242882
51.000000 1.246343
52.000000 1.249594
53.000000 1.252648
54.000000 1.255516
55.000000 1.258212
56.000000 1.260743
57.000000 1.263122
58.000000 1.265356
59.000000 1.267455
60.000000 1.269427
61.000000 1.271279
62.000000 1.273019
63.000000 1.274654
64.000000 1.276190
65.000000 1.277632
66.000000 1.278987
67.000000 1.280261
68.000000 1.281456
69.000000 1.282580
70.000000 1.283635
71.000000 1.284627
72.000000 1.285558
73.000000 1.286433
74.000000 1.287255
75.000000 1.288027
76.000000 1.288753
77.000000 1.289434
78.000000 1.290074
79.000000 1.290676
80.000000 1.291241
81.000000 1.291771
82.000000 1.292270
83.000000 1.292738
84.000000 1.293178
85.000000 1.293592
86.000000 1.293980
87.000000 1.294345
88.000000 1.294687
89.000000 1.295009
90.000000 1.295311
91.000000 1.295596
92.000000 1.295862
93.000000 1.296113
94.000000 1.296349
95.000000 1.296570
96.000000 1.296778
97.000000 1.296973
98.000000 1.297156
99.000000 1.297329
100.000000 1.297490
101.000000 1.297642
102.000000 1.297785
103.000000 1.297919
104.000000 1.298046
105.000000 1.298164
106.000000 1.298275
107.000000 1.298380
108.000000 1.298478
109.000000 1.298570
110.000000 1.298657
111.000000 1.298738
112.000000 1.298815
113.000000 1.298886
114.000000 1.298954
115.000000 1.299017
116.000000 1.299077
117.000000 1.299133
118.000000 1.299185
119.000000 1.299235
120.000000 1.299281
121.000000 1.299325
122.000000 1.299365
123.000000 1.299404
124.000000 1.299440
125.000000 1.299474
126.000000 1.299506
127.000000 1.299536
128.000000 1.299564
129.000000 1.299590
130.000000 1.299615
131.000000 1.299638
132.000000 1.299660
133.000000 1.299681
134.000000 1.299700
135.000000 1.299718
136.000000 1.299735
137.000000 1.299752
138.000000 1.299767
139.000000 1.299781
140.000000 1.299794
141.000000 1.299806
142.000000 1.299818
143.000000 1.299829
144.000000 1.299840
145.000000 1.299849
146.000000 1.299858
147.000000 1.299867
148.000000 1.299875
149.000000 1.299883
150.000000 1.299890
151.000000 1.299896
152.000000 1.299903
153.000000 1.299909
154.000000 1.299914
155.000000 1.299919
156.000000 1.299924
157.000000 1.299929
158.000000 1.299933
159.000000 1.299937
160.000000 1.299941
161.000000 1.299945
162.000000 1.299948
163.000000 1.299951
164.000000 1.299954
165.000000 1.299957
166.000000 1.299959
167.000000 1.299962
168.000000 1.299964
169.000000 1.299966
170.000000 1.299968
171.000000 1.299970
172.000000 1.299972
173.000000 1.299974
174.000000 1.299975
175.000000 1.299977
176.000000 1.299978
177.000000 1.299980
178.000000 1.299981
179.000000 1.299982
180.000000 1.299983
181.000000 1.299984
182.000000 1.299985
183.000000 1.299986
184.000000 1.299987
185.000000 1.299988
186.000000 1.299988
187.000000 1.299989
188.000000 1.299990
189.000000 1.299990
190.000000 1.299991
191.000000 1.299991
192.000000 1.299992
193.000000 1.299992
194.000000 1.299993
195.000000 1.299993
196.000000 1.299994
197.000000 1.299994
198.000000 1.299995
199.000000 1.299995
200.000000 1.299995
