1.000000 0.000000
2.000000 0.000000
3.000000 0.000000
4.000000 0.000000
5.000000 0.180580
6.000000 0.349514
7.000000 0.507549
8.000000 0.655384
9.000000 0.793675
10.000000 0.923034
11.000000 1.044036
12.000000 1.157217
13.000000 1.263082
14.000000 1.362101
15.000000 1.454714
16.000000 1.541334
17.000000 1.622348
18.000000 1.698116
19.000000 1.768977
20.000000 1.835247
21.000000 1.897223
22.000000 1.955182
23.000000 2.009383
24.000000 2.060069
25.000000 2.107467
26.000000 2.151790
27.000000 2.193236
28.000000 2.231991
29.000000 2.268231
30.000000 2.302116
31.000000 2.333801
32.000000 2.363427
33.000000 2.391127
34.000000 2.417027
35.000000 2.441243
36.000000 2.463885
37.000000 2.485053
38.000000 2.504845
39.000000 2.523349
40.000000 2.540649
41.000000 2.556822
42.000000 2.571943
43.000000 2.586079
44.000000 2.599295
45.000000 2.611650
46.000000 2.623200
47.000000 2.633997
48.000000 2.644091
49.000000 2.653527
50.000000 2.662348
51.000000 2.670594
52.000000 2.678302
53.000000 2.685507
54.000000 2.692242
55.000000 2.698539
56.000000 2.704424
57.000000 2.709925
58.000000 2.715067
59.000000 2.719874
60.000000 2.724367
61.000000 2.728567
62.000000 2.732492
63.000000 2.736161
64.000000 2.739591
65.000000 2.742796
66.000000 2.745792
67.000000 2.748592
68.000000 2.751210
69.000000 2.753656
70.000000 2.755943
71.000000 2.758080
72.000000 2.760077
73.000000 2.761944
74.000000 2.763689
75.000000 2.765319
76.000000 2.766844
77.000000 2.768268
78.000000 2.769599
79.000000 2.770843
80.000000 2.772006
81.000000 2.773093
82.000000 2.774109
83.000000 2.775058
84.000000 2.775945
85.000000 2.776774
86.000000 2.777549
87.000000 2.778273
88.000000 2.778949
89.000000 2.779582
90.000000 2.780173
91.000000 2.780725
92.000000 2.781241
93.000000 2.781724
94.000000 2.782174
95.000000 2.782596
96.000000 2.782989
97.000000 2.783357
98.000000 2.783701
99.000000 2.784022
100.000000 2.784323
101.000000 2.784603
102.000000 2.784865
103.000000 2.785110
104.000000 2.785339
105.000000 2.785553
106.000000 2.785753
107.000000 2.785940
108.000000 2.786115
109.000000 2.786278
110.000000 2.786430
111.000000 2.786573
112.000000 2.786706
113.000000 2.786830
114.000000 2.786947
115.000000 2.787055
116.000000 2.787157
117.000000 2.787252
118.000000 2.787340
119.000000 2.787423
120.000000 2.787500
121.000000 2.787573
122.000000 2.787640
123.000000 2.787703
124.000000 2.787762
125.000000 2.787818
126.000000 2.787869
127.000000 2.787917
128.000000 2.787962
129.000000 2.788004
130.000000 2.788044
131.000000 2.788080
132.000000 2.788115
133.000000 2.788147
134.000000 2.788177
135.000000 2.788205
136.000000 2.788231
137.000000 2.788255
138.000000 2.788278
139.000000 2.788299
140.000000 2.788319
141.000000 2.788338
142.000000 2.788355
143.000000 2.788371
144.000000 2.788387
145.000000 2.788401
146.000000 2.788414
147.000000 2.788427
148.000000 2.788438
149.000000 2.788449
150.000000 2.788459
151.000000 2.788468
152.000000 2.788477
153.000000 2.788486
154.000000 2.788493
155.000000 2.788500
156.000000 2.788507
157.000000 2.788513
158.000000 2.788519
159.000000 2.788525
160.000000 2.788530
161.000000 2.788535
162.000000 2.788539
163.000000 2.788543
164.000000 2.788547
165.000000 2.788551
166.000000 2.788554
167.000000 2.788558
168.000000 2.788561
169.000000 2.788563
170.000000 2.788566
171.000000 2.788568
172.000000 2.788571
173.000000 2.788573
174.000000 2.788575
175.000000 2.788577
176.000000 2.788578
177.000000 2.788580
178.000000 2.788581
179.000000 2.788583
180.000000 2.788584
181.000000 2.788585
182.000000 2.788587
183.000000 2.788588
184.000000 2.788589
185.000000 2.788590
186.000000 2.788590
187.000000 2.788591
188.000000 2.788592
189.000000 2.788593
190.000000 2.788593
191.000000 2.788594
192.000000 2.788595
193.000000 2.788595
194.000000 2.788596
195.000000 2.788596
196.000000 2.788597
197.000000 2.788597
198.000000 2.788597
199.000000 2.788598
200.000000 2.788598
201.000000 2.788598
202.000000 2.788599
203.000000 2.788599
204.000000 2.788599
205.000000 2.788600
206.000000 2.788600
207.000000 2.788600
208.000000 2.788600
209.000000 2.788600
210.000000 2.788600
211.000000 2.788601
212.000000 2.788601
213.000000 2.788601
214.000000 2.788601
215.000000 2.788601
216.000000 2.788601
217.000000 2.788601
218.000000 2.788602
219.000000 2.788602
220.000000 2.788602
221.000000 2.788602
222.000000 2.788602
223.000000 2.788602
224.000000 2.788602
225.000000 2.788602
226.000000 2.788602
227.000000 2.788602
228.000000 2.788602
229.000000 2.788602
230.000000 2.788602
231.000000 2.788602
232.000000 2.788602
233.000000 2.788602
234.000000 2.788602
235.000000 2.788602
236.000000 2.788603
237.000000 2.788603
238.000000 2.788603
239.000000 2.788603
240.000000 2.788603
241.000000 2.788603
242.000000 2.788603
243.000000 2.788603
244.000000 2.788603
245.000000 2.788603
246.000000 2.788603
247.000000 2.788603
248.000000 2.788603
249.000000 2.788603
250.000000 2.788603
251.000000 2.788603
252.000000 2.788603
253.000000 2.788603
254.000000 2.788603
255.000000 2.788603
256.000000 2.788603
257.000000 2.788603
258.000000 2.788603
259.000000 2.788603
260.000000 2.788603
261.000000 2.788603
262.000000 2.788603
263.000000 2.788603
264.000000 2.788603
265.000000 2.788603
266.000000 2.788603
267.000000 2.788603
268.000000 2.788603
269.000000 2.788603
270.000000 2.788603
271.000000 2.788603
272.000000 2.788603
273.000000 2.788603
274.000000 2.788603
275.000000 2.788603
276.000000 2.788603
277.000000 2.788603
278.000000 2.788603
279.000000 2.788603
280.000000 2.788603
281.000000 2.788603
282.000000 2.788603
283.000000 2.788603
284.000000 2.788603
285.000000 2.788603
286.000000 2.788603
287.000000 2.788603
288.000000 2.788603
289.000000 2.788603
290.000000 2.788603
291.000000 2.788603
292.000000 2.788603
293.000000 2.788603
294.000000 2.788603
295.000000 2.788603
296.000000 2.788603
297.000000 2.788603
298.000000 2.788603
299.000000 2.788603
300.000000 2.788603
301.000000 2.788603
302.000000 2.788603
303.000000 2.788603
304.000000 2.788603
305.000000 2.788603
306.000000 2.788603
307.000000 2.788603
308.000000 2.788603
309.000000 2.788603
310.000000 2.788603
311.000000 2.788603
312.000000 2.788603
313.000000 2.788603
314.000000 2.788603
315.000000 2.788603
316.000000 2.788603
317.000000 2.788603
318.000000 2.788603
319.000000 2.788603
320.000000 2.788603
321.000000 2.788603
322.000000 2.788603
323.000000 2.788603
324.000000 2.788603
325.000000 2.788603
326.000000 2.788603
327.000000 2.788603
328.000000 2.788603
329.000000 2.788603
330.000000 2.788603
331.000000 2.788603
332.000000 2.788603
333.000000 2.788603
334.000000 2.788603
335.000000 2.788603
336.000000 2.788603
337.000000 2.788603
338.000000 2.788603
339.000000 2.788603
340.000000 2.788603
341.000000 2.788603
342.000000 2.788603
343.000000 2.788603
344.000000 2.788603
345.000000 2.788603
346.000000 2.788603
347.000000 2.788603
348.000000 2.788603
349.000000 2.788603
350.000000 2.788603
351.000000 2.788603
352.000000 2.788603
353.000000 2.788603
354.000000 2.788603
355.000000 2.788603
356.000000 2.788603
357.000000 2.788603
358.000000 2.788603
359.000000 2.788603
360.000000 2.788603
361.000000 2.788603
362.000000 2.788603
363.000000 2.788603
364.000000 2.788603
365.000000 2.788603
366.000000 2.788603
367.000000 2.788603
368.000000 2.788603
369.000000 2.788603
370.000000 2.788603
371.000000 2.788603
372.000000 2.788603
373.000000 2.788603
374.000000 2.788603
375.000000 2.788603
376.000000 2.788603
377.000000 2.788603
378.000000 2.788603
379.000000 2.788603
380.000000 2.788603
381.000000 2.788603
382.000000 2.788603
383.000000 2.788603
384.000000 2.788603
385.000000 2.788603
386.000000 2.788603
387.000000 2.788603
388.000000 2.788603
389.000000 2.788603
390.000000 2.788603
391.000000 2.788603
392.000000 2.788603
393.000000 2.788603
394.000000 2.788603
395.000000 2.788603
396.000000 2.788603
397.000000 2.788603
398.000000 2.788603
399.000000 2.788603
400.000000 2.788603
401.000000 2.788603
402.000000 2.788603
403.000000 2.788603
404.000000 2.788603
405.000000 2.788603
406.000000 2.788603
407.000000 2.788603
408.000000 2.788603
409.000000 2.788603
410.000000 2.788603
411.000000 2.788603
412.000000 2.788603
413.000000 2.788603
414.000000 2.788603
415.000000 2.788603
416.000000 2.788603
417.000000 2.788603
418.000000 2.788603
419.000000 2.788603
420.000000 2.788603
421.000000 2.788603
422.000000 2.788603
423.000000 2.788603
424.000000 2.788603
425.000000 2.788603
426.000000 2.788603
427.000000 2.788603
428.000000 2.788603
429.000000 2.788603
430.000000 2.788603
431.000000 2.788603
432.000000 2.788603
433.000000 2.788603
434.000000 2.788603
435.000000 2.788603
436.000000 2.788603
437.000000 2.788603
438.000000 2.788603
439.000000 2.788603
440.000000 2.788603
441.000000 2.788603
442.000000 2.788603
443.000000 2.788603
444.000000 2.788603
445.000000 2.788603
446.000000 2.788603
447.000000 2.788603
448.000000 2.788603
449.000000 2.788603
450.000000 2.788603
451.000000 2.788603
452.000000 2.788603
453.000000 2.788603
454.000000 2.788603
455.000000 2.788603
456.000000 2.788603
457.000000 2.788603
458.000000 2.788603
459.000000 2.788603
460.000000 2.788603
461.000000 2.788603
462.000000 2.788603
463.000000 2.788603
464.000000 2.788603
465.000000 2.788603
466.000000 2.788603
467.000000 2.788603
468.000000 2.788603
469.000000 2.788603
470.000000 2.788603
471.000000 2.788603
472.000000 2.788603
473.000000 2.788603
474.000000 2.788603
475.000000 2.788603
476.000000 2.788603
477.000000 2.788603
478.000000 2.788603
479.000000 2.788603
480.000000 2.788603
481.000000 2.788603
482.000000 2.788603
483.000000 2.788603
484.000000 2.788603
485.000000 2.788603
486.000000 2.788603
487.000000 2.788603
488.000000 2.788603
489.000000 2.788603
490.000000 2.788603
491.000000 2.788603
492.000000 2.788603
493.000000 2.788603
494.000000 2.788603
495.000000 2.788603
