1.000000 0.000000
2.000000 0.000000
3.000000 0.000000
4.000000 0.000000
5.000000 0.000000
6.000000 0.000000
7.000000 0.000000
8.000000 0.000000
9.000000 0.000000
10.000000 0.000000
11.000000 0.000000
12.000000 0.000000
13.000000 0.000000
14.000000 0.000000
15.000000 4.118897
16.000000 1.307420
17.000000 1.360341
18.000000 -0.507573
19.000000 0.308816
20.000000 0.188462
21.000000 0.066255
22.000000 -1.766184
23.000000 -0.182215
24.000000 -0.426851
25.000000 0.783505
26.000000 0.029017
27.000000 -0.011102
28.000000 0.028430
29.000000 1.002268
30.000000 0.107791
31.000000 0.429389
32.000000 -0.294763
33.000000 0.267488
34.000000 0.337956
35.000000 0.311881
36.000000 -0.214397
37.000000 0.298964
38.000000 0.027764
39.000000 0.496840
40.000000 0.120340
41.000000 0.081691
42.000000 0.117111
43.000000 0.400425
44.000000 0.112173
45.000000 0.313677
46.000000 0.002846
47.000000 0.255204
48.000000 0.269724
49.000000 0.238506
50.000000 0.095167
51.000000 0.255739
52.000000 0.119550
53.000000 0.328644
54.000000 0.159236
55.000000 0.161188
56.000000 0.185082
57.000000 0.252946
58.000000 0.167060
59.000000 0.254440
60.000000 0.114722
61.000000 0.229482
62.000000 0.218471
63.000000 0.202022
64.000000 0.172547
65.000000 0.214932
66.000000 0.160770
67.000000 0.252131
68.000000 0.173196
69.000000 0.187175
70.000000 0.196389
71.000000 0.206552
72.000000 0.187516
73.000000 0.218860
74.000000 0.159618
75.000000 0.213333
76.000000 0.198650
77.000000 0.194167
78.000000 0.192041
79.000000 0.198396
80.000000 0.181121
81.000000 0.218406
82.000000 0.181766
83.000000 0.195017
84.000000 0.196024
85.000000 0.195005
86.000000 0.194531
87.000000 0.203036
88.000000 0.180044
89.000000 0.204651
90.000000 0.193411
91.000000 0.194378
92.000000 0.196020
93.000000 0.194059
94.000000 0.190575
95.000000 0.204298
96.000000 0.188012
97.000000 0.197046
98.000000 0.195095
99.000000 0.193783
100.000000 0.196395
101.000000 0.197211
102.000000 0.189378
103.000000 0.199987
104.000000 0.193067
105.000000 0.195389
106.000000 0.196178
107.000000 0.193793
108.000000 0.194295
109.000000 0.198549
110.000000 0.191831
111.000000 0.196980
112.000000 0.194735
113.000000 0.194467
114.000000 0.196371
115.000000 0.195395
116.000000 0.193298
117.000000 0.197457
118.000000 0.193774
119.000000 0.195768
120.000000 0.195691
121.000000 0.194336
122.000000 0.195392
123.000000 0.196282
124.000000 0.193808
125.000000 0.196375
126.000000 0.194733
127.000000 0.195022
128.000000 0.195918
129.000000 0.194991
130.000000 0.194752
131.000000 0.196161
132.000000 0.194432
133.000000 0.195723
134.000000 0.195344
135.000000 0.194805
136.000000 0.195541
137.000000 0.195468
138.000000 0.194718
139.000000 0.195847
140.000000 0.194873
141.000000 0.195266
142.000000 0.195555
143.000000 0.195013
144.000000 0.195210
145.000000 0.195569
146.000000 0.194859
147.000000 0.195567
148.000000 0.195207
149.000000 0.195081
150.000000 0.195456
151.000000 0.195235
152.000000 0.195097
153.000000 0.195525
154.000000 0.195028
155.000000 0.195332
156.000000 0.195361
157.000000 0.195116
158.000000 0.195315
159.000000 0.195337
160.000000 0.195093
161.000000 0.195432
162.000000 0.195188
163.000000 0.195212
164.000000 0.195362
165.000000 0.195203
166.000000 0.195235
167.000000 0.195364
168.000000 0.195142
169.000000 0.195329
170.000000 0.195281
171.000000 0.195197
172.000000 0.195315
173.000000 0.195264
174.000000 0.195205
175.000000 0.195346
176.000000 0.195208
177.000000 0.195263
178.000000 0.195305
179.000000 0.195222
180.000000 0.195275
181.000000 0.195295
182.000000 0.195210
183.000000 0.195307
184.000000 0.195257
185.000000 0.195241
186.000000 0.195296
187.000000 0.195250
188.000000 0.195251
189.000000 0.195300
190.000000 0.195233
191.000000 0.195276
192.000000 0.195277
193.000000 0.195243
194.000000 0.195279
195.000000 0.195270
196.000000 0.195244
197.000000 0.195289
198.000000 0.195254
199.000000 0.195260
200.000000 0.195280
201.000000 0.195253
202.000000 0.195266
203.000000 0.195278
204.000000 0.195249
205.000000 0.195275
206.000000 0.195267
207.000000 0.195256
208.000000 0.195275
209.000000 0.195263
210.000000 0.195259
211.000000 0.195277
212.000000 0.195258
213.000000 0.195267
214.000000 0.195271
215.000000 0.195259
216.000000 0.195269
217.000000 0.195269
218.000000 0.195259
219.000000 0.195272
220.000000 0.195264
221.000000 0.195263
222.000000 0.195271
223.000000 0.195263
224.000000 0.195265
225.000000 0.195270
226.000000 0.195261
227.000000 0.195268
228.000000 0.195267
229.000000 0.195263
230.000000 0.195269
231.000000 0.195266
232.000000 0.195264
233.000000 0.195269
234.000000 0.195264
235.000000 0.195266
236.000000 0.195268
237.000000 0.195264
238.000000 0.195267
239.000000 0.195267
240.000000 0.195264
241.000000 0.195268
242.000000 0.195266
243.000000 0.195265
244.000000 0.195268
245.000000 0.195266
246.000000 0.195266
247.000000 0.195268
248.000000 0.195265
249.000000 0.195266
250.000000 0.195267
251.000000 0.195265
252.000000 0.195267
253.000000 0.195266
254.000000 0.195265
255.000000 0.195267
256.000000 0.195266
257.000000 0.195266
258.000000 0.195267
259.000000 0.195266
260.000000 0.195266
261.000000 0.195267
262.000000 0.195266
263.000000 0.195267
264.000000 0.195266
265.000000 0.195266
266.000000 0.195267
267.000000 0.195266
268.000000 0.195266
269.000000 0.195267
270.000000 0.195266
271.000000 0.195266
272.000000 0.195267
273.000000 0.195266
274.000000 0.195266
275.000000 0.195266
276.000000 0.195266
277.000000 0.195267
278.000000 0.195266
279.000000 0.195266
280.000000 0.195267
281.000000 0.195266
282.000000 0.195266
283.000000 0.195266
284.000000 0.195266
285.000000 0.195266
286.000000 0.195266
287.000000 0.195266
288.000000 0.195266
289.000000 0.195266
290.000000 0.195266
291.000000 0.195266
292.000000 0.195266
293.000000 0.195266
294.000000 0.195266
295.000000 0.195266
296.000000 0.195266
297.000000 0.195266
298.000000 0.195266
299.000000 0.195266
300.000000 0.195266
301.000000 0.195266
302.000000 0.195266
303.000000 0.195266
304.000000 0.195266
305.000000 0.195266
306.000000 0.195266
307.000000 0.195266
308.000000 0.195266
309.000000 0.195266
310.000000 0.195266
311.000000 0.195266
312.000000 0.195266
313.000000 0.195266
314.000000 0.195266
315.000000 0.195266
316.000000 0.195266
317.000000 0.195266
318.000000 0.195266
319.000000 0.195266
320.000000 0.195266
321.000000 0.195266
322.000000 0.195266
323.000000 0.195266
324.000000 0.195266
325.000000 0.195266
326.000000 0.195266
327.000000 0.195266
328.000000 0.195266
329.000000 0.195266
330.000000 0.195266
331.000000 0.195266
332.000000 0.195266
333.000000 0.195266
334.000000 0.195266
335.000000 0.195266
336.000000 0.195266
337.000000 0.195266
338.000000 0.195266
339.000000 0.195266
340.000000 0.195266
341.000000 0.195266
342.000000 0.195266
343.000000 0.195266
344.000000 0.195266
345.000000 0.195266
346.000000 0.195266
347.000000 0.195266
348.000000 0.195266
349.000000 0.195266
350.000000 0.195266
351.000000 0.195266
352.000000 0.195266
353.000000 0.195266
354.000000 0.195266
355.000000 0.195266
356.000000 0.195266
357.000000 0.195266
358.000000 0.195266
359.000000 0.195266
360.000000 0.195266
361.000000 0.195266
362.000000 0.195266
363.000000 0.195266
364.000000 0.195266
365.000000 0.195266
366.000000 0.195266
367.000000 0.195266
368.000000 0.195266
369.000000 0.195266
370.000000 0.195266
371.000000 0.195266
372.000000 0.195266
373.000000 0.195266
374.000000 0.195266
375.000000 0.195266
376.000000 0.195266
377.000000 0.195266
378.000000 0.195266
379.000000 0.195266
380.000000 0.195266
381.000000 0.195266
382.000000 0.195266
383.000000 0.195266
384.000000 0.195266
385.000000 0.195266
386.000000 0.195266
387.000000 0.195266
388.000000 0.195266
389.000000 0.195266
390.000000 0.195266
391.000000 0.195266
392.000000 0.195266
393.000000 0.195266
394.000000 0.195266
395.000000 0.195266
396.000000 0.195266
397.000000 0.195266
398.000000 0.195266
399.000000 0.195266
400.000000 0.195266
401.000000 8.433061
402.000000 2.810106
403.000000 2.915948
404.000000 3.021790
405.000000 3.127632
406.000000 3.233475
407.000000 3.339317
408.000000 -1.572502
409.000000 2.058036
410.000000 1.471539
411.000000 1.413125
412.000000 1.367026
413.000000 0.751623
414.000000 0.632104
415.000000 3.388945
416.000000 0.841619
417.000000 1.506381
418.000000 1.344920
419.000000 1.262049
420.000000 1.883639
421.000000 1.800807
422.000000 0.202300
423.000000 1.862714
424.000000 1.174774
425.000000 1.393373
426.000000 1.445796
427.000000 0.892162
428.000000 1.051728
429.000000 1.920235
430.000000 0.834485
431.000000 1.409022
432.000000 1.144830
433.000000 1.111643
434.000000 1.525168
435.000000 1.322991
436.000000 0.867025
437.000000 1.547475
438.000000 1.093900
439.000000 1.349063
440.000000 1.348332
441.000000 1.057793
442.000000 1.254841
443.000000 1.473406
444.000000 1.062457
445.000000 1.402934
446.000000 1.182934
447.000000 1.214242
448.000000 1.411245
449.000000 1.247134
450.000000 1.165184
451.000000 1.408135
452.000000 1.169756
453.000000 1.353458
454.000000 1.310576
455.000000 1.189645
456.000000 1.321563
457.000000 1.338333
458.000000 1.206366
459.000000 1.370788
460.000000 1.229804
461.000000 1.280249
462.000000 1.352385
463.000000 1.256349
464.000000 1.272564
465.000000 1.340451
466.000000 1.234099
467.000000 1.340477
468.000000 1.292771
469.000000 1.255352
470.000000 1.323425
471.000000 1.296901
472.000000 1.267726
473.000000 1.334480
474.000000 1.258108
475.000000 1.300486
476.000000 1.316980
477.000000 1.271587
478.000000 1.298964
479.000000 1.307347
480.000000 1.267802
481.000000 1.320970
482.000000 1.285867
483.000000 1.281670
484.000000 1.310400
485.000000 1.286711
486.000000 1.288625
487.000000 1.310384
488.000000 1.274508
489.000000 1.302032
490.000000 1.299598
491.000000 1.282377
492.000000 1.300793
493.000000 1.294441
494.000000 1.283576
495.000000 1.306796
496.000000 1.285953
497.000000 1.291178
498.000000 1.300576
499.000000 1.287102
500.000000 1.294441
501.000000 1.298775
502.000000 1.284262
503.000000 1.299382
504.000000 2.253789
505.000000 1.867535
506.000000 1.963417
507.000000 2.044185
508.000000 1.731650
509.000000 1.855915
510.000000 1.820995
511.000000 1.206853
512.000000 1.574173
513.000000 1.434381
514.000000 1.390340
515.000000 1.591706
516.000000 1.397328
517.000000 1.409928
518.000000 1.726880
519.000000 1.425052
520.000000 1.548894
521.000000 1.536958
522.000000 1.402084
523.000000 1.562933
524.000000 1.521849
525.000000 1.345738
526.000000 1.546329
527.000000 1.425179
528.000000 1.450451
529.000000 1.524227
530.000000 1.395910
531.000000 1.441755
532.000000 1.528300
533.000000 1.394872
534.000000 1.492042
535.000000 1.454998
536.000000 1.414198
537.000000 1.504264
538.000000 1.457201
539.000000 1.418480
540.000000 1.501962
541.000000 1.427940
542.000000 1.466636
543.000000 1.486118
544.000000 1.426477
545.000000 1.468902
546.000000 1.482360
547.000000 1.433722
548.000000 1.488541
549.000000 1.454889
550.000000 1.450075
551.000000 1.489313
552.000000 1.456294
553.000000 1.457470
554.000000 1.485481
555.000000 1.448377
556.000000 1.477242
557.000000 1.475681
558.000000 1.452548
559.000000 1.478199
560.000000 1.471983
561.000000 1.458300
562.000000 1.483489
563.000000 1.461464
564.000000 1.467044
565.000000 1.480530
566.000000 1.462525
567.000000 1.470836
568.000000 1.476821
569.000000 1.461039
570.000000 1.477668
571.000000 1.471244
572.000000 1.464441
573.000000 1.476850
574.000000 1.469050
575.000000 1.467627
576.000000 1.477193
577.000000 1.465331
578.000000 1.471543
579.000000 1.474426
580.000000 1.466343
581.000000 1.472879
582.000000 1.472056
583.000000 1.466636
584.000000 1.474782
585.000000 1.469405
586.000000 1.468719
587.000000 1.473682
588.000000 1.468584
589.000000 1.470283
590.000000 1.473022
591.000000 1.467587
592.000000 1.471857
593.000000 1.471364
594.000000 1.468460
595.000000 1.472151
596.000000 1.470225
597.000000 1.469039
598.000000 1.472475
599.000000 1.469213
600.000000 1.470161
601.000000 1.471680
602.000000 1.469105
603.000000 1.470848
604.000000 1.471129
605.000000 1.469037
606.000000 1.471395
607.000000 1.470333
608.000000 1.469646
609.000000 1.471343
610.000000 1.469904
611.000000 1.470070
612.000000 1.471262
613.000000 1.469618
614.000000 1.470596
615.000000 1.470799
616.000000 1.469736
617.000000 1.470844
618.000000 1.470493
619.000000 1.469874
620.000000 1.470978
621.000000 1.470168
622.000000 1.470224
623.000000 1.470854
624.000000 1.470051
625.000000 1.470447
626.000000 1.470726
627.000000 1.470020
628.000000 1.470654
629.000000 1.470488
630.000000 1.470149
631.000000 1.470710
632.000000 1.470350
633.000000 1.470270
634.000000 1.470706
635.000000 1.470239
636.000000 1.470441
637.000000 1.470603
638.000000 1.470233
639.000000 1.470533
640.000000 1.470514
641.000000 1.470264
642.000000 1.470596
643.000000 1.470406
644.000000 1.470351
645.000000 1.470586
646.000000 1.470356
647.000000 1.470421
648.000000 1.470554
649.000000 1.470330
650.000000 1.470492
651.000000 1.470491
652.000000 1.470351
653.000000 1.470520
654.000000 1.470444
655.000000 1.470383
656.000000 1.470529
657.000000 1.470402
658.000000 1.470430
659.000000 1.470508
660.000000 1.470390
661.000000 1.470462
662.000000 1.470482
663.000000 1.470392
664.000000 1.470487
665.000000 1.470450
666.000000 1.470412
667.000000 1.470491
668.000000 1.470430
669.000000 1.470432
670.000000 1.470485
671.000000 1.470417
672.000000 1.470454
673.000000 1.470469
674.000000 1.470419
675.000000 1.470466
676.000000 1.470455
677.000000 1.470426
678.000000 1.470473
679.000000 1.470441
680.000000 1.470439
681.000000 1.470469
682.000000 1.470434
683.000000 1.470450
684.000000 1.470463
685.000000 1.470433
686.000000 1.470458
687.000000 1.470454
688.000000 1.470437
689.000000 1.470462
690.000000 1.470447
691.000000 1.470442
692.000000 1.470462
693.000000 1.470442
694.000000 1.470449
695.000000 1.470458
696.000000 1.470441
697.000000 1.470454
698.000000 1.470454
699.000000 1.470442
700.000000 1.470456
701.000000 1.470449
702.000000 1.470446
703.000000 1.470457
704.000000 1.470447
705.000000 1.470449
706.000000 1.470455
707.000000 1.470446
708.000000 1.470452
709.000000 1.470453
710.000000 1.470446
711.000000 1.470454
712.000000 1.470451
713.000000 1.470448
714.000000 1.470454
715.000000 1.470449
716.000000 1.470450
717.000000 1.470453
718.000000 1.470448
719.000000 1.470451
720.000000 1.470452
721.000000 1.470448
722.000000 1.470452
723.000000 1.470451
724.000000 1.470449
725.000000 1.470453
726.000000 1.470450
727.000000 1.470450
728.000000 1.470452
729.000000 1.470450
730.000000 1.470451
731.000000 1.470452
732.000000 1.470449
733.000000 1.470451
734.000000 1.470451
735.000000 1.470450
736.000000 1.470452
737.000000 1.470451
738.000000 1.470450
739.000000 1.470452
740.000000 1.470450
741.000000 1.470451
742.000000 1.470451
743.000000 1.470450
744.000000 1.470451
745.000000 1.470451
746.000000 1.470450
747.000000 1.470451
748.000000 1.470451
749.000000 1.470451
750.000000 1.470451
751.000000 1.470451
752.000000 1.470451
753.000000 1.470451
754.000000 1.470451
755.000000 1.470451
756.000000 1.470451
757.000000 1.470451
758.000000 1.470451
759.000000 1.470451
760.000000 1.470451
761.000000 1.470451
762.000000 1.470451
763.000000 1.470451
764.000000 1.470451
765.000000 1.470451
766.000000 1.470451
767.000000 1.470451
768.000000 1.470451
769.000000 1.470451
770.000000 1.470451
771.000000 1.470451
772.000000 1.470451
773.000000 1.470451
774.000000 1.470451
775.000000 1.470451
776.000000 1.470451
777.000000 1.470451
778.000000 1.470451
779.000000 1.470451
780.000000 1.470451
781.000000 1.470451
782.000000 1.470451
783.000000 1.470451
784.000000 1.470451
785.000000 1.470451
786.000000 1.470451
787.000000 1.470451
788.000000 1.470451
789.000000 1.470451
790.000000 1.470451
791.000000 1.470451
792.000000 1.470451
793.000000 1.470451
794.000000 1.470451
795.000000 1.470451
796.000000 1.470451
797.000000 1.470451
798.000000 1.470451
799.000000 1.470451
800.000000 1.470451
801.000000 -4.707895
802.000000 -0.490679
803.000000 -0.570060
804.000000 -1.609860
805.000000 -1.307507
806.000000 -1.473526
807.000000 -1.640472
808.000000 2.355127
809.000000 -0.483426
810.000000 -0.019247
811.000000 0.644345
812.000000 0.313200
813.000000 0.908543
814.000000 1.047828
815.000000 -1.222094
816.000000 0.877994
817.000000 0.374031
818.000000 0.173416
819.000000 0.537412
820.000000 -0.048944
821.000000 0.020851
822.000000 1.356219
823.000000 -0.047514
824.000000 0.504825
825.000000 0.520764
826.000000 0.280091
827.000000 0.814400
828.000000 0.672545
829.000000 -0.054306
830.000000 0.887319
831.000000 0.413534
832.000000 0.522311
833.000000 0.681676
834.000000 0.275411
835.000000 0.461979
836.000000 0.846275
837.000000 0.246112
838.000000 0.631592
839.000000 0.480976
840.000000 0.397003
841.000000 0.688518
842.000000 0.503417
843.000000 0.318784
844.000000 0.686790
845.000000 0.390003
846.000000 0.540145
847.000000 0.566216
848.000000 0.363708
849.000000 0.519594
850.000000 0.586807
851.000000 0.365048
852.000000 0.576346
853.000000 0.438325
854.000000 0.441740
855.000000 0.569660
856.000000 0.442349
857.000000 0.430661
858.000000 0.553109
859.000000 0.404360
860.000000 0.515722
861.000000 0.492134
862.000000 0.412657
863.000000 0.506452
864.000000 0.489174
865.000000 0.424464
866.000000 0.522179
867.000000 0.434444
868.000000 0.463829
869.000000 0.507874
870.000000 0.440304
871.000000 0.466319
872.000000 0.495256
873.000000 0.432756
874.000000 0.497631
875.000000 0.467557
876.000000 0.445443
877.000000 0.491319
878.000000 0.464763
879.000000 0.455400
880.000000 0.493203
881.000000 0.446897
882.000000 0.473856
883.000000 0.482570
884.000000 0.452864
885.000000 0.475897
886.000000 0.475290
887.000000 0.453938
888.000000 0.485899
889.000000 0.463679
890.000000 0.462653
891.000000 0.481035
892.000000 0.463014
893.000000 0.468173
894.000000 0.479289
895.000000 0.458196
896.000000 0.475680
897.000000 0.473029
898.000000 0.462509
899.000000 0.475849
900.000000 0.469462
901.000000 0.464640
902.000000 0.478104
903.000000 0.465064
904.000000 0.469233
905.000000 0.474750
906.000000 0.465467
907.000000 0.471586
908.000000 0.472913
909.000000 0.464743
910.000000 0.474120
911.000000 0.469764
912.000000 0.467342
913.000000 0.473487
914.000000 0.468331
915.000000 0.468793
916.000000 0.473458
917.000000 0.466954
918.000000 0.470848
919.000000 0.471479
920.000000 0.467610
921.000000 0.471607
922.000000 0.470360
923.000000 0.467898
924.000000 0.472222
925.000000 0.469009
926.000000 0.469287
927.000000 0.471550
928.000000 0.468604
929.000000 0.470027
930.000000 0.471131
931.000000 0.468347
932.000000 0.470815
933.000000 0.470120
934.000000 0.468893
935.000000 0.470937
936.000000 0.469603
937.000000 0.469253
938.000000 0.470949
939.000000 0.469127
940.000000 0.469917
941.000000 0.470481
942.000000 0.469114
943.000000 0.470220
944.000000 0.470165
945.000000 0.469181
946.000000 0.470459
947.000000 0.469714
948.000000 0.469529
949.000000 0.470390
950.000000 0.469530
951.000000 0.469757
952.000000 0.470278
953.000000 0.469411
954.000000 0.470036
955.000000 0.470012
956.000000 0.469496
957.000000 0.470125
958.000000 0.469844
959.000000 0.469601
960.000000 0.470162
961.000000 0.469670
962.000000 0.469787
963.000000 0.470071
964.000000 0.469630
965.000000 0.469896
966.000000 0.469977
967.000000 0.469628
968.000000 0.469994
969.000000 0.469845
970.000000 0.469705
971.000000 0.470000
972.000000 0.469774
973.000000 0.469777
974.000000 0.469981
975.000000 0.469720
976.000000 0.469863
977.000000 0.469916
978.000000 0.469727
979.000000 0.469903
980.000000 0.469860
981.000000 0.469750
982.000000 0.469928
983.000000 0.469803
984.000000 0.469798
985.000000 0.469912
986.000000 0.469781
987.000000 0.469836
988.000000 0.469888
989.000000 0.469771
990.000000 0.469869
991.000000 0.469851
992.000000 0.469786
993.000000 0.469879
994.000000 0.469825
995.000000 0.469806
996.000000 0.469879
997.000000 0.469804
998.000000 0.469831
999.000000 0.469863
1000.000000 0.469801
1001.000000 0.469846
1002.000000 0.469847
1003.000000 0.469804
1004.000000 0.469857
1005.000000 0.469829
1006.000000 0.469816
1007.000000 0.469856
1008.000000 0.469819
1009.000000 0.469827
1010.000000 0.469851
1011.000000 0.469814
1012.000000 0.469838
1013.000000 0.469841
1014.000000 0.469816
1015.000000 0.469843
1016.000000 0.469832
1017.000000 0.469820
1018.000000 0.469845
1019.000000 0.469825
1020.000000 0.469827
1021.000000 0.469841
1022.000000 0.469822
1023.000000 0.469833
1024.000000 0.469837
1025.000000 0.469822
1026.000000 0.469837
1027.000000 0.469832
1028.000000 0.469824
1029.000000 0.469838
1030.000000 0.469828
1031.000000 0.469828
1032.000000 0.469837
1033.000000 0.469826
1034.000000 0.469831
1035.000000 0.469834
1036.000000 0.469826
1037.000000 0.469833
1038.000000 0.469832
1039.000000 0.469827
1040.000000 0.469834
1041.000000 0.469829
1042.000000 0.469828
1043.000000 0.469834
1044.000000 0.469828
1045.000000 0.469830
1046.000000 0.469833
1047.000000 0.469828
1048.000000 0.469831
1049.000000 0.469831
1050.000000 0.469828
1051.000000 0.469832
1052.000000 0.469830
1053.000000 0.469829
1054.000000 0.469832
1055.000000 0.469829
1056.000000 0.469830
1057.000000 0.469831
1058.000000 0.469829
1059.000000 0.469831
1060.000000 0.469831
1061.000000 0.469829
1062.000000 0.469831
1063.000000 0.469830
1064.000000 0.469829
1065.000000 0.469831
1066.000000 0.469830
1067.000000 0.469830
1068.000000 0.469831
1069.000000 0.469829
1070.000000 0.469830
1071.000000 0.469830
1072.000000 0.469829
1073.000000 0.469830
1074.000000 0.469830
1075.000000 0.469829
1076.000000 0.469831
1077.000000 0.469830
1078.000000 0.469830
1079.000000 0.469830
1080.000000 0.469830
1081.000000 0.469830
1082.000000 0.469830
1083.000000 0.469830
1084.000000 0.469830
1085.000000 0.469830
1086.000000 0.469830
1087.000000 0.469830
1088.000000 0.469830
1089.000000 0.469830
1090.000000 0.469830
1091.000000 0.469830
1092.000000 0.469830
1093.000000 0.469830
1094.000000 0.469830
1095.000000 0.469830
1096.000000 0.469830
1097.000000 0.469830
1098.000000 0.469830
1099.000000 0.469830
1100.000000 0.469830
1101.000000 0.469830
1102.000000 0.469830
1103.000000 0.469830
1104.000000 0.469830
1105.000000 0.469830
1106.000000 0.469830
1107.000000 0.469830
1108.000000 0.469830
1109.000000 0.469830
1110.000000 0.469830
1111.000000 0.469830
1112.000000 0.469830
1113.000000 0.469830
1114.000000 0.469830
1115.000000 0.469830
1116.000000 0.469830
1117.000000 0.469830
1118.000000 0.469830
1119.000000 0.469830
1120.000000 0.469830
1121.000000 0.469830
1122.000000 0.469830
1123.000000 0.469830
1124.000000 0.469830
1125.000000 0.469830
1126.000000 0.469830
1127.000000 0.469830
1128.000000 0.469830
1129.000000 0.469830
1130.000000 0.469830
1131.000000 0.469830
1132.000000 0.469830
1133.000000 0.469830
1134.000000 0.469830
1135.000000 0.469830
1136.000000 0.469830
1137.000000 0.469830
1138.000000 0.469830
1139.000000 0.469830
1140.000000 0.469830
1141.000000 0.469830
1142.000000 0.469830
1143.000000 0.469830
1144.000000 0.469830
1145.000000 0.469830
1146.000000 0.469830
1147.000000 0.469830
1148.000000 0.469830
1149.000000 0.469830
1150.000000 0.469830
1151.000000 0.469830
1152.000000 0.469830
1153.000000 0.469830
1154.000000 0.469830
1155.000000 0.469830
1156.000000 0.469830
1157.000000 0.469830
1158.000000 0.469830
1159.000000 0.469830
1160.000000 0.469830
1161.000000 0.469830
1162.000000 0.469830
1163.000000 0.469830
1164.000000 0.469830
1165.000000 0.469830
1166.000000 0.469830
1167.000000 0.469830
1168.000000 0.469830
1169.000000 0.469830
1170.000000 0.469830
1171.000000 0.469830
1172.000000 0.469830
1173.000000 0.469830
1174.000000 0.469830
1175.000000 0.469830
1176.000000 0.469830
1177.000000 0.469830
1178.000000 0.469830
1179.000000 0.469830
1180.000000 0.469830
1181.000000 0.469830
1182.000000 0.469830
1183.000000 0.469830
1184.000000 0.469830
1185.000000 0.469830
1186.000000 0.469830
1187.000000 0.469830
1188.000000 0.469830
1189.000000 0.469830
1190.000000 0.469830
1191.000000 0.469830
1192.000000 0.469830
1193.000000 0.469830
1194.000000 0.469830
1195.000000 0.469830
1196.000000 0.469830
1197.000000 0.469830
1198.000000 0.469830
1199.000000 0.469830
1200.000000 0.469830
1201.000000 -3.649067
1202.000000 -0.837590
1203.000000 -0.890511
1204.000000 -0.943432
1205.000000 -0.996353
1206.000000 -1.049274
1207.000000 -1.102195
1208.000000 1.353714
1209.000000 -0.461555
1210.000000 -0.168306
1211.000000 -0.139099
1212.000000 -0.116050
1213.000000 0.191651
1214.000000 0.251411
1215.000000 -1.127009
1216.000000 0.146654
1217.000000 -0.185728
1218.000000 -0.104997
1219.000000 -0.063561
1220.000000 -0.374356
1221.000000 -0.332940
1222.000000 0.466313
1223.000000 -0.363894
1224.000000 -0.019924
1225.000000 -0.129223
1226.000000 -0.155435
1227.000000 0.121382
1228.000000 0.041599
1229.000000 -0.392655
1230.000000 0.150221
1231.000000 -0.137048
1232.000000 -0.004952
1233.000000 0.011641
1234.000000 -0.195121
1235.000000 -0.094033
1236.000000 0.133950
1237.000000 -0.206275
1238.000000 0.020513
1239.000000 -0.107068
1240.000000 -0.106703
1241.000000 0.038567
1242.000000 -0.059957
1243.000000 -0.169240
1244.000000 0.036234
1245.000000 -0.134004
1246.000000 -0.024004
1247.000000 -0.039658
1248.000000 -0.138160
1249.000000 -0.056104
1250.000000 -0.015129
1251.000000 -0.136604
1252.000000 -0.017415
1253.000000 -0.109266
1254.000000 -0.087825
1255.000000 -0.027360
1256.000000 -0.093318
1257.000000 -0.101703
1258.000000 -0.035720
1259.000000 -0.117931
1260.000000 -0.047439
1261.000000 -0.072662
1262.000000 -0.108729
1263.000000 -0.060711
1264.000000 -0.068819
1265.000000 -0.102762
1266.000000 -0.049586
1267.000000 -0.102775
1268.000000 -0.078923
1269.000000 -0.060213
1270.000000 -0.094250
1271.000000 -0.080988
1272.000000 -0.066400
1273.000000 -0.099777
1274.000000 -0.061591
1275.000000 -0.082780
1276.000000 -0.091027
1277.000000 -0.068331
1278.000000 -0.082019
1279.000000 -0.086210
1280.000000 -0.066438
1281.000000 -0.093022
1282.000000 -0.075471
1283.000000 -0.073372
1284.000000 -0.087737
1285.000000 -0.075893
1286.000000 -0.076849
1287.000000 -0.087729
1288.000000 -0.069791
1289.000000 -0.083553
1290.000000 -0.082336
1291.000000 -0.073725
1292.000000 -0.082933
1293.000000 -0.079757
1294.000000 -0.074325
1295.000000 -0.085935
1296.000000 -0.075513
1297.000000 -0.078126
1298.000000 -0.082825
1299.000000 -0.076088
1300.000000 -0.079757
1301.000000 -0.081924
1302.000000 -0.074668
1303.000000 -0.082228
1304.000000 -1.039640
1305.000000 -0.655646
1306.000000 -0.746906
1307.000000 -0.831072
1308.000000 -0.518937
1309.000000 -0.638895
1310.000000 -0.609281
1311.000000 0.007681
1312.000000 -0.358839
1313.000000 -0.222048
1314.000000 -0.175204
1315.000000 -0.377033
1316.000000 -0.185047
1317.000000 -0.194043
1318.000000 -0.513374
1319.000000 -0.211539
1320.000000 -0.333542
1321.000000 -0.323738
1322.000000 -0.188058
1323.000000 -0.347694
1324.000000 -0.308959
1325.000000 -0.130959
1326.000000 -0.331933
1327.000000 -0.211816
1328.000000 -0.235542
1329.000000 -0.310165
1330.000000 -0.182351
1331.000000 -0.226715
1332.000000 -0.314671
1333.000000 -0.180719
1334.000000 -0.277365
1335.000000 -0.241375
1336.000000 -0.199814
1337.000000 -0.289760
1338.000000 -0.243579
1339.000000 -0.203841
1340.000000 -0.287842
1341.000000 -0.214026
1342.000000 -0.252032
1343.000000 -0.272127
1344.000000 -0.212409
1345.000000 -0.254336
1346.000000 -0.268495
1347.000000 -0.219400
1348.000000 -0.274187
1349.000000 -0.240960
1350.000000 -0.235677
1351.000000 -0.275069
1352.000000 -0.242303
1353.000000 -0.243013
1354.000000 -0.271392
1355.000000 -0.234229
1356.000000 -0.262848
1357.000000 -0.261623
1358.000000 -0.238319
1359.000000 -0.263861
1360.000000 -0.257941
1361.000000 -0.243976
1362.000000 -0.269259
1363.000000 -0.247363
1364.000000 -0.252711
1365.000000 -0.266351
1366.000000 -0.248373
1367.000000 -0.256505
1368.000000 -0.262694
1369.000000 -0.246813
1370.000000 -0.263385
1371.000000 -0.257112
1372.000000 -0.250182
1373.000000 -0.262604
1374.000000 -0.254906
1375.000000 -0.253340
1376.000000 -0.262995
1377.000000 -0.251148
1378.000000 -0.257266
1379.000000 -0.260245
1380.000000 -0.252132
1381.000000 -0.258615
1382.000000 -0.257887
1383.000000 -0.252394
1384.000000 -0.260546
1385.000000 -0.255225
1386.000000 -0.254467
1387.000000 -0.259465
1388.000000 -0.254389
1389.000000 -0.256028
1390.000000 -0.258823
1391.000000 -0.253372
1392.000000 -0.257612
1393.000000 -0.257167
1394.000000 -0.254232
1395.000000 -0.257916
1396.000000 -0.256027
1397.000000 -0.254801
1398.000000 -0.258255
1399.000000 -0.255006
1400.000000 -0.255921
1401.000000 -0.257467
1402.000000 -0.254890
1403.000000 -0.256611
1404.000000 -0.256921
1405.000000 -0.254812
1406.000000 -0.257165
1407.000000 -0.256124
1408.000000 -0.255416
1409.000000 -0.257119
1410.000000 -0.255691
1411.000000 -0.255837
1412.000000 -0.257044
1413.000000 -0.255400
1414.000000 -0.256365
1415.000000 -0.256583
1416.000000 -0.255513
1417.000000 -0.256616
1418.000000 -0.256278
1419.000000 -0.255647
1420.000000 -0.256754
1421.000000 -0.255950
1422.000000 -0.255996
1423.000000 -0.256633
1424.000000 -0.255832
1425.000000 -0.256220
1426.000000 -0.256507
1427.000000 -0.255797
1428.000000 -0.256428
1429.000000 -0.256269
1430.000000 -0.255925
1431.000000 -0.256486
1432.000000 -0.256130
1433.000000 -0.256045
1434.000000 -0.256483
1435.000000 -0.256018
1436.000000 -0.256216
1437.000000 -0.256382
1438.000000 -0.256011
1439.000000 -0.256308
1440.000000 -0.256293
1441.000000 -0.256041
1442.000000 -0.256372
1443.000000 -0.256184
1444.000000 -0.256127
1445.000000 -0.256363
1446.000000 -0.256134
1447.000000 -0.256196
1448.000000 -0.256331
1449.000000 -0.256107
1450.000000 -0.256268
1451.000000 -0.256269
1452.000000 -0.256127
1453.000000 -0.256296
1454.000000 -0.256222
1455.000000 -0.256159
1456.000000 -0.256306
1457.000000 -0.256179
1458.000000 -0.256206
1459.000000 -0.256285
1460.000000 -0.256167
1461.000000 -0.256238
1462.000000 -0.256259
1463.000000 -0.256169
1464.000000 -0.256264
1465.000000 -0.256227
1466.000000 -0.256188
1467.000000 -0.256267
1468.000000 -0.256207
1469.000000 -0.256209
1470.000000 -0.256262
1471.000000 -0.256194
1472.000000 -0.256231
1473.000000 -0.256246
1474.000000 -0.256196
1475.000000 -0.256243
1476.000000 -0.256232
1477.000000 -0.256203
1478.000000 -0.256249
1479.000000 -0.256218
1480.000000 -0.256215
1481.000000 -0.256246
1482.000000 -0.256211
1483.000000 -0.256226
1484.000000 -0.256240
1485.000000 -0.256209
1486.000000 -0.256235
1487.000000 -0.256231
1488.000000 -0.256213
1489.000000 -0.256238
1490.000000 -0.256224
1491.000000 -0.256219
1492.000000 -0.256238
1493.000000 -0.256219
1494.000000 -0.256226
1495.000000 -0.256235
1496.000000 -0.256218
1497.000000 -0.256230
1498.000000 -0.256231
1499.000000 -0.256219
1500.000000 -0.256233
1501.000000 -0.256226
1502.000000 -0.256222
1503.000000 -0.256233
1504.000000 -0.256224
1505.000000 -0.256226
1506.000000 -0.256232
1507.000000 -0.256222
1508.000000 -0.256229
1509.000000 -0.256230
1510.000000 -0.256223
1511.000000 -0.256230
1512.000000 -0.256227
1513.000000 -0.256224
1514.000000 -0.256231
1515.000000 -0.256226
1516.000000 -0.256226
1517.000000 -0.256230
1518.000000 -0.256225
1519.000000 -0.256228
1520.000000 -0.256229
1521.000000 -0.256225
1522.000000 -0.256229
1523.000000 -0.256228
1524.000000 -0.256226
1525.000000 -0.256229
1526.000000 -0.256227
1527.000000 -0.256227
1528.000000 -0.256229
1529.000000 -0.256226
1530.000000 -0.256228
1531.000000 -0.256228
1532.000000 -0.256226
1533.000000 -0.256228
1534.000000 -0.256228
1535.000000 -0.256226
1536.000000 -0.256228
1537.000000 -0.256227
1538.000000 -0.256227
1539.000000 -0.256228
1540.000000 -0.256227
1541.000000 -0.256227
1542.000000 -0.256228
1543.000000 -0.256227
1544.000000 -0.256228
1545.000000 -0.256228
1546.000000 -0.256227
1547.000000 -0.256228
1548.000000 -0.256228
1549.000000 -0.256227
1550.000000 -0.256228
1551.000000 -0.256227
1552.000000 -0.256228
1553.000000 -0.256228
1554.000000 -0.256227
1555.000000 -0.256228
1556.000000 -0.256228
1557.000000 -0.256227
1558.000000 -0.256228
1559.000000 -0.256228
1560.000000 -0.256227
1561.000000 -0.256228
1562.000000 -0.256227
1563.000000 -0.256228
1564.000000 -0.256228
1565.000000 -0.256227
1566.000000 -0.256228
1567.000000 -0.256228
1568.000000 -0.256227
1569.000000 -0.256228
1570.000000 -0.256228
1571.000000 -0.256227
1572.000000 -0.256228
1573.000000 -0.256228
1574.000000 -0.256228
1575.000000 -0.256228
1576.000000 -0.256228
1577.000000 -0.256228
1578.000000 -0.256228
1579.000000 -0.256228
1580.000000 -0.256228
1581.000000 -0.256228
1582.000000 -0.256228
1583.000000 -0.256228
1584.000000 -0.256228
1585.000000 -0.256228
1586.000000 -0.256228
1587.000000 -0.256228
1588.000000 -0.256228
1589.000000 -0.256228
1590.000000 -0.256228
1591.000000 -0.256228
1592.000000 -0.256228
1593.000000 -0.256228
1594.000000 -0.256228
1595.000000 -0.256228
1596.000000 -0.256228
1597.000000 -0.256228
1598.000000 -0.256228
1599.000000 -0.256228
1600.000000 -0.256228
