1.000000 0.000000
2.000000 0.000000
3.000000 0.000000
4.000000 0.000000
5.000000 0.000000
6.000000 0.088181
7.000000 0.168954
8.000000 0.242940
9.000000 0.310706
10.000000 0.372775
11.000000 0.429623
12.000000 0.481689
13.000000 0.529372
14.000000 0.573041
15.000000 0.613033
16.000000 0.649655
17.000000 0.683191
18.000000 0.713900
19.000000 0.742019
20.000000 0.767766
21.000000 0.791340
22.000000 0.812923
23.000000 0.832683
24.000000 0.850774
25.000000 0.867336
26.000000 0.882496
27.000000 0.896375
28.000000 0.909078
29.000000 0.920706
30.000000 0.931348
31.000000 0.941089
32.000000 0.950003
33.000000 0.958162
34.000000 0.965627
35.000000 0.972459
36.000000 0.978710
37.000000 0.984430
38.000000 0.989663
39.000000 0.994451
40.000000 0.998830
41.000000 1.002837
42.000000 1.006502
43.000000 1.009855
44.000000 1.012921
45.000000 1.015725
46.000000 1.018290
47.000000 1.020635
48.000000 1.022779
49.000000 1.024740
50.000000 1.026532
51.000000 1.028171
52.000000 1.029669
53.000000 1.031039
54.000000 1.032291
55.000000 1.033434
56.000000 1.034480
57.000000 1.035435
58.000000 1.036308
59.000000 1.037105
60.000000 1.037834
61.000000 1.038499
62.000000 1.039107
63.000000 1.039662
64.000000 1.040169
65.000000 1.040632
66.000000 1.041055
67.000000 1.041441
68.000000 1.041793
69.000000 1.042114
70.000000 1.042408
71.000000 1.042675
72.000000 1.042920
73.000000 1.043143
74.000000 1.043346
75.000000 1.043531
76.000000 1.043700
77.000000 1.043854
78.000000 1.043995
79.000000 1.044123
80.000000 1.044240
81.000000 1.044346
82.000000 1.044443
83.000000 1.044531
84.000000 1.044612
85.000000 1.044685
86.000000 1.044751
87.000000 1.044812
88.000000 1.044867
89.000000 1.044918
90.000000 1.044963
91.000000 1.045005
92.000000 1.045043
93.000000 1.045077
94.000000 1.045108
95.000000 1.045137
96.000000 1.045162
97.000000 1.045186
98.000000 1.045207
99.000000 1.045226
100.000000 1.045244
101.000000 1.045260
102.000000 1.045274
103.000000 1.045287
104.000000 1.045299
105.000000 1.045309
106.000000 1.045319
107.000000 1.045328
108.000000 1.045336
109.000000 1.045343
110.000000 1.045349
111.000000 1.045355
112.000000 1.045361
113.000000 1.045365
114.000000 1.045370
115.000000 1.045373
116.000000 1.045377
117.000000 1.045380
118.000000 1.045383
119.000000 1.045385
120.000000 1.045388
121.000000 1.045390
122.000000 1.045392
123.000000 1.045393
124.000000 1.045395
125.000000 1.045396
126.000000 1.045397
127.000000 1.045398
128.000000 1.045399
129.000000 1.045400
130.000000 1.045401
131.000000 1.045401
132.000000 1.045402
133.000000 1.045402
134.000000 1.045403
135.000000 1.045403
136.000000 1.045404
137.000000 1.045404
138.000000 1.045404
139.000000 1.045404
140.000000 1.045404
141.000000 1.045405
142.000000 1.045405
143.000000 1.045405
144.000000 1.045405
145.000000 1.045405
146.000000 1.045405
147.000000 1.045405
148.000000 1.045405
149.000000 1.045405
150.000000 1.045405
151.000000 1.045405
152.000000 1.045405
153.000000 1.045405
154.000000 1.045405
155.000000 1.045405
156.000000 1.045405
157.000000 1.045405
158.000000 1.045405
159.000000 1.045405
160.000000 1.045405
161.000000 1.045405
162.000000 1.045405
163.000000 1.045405
164.000000 1.045405
165.000000 1.045405
166.000000 1.045405
167.000000 1.045405
168.000000 1.045405
169.000000 1.045405
170.000000 1.045405
171.000000 1.045405
172.000000 1.045405
173.000000 1.045405
174.000000 1.045405
175.000000 1.045405
176.000000 1.045405
177.000000 1.045405
178.000000 1.045405
179.000000 1.045405
180.000000 1.045405
181.000000 1.045405
182.000000 1.045405
183.000000 1.045405
184.000000 1.045405
185.000000 1.045405
186.000000 1.045405
187.000000 1.045405
188.000000 1.045405
189.000000 1.045405
190.000000 1.045405
191.000000 1.045405
192.000000 1.045405
193.000000 1.045405
194.000000 1.045405
195.000000 1.045405
196.000000 1.045405
197.000000 1.045405
198.000000 1.045405
199.000000 1.045405
200.000000 1.045405
201.000000 1.045405
202.000000 1.045405
203.000000 1.045405
204.000000 1.045405
205.000000 1.045404
206.000000 1.045404
207.000000 1.045404
208.000000 1.045404
209.000000 1.045404
210.000000 1.045404
211.000000 1.045404
212.000000 1.045404
213.000000 1.045404
214.000000 1.045404
215.000000 1.045404
216.000000 1.045404
217.000000 1.045404
218.000000 1.045404
219.000000 1.045404
220.000000 1.045404
221.000000 1.045404
222.000000 1.045404
223.000000 1.045404
224.000000 1.045404
225.000000 1.045404
226.000000 1.045404
227.000000 1.045404
228.000000 1.045404
229.000000 1.045404
230.000000 1.045404
231.000000 1.045404
232.000000 1.045404
233.000000 1.045404
234.000000 1.045404
235.000000 1.045404
236.000000 1.045404
237.000000 1.045404
238.000000 1.045404
239.000000 1.045404
240.000000 1.045404
241.000000 1.045404
242.000000 1.045404
243.000000 1.045404
244.000000 1.045404
245.000000 1.045404
246.000000 1.045404
247.000000 1.045404
248.000000 1.045404
249.000000 1.045404
250.000000 1.045404
251.000000 1.045404
252.000000 1.045404
253.000000 1.045404
254.000000 1.045404
255.000000 1.045404
256.000000 1.045404
257.000000 1.045404
258.000000 1.045404
259.000000 1.045404
260.000000 1.045404
261.000000 1.045404
262.000000 1.045404
263.000000 1.045404
264.000000 1.045404
265.000000 1.045404
266.000000 1.045404
267.000000 1.045404
268.000000 1.045404
269.000000 1.045404
270.000000 1.045404
271.000000 1.045404
272.000000 1.045404
273.000000 1.045404
274.000000 1.045404
275.000000 1.045404
276.000000 1.045404
277.000000 1.045404
278.000000 1.045404
279.000000 1.045404
280.000000 1.045404
281.000000 1.045404
282.000000 1.045404
283.000000 1.045404
284.000000 1.045404
285.000000 1.045404
286.000000 1.045404
287.000000 1.045404
288.000000 1.045404
289.000000 1.045404
290.000000 1.045404
291.000000 1.045404
292.000000 1.045404
293.000000 1.045404
294.000000 1.045404
295.000000 1.045404
296.000000 1.045404
297.000000 1.045404
298.000000 1.045404
299.000000 1.045404
300.000000 1.045404
301.000000 1.045404
302.000000 1.045404
303.000000 1.045404
304.000000 1.045404
305.000000 1.045404
306.000000 1.045404
307.000000 1.045404
308.000000 1.045404
309.000000 1.045404
310.000000 1.045404
311.000000 1.045404
312.000000 1.045404
313.000000 1.045404
314.000000 1.045404
315.000000 1.045404
316.000000 1.045404
317.000000 1.045404
318.000000 1.045404
319.000000 1.045404
320.000000 1.045404
321.000000 1.045404
322.000000 1.045404
323.000000 1.045404
324.000000 1.045404
325.000000 1.045404
326.000000 1.045404
327.000000 1.045404
328.000000 1.045404
329.000000 1.045404
330.000000 1.045404
331.000000 1.045404
332.000000 1.045404
333.000000 1.045404
334.000000 1.045404
335.000000 1.045404
336.000000 1.045404
337.000000 1.045404
338.000000 1.045404
339.000000 1.045404
340.000000 1.045404
341.000000 1.045404
342.000000 1.045404
343.000000 1.045404
344.000000 1.045404
345.000000 1.045404
346.000000 1.045404
347.000000 1.045404
348.000000 1.045404
349.000000 1.045404
350.000000 1.045404
351.000000 1.045404
352.000000 1.045404
353.000000 1.045404
354.000000 1.045404
355.000000 1.045404
356.000000 1.045404
357.000000 1.045404
358.000000 1.045404
359.000000 1.045404
360.000000 1.045404
361.000000 1.045404
362.000000 1.045404
363.000000 1.045404
364.000000 1.045404
365.000000 1.045404
366.000000 1.045404
367.000000 1.045404
368.000000 1.045404
369.000000 1.045404
370.000000 1.045404
371.000000 1.045404
372.000000 1.045404
373.000000 1.045404
374.000000 1.045404
375.000000 1.045404
376.000000 1.045404
377.000000 1.045404
378.000000 1.045404
379.000000 1.045404
380.000000 1.045404
381.000000 1.045404
382.000000 1.045404
383.000000 1.045404
384.000000 1.045404
385.000000 1.045404
386.000000 1.045404
387.000000 1.045404
388.000000 1.045404
389.000000 1.045404
390.000000 1.045404
391.000000 1.045404
392.000000 1.045404
393.000000 1.045404
394.000000 1.045404
395.000000 1.045404
396.000000 1.045404
397.000000 1.045404
398.000000 1.045404
399.000000 1.045404
400.000000 1.045404
401.000000 1.045404
402.000000 1.045404
403.000000 1.045404
404.000000 1.045404
405.000000 1.045404
406.000000 1.045404
407.000000 1.045404
408.000000 1.045404
409.000000 1.045404
410.000000 1.045404
411.000000 1.045404
412.000000 1.045404
413.000000 1.045404
414.000000 1.045404
415.000000 1.045404
416.000000 1.045404
417.000000 1.045404
418.000000 1.045404
419.000000 1.045404
420.000000 1.045404
421.000000 1.045404
422.000000 1.045404
423.000000 1.045404
424.000000 1.045404
425.000000 1.045404
426.000000 1.045404
427.000000 1.045404
428.000000 1.045404
429.000000 1.045404
430.000000 1.045404
431.000000 1.045404
432.000000 1.045404
433.000000 1.045404
434.000000 1.045404
435.000000 1.045404
436.000000 1.045404
437.000000 1.045404
438.000000 1.045404
439.000000 1.045404
440.000000 1.045404
441.000000 1.045404
442.000000 1.045404
443.000000 1.045404
444.000000 1.045404
445.000000 1.045404
446.000000 1.045404
447.000000 1.045404
448.000000 1.045404
449.000000 1.045404
450.000000 1.045404
451.000000 1.045404
452.000000 1.045404
453.000000 1.045404
454.000000 1.045404
455.000000 1.045404
456.000000 1.045404
457.000000 1.045404
458.000000 1.045404
459.000000 1.045404
460.000000 1.045404
461.000000 1.045404
462.000000 1.045404
463.000000 1.045404
464.000000 1.045404
465.000000 1.045404
466.000000 1.045404
467.000000 1.045404
468.000000 1.045404
469.000000 1.045404
470.000000 1.045404
471.000000 1.045404
472.000000 1.045404
473.000000 1.045404
474.000000 1.045404
475.000000 1.045404
476.000000 1.045404
477.000000 1.045404
478.000000 1.045404
479.000000 1.045404
480.000000 1.045404
481.000000 1.045404
482.000000 1.045404
483.000000 1.045404
484.000000 1.045404
485.000000 1.045404
486.000000 1.045404
487.000000 1.045404
488.000000 1.045404
489.000000 1.045404
490.000000 1.045404
491.000000 1.045404
492.000000 1.045404
493.000000 1.045404
494.000000 1.045404
495.000000 1.045404
