1.000000 0.000000
2.000000 0.000000
3.000000 0.000000
4.000000 0.000000
5.000000 0.000000
6.000000 0.000000
7.000000 0.000000
8.000000 0.000000
9.000000 0.002780
10.000000 0.009197
11.000000 -0.002720
12.000000 -0.005688
13.000000 -0.015965
14.000000 -0.018729
15.000000 4.110500
16.000000 1.267542
17.000000 1.320805
18.000000 -0.555570
19.000000 0.253184
20.000000 0.144083
21.000000 0.056841
22.000000 -1.790989
23.000000 -0.169119
24.000000 -0.394443
25.000000 0.834404
26.000000 0.086758
27.000000 0.035107
28.000000 0.059513
29.000000 1.047402
30.000000 0.121324
31.000000 0.428121
32.000000 -0.315994
33.000000 0.214934
34.000000 0.279521
35.000000 0.252135
36.000000 -0.291158
37.000000 0.205611
38.000000 -0.074460
39.000000 0.406311
40.000000 0.066443
41.000000 0.031992
42.000000 0.074244
43.000000 0.398642
44.000000 0.102699
45.000000 0.310732
46.000000 -0.014361
47.000000 0.243087
48.000000 0.289428
49.000000 0.275367
50.000000 0.116643
51.000000 0.288385
52.000000 0.161707
53.000000 0.388364
54.000000 0.196299
55.000000 0.157039
56.000000 0.146771
57.000000 0.193949
58.000000 0.098481
59.000000 0.214995
60.000000 0.050056
61.000000 0.140687
62.000000 0.159387
63.000000 0.126639
64.000000 0.089312
65.000000 0.106900
66.000000 0.015172
67.000000 0.111784
68.000000 0.082616
69.000000 0.076768
70.000000 0.094792
71.000000 0.095083
72.000000 0.108322
73.000000 0.169397
74.000000 0.079812
75.000000 0.122136
76.000000 0.127062
77.000000 0.107731
78.000000 0.130489
79.000000 0.114387
80.000000 0.082483
81.000000 0.137079
82.000000 0.121079
83.000000 0.136094
84.000000 0.146602
85.000000 0.106429
86.000000 0.111060
87.000000 0.135281
88.000000 0.113111
89.000000 0.143177
90.000000 0.116628
91.000000 0.133307
92.000000 0.175538
93.000000 0.190933
94.000000 0.177717
95.000000 0.216547
96.000000 0.206931
97.000000 0.239981
98.000000 0.215067
99.000000 0.192496
100.000000 0.201993
101.000000 0.225759
102.000000 0.211659
103.000000 0.222609
104.000000 0.198324
105.000000 0.180127
106.000000 0.178358
107.000000 0.155563
108.000000 0.175872
109.000000 0.181185
110.000000 0.153586
111.000000 0.180338
112.000000 0.176154
113.000000 0.181831
114.000000 0.220383
115.000000 0.213965
116.000000 0.207690
117.000000 0.226585
118.000000 0.211696
119.000000 0.195591
120.000000 0.161868
121.000000 0.134313
122.000000 0.137864
123.000000 0.122110
124.000000 0.113025
125.000000 0.103390
126.000000 0.107273
127.000000 0.141350
128.000000 0.134797
129.000000 0.128792
130.000000 0.133994
131.000000 0.138063
132.000000 0.143955
133.000000 0.156593
134.000000 0.138488
135.000000 0.153693
136.000000 0.157652
137.000000 0.145852
138.000000 0.152254
139.000000 0.153629
140.000000 0.163377
141.000000 0.167471
142.000000 0.131320
143.000000 0.131667
144.000000 0.127013
145.000000 0.114661
146.000000 0.115716
147.000000 0.128025
148.000000 0.128591
149.000000 0.142554
150.000000 0.140260
151.000000 0.127719
152.000000 0.126818
153.000000 0.116899
154.000000 0.119425
155.000000 0.134817
156.000000 0.149489
157.000000 0.167470
158.000000 0.175871
159.000000 0.184636
160.000000 0.203213
161.000000 0.205050
162.000000 0.215291
163.000000 0.246206
164.000000 0.224556
165.000000 0.232056
166.000000 0.233536
167.000000 0.204090
168.000000 0.202539
169.000000 0.226361
170.000000 0.215317
171.000000 0.243128
172.000000 0.240766
173.000000 0.248362
174.000000 0.269166
175.000000 0.245442
176.000000 0.212141
177.000000 0.196235
178.000000 0.172904
179.000000 0.181399
180.000000 0.162905
181.000000 0.132063
182.000000 0.128351
183.000000 0.134414
184.000000 0.149773
185.000000 0.162764
186.000000 0.183427
187.000000 0.187714
188.000000 0.190669
189.000000 0.189682
190.000000 0.199912
191.000000 0.235347
192.000000 0.213588
193.000000 0.205504
194.000000 0.198458
195.000000 0.194711
196.000000 0.233376
197.000000 0.237537
198.000000 0.218175
199.000000 0.235121
200.000000 0.232609
201.000000 0.241736
202.000000 0.253181
203.000000 0.221643
204.000000 0.225964
205.000000 0.262496
206.000000 0.254976
207.000000 0.258357
208.000000 0.261516
209.000000 0.236039
210.000000 0.245149
211.000000 0.255219
212.000000 0.231901
213.000000 0.231718
214.000000 0.215969
215.000000 0.221644
216.000000 0.219629
217.000000 0.190116
218.000000 0.159194
219.000000 0.166580
220.000000 0.139028
221.000000 0.143281
222.000000 0.152173
223.000000 0.144363
224.000000 0.173679
225.000000 0.177834
226.000000 0.186626
227.000000 0.188707
228.000000 0.167213
229.000000 0.176097
230.000000 0.187824
231.000000 0.149304
232.000000 0.157937
233.000000 0.144586
234.000000 0.160928
235.000000 0.195313
236.000000 0.183982
237.000000 0.144865
238.000000 0.169891
239.000000 0.177526
240.000000 0.181586
241.000000 0.170270
242.000000 0.164078
243.000000 0.197543
244.000000 0.215550
245.000000 0.236390
246.000000 0.259437
247.000000 0.270181
248.000000 0.267560
249.000000 0.283521
250.000000 0.264196
251.000000 0.255264
252.000000 0.255672
253.000000 0.233882
254.000000 0.251722
255.000000 0.260245
256.000000 0.254709
257.000000 0.274403
258.000000 0.279251
259.000000 0.257282
260.000000 0.267147
261.000000 0.259209
262.000000 0.256831
263.000000 0.277173
264.000000 0.288589
265.000000 0.291794
266.000000 0.327418
267.000000 0.330317
268.000000 0.352216
269.000000 0.363827
270.000000 0.372381
271.000000 0.361532
272.000000 0.345400
273.000000 0.331016
274.000000 0.360793
275.000000 0.353859
276.000000 0.348360
277.000000 0.330782
278.000000 0.331992
279.000000 0.332625
280.000000 0.316631
281.000000 0.283383
282.000000 0.260039
283.000000 0.246417
284.000000 0.242384
285.000000 0.231301
286.000000 0.222963
287.000000 0.225673
288.000000 0.229592
289.000000 0.234123
290.000000 0.251688
291.000000 0.233305
292.000000 0.222560
293.000000 0.209049
294.000000 0.202603
295.000000 0.203905
296.000000 0.201236
297.000000 0.194249
298.000000 0.187058
299.000000 0.214651
300.000000 0.221853
301.000000 0.232549
302.000000 0.249715
303.000000 0.217945
304.000000 0.228551
305.000000 0.211572
306.000000 0.187092
307.000000 0.192835
308.000000 0.225585
309.000000 0.221225
310.000000 0.234180
311.000000 0.225102
312.000000 0.247071
313.000000 0.289007
314.000000 0.262124
315.000000 0.245855
316.000000 0.242754
317.000000 0.234804
318.000000 0.235460
319.000000 0.198487
320.000000 0.191599
321.000000 0.215260
322.000000 0.214794
323.000000 0.189828
324.000000 0.193157
325.000000 0.184648
326.000000 0.240357
327.000000 0.252341
328.000000 0.223135
329.000000 0.235075
330.000000 0.253895
331.000000 0.242123
332.000000 0.271000
333.000000 0.230820
334.000000 0.216162
335.000000 0.230293
336.000000 0.189339
337.000000 0.166902
338.000000 0.176789
339.000000 0.165300
340.000000 0.209579
341.000000 0.219889
342.000000 0.209734
343.000000 0.256157
344.000000 0.240030
345.000000 0.233849
346.000000 0.220456
347.000000 0.178176
348.000000 0.183832
349.000000 0.215163
350.000000 0.180579
351.000000 0.182710
352.000000 0.164768
353.000000 0.166080
354.000000 0.208455
355.000000 0.192553
356.000000 0.169656
357.000000 0.191557
358.000000 0.188264
359.000000 0.213760
360.000000 0.226820
361.000000 0.200283
362.000000 0.239375
363.000000 0.246079
364.000000 0.249586
365.000000 0.237464
366.000000 0.231029
367.000000 0.224576
368.000000 0.254057
369.000000 0.229211
370.000000 0.215076
371.000000 0.229471
372.000000 0.233660
373.000000 0.231311
374.000000 0.232994
375.000000 0.225172
376.000000 0.257369
377.000000 0.239203
378.000000 0.244954
379.000000 0.247346
380.000000 0.255326
381.000000 0.295807
382.000000 0.325978
383.000000 0.336053
384.000000 0.395980
385.000000 0.405904
386.000000 0.416969
387.000000 0.420578
388.000000 0.391428
389.000000 0.369792
390.000000 0.382812
391.000000 0.348003
392.000000 0.360187
393.000000 0.361648
394.000000 0.342910
395.000000 0.355259
396.000000 0.346026
397.000000 0.326124
398.000000 0.347735
399.000000 0.304408
400.000000 0.272438
401.000000 8.498140
402.000000 2.832461
403.000000 2.917624
404.000000 3.005098
405.000000 3.075110
406.000000 3.170264
407.000000 3.259011
408.000000 -1.660419
409.000000 1.989036
410.000000 1.400471
411.000000 1.328212
412.000000 1.279381
413.000000 0.652110
414.000000 0.558016
415.000000 3.332249
416.000000 0.770774
417.000000 1.445355
418.000000 1.290909
419.000000 1.214215
420.000000 1.829507
421.000000 1.739724
422.000000 0.155072
423.000000 1.825021
424.000000 1.131584
425.000000 1.365402
426.000000 1.434102
427.000000 0.894488
428.000000 1.104079
429.000000 2.004059
430.000000 0.900352
431.000000 1.491123
432.000000 1.216978
433.000000 1.198484
434.000000 1.585521
435.000000 1.364509
436.000000 0.909293
437.000000 1.584010
438.000000 1.118713
439.000000 1.382676
440.000000 1.366540
441.000000 1.109397
442.000000 1.290093
443.000000 1.494633
444.000000 1.059274
445.000000 1.386523
446.000000 1.138797
447.000000 1.174079
448.000000 1.331325
449.000000 1.183424
450.000000 1.094850
451.000000 1.369279
452.000000 1.162354
453.000000 1.381174
454.000000 1.351732
455.000000 1.258311
456.000000 1.377819
457.000000 1.405300
458.000000 1.242771
459.000000 1.415417
460.000000 1.257904
461.000000 1.302137
462.000000 1.378018
463.000000 1.289442
464.000000 1.307411
465.000000 1.391310
466.000000 1.293733
467.000000 1.411796
468.000000 1.365585
469.000000 1.338753
470.000000 1.383243
471.000000 1.369840
472.000000 1.325018
473.000000 1.372974
474.000000 1.308742
475.000000 1.335884
476.000000 1.333520
477.000000 1.326703
478.000000 1.312956
479.000000 1.325341
480.000000 1.262054
481.000000 1.287235
482.000000 1.242740
483.000000 1.250048
484.000000 1.263783
485.000000 1.296648
486.000000 1.305458
487.000000 1.345399
488.000000 1.334839
489.000000 1.363955
490.000000 1.368695
491.000000 1.343122
492.000000 1.325809
493.000000 1.306086
494.000000 1.296384
495.000000 1.350800
496.000000 1.341471
497.000000 1.342091
498.000000 1.365936
499.000000 1.354384
500.000000 1.363803
501.000000 1.358164
502.000000 1.318819
503.000000 1.341803
504.000000 2.278465
505.000000 1.894915
506.000000 1.988096
507.000000 2.084825
508.000000 1.791465
509.000000 1.944066
510.000000 1.886946
511.000000 1.294051
512.000000 1.657968
513.000000 1.555673
514.000000 1.532326
515.000000 1.740903
516.000000 1.538942
517.000000 1.572437
518.000000 1.851125
519.000000 1.567122
520.000000 1.678302
521.000000 1.652708
522.000000 1.512267
523.000000 1.655102
524.000000 1.597731
525.000000 1.453348
526.000000 1.648580
527.000000 1.518820
528.000000 1.556330
529.000000 1.622107
530.000000 1.489600
531.000000 1.525887
532.000000 1.600169
533.000000 1.485826
534.000000 1.573327
535.000000 1.529220
536.000000 1.497759
537.000000 1.565736
538.000000 1.507021
539.000000 1.457143
540.000000 1.525982
541.000000 1.461705
542.000000 1.486987
543.000000 1.477500
544.000000 1.438523
545.000000 1.498954
546.000000 1.492366
547.000000 1.461455
548.000000 1.493895
549.000000 1.445263
550.000000 1.425181
551.000000 1.434785
552.000000 1.380842
553.000000 1.388025
554.000000 1.395517
555.000000 1.382074
556.000000 1.420219
557.000000 1.407781
558.000000 1.382579
559.000000 1.438472
560.000000 1.416842
561.000000 1.421814
562.000000 1.434046
563.000000 1.399711
564.000000 1.415119
565.000000 1.440637
566.000000 1.427234
567.000000 1.459075
568.000000 1.456950
569.000000 1.459737
570.000000 1.474228
571.000000 1.455628
572.000000 1.457161
573.000000 1.471804
574.000000 1.448739
575.000000 1.452934
576.000000 1.444863
577.000000 1.441175
578.000000 1.460933
579.000000 1.464624
580.000000 1.462558
581.000000 1.476629
582.000000 1.449381
583.000000 1.451199
584.000000 1.435566
585.000000 1.416773
586.000000 1.450642
587.000000 1.481677
588.000000 1.485087
589.000000 1.521672
590.000000 1.532905
591.000000 1.528293
592.000000 1.546572
593.000000 1.504231
594.000000 1.480545
595.000000 1.471537
596.000000 1.489628
597.000000 1.499560
598.000000 1.502534
599.000000 1.493563
600.000000 1.525164
601.000000 1.539670
602.000000 1.532239
603.000000 1.507053
604.000000 1.495884
605.000000 1.504531
606.000000 1.495965
607.000000 1.496402
608.000000 1.498311
609.000000 1.529647
610.000000 1.535145
611.000000 1.557887
612.000000 1.556684
613.000000 1.595509
614.000000 1.612124
615.000000 1.606777
616.000000 1.602049
617.000000 1.611211
618.000000 1.570674
619.000000 1.559263
620.000000 1.526846
621.000000 1.487771
622.000000 1.451438
623.000000 1.432746
624.000000 1.407324
625.000000 1.411544
626.000000 1.397853
627.000000 1.403732
628.000000 1.416405
629.000000 1.431312
630.000000 1.424246
631.000000 1.439097
632.000000 1.431154
633.000000 1.437788
634.000000 1.445931
635.000000 1.453440
636.000000 1.453359
637.000000 1.451171
638.000000 1.398633
639.000000 1.411009
640.000000 1.390351
641.000000 1.366872
642.000000 1.347613
643.000000 1.314614
644.000000 1.330667
645.000000 1.361388
646.000000 1.350459
647.000000 1.330421
648.000000 1.324325
649.000000 1.314918
650.000000 1.369020
651.000000 1.364331
652.000000 1.353460
653.000000 1.364705
654.000000 1.378496
655.000000 1.359495
656.000000 1.340189
657.000000 1.324658
658.000000 1.336164
659.000000 1.349631
660.000000 1.353930
661.000000 1.397080
662.000000 1.405463
663.000000 1.453803
664.000000 1.499415
665.000000 1.519289
666.000000 1.527321
667.000000 1.569390
668.000000 1.556475
669.000000 1.556527
670.000000 1.537718
671.000000 1.527396
672.000000 1.504648
673.000000 1.508853
674.000000 1.491395
675.000000 1.478865
676.000000 1.467677
677.000000 1.480636
678.000000 1.483608
679.000000 1.506859
680.000000 1.496153
681.000000 1.516222
682.000000 1.510206
683.000000 1.527721
684.000000 1.536348
685.000000 1.541503
686.000000 1.517089
687.000000 1.508517
688.000000 1.501176
689.000000 1.473812
690.000000 1.454239
691.000000 1.441752
692.000000 1.436566
693.000000 1.469522
694.000000 1.462746
695.000000 1.494208
696.000000 1.486187
697.000000 1.485469
698.000000 1.472042
699.000000 1.477257
700.000000 1.451502
701.000000 1.474895
702.000000 1.460189
703.000000 1.454992
704.000000 1.446737
705.000000 1.477079
706.000000 1.460337
707.000000 1.464200
708.000000 1.437843
709.000000 1.444853
710.000000 1.450857
711.000000 1.444876
712.000000 1.435286
713.000000 1.457078
714.000000 1.482360
715.000000 1.520287
716.000000 1.506930
717.000000 1.518982
718.000000 1.516933
719.000000 1.502180
720.000000 1.488059
721.000000 1.462568
722.000000 1.419531
723.000000 1.436525
724.000000 1.442418
725.000000 1.420088
726.000000 1.426694
727.000000 1.453771
728.000000 1.457782
729.000000 1.486378
730.000000 1.452701
731.000000 1.465713
732.000000 1.507202
733.000000 1.526278
734.000000 1.507118
735.000000 1.508540
736.000000 1.487416
737.000000 1.497987
738.000000 1.467230
739.000000 1.434954
740.000000 1.445981
741.000000 1.432191
742.000000 1.421246
743.000000 1.416165
744.000000 1.407653
745.000000 1.394061
746.000000 1.405321
747.000000 1.384646
748.000000 1.384430
749.000000 1.425015
750.000000 1.440276
751.000000 1.449991
752.000000 1.490963
753.000000 1.503659
754.000000 1.522379
755.000000 1.545384
756.000000 1.541385
757.000000 1.544000
758.000000 1.554131
759.000000 1.548563
760.000000 1.585059
761.000000 1.578216
762.000000 1.565989
763.000000 1.562191
764.000000 1.543152
765.000000 1.522265
766.000000 1.512190
767.000000 1.447776
768.000000 1.419229
769.000000 1.390297
770.000000 1.365115
771.000000 1.368122
772.000000 1.380958
773.000000 1.381927
774.000000 1.401002
775.000000 1.410674
776.000000 1.418107
777.000000 1.431634
778.000000 1.430249
779.000000 1.445377
780.000000 1.460595
781.000000 1.459296
782.000000 1.487272
783.000000 1.497524
784.000000 1.490501
785.000000 1.491925
786.000000 1.497991
787.000000 1.513106
788.000000 1.535621
789.000000 1.542098
790.000000 1.559119
791.000000 1.571902
792.000000 1.578288
793.000000 1.567374
794.000000 1.546596
795.000000 1.524179
796.000000 1.530243
797.000000 1.512765
798.000000 1.490881
799.000000 1.476430
800.000000 1.509279
801.000000 -4.676812
802.000000 -0.450882
803.000000 -0.555736
804.000000 -1.570565
805.000000 -1.241797
806.000000 -1.373305
807.000000 -1.558714
808.000000 2.466806
809.000000 -0.397315
810.000000 0.097971
811.000000 0.757654
812.000000 0.407683
813.000000 0.955762
814.000000 1.115744
815.000000 -1.172314
816.000000 0.939298
817.000000 0.415384
818.000000 0.233933
819.000000 0.598944
820.000000 0.047536
821.000000 0.104366
822.000000 1.452557
823.000000 0.034776
824.000000 0.605093
825.000000 0.621599
826.000000 0.352880
827.000000 0.857604
828.000000 0.712463
829.000000 -0.044411
830.000000 0.898265
831.000000 0.415466
832.000000 0.514972
833.000000 0.678430
834.000000 0.291104
835.000000 0.477173
836.000000 0.869264
837.000000 0.249982
838.000000 0.623129
839.000000 0.482251
840.000000 0.391894
841.000000 0.677187
842.000000 0.500309
843.000000 0.316378
844.000000 0.662899
845.000000 0.363773
846.000000 0.484370
847.000000 0.493005
848.000000 0.292093
849.000000 0.434967
850.000000 0.521462
851.000000 0.297625
852.000000 0.491103
853.000000 0.368156
854.000000 0.410237
855.000000 0.523989
856.000000 0.377064
857.000000 0.332440
858.000000 0.449873
859.000000 0.306228
860.000000 0.402009
861.000000 0.346100
862.000000 0.250640
863.000000 0.336658
864.000000 0.322542
865.000000 0.251858
866.000000 0.366174
867.000000 0.317965
868.000000 0.380176
869.000000 0.434923
870.000000 0.375710
871.000000 0.414947
872.000000 0.471899
873.000000 0.421097
874.000000 0.495659
875.000000 0.506294
876.000000 0.497863
877.000000 0.534712
878.000000 0.504280
879.000000 0.457969
880.000000 0.465723
881.000000 0.431114
882.000000 0.458783
883.000000 0.471081
884.000000 0.438446
885.000000 0.444380
886.000000 0.477009
887.000000 0.460495
888.000000 0.495558
889.000000 0.482393
890.000000 0.490928
891.000000 0.544822
892.000000 0.553528
893.000000 0.543679
894.000000 0.605836
895.000000 0.603759
896.000000 0.624721
897.000000 0.612292
898.000000 0.584982
899.000000 0.593612
900.000000 0.582041
901.000000 0.535603
902.000000 0.543468
903.000000 0.508968
904.000000 0.520639
905.000000 0.537949
906.000000 0.532383
907.000000 0.550925
908.000000 0.565067
909.000000 0.549889
910.000000 0.556096
911.000000 0.530197
912.000000 0.550657
913.000000 0.562468
914.000000 0.534586
915.000000 0.531537
916.000000 0.545645
917.000000 0.544902
918.000000 0.542187
919.000000 0.514971
920.000000 0.505916
921.000000 0.499981
922.000000 0.494018
923.000000 0.485684
924.000000 0.468315
925.000000 0.463213
926.000000 0.464692
927.000000 0.469532
928.000000 0.479791
929.000000 0.478686
930.000000 0.472067
931.000000 0.476822
932.000000 0.488451
933.000000 0.499627
934.000000 0.513372
935.000000 0.513978
936.000000 0.537135
937.000000 0.532183
938.000000 0.529485
939.000000 0.514740
940.000000 0.526608
941.000000 0.531227
942.000000 0.522828
943.000000 0.499932
944.000000 0.521848
945.000000 0.536139
946.000000 0.547527
947.000000 0.562219
948.000000 0.566233
949.000000 0.575426
950.000000 0.588618
951.000000 0.580740
952.000000 0.575655
953.000000 0.585303
954.000000 0.570595
955.000000 0.563303
956.000000 0.537055
957.000000 0.508521
958.000000 0.485977
959.000000 0.451398
960.000000 0.434295
961.000000 0.408618
962.000000 0.390160
963.000000 0.382021
964.000000 0.356097
965.000000 0.350857
966.000000 0.362789
967.000000 0.354399
968.000000 0.361383
969.000000 0.363541
970.000000 0.342237
971.000000 0.376201
972.000000 0.357589
973.000000 0.347089
974.000000 0.352671
975.000000 0.332940
976.000000 0.318372
977.000000 0.326259
978.000000 0.322924
979.000000 0.365452
980.000000 0.391055
981.000000 0.407729
982.000000 0.423695
983.000000 0.426627
984.000000 0.426244
985.000000 0.446274
986.000000 0.420790
987.000000 0.431488
988.000000 0.428869
989.000000 0.452192
990.000000 0.492095
991.000000 0.507725
992.000000 0.508980
993.000000 0.545611
994.000000 0.542952
995.000000 0.566171
996.000000 0.577421
997.000000 0.576009
998.000000 0.597140
999.000000 0.604322
1000.000000 0.574036
1001.000000 0.599315
1002.000000 0.579107
1003.000000 0.548566
1004.000000 0.564503
1005.000000 0.534589
1006.000000 0.512213
1007.000000 0.510218
1008.000000 0.475175
1009.000000 0.458921
1010.000000 0.437849
1011.000000 0.413323
1012.000000 0.439764
1013.000000 0.422688
1014.000000 0.399745
1015.000000 0.388583
1016.000000 0.394462
1017.000000 0.411955
1018.000000 0.422879
1019.000000 0.425939
1020.000000 0.431773
1021.000000 0.436553
1022.000000 0.445950
1023.000000 0.455442
1024.000000 0.447934
1025.000000 0.444375
1026.000000 0.479336
1027.000000 0.484696
1028.000000 0.500823
1029.000000 0.518055
1030.000000 0.528612
1031.000000 0.555219
1032.000000 0.573773
1033.000000 0.543260
1034.000000 0.544588
1035.000000 0.561390
1036.000000 0.553335
1037.000000 0.545639
1038.000000 0.499370
1039.000000 0.517415
1040.000000 0.530340
1041.000000 0.491116
1042.000000 0.500773
1043.000000 0.490858
1044.000000 0.481475
1045.000000 0.493737
1046.000000 0.454663
1047.000000 0.457675
1048.000000 0.482699
1049.000000 0.464424
1050.000000 0.492274
1051.000000 0.470907
1052.000000 0.451978
1053.000000 0.473970
1054.000000 0.468971
1055.000000 0.443025
1056.000000 0.461008
1057.000000 0.414905
1058.000000 0.438095
1059.000000 0.436017
1060.000000 0.398955
1061.000000 0.379374
1062.000000 0.378115
1063.000000 0.356557
1064.000000 0.383183
1065.000000 0.356527
1066.000000 0.365202
1067.000000 0.392533
1068.000000 0.388369
1069.000000 0.402408
1070.000000 0.390380
1071.000000 0.382935
1072.000000 0.419347
1073.000000 0.418226
1074.000000 0.413139
1075.000000 0.412555
1076.000000 0.402149
1077.000000 0.397589
1078.000000 0.414240
1079.000000 0.393555
1080.000000 0.411380
1081.000000 0.408839
1082.000000 0.422697
1083.000000 0.447660
1084.000000 0.455177
1085.000000 0.446336
1086.000000 0.481750
1087.000000 0.478914
1088.000000 0.514537
1089.000000 0.498767
1090.000000 0.481251
1091.000000 0.461473
1092.000000 0.472498
1093.000000 0.438848
1094.000000 0.434070
1095.000000 0.429691
1096.000000 0.422010
1097.000000 0.457982
1098.000000 0.489182
1099.000000 0.488711
1100.000000 0.506500
1101.000000 0.508402
1102.000000 0.505692
1103.000000 0.498460
1104.000000 0.518452
1105.000000 0.505515
1106.000000 0.521464
1107.000000 0.507133
1108.000000 0.517173
1109.000000 0.504734
1110.000000 0.491561
1111.000000 0.470329
1112.000000 0.462568
1113.000000 0.447511
1114.000000 0.438525
1115.000000 0.432806
1116.000000 0.419421
1117.000000 0.421789
1118.000000 0.437987
1119.000000 0.438941
1120.000000 0.440243
1121.000000 0.417469
1122.000000 0.437688
1123.000000 0.449038
1124.000000 0.445615
1125.000000 0.449025
1126.000000 0.443191
1127.000000 0.428281
1128.000000 0.456255
1129.000000 0.448568
1130.000000 0.450119
1131.000000 0.454119
1132.000000 0.434926
1133.000000 0.422537
1134.000000 0.431274
1135.000000 0.387803
1136.000000 0.383541
1137.000000 0.385204
1138.000000 0.381979
1139.000000 0.417698
1140.000000 0.423879
1141.000000 0.410531
1142.000000 0.449308
1143.000000 0.448696
1144.000000 0.440024
1145.000000 0.433555
1146.000000 0.421472
1147.000000 0.423069
1148.000000 0.426501
1149.000000 0.391896
1150.000000 0.370470
1151.000000 0.367428
1152.000000 0.359554
1153.000000 0.390711
1154.000000 0.383534
1155.000000 0.391963
1156.000000 0.399295
1157.000000 0.386015
1158.000000 0.365991
1159.000000 0.352325
1160.000000 0.328960
1161.000000 0.319965
1162.000000 0.317766
1163.000000 0.329097
1164.000000 0.340743
1165.000000 0.356745
1166.000000 0.364411
1167.000000 0.402348
1168.000000 0.441139
1169.000000 0.484159
1170.000000 0.504483
1171.000000 0.489414
1172.000000 0.504975
1173.000000 0.507727
1174.000000 0.525144
1175.000000 0.523840
1176.000000 0.522779
1177.000000 0.526484
1178.000000 0.558579
1179.000000 0.541263
1180.000000 0.531235
1181.000000 0.516220
1182.000000 0.492284
1183.000000 0.490392
1184.000000 0.489659
1185.000000 0.488467
1186.000000 0.508521
1187.000000 0.518021
1188.000000 0.529112
1189.000000 0.548799
1190.000000 0.529850
1191.000000 0.539959
1192.000000 0.531184
1193.000000 0.494525
1194.000000 0.480094
1195.000000 0.428559
1196.000000 0.388065
1197.000000 0.367415
1198.000000 0.329577
1199.000000 0.319371
1200.000000 0.326268
1201.000000 -3.821849
1202.000000 -0.984080
1203.000000 -1.032923
1204.000000 -1.132616
1205.000000 -1.175474
1206.000000 -1.248761
1207.000000 -1.311193
1208.000000 1.163658
1209.000000 -0.664572
1210.000000 -0.338141
1211.000000 -0.263849
1212.000000 -0.249733
1213.000000 0.086905
1214.000000 0.143661
1215.000000 -1.232772
1216.000000 0.066417
1217.000000 -0.282740
1218.000000 -0.209359
1219.000000 -0.147563
1220.000000 -0.486618
1221.000000 -0.412242
1222.000000 0.402171
1223.000000 -0.446292
1224.000000 -0.072378
1225.000000 -0.182847
1226.000000 -0.210412
1227.000000 0.060928
1228.000000 -0.051870
1229.000000 -0.486772
1230.000000 0.076452
1231.000000 -0.226410
1232.000000 -0.108590
1233.000000 -0.065970
1234.000000 -0.273366
1235.000000 -0.135514
1236.000000 0.109832
1237.000000 -0.202164
1238.000000 0.055733
1239.000000 -0.029209
1240.000000 0.002635
1241.000000 0.187308
1242.000000 0.104934
1243.000000 0.021383
1244.000000 0.224339
1245.000000 0.031417
1246.000000 0.135817
1247.000000 0.082173
1248.000000 -0.069245
1249.000000 -0.005401
1250.000000 -0.015505
1251.000000 -0.161228
1252.000000 -0.029223
1253.000000 -0.150272
1254.000000 -0.136930
1255.000000 -0.073845
1256.000000 -0.165432
1257.000000 -0.148036
1258.000000 -0.092571
1259.000000 -0.191527
1260.000000 -0.129904
1261.000000 -0.164659
1262.000000 -0.223727
1263.000000 -0.195255
1264.000000 -0.213523
1265.000000 -0.252685
1266.000000 -0.220113
1267.000000 -0.268900
1268.000000 -0.257525
1269.000000 -0.236661
1270.000000 -0.263345
1271.000000 -0.256505
1272.000000 -0.244460
1273.000000 -0.265695
1274.000000 -0.234128
1275.000000 -0.234003
1276.000000 -0.210991
1277.000000 -0.176099
1278.000000 -0.179743
1279.000000 -0.191489
1280.000000 -0.159038
1281.000000 -0.165915
1282.000000 -0.118604
1283.000000 -0.111087
1284.000000 -0.146088
1285.000000 -0.117259
1286.000000 -0.088340
1287.000000 -0.079050
1288.000000 -0.041107
1289.000000 -0.028695
1290.000000 -0.022128
1291.000000 0.006538
1292.000000 -0.006321
1293.000000 0.001676
1294.000000 -0.007390
1295.000000 -0.034482
1296.000000 -0.039177
1297.000000 -0.049077
1298.000000 -0.075211
1299.000000 -0.068212
1300.000000 -0.069400
1301.000000 -0.056564
1302.000000 -0.038514
1303.000000 -0.031669
1304.000000 -0.967729
1305.000000 -0.568610
1306.000000 -0.666408
1307.000000 -0.742433
1308.000000 -0.422983
1309.000000 -0.559189
1310.000000 -0.553193
1311.000000 0.062749
1312.000000 -0.318641
1313.000000 -0.191752
1314.000000 -0.130327
1315.000000 -0.329743
1316.000000 -0.123986
1317.000000 -0.128243
1318.000000 -0.468187
1319.000000 -0.170227
1320.000000 -0.291563
1321.000000 -0.288829
1322.000000 -0.135950
1323.000000 -0.300775
1324.000000 -0.243908
1325.000000 -0.055673
1326.000000 -0.243299
1327.000000 -0.095214
1328.000000 -0.123685
1329.000000 -0.200675
1330.000000 -0.042264
1331.000000 -0.052427
1332.000000 -0.145595
1333.000000 -0.006767
1334.000000 -0.111117
1335.000000 -0.056521
1336.000000 0.009577
1337.000000 -0.087908
1338.000000 -0.036122
1339.000000 0.026066
1340.000000 -0.040002
1341.000000 0.039395
1342.000000 0.010585
1343.000000 -0.042374
1344.000000 0.014473
1345.000000 -0.050860
1346.000000 -0.089342
1347.000000 -0.043810
1348.000000 -0.116656
1349.000000 -0.095550
1350.000000 -0.081734
1351.000000 -0.142496
1352.000000 -0.133257
1353.000000 -0.108308
1354.000000 -0.163266
1355.000000 -0.148382
1356.000000 -0.160554
1357.000000 -0.181687
1358.000000 -0.131789
1359.000000 -0.181368
1360.000000 -0.218949
1361.000000 -0.205023
1362.000000 -0.261738
1363.000000 -0.264035
1364.000000 -0.288768
1365.000000 -0.329461
1366.000000 -0.310199
1367.000000 -0.312352
1368.000000 -0.341579
1369.000000 -0.314742
1370.000000 -0.313603
1371.000000 -0.306276
1372.000000 -0.277079
1373.000000 -0.286688
1374.000000 -0.264494
1375.000000 -0.221177
1376.000000 -0.204629
1377.000000 -0.200451
1378.000000 -0.191937
1379.000000 -0.215165
1380.000000 -0.204917
1381.000000 -0.192100
1382.000000 -0.215100
1383.000000 -0.231350
1384.000000 -0.238669
1385.000000 -0.276329
1386.000000 -0.296597
1387.000000 -0.350267
1388.000000 -0.367654
1389.000000 -0.379364
1390.000000 -0.380908
1391.000000 -0.377313
1392.000000 -0.360398
1393.000000 -0.377325
1394.000000 -0.358321
1395.000000 -0.348740
1396.000000 -0.315284
1397.000000 -0.317601
1398.000000 -0.312353
1399.000000 -0.324798
1400.000000 -0.305684
1401.000000 -0.304043
1402.000000 -0.316238
1403.000000 -0.324094
1404.000000 -0.325516
1405.000000 -0.312148
1406.000000 -0.276788
1407.000000 -0.265947
1408.000000 -0.266424
1409.000000 -0.243127
1410.000000 -0.234226
1411.000000 -0.223963
1412.000000 -0.203246
1413.000000 -0.196296
1414.000000 -0.194312
1415.000000 -0.197953
1416.000000 -0.189882
1417.000000 -0.175443
1418.000000 -0.159088
1419.000000 -0.192070
1420.000000 -0.183670
1421.000000 -0.175793
1422.000000 -0.178456
1423.000000 -0.198961
1424.000000 -0.225852
1425.000000 -0.267470
1426.000000 -0.271420
1427.000000 -0.289905
1428.000000 -0.322302
1429.000000 -0.376249
1430.000000 -0.384675
1431.000000 -0.375308
1432.000000 -0.368095
1433.000000 -0.367507
1434.000000 -0.332298
1435.000000 -0.295568
1436.000000 -0.269482
1437.000000 -0.254001
1438.000000 -0.243654
1439.000000 -0.240219
1440.000000 -0.233039
1441.000000 -0.226977
1442.000000 -0.268044
1443.000000 -0.300429
1444.000000 -0.316387
1445.000000 -0.331743
1446.000000 -0.340829
1447.000000 -0.347707
1448.000000 -0.359384
1449.000000 -0.335144
1450.000000 -0.321948
1451.000000 -0.308651
1452.000000 -0.312743
1453.000000 -0.317540
1454.000000 -0.321664
1455.000000 -0.325132
1456.000000 -0.317820
1457.000000 -0.337954
1458.000000 -0.345813
1459.000000 -0.336792
1460.000000 -0.325270
1461.000000 -0.324512
1462.000000 -0.289885
1463.000000 -0.295487
1464.000000 -0.277141
1465.000000 -0.281472
1466.000000 -0.314493
1467.000000 -0.343497
1468.000000 -0.345911
1469.000000 -0.378945
1470.000000 -0.361907
1471.000000 -0.364766
1472.000000 -0.372108
1473.000000 -0.359868
1474.000000 -0.378044
1475.000000 -0.379048
1476.000000 -0.359371
1477.000000 -0.388895
1478.000000 -0.364024
1479.000000 -0.377587
1480.000000 -0.386327
1481.000000 -0.365770
1482.000000 -0.374285
1483.000000 -0.397130
1484.000000 -0.384625
1485.000000 -0.401643
1486.000000 -0.396242
1487.000000 -0.380193
1488.000000 -0.385989
1489.000000 -0.376390
1490.000000 -0.384966
1491.000000 -0.371386
1492.000000 -0.379121
1493.000000 -0.369887
1494.000000 -0.375000
1495.000000 -0.348112
1496.000000 -0.339848
1497.000000 -0.350830
1498.000000 -0.355253
1499.000000 -0.322615
1500.000000 -0.328257
1501.000000 -0.324815
1502.000000 -0.348953
1503.000000 -0.335335
1504.000000 -0.335887
1505.000000 -0.315650
1506.000000 -0.305523
1507.000000 -0.313445
1508.000000 -0.292122
1509.000000 -0.262564
1510.000000 -0.259401
1511.000000 -0.271684
1512.000000 -0.269483
1513.000000 -0.270334
1514.000000 -0.224108
1515.000000 -0.260836
1516.000000 -0.271954
1517.000000 -0.258808
1518.000000 -0.236180
1519.000000 -0.193407
1520.000000 -0.202349
1521.000000 -0.239145
1522.000000 -0.221155
1523.000000 -0.229924
1524.000000 -0.215181
1525.000000 -0.227812
1526.000000 -0.254959
1527.000000 -0.246989
1528.000000 -0.214561
1529.000000 -0.227394
1530.000000 -0.199255
1531.000000 -0.198880
1532.000000 -0.183683
1533.000000 -0.164523
1534.000000 -0.196524
1535.000000 -0.207010
1536.000000 -0.188204
1537.000000 -0.242033
1538.000000 -0.259424
1539.000000 -0.311317
1540.000000 -0.338955
1541.000000 -0.351642
1542.000000 -0.383095
1543.000000 -0.413638
1544.000000 -0.403382
1545.000000 -0.407218
1546.000000 -0.390533
1547.000000 -0.363418
1548.000000 -0.343930
1549.000000 -0.316073
1550.000000 -0.295535
1551.000000 -0.276444
1552.000000 -0.223989
1553.000000 -0.194879
1554.000000 -0.176842
1555.000000 -0.131214
1556.000000 -0.100773
1557.000000 -0.079348
1558.000000 -0.074227
1559.000000 -0.102531
1560.000000 -0.151477
1561.000000 -0.163667
1562.000000 -0.202107
1563.000000 -0.223220
1564.000000 -0.267055
1565.000000 -0.305768
1566.000000 -0.306797
1567.000000 -0.295926
1568.000000 -0.306328
1569.000000 -0.307577
1570.000000 -0.320688
1571.000000 -0.317934
1572.000000 -0.299953
1573.000000 -0.307701
1574.000000 -0.301851
1575.000000 -0.306317
1576.000000 -0.296875
1577.000000 -0.287812
1578.000000 -0.320717
1579.000000 -0.337635
1580.000000 -0.342220
1581.000000 -0.337273
1582.000000 -0.348352
1583.000000 -0.361424
1584.000000 -0.383553
1585.000000 -0.375475
1586.000000 -0.363436
1587.000000 -0.379456
1588.000000 -0.390212
1589.000000 -0.356065
1590.000000 -0.333542
1591.000000 -0.306614
1592.000000 -0.295104
1593.000000 -0.301373
1594.000000 -0.256368
1595.000000 -0.231022
1596.000000 -0.228756
1597.000000 -0.228949
1598.000000 -0.235992
1599.000000 -0.241703
1600.000000 -0.249213
