1.000000 0.000000
2.000000 0.000000
3.000000 0.000000
4.000000 0.000000
5.000000 0.000000
6.000000 0.000000
7.000000 0.000000
8.000000 0.000000
9.000000 0.000000
10.000000 0.000000
11.000000 0.000000
12.000000 0.000000
13.000000 0.000000
14.000000 0.000000
15.000000 0.000000
16.000000 0.000000
17.000000 0.000000
18.000000 0.000000
19.000000 0.416854
20.000000 0.918820
21.000000 1.141264
22.000000 1.360222
23.000000 1.232814
24.000000 1.090669
25.000000 0.985211
26.000000 0.841391
27.000000 0.652812
28.000000 0.644143
29.000000 0.621512
30.000000 0.740815
31.000000 0.827322
32.000000 0.862425
33.000000 0.909012
34.000000 0.986033
35.000000 0.974589
36.000000 1.001533
37.000000 0.953228
38.000000 0.939166
39.000000 0.956889
40.000000 0.956895
41.000000 0.937388
42.000000 0.958836
43.000000 0.944205
44.000000 0.977064
45.000000 0.982505
46.000000 0.970807
47.000000 0.975146
48.000000 0.987242
49.000000 0.979172
50.000000 0.995950
51.000000 0.979405
52.000000 0.982789
53.000000 0.993702
54.000000 0.992093
55.000000 0.989144
56.000000 0.995184
57.000000 0.985171
58.000000 0.997917
59.000000 0.995534
60.000000 0.990350
61.000000 0.993442
62.000000 0.994543
63.000000 0.992206
64.000000 0.999357
65.000000 0.991067
66.000000 0.993972
67.000000 0.996957
68.000000 0.994735
69.000000 0.995363
70.000000 0.996444
71.000000 0.992202
72.000000 0.998076
73.000000 0.995716
74.000000 0.994534
75.000000 0.996334
76.000000 0.995428
77.000000 0.995404
78.000000 0.998078
79.000000 0.994302
80.000000 0.996446
81.000000 0.996937
82.000000 0.995912
83.000000 0.997052
84.000000 0.996859
85.000000 0.995530
86.000000 0.998180
87.000000 0.996679
88.000000 0.996868
89.000000 0.997663
90.000000 0.996903
91.000000 0.997478
92.000000 0.998327
93.000000 0.996822
94.000000 0.998153
95.000000 0.997977
96.000000 0.997718
97.000000 0.998482
98.000000 0.998103
99.000000 0.997875
100.000000 0.998960
101.000000 0.998154
102.000000 0.998578
103.000000 0.998811
104.000000 0.998419
105.000000 0.998910
106.000000 0.635859
107.000000 0.249605
108.000000 -0.149221
109.000000 -0.555602
110.000000 -0.811025
111.000000 -1.002345
112.000000 -1.127695
113.000000 -0.963369
114.000000 -0.784112
115.000000 -0.550872
116.000000 -0.277335
117.000000 -0.071833
118.000000 0.160573
119.000000 0.394618
120.000000 0.494993
121.000000 0.634851
122.000000 0.744340
123.000000 0.834901
124.000000 0.963614
125.000000 1.045572
126.000000 1.111768
127.000000 1.234609
128.000000 1.303517
129.000000 1.383890
130.000000 1.456828
131.000000 1.491345
132.000000 1.550646
133.000000 1.602145
134.000000 1.610636
135.000000 1.645353
136.000000 1.654014
137.000000 1.659563
138.000000 1.677805
139.000000 1.665733
140.000000 1.653647
141.000000 1.656320
142.000000 1.632815
143.000000 1.623053
144.000000 1.605655
145.000000 1.575635
146.000000 1.562091
147.000000 1.541044
148.000000 1.510134
149.000000 1.493493
150.000000 1.463468
151.000000 1.439334
152.000000 1.421063
153.000000 1.390881
154.000000 1.367585
155.000000 1.348492
156.000000 1.320977
157.000000 1.304037
158.000000 1.282345
159.000000 1.259026
160.000000 1.244667
161.000000 1.225735
162.000000 1.207099
163.000000 1.194773
164.000000 1.176479
165.000000 1.163980
166.000000 1.153106
167.000000 1.138144
168.000000 1.128468
169.000000 1.118950
170.000000 1.107391
171.000000 1.101335
172.000000 1.092126
173.000000 1.083911
174.000000 1.079298
175.000000 1.072002
176.000000 1.066465
177.000000 1.062766
178.000000 1.056445
179.000000 1.053510
180.000000 1.050206
181.000000 1.045627
182.000000 1.043685
183.000000 1.040760
184.000000 1.037647
185.000000 1.036696
186.000000 1.033797
187.000000 1.031970
188.000000 1.031113
189.000000 1.028849
190.000000 1.027849
191.000000 1.026951
192.000000 1.025024
193.000000 1.024707
194.000000 1.023635
195.000000 1.022324
196.000000 1.022067
197.000000 1.020951
198.000000 1.020107
199.000000 1.019915
200.000000 1.018724
201.000000 1.018267
202.000000 1.017869
203.000000 1.016890
204.000000 1.016613
205.000000 1.016054
206.000000 1.015214
207.000000 1.015061
208.000000 1.014362
209.000000 1.013770
210.000000 1.013529
211.000000 1.012811
212.000000 1.012395
213.000000 1.012097
214.000000 1.011390
215.000000 1.011111
216.000000 1.010696
217.000000 1.010121
218.000000 1.009888
219.000000 1.009415
220.000000 1.008945
221.000000 1.008736
222.000000 1.008238
223.000000 1.007901
224.000000 1.007645
225.000000 1.007187
226.000000 1.006938
227.000000 1.006659
228.000000 1.006255
229.000000 1.006068
230.000000 1.005758
231.000000 1.005447
232.000000 1.005277
233.000000 1.004970
234.000000 1.004731
235.000000 1.004570
236.000000 1.004282
237.000000 1.004113
238.000000 1.003937
239.000000 1.003694
240.000000 1.003566
241.000000 1.003388
242.000000 1.003191
243.000000 1.003088
244.000000 1.002910
245.000000 1.002766
246.000000 1.002668
247.000000 1.002505
248.000000 1.002398
249.000000 1.002302
250.000000 1.002161
251.000000 1.002084
252.000000 1.001984
253.000000 1.001871
254.000000 1.001810
255.000000 1.001713
256.000000 1.001626
257.000000 1.001572
258.000000 1.001480
259.000000 1.001419
260.000000 1.001365
261.000000 1.001285
262.000000 1.001238
263.000000 1.001184
264.000000 1.001118
265.000000 1.001083
266.000000 1.001028
267.000000 1.000977
268.000000 1.000946
269.000000 1.000894
270.000000 1.000856
271.000000 1.000825
272.000000 1.000779
273.000000 1.000751
274.000000 1.000720
275.000000 1.000681
276.000000 1.000658
277.000000 1.000627
278.000000 1.000596
279.000000 1.000577
280.000000 1.000547
281.000000 1.000523
282.000000 1.000505
283.000000 1.000477
284.000000 1.000459
285.000000 1.000441
286.000000 1.000417
287.000000 1.000403
288.000000 1.000384
289.000000 1.000365
290.000000 1.000353
291.000000 1.000335
292.000000 1.000320
293.000000 1.000309
294.000000 1.000292
295.000000 1.000281
296.000000 1.000270
297.000000 1.000255
298.000000 1.000246
299.000000 1.000235
300.000000 1.000223
301.000000 0.500216
302.000000 0.074455
303.000000 -0.285361
304.000000 -0.586707
305.000000 -0.627886
306.000000 -0.584937
307.000000 -0.470677
308.000000 -0.296443
309.000000 -0.243812
310.000000 -0.226308
311.000000 -0.252542
312.000000 -0.329256
313.000000 -0.354770
314.000000 -0.359278
315.000000 -0.330885
316.000000 -0.205776
317.000000 -0.064348
318.000000 0.107085
319.000000 0.299110
320.000000 0.456564
321.000000 0.615110
322.000000 0.761452
323.000000 0.862937
324.000000 0.969478
325.000000 1.056885
326.000000 1.130638
327.000000 1.217402
328.000000 1.285227
329.000000 1.347020
330.000000 1.418537
331.000000 1.468690
332.000000 1.520134
333.000000 1.566290
334.000000 1.593644
335.000000 1.625640
336.000000 1.649959
337.000000 1.660428
338.000000 1.676410
339.000000 1.680501
340.000000 1.680761
341.000000 1.684296
342.000000 1.675966
343.000000 1.667212
344.000000 1.659837
345.000000 1.643069
346.000000 1.630265
347.000000 1.614387
348.000000 1.593169
349.000000 1.576847
350.000000 1.556867
351.000000 1.534624
352.000000 1.516465
353.000000 1.493550
354.000000 1.472384
355.000000 1.453365
356.000000 1.430541
357.000000 1.410606
358.000000 1.391442
359.000000 1.370082
360.000000 1.352572
361.000000 1.333892
362.000000 1.314973
363.000000 1.299324
364.000000 1.282276
365.000000 1.266232
366.000000 1.252415
367.000000 1.237032
368.000000 1.223916
369.000000 1.211726
370.000000 1.198637
371.000000 1.187826
372.000000 1.177120
373.000000 1.166290
374.000000 1.157590
375.000000 1.148221
376.000000 1.139530
377.000000 1.132285
378.000000 1.124380
379.000000 1.117538
380.000000 1.111445
381.000000 1.104796
382.000000 1.099487
383.000000 1.094269
384.000000 1.088903
385.000000 1.084652
386.000000 1.080160
387.000000 1.075887
388.000000 1.072458
389.000000 1.068576
390.000000 1.065222
391.000000 1.062295
392.000000 1.059033
393.000000 1.056383
394.000000 1.053827
395.000000 1.051085
396.000000 1.048962
397.000000 1.046680
398.000000 1.044444
399.000000 1.042644
400.000000 1.040610
401.000000 1.038786
402.000000 1.037221
403.000000 1.035416
404.000000 1.033925
405.000000 1.032496
406.000000 1.757357
407.000000 1.925663
408.000000 2.088977
409.000000 2.247756
410.000000 2.099846
411.000000 2.079342
412.000000 2.034773
413.000000 1.524674
414.000000 1.466295
415.000000 1.320657
416.000000 1.184223
417.000000 1.245639
418.000000 1.137264
419.000000 1.068577
420.000000 1.265439
421.000000 1.159217
422.000000 1.178817
423.000000 1.182377
424.000000 1.078325
425.000000 1.129325
426.000000 1.132104
427.000000 0.995442
428.000000 1.059116
429.000000 1.008460
430.000000 0.991866
431.000000 1.037654
432.000000 0.969768
433.000000 0.958383
434.000000 1.018615
435.000000 0.954958
436.000000 0.986889
437.000000 0.980781
438.000000 0.944797
439.000000 0.989967
440.000000 0.984620
441.000000 0.950363
442.000000 0.992683
443.000000 0.964154
444.000000 0.974357
445.000000 0.996764
446.000000 0.965924
447.000000 0.977779
448.000000 0.996843
449.000000 0.971629
450.000000 0.997148
451.000000 0.988756
452.000000 0.979154
453.000000 1.003124
454.000000 0.993909
455.000000 0.988260
456.000000 1.006516
457.000000 0.990038
458.000000 1.001040
459.000000 1.007434
460.000000 0.993728
461.000000 1.004242
462.000000 1.006706
463.000000 0.997454
464.000000 1.010740
465.000000 1.002699
466.000000 1.001384
467.000000 1.010957
468.000000 1.003413
469.000000 1.004545
470.000000 1.010055
471.000000 1.001395
472.000000 1.008303
473.000000 1.008010
474.000000 1.002393
475.000000 1.008153
476.000000 1.006008
477.000000 1.003261
478.000000 1.008818
479.000000 1.003330
480.000000 1.004311
481.000000 1.007206
482.000000 1.002815
483.000000 1.004812
484.000000 1.005549
485.000000 1.001739
486.000000 1.005428
487.000000 1.003740
488.000000 1.001976
489.000000 1.004613
490.000000 1.002422
491.000000 1.002167
492.000000 1.004123
493.000000 1.001188
494.000000 1.002462
495.000000 1.002942
496.000000 1.000963
497.000000 1.002453
498.000000 1.001972
499.000000 1.000673
500.000000 1.002447
501.000000 1.001105
502.000000 1.000890
503.000000 1.001922
504.000000 1.000606
505.000000 0.974210
506.000000 1.098209
507.000000 1.227831
508.000000 1.363498
509.000000 1.594762
510.000000 1.724276
511.000000 1.835554
512.000000 1.813928
513.000000 1.691224
514.000000 1.565169
515.000000 1.402920
516.000000 1.206840
517.000000 1.063206
518.000000 0.901248
519.000000 0.811196
520.000000 0.752124
521.000000 0.676386
522.000000 0.623146
523.000000 0.583779
524.000000 0.523878
525.000000 0.495139
526.000000 0.434246
527.000000 0.375612
528.000000 0.340938
529.000000 0.298952
530.000000 0.261435
531.000000 0.240645
532.000000 0.203693
533.000000 0.194769
534.000000 0.186418
535.000000 0.170219
536.000000 0.167326
537.000000 0.164880
538.000000 0.160339
539.000000 0.172406
540.000000 0.170452
541.000000 0.175284
542.000000 0.187824
543.000000 0.194340
544.000000 0.205710
545.000000 0.219291
546.000000 0.224698
547.000000 0.241731
548.000000 0.254236
549.000000 0.264160
550.000000 0.279148
551.000000 0.290286
552.000000 0.301609
553.000000 0.317819
554.000000 0.326139
555.000000 0.338268
556.000000 0.350780
557.000000 0.359619
558.000000 0.371182
559.000000 0.381128
560.000000 0.387780
561.000000 0.398893
562.000000 0.406102
563.000000 0.412989
564.000000 0.421264
565.000000 0.426559
566.000000 0.432691
567.000000 0.439691
568.000000 0.443069
569.000000 0.448611
570.000000 0.453110
571.000000 0.456222
572.000000 0.460771
573.000000 0.463743
574.000000 0.465913
575.000000 0.469749
576.000000 0.471430
577.000000 0.473644
578.000000 0.476088
579.000000 0.477114
580.000000 0.479012
581.000000 0.480794
582.000000 0.481292
583.000000 0.482988
584.000000 0.483832
585.000000 0.484453
586.000000 0.485761
587.000000 0.486165
588.000000 0.486658
589.000000 0.487709
590.000000 0.487802
591.000000 0.488472
592.000000 0.489042
593.000000 0.489106
594.000000 0.489748
595.000000 0.490128
596.000000 0.490182
597.000000 0.490805
598.000000 0.490920
599.000000 0.491160
600.000000 0.491650
601.000000 0.491703
602.000000 0.491988
603.000000 0.492387
604.000000 0.492414
605.000000 0.492805
606.000000 0.493033
607.000000 0.493130
608.000000 0.493511
609.000000 0.493680
610.000000 0.493824
611.000000 0.494181
612.000000 0.494272
613.000000 0.494509
614.000000 0.494788
615.000000 0.494879
616.000000 0.495133
617.000000 0.495355
618.000000 0.495453
619.000000 0.495728
620.000000 0.495871
621.000000 0.496006
622.000000 0.496249
623.000000 0.496363
624.000000 0.496516
625.000000 0.496723
626.000000 0.496805
627.000000 0.496984
628.000000 0.497137
629.000000 0.497222
630.000000 0.497391
631.000000 0.497507
632.000000 0.497594
633.000000 0.497752
634.000000 0.497830
635.000000 0.497930
636.000000 0.498057
637.000000 0.498120
638.000000 0.498221
639.000000 0.498322
640.000000 0.498373
641.000000 0.498475
642.000000 0.498545
643.000000 0.498599
644.000000 0.498688
645.000000 0.498739
646.000000 0.498793
647.000000 0.498870
648.000000 0.498905
649.000000 0.498963
650.000000 0.499021
651.000000 0.499052
652.000000 0.499106
653.000000 0.499149
654.000000 0.499178
655.000000 0.499229
656.000000 0.499258
657.000000 0.499288
658.000000 0.499331
659.000000 0.499353
660.000000 0.499383
661.000000 0.499418
662.000000 0.499435
663.000000 0.499465
664.000000 0.499490
665.000000 0.499507
666.000000 0.499535
667.000000 0.499554
668.000000 0.499570
669.000000 0.499595
670.000000 0.499608
671.000000 0.499625
672.000000 0.499645
673.000000 0.499656
674.000000 0.499674
675.000000 0.499689
676.000000 0.499699
677.000000 0.499715
678.000000 0.499727
679.000000 0.499737
680.000000 0.499751
681.000000 0.499760
682.000000 0.499770
683.000000 0.499782
684.000000 0.499789
685.000000 0.499799
686.000000 0.499809
687.000000 0.499815
688.000000 0.499825
689.000000 0.499832
690.000000 0.499838
691.000000 0.499847
692.000000 0.499853
693.000000 0.499859
694.000000 0.499866
695.000000 0.499871
696.000000 0.499877
697.000000 0.499883
698.000000 0.499887
699.000000 0.499893
700.000000 0.499897
701.000000 0.499901
702.000000 0.499906
703.000000 0.499910
704.000000 0.499914
705.000000 0.499918
706.000000 0.499921
707.000000 0.499925
708.000000 0.499929
709.000000 0.499931
710.000000 0.499935
711.000000 0.499938
712.000000 0.499940
713.000000 0.499943
714.000000 0.499945
715.000000 0.499947
716.000000 0.499950
717.000000 0.499952
718.000000 0.499954
719.000000 0.499957
720.000000 0.499958
721.000000 0.499960
722.000000 0.499962
723.000000 0.499963
724.000000 0.499965
725.000000 0.499967
726.000000 0.499968
727.000000 0.499970
728.000000 0.499971
729.000000 0.499972
730.000000 0.499974
731.000000 0.499974
732.000000 0.499976
733.000000 0.499977
734.000000 0.499978
735.000000 0.499979
736.000000 0.499980
737.000000 0.499981
738.000000 0.499982
739.000000 0.499982
740.000000 0.499983
741.000000 0.499984
742.000000 0.499984
743.000000 0.499985
744.000000 0.499986
745.000000 0.499986
746.000000 0.499987
747.000000 0.499988
748.000000 0.499988
749.000000 0.499989
750.000000 0.499989
751.000000 0.499990
752.000000 0.499990
753.000000 0.499991
754.000000 0.499991
755.000000 0.499991
756.000000 0.499992
757.000000 0.499992
758.000000 0.499992
759.000000 0.499993
760.000000 0.499993
761.000000 0.499993
762.000000 0.499994
763.000000 0.499994
764.000000 0.499994
765.000000 0.499994
766.000000 0.499995
767.000000 0.499995
768.000000 0.499995
769.000000 0.499995
770.000000 0.499996
771.000000 0.499996
772.000000 0.499996
773.000000 0.499996
774.000000 0.499996
775.000000 0.499996
776.000000 0.499997
777.000000 0.499997
778.000000 0.499997
779.000000 0.499997
780.000000 0.499997
781.000000 0.499997
782.000000 0.499997
783.000000 0.499998
784.000000 0.499998
785.000000 0.499998
786.000000 0.499998
787.000000 0.499998
788.000000 0.499998
789.000000 0.499998
790.000000 0.499998
791.000000 0.499998
792.000000 0.499998
793.000000 0.499998
794.000000 0.499998
795.000000 0.499999
796.000000 0.499999
797.000000 0.499999
798.000000 0.499999
799.000000 0.499999
800.000000 1.499999
801.000000 2.351499
802.000000 3.071111
803.000000 3.673789
804.000000 3.756128
805.000000 3.878643
806.000000 3.174676
807.000000 2.767857
808.000000 2.607434
809.000000 2.348596
810.000000 2.476815
811.000000 2.596798
812.000000 2.619356
813.000000 3.043203
814.000000 3.039361
815.000000 2.922515
816.000000 2.834854
817.000000 2.472849
818.000000 2.213920
819.000000 1.990166
820.000000 1.513882
821.000000 1.320999
822.000000 1.111145
823.000000 0.869632
824.000000 0.791222
825.000000 0.600893
826.000000 0.423985
827.000000 0.414684
828.000000 0.237545
829.000000 0.137340
830.000000 0.069550
831.000000 -0.076928
832.000000 -0.107638
833.000000 -0.149251
834.000000 -0.267869
835.000000 -0.257266
836.000000 -0.302155
837.000000 -0.336654
838.000000 -0.307497
839.000000 -0.348091
840.000000 -0.350926
841.000000 -0.301784
842.000000 -0.323886
843.000000 -0.285873
844.000000 -0.256435
845.000000 -0.254686
846.000000 -0.194905
847.000000 -0.163017
848.000000 -0.149104
849.000000 -0.085290
850.000000 -0.062956
851.000000 -0.022571
852.000000 0.034142
853.000000 0.053817
854.000000 0.099808
855.000000 0.151269
856.000000 0.173273
857.000000 0.225829
858.000000 0.260351
859.000000 0.287671
860.000000 0.338037
861.000000 0.366144
862.000000 0.394420
863.000000 0.437660
864.000000 0.457697
865.000000 0.491398
866.000000 0.524465
867.000000 0.541283
868.000000 0.572621
869.000000 0.598161
870.000000 0.614107
871.000000 0.643451
872.000000 0.659461
873.000000 0.676343
874.000000 0.700739
875.000000 0.712700
876.000000 0.728905
877.000000 0.747700
878.000000 0.756202
879.000000 0.773082
880.000000 0.786020
881.000000 0.793614
882.000000 0.808275
883.000000 0.817353
884.000000 0.824894
885.000000 0.837542
886.000000 0.842908
887.000000 0.851022
888.000000 0.860734
889.000000 0.864893
890.000000 0.872716
891.000000 0.879716
892.000000 0.883114
893.000000 0.890879
894.000000 0.895412
895.000000 0.899024
896.000000 0.905563
897.000000 0.908707
898.000000 0.912627
899.000000 0.918016
900.000000 0.920060
901.000000 0.924326
902.000000 0.928296
903.000000 0.930230
904.000000 0.934315
905.000000 0.937130
906.000000 0.939080
907.000000 0.942930
908.000000 0.944807
909.000000 0.947039
910.000000 0.950185
911.000000 0.951631
912.000000 0.954024
913.000000 0.956521
914.000000 0.957694
915.000000 0.960150
916.000000 0.961960
917.000000 0.963211
918.000000 0.965453
919.000000 0.966764
920.000000 0.968089
921.000000 0.970064
922.000000 0.971016
923.000000 0.972452
924.000000 0.974001
925.000000 0.974822
926.000000 0.976257
927.000000 0.977442
928.000000 0.978200
929.000000 0.979561
930.000000 0.980415
931.000000 0.981224
932.000000 0.982392
933.000000 0.983032
934.000000 0.983861
935.000000 0.984825
936.000000 0.985331
937.000000 0.986167
938.000000 0.986892
939.000000 0.987362
940.000000 0.988143
941.000000 0.988682
942.000000 0.989138
943.000000 0.989829
944.000000 0.990221
945.000000 0.990695
946.000000 0.991256
947.000000 0.991566
948.000000 0.992032
949.000000 0.992470
950.000000 0.992737
951.000000 0.993180
952.000000 0.993500
953.000000 0.993761
954.000000 0.994151
955.000000 0.994388
956.000000 0.994647
957.000000 0.994973
958.000000 0.995154
959.000000 0.995414
960.000000 0.995667
961.000000 0.995821
962.000000 0.996067
963.000000 0.996258
964.000000 0.996402
965.000000 0.996623
966.000000 0.996763
967.000000 0.996907
968.000000 0.997093
969.000000 0.997200
970.000000 0.997343
971.000000 0.997492
972.000000 0.997580
973.000000 0.997718
974.000000 0.997830
975.000000 0.997912
976.000000 0.998037
977.000000 0.998121
978.000000 0.998201
979.000000 0.998309
980.000000 0.998372
981.000000 0.998453
982.000000 0.998539
983.000000 0.998592
984.000000 0.998669
985.000000 0.998736
986.000000 0.998783
987.000000 0.998855
988.000000 0.998905
989.000000 0.998951
990.000000 0.999013
991.000000 0.999052
992.000000 0.999097
993.000000 0.999148
994.000000 0.999179
995.000000 0.999223
996.000000 0.999263
997.000000 0.999290
998.000000 0.999331
999.000000 0.999362
1000.000000 0.999388
1001.000000 0.999424
1002.000000 0.999447
1003.000000 0.999473
1004.000000 0.999503
1005.000000 0.999522
1006.000000 0.999546
1007.000000 0.999570
1008.000000 0.999586
1009.000000 0.999610
1010.000000 0.999628
1011.000000 0.999643
1012.000000 0.999664
1013.000000 0.999678
1014.000000 0.999693
1015.000000 0.999710
1016.000000 0.999721
1017.000000 0.999735
1018.000000 0.999750
1019.000000 0.999759
1020.000000 0.999772
1021.000000 0.999783
1022.000000 0.999792
1023.000000 0.999804
1024.000000 0.999813
1025.000000 0.999821
1026.000000 0.999831
1027.000000 0.999838
1028.000000 0.999846
1029.000000 0.999854
1030.000000 0.999860
1031.000000 0.999867
1032.000000 0.999874
1033.000000 0.999879
1034.000000 0.999886
1035.000000 0.999891
1036.000000 0.999895
1037.000000 0.999901
1038.000000 0.999905
1039.000000 0.999910
1040.000000 0.999915
1041.000000 0.999918
1042.000000 0.999922
1043.000000 0.999926
1044.000000 0.999929
1045.000000 0.999933
1046.000000 0.999936
1047.000000 0.999939
1048.000000 0.999942
1049.000000 0.999945
1050.000000 0.999947
1051.000000 0.999950
1052.000000 0.999952
1053.000000 0.999955
1054.000000 0.999957
1055.000000 0.999959
1056.000000 0.999961
1057.000000 0.999963
1058.000000 0.999964
1059.000000 0.999966
1060.000000 0.999968
1061.000000 0.999969
1062.000000 0.999971
1063.000000 0.999972
1064.000000 0.999973
1065.000000 0.999975
1066.000000 0.999976
1067.000000 0.999977
1068.000000 0.999978
1069.000000 0.999979
1070.000000 0.999980
1071.000000 0.999981
1072.000000 0.999982
1073.000000 0.999983
1074.000000 0.999984
1075.000000 0.999984
1076.000000 0.999985
1077.000000 0.999986
1078.000000 0.999986
1079.000000 0.999987
1080.000000 0.999988
1081.000000 0.999988
1082.000000 0.999989
1083.000000 0.999989
1084.000000 0.999990
1085.000000 0.999990
1086.000000 0.999991
1087.000000 0.999991
1088.000000 0.999992
1089.000000 0.999992
1090.000000 0.999992
1091.000000 0.999993
1092.000000 0.999993
1093.000000 0.999993
1094.000000 0.999994
1095.000000 0.999994
1096.000000 0.999994
1097.000000 0.999995
1098.000000 0.999995
1099.000000 0.999995
1100.000000 1.199995
1101.000000 1.370296
1102.000000 1.514218
1103.000000 1.634754
1104.000000 1.651222
1105.000000 1.634040
1106.000000 1.588333
1107.000000 1.518636
1108.000000 1.497581
1109.000000 1.490577
1110.000000 1.501068
1111.000000 1.531752
1112.000000 1.541955
1113.000000 1.543756
1114.000000 1.532397
1115.000000 1.482352
1116.000000 1.425778
1117.000000 1.357204
1118.000000 1.280392
1119.000000 1.217409
1120.000000 1.153989
1121.000000 1.095451
1122.000000 1.054855
1123.000000 1.012238
1124.000000 0.977273
1125.000000 0.947771
1126.000000 0.913064
1127.000000 0.885933
1128.000000 0.861215
1129.000000 0.832607
1130.000000 0.812545
1131.000000 0.791966
1132.000000 0.773503
1133.000000 0.762561
1134.000000 0.749762
1135.000000 0.740033
1136.000000 0.735845
1137.000000 0.729451
1138.000000 0.727814
1139.000000 0.727709
1140.000000 0.726295
1141.000000 0.729626
1142.000000 0.733127
1143.000000 0.736077
1144.000000 0.742784
1145.000000 0.747905
1146.000000 0.754255
1147.000000 0.762742
1148.000000 0.769270
1149.000000 0.777262
1150.000000 0.786159
1151.000000 0.793422
1152.000000 0.802588
1153.000000 0.811054
1154.000000 0.818661
1155.000000 0.827791
1156.000000 0.835764
1157.000000 0.843429
1158.000000 0.851973
1159.000000 0.858977
1160.000000 0.866449
1161.000000 0.874016
1162.000000 0.880276
1163.000000 0.887095
1164.000000 0.893512
1165.000000 0.899038
1166.000000 0.905191
1167.000000 0.910438
1168.000000 0.915313
1169.000000 0.920549
1170.000000 0.924873
1171.000000 0.929155
1172.000000 0.933487
1173.000000 0.936967
1174.000000 0.940715
1175.000000 0.944191
1176.000000 0.947089
1177.000000 0.950251
1178.000000 0.952987
1179.000000 0.955424
1180.000000 0.958084
1181.000000 0.960207
1182.000000 0.962294
1183.000000 0.964441
1184.000000 0.966141
1185.000000 0.967938
1186.000000 0.969647
1187.000000 0.971018
1188.000000 0.972571
1189.000000 0.973913
1190.000000 0.975083
1191.000000 0.976388
1192.000000 0.977448
1193.000000 0.978470
1194.000000 0.979567
1195.000000 0.980416
1196.000000 0.981329
1197.000000 0.982224
1198.000000 0.982943
1199.000000 0.983757
1200.000000 0.984487
1201.000000 0.985112
1202.000000 0.985834
1203.000000 0.986431
1204.000000 0.987002
1205.000000 0.987625
1206.000000 0.624916
1207.000000 0.540664
1208.000000 0.458883
1209.000000 0.379256
1210.000000 0.453159
1211.000000 0.463252
1212.000000 0.485365
1213.000000 0.740368
1214.000000 0.769387
1215.000000 0.842089
1216.000000 0.910253
1217.000000 0.879379
1218.000000 0.933496
1219.000000 0.967764
1220.000000 0.869192
1221.000000 0.922258
1222.000000 0.912367
1223.000000 0.910476
1224.000000 0.962469
1225.000000 0.936868
1226.000000 0.935401
1227.000000 1.003695
1228.000000 0.971760
1229.000000 0.997037
1230.000000 1.005290
1231.000000 0.982309
1232.000000 1.016219
1233.000000 1.021858
1234.000000 0.991674
1235.000000 1.023478
1236.000000 1.007455
1237.000000 1.010459
1238.000000 1.028428
1239.000000 1.005786
1240.000000 1.008426
1241.000000 1.025529
1242.000000 1.004318
1243.000000 1.018560
1244.000000 1.013429
1245.000000 1.002184
1246.000000 1.017589
1247.000000 1.011629
1248.000000 1.002067
1249.000000 1.014660
1250.000000 1.001869
1251.000000 1.006044
1252.000000 1.010831
1253.000000 0.998817
1254.000000 1.003410
1255.000000 1.006219
1256.000000 0.997067
1257.000000 1.005296
1258.000000 0.999778
1259.000000 0.996563
1260.000000 1.003408
1261.000000 0.998134
1262.000000 0.996889
1263.000000 1.001507
1264.000000 0.994848
1265.000000 0.998860
1266.000000 0.999509
1267.000000 0.994708
1268.000000 0.998475
1269.000000 0.997900
1270.000000 0.995134
1271.000000 0.999459
1272.000000 0.995996
1273.000000 0.996134
1274.000000 0.998939
1275.000000 0.996050
1276.000000 0.997117
1277.000000 0.998486
1278.000000 0.995700
1279.000000 0.998440
1280.000000 0.997944
1281.000000 0.996490
1282.000000 0.998684
1283.000000 0.997680
1284.000000 0.997307
1285.000000 0.999209
1286.000000 0.997360
1287.000000 0.998200
1288.000000 0.999080
1289.000000 0.997757
1290.000000 0.998850
1291.000000 0.998975
1292.000000 0.997993
1293.000000 0.999459
1294.000000 0.998819
1295.000000 0.998576
1296.000000 0.999564
1297.000000 0.998817
1298.000000 0.999055
1299.000000 0.999703
1300.000000 0.998813
1301.000000 0.999483
1302.000000 0.999589
1303.000000 0.999071
1304.000000 0.999728
1305.000000 1.098977
1306.000000 1.052379
1307.000000 1.002008
1308.000000 0.948028
1309.000000 0.767756
1310.000000 0.676233
1311.000000 0.590386
1312.000000 0.578888
1313.000000 0.665680
1314.000000 0.745380
1315.000000 0.852595
1316.000000 1.007679
1317.000000 1.104952
1318.000000 1.219841
1319.000000 1.290018
1320.000000 1.321097
1321.000000 1.374755
1322.000000 1.410104
1323.000000 1.423608
1324.000000 1.467064
1325.000000 1.482722
1326.000000 1.518884
1327.000000 1.563778
1328.000000 1.582469
1329.000000 1.609710
1330.000000 1.640423
1331.000000 1.649357
1332.000000 1.675908
1333.000000 1.683249
1334.000000 1.684600
1335.000000 1.699020
1336.000000 1.700901
1337.000000 1.699614
1338.000000 1.706581
1339.000000 1.696984
1340.000000 1.698319
1341.000000 1.698234
1342.000000 1.687661
1343.000000 1.684558
1344.000000 1.679253
1345.000000 1.668356
1346.000000 1.667129
1347.000000 1.656330
1348.000000 1.647110
1349.000000 1.643188
1350.000000 1.633062
1351.000000 1.625531
1352.000000 1.620266
1353.000000 1.608725
1354.000000 1.604186
1355.000000 1.597591
1356.000000 1.588458
1357.000000 1.583935
1358.000000 1.577066
1359.000000 1.569969
1360.000000 1.567100
1361.000000 1.559734
1362.000000 1.554964
1363.000000 1.551745
1364.000000 1.545978
1365.000000 1.542836
1366.000000 1.539712
1367.000000 1.534644
1368.000000 1.533156
1369.000000 1.529942
1370.000000 1.526643
1371.000000 1.525369
1372.000000 1.522475
1373.000000 1.520411
1374.000000 1.519704
1375.000000 1.516981
1376.000000 1.516027
1377.000000 1.515085
1378.000000 1.513228
1379.000000 1.512853
1380.000000 1.511881
1381.000000 1.510481
1382.000000 1.510566
1383.000000 1.509499
1384.000000 1.508838
1385.000000 1.508798
1386.000000 1.507858
1387.000000 1.507619
1388.000000 1.507583
1389.000000 1.506732
1390.000000 1.506813
1391.000000 1.506534
1392.000000 1.506025
1393.000000 1.506173
1394.000000 1.505797
1395.000000 1.505464
1396.000000 1.505634
1397.000000 1.505182
1398.000000 1.505101
1399.000000 1.505101
1400.000000 1.504703
1401.000000 1.504727
1402.000000 1.504640
1403.000000 1.504296
1404.000000 1.504378
1405.000000 1.504158
1406.000000 1.503959
1407.000000 1.504002
1408.000000 1.503741
1409.000000 1.503618
1410.000000 1.503617
1411.000000 1.503344
1412.000000 1.503311
1413.000000 1.503217
1414.000000 1.502993
1415.000000 1.502984
1416.000000 1.502846
1417.000000 1.502670
1418.000000 1.502666
1419.000000 1.502486
1420.000000 1.502384
1421.000000 1.502348
1422.000000 1.502173
1423.000000 1.502110
1424.000000 1.502049
1425.000000 1.501892
1426.000000 1.501864
1427.000000 1.501767
1428.000000 1.501651
1429.000000 1.501628
1430.000000 1.501522
1431.000000 1.501439
1432.000000 1.501413
1433.000000 1.501303
1434.000000 1.501257
1435.000000 1.501215
1436.000000 1.501121
1437.000000 1.501093
1438.000000 1.501041
1439.000000 1.500966
1440.000000 1.500950
1441.000000 1.500888
1442.000000 1.500838
1443.000000 1.500820
1444.000000 1.500760
1445.000000 1.500728
1446.000000 1.500706
1447.000000 1.500651
1448.000000 1.500635
1449.000000 1.500606
1450.000000 1.500563
1451.000000 1.500552
1452.000000 1.500520
1453.000000 1.500489
1454.000000 1.500480
1455.000000 1.500447
1456.000000 1.500428
1457.000000 1.500416
1458.000000 1.500386
1459.000000 1.500375
1460.000000 1.500360
1461.000000 1.500335
1462.000000 1.500329
1463.000000 1.500311
1464.000000 1.500293
1465.000000 1.500288
1466.000000 1.500270
1467.000000 1.500258
1468.000000 1.500252
1469.000000 1.500234
1470.000000 1.500227
1471.000000 1.500219
1472.000000 1.500205
1473.000000 1.500200
1474.000000 1.500191
1475.000000 1.500179
1476.000000 1.500176
1477.000000 1.500166
1478.000000 1.500158
1479.000000 1.500154
1480.000000 1.500144
1481.000000 1.500139
1482.000000 1.500135
1483.000000 1.500126
1484.000000 1.500123
1485.000000 1.500117
1486.000000 1.500111
1487.000000 1.500108
1488.000000 1.500102
1489.000000 1.500097
1490.000000 1.500095
1491.000000 1.500089
1492.000000 1.500086
1493.000000 1.500083
1494.000000 1.500078
1495.000000 1.500075
1496.000000 1.500072
1497.000000 1.500068
1498.000000 1.500066
1499.000000 1.500063
1500.000000 1.500060
1501.000000 1.500058
1502.000000 1.500055
1503.000000 1.500052
1504.000000 1.500051
1505.000000 1.500048
1506.000000 1.500046
1507.000000 1.500044
1508.000000 1.500041
1509.000000 1.500040
1510.000000 1.500038
1511.000000 1.500036
1512.000000 1.500035
1513.000000 1.500033
1514.000000 1.500032
1515.000000 1.500031
1516.000000 1.500029
1517.000000 1.500028
1518.000000 1.500027
1519.000000 1.500025
1520.000000 1.500025
1521.000000 1.500023
1522.000000 1.500022
1523.000000 1.500021
1524.000000 1.500020
1525.000000 1.500019
1526.000000 1.500019
1527.000000 1.500018
1528.000000 1.500017
1529.000000 1.500016
1530.000000 1.500015
1531.000000 1.500015
1532.000000 1.500014
1533.000000 1.500013
1534.000000 1.500013
1535.000000 1.500012
1536.000000 1.500012
1537.000000 1.500011
1538.000000 1.500011
1539.000000 1.500010
1540.000000 1.500010
1541.000000 1.500009
1542.000000 1.500009
1543.000000 1.500009
1544.000000 1.500008
1545.000000 1.500008
1546.000000 1.500008
1547.000000 1.500007
1548.000000 1.500007
1549.000000 1.500007
1550.000000 1.500006
1551.000000 1.500006
1552.000000 1.500006
1553.000000 1.500006
1554.000000 1.500005
1555.000000 1.500005
1556.000000 1.500005
1557.000000 1.500005
1558.000000 1.500004
1559.000000 1.500004
1560.000000 1.500004
1561.000000 1.500004
1562.000000 1.500004
1563.000000 1.500004
1564.000000 1.500003
1565.000000 1.500003
1566.000000 1.500003
1567.000000 1.500003
1568.000000 1.500003
1569.000000 1.500003
1570.000000 1.500003
1571.000000 1.500002
1572.000000 1.500002
1573.000000 1.500002
1574.000000 1.500002
1575.000000 1.500002
1576.000000 1.500002
1577.000000 1.500002
1578.000000 1.500002
1579.000000 1.500002
1580.000000 1.500002
1581.000000 1.500002
1582.000000 1.500002
1583.000000 1.500001
1584.000000 1.500001
1585.000000 1.500001
1586.000000 1.500001
1587.000000 1.500001
1588.000000 1.500001
1589.000000 1.500001
1590.000000 1.500001
1591.000000 1.500001
1592.000000 1.500001
1593.000000 1.500001
1594.000000 1.500001
1595.000000 1.500001
1596.000000 1.500001
1597.000000 1.500001
1598.000000 1.500001
1599.000000 1.500001
1600.000000 1.500001
