1.000000 0.000000
2.000000 0.000000
3.000000 0.000000
4.000000 0.000000
5.000000 0.000000
6.000000 0.000000
7.000000 0.000000
8.000000 0.000000
9.000000 -0.000071
10.000000 -0.000016
11.000000 -0.000196
12.000000 -0.000716
13.000000 -0.001113
14.000000 -0.001505
15.000000 0.998053
16.000000 0.997675
17.000000 0.997460
18.000000 0.997742
19.000000 0.581072
20.000000 0.079614
21.000000 -0.142702
22.000000 -0.361722
23.000000 -0.234512
24.000000 -0.092655
25.000000 0.012658
26.000000 0.156388
27.000000 0.344880
28.000000 0.354075
29.000000 0.377149
30.000000 0.258427
31.000000 0.172623
32.000000 0.137873
33.000000 0.091713
34.000000 0.015642
35.000000 0.027874
36.000000 0.001434
37.000000 0.049977
38.000000 0.064186
39.000000 0.046416
40.000000 0.046529
41.000000 0.066319
42.000000 0.045395
43.000000 0.060392
44.000000 0.027864
45.000000 0.022494
46.000000 0.034046
47.000000 0.029789
48.000000 0.017844
49.000000 0.025846
50.000000 0.009065
51.000000 0.025491
52.000000 0.021928
53.000000 0.010536
54.000000 0.011618
55.000000 0.014032
56.000000 0.007601
57.000000 0.017265
58.000000 0.004267
59.000000 0.006315
60.000000 0.011080
61.000000 0.007688
62.000000 0.006047
63.000000 0.007869
64.000000 -0.000082
65.000000 0.007623
66.000000 0.004086
67.000000 0.000221
68.000000 0.001811
69.000000 0.000977
70.000000 -0.000324
71.000000 0.004013
72.000000 -0.001449
73.000000 0.001432
74.000000 0.002981
75.000000 0.001541
76.000000 0.002550
77.000000 0.002550
78.000000 -0.000335
79.000000 0.003200
80.000000 0.000799
81.000000 -0.000320
82.000000 0.000348
83.000000 -0.000897
84.000000 -0.001077
85.000000 0.000166
86.000000 -0.002400
87.000000 -0.000332
88.000000 0.000099
89.000000 -0.000205
90.000000 0.001029
91.000000 0.000944
92.000000 0.000260
93.000000 0.001918
94.000000 0.000663
95.000000 0.000788
96.000000 0.001425
97.000000 0.001097
98.000000 0.002013
99.000000 0.002944
100.000000 0.002698
101.000000 0.004163
102.000000 0.003451
103.000000 0.002913
104.000000 0.002840
105.000000 0.002275
106.000000 0.002175
107.000000 0.002842
108.000000 0.002121
109.000000 0.002342
110.000000 0.002329
111.000000 0.001964
112.000000 0.002363
113.000000 0.002583
114.000000 0.002123
115.000000 0.002674
116.000000 0.002315
117.000000 0.001975
118.000000 0.001802
119.000000 0.001138
120.000000 0.000610
121.000000 0.000144
122.000000 -0.000796
123.000000 -0.001000
124.000000 -0.001406
125.000000 -0.002075
126.000000 -0.002156
127.000000 -0.002315
128.000000 -0.002551
129.000000 -0.002290
130.000000 -0.002346
131.000000 -0.002035
132.000000 -0.001494
133.000000 -0.001222
134.000000 -0.000589
135.000000 -0.000329
136.000000 -0.000533
137.000000 -0.000546
138.000000 -0.000636
139.000000 -0.000737
140.000000 -0.000542
141.000000 -0.000314
142.000000 -0.000008
143.000000 0.000130
144.000000 0.000226
145.000000 0.000100
146.000000 -0.000289
147.000000 -0.000672
148.000000 -0.000587
149.000000 -0.000556
150.000000 -0.000562
151.000000 -0.000588
152.000000 -0.000426
153.000000 -0.000394
154.000000 -0.000032
155.000000 0.000098
156.000000 0.000304
157.000000 0.000667
158.000000 0.000763
159.000000 0.001042
160.000000 0.001701
161.000000 0.002301
162.000000 0.003198
163.000000 0.003754
164.000000 0.003943
165.000000 0.003759
166.000000 0.003262
167.000000 0.003069
168.000000 0.003292
169.000000 0.003379
170.000000 0.003778
171.000000 0.003804
172.000000 0.003859
173.000000 0.003976
174.000000 0.003635
175.000000 0.003358
176.000000 0.002868
177.000000 0.002314
178.000000 0.001931
179.000000 0.001746
180.000000 0.001899
181.000000 0.001843
182.000000 0.001669
183.000000 0.001989
184.000000 0.002484
185.000000 0.002615
186.000000 0.002572
187.000000 0.002289
188.000000 0.002212
189.000000 0.002092
190.000000 0.002096
191.000000 0.002184
192.000000 0.002312
193.000000 0.002477
194.000000 0.002637
195.000000 0.002622
196.000000 0.002864
197.000000 0.002974
198.000000 0.003219
199.000000 0.003573
200.000000 0.003717
201.000000 0.004197
202.000000 0.004399
203.000000 0.004183
204.000000 0.004220
205.000000 0.004210
206.000000 0.004030
207.000000 0.003774
208.000000 0.003616
209.000000 0.003619
210.000000 0.003493
211.000000 0.003118
212.000000 0.002882
213.000000 0.002395
214.000000 0.001823
215.000000 0.001377
216.000000 0.001514
217.000000 0.001510
218.000000 0.001543
219.000000 0.001452
220.000000 0.001537
221.000000 0.001465
222.000000 0.001120
223.000000 0.000513
224.000000 -0.000167
225.000000 -0.001130
226.000000 -0.001586
227.000000 -0.001961
228.000000 -0.002362
229.000000 -0.002080
230.000000 -0.001877
231.000000 -0.001877
232.000000 -0.001765
233.000000 -0.002176
234.000000 -0.002346
235.000000 -0.002362
236.000000 -0.002892
237.000000 -0.002997
238.000000 -0.002731
239.000000 -0.002705
240.000000 -0.002407
241.000000 -0.002415
242.000000 -0.002630
243.000000 -0.002879
244.000000 -0.003480
245.000000 -0.004100
246.000000 -0.004413
247.000000 -0.004411
248.000000 -0.003973
249.000000 -0.003404
250.000000 -0.003119
251.000000 -0.002894
252.000000 -0.002690
253.000000 -0.003034
254.000000 -0.003453
255.000000 -0.004056
256.000000 -0.004381
257.000000 -0.004231
258.000000 -0.004230
259.000000 -0.003873
260.000000 -0.003453
261.000000 -0.003178
262.000000 -0.002590
263.000000 -0.002486
264.000000 -0.002546
265.000000 -0.002260
266.000000 -0.002013
267.000000 -0.001775
268.000000 -0.001285
269.000000 -0.000860
270.000000 0.000003
271.000000 0.000963
272.000000 0.001742
273.000000 0.002488
274.000000 0.003267
275.000000 0.003878
276.000000 0.004195
277.000000 0.003827
278.000000 0.003358
279.000000 0.002915
280.000000 0.002409
281.000000 0.002330
282.000000 0.002391
283.000000 0.002659
284.000000 0.003185
285.000000 0.003446
286.000000 0.003331
287.000000 0.003147
288.000000 0.002442
289.000000 0.001633
290.000000 0.000901
291.000000 0.000064
292.000000 -0.000326
293.000000 -0.000344
294.000000 -0.000310
295.000000 0.000229
296.000000 0.000924
297.000000 0.001390
298.000000 0.002147
299.000000 0.002484
300.000000 0.002625
301.000000 0.002555
302.000000 0.001863
303.000000 0.001235
304.000000 0.000541
305.000000 -0.000320
306.000000 -0.000724
307.000000 -0.001527
308.000000 -0.002131
309.000000 -0.002541
310.000000 -0.003056
311.000000 -0.003307
312.000000 -0.003555
313.000000 -0.003758
314.000000 -0.003921
315.000000 -0.004014
316.000000 -0.003870
317.000000 -0.003690
318.000000 -0.003444
319.000000 -0.003285
320.000000 -0.003353
321.000000 -0.003601
322.000000 -0.003459
323.000000 -0.003322
324.000000 -0.003164
325.000000 -0.003209
326.000000 -0.003196
327.000000 -0.003320
328.000000 -0.003253
329.000000 -0.003033
330.000000 -0.002595
331.000000 -0.002026
332.000000 -0.001752
333.000000 -0.001131
334.000000 -0.000836
335.000000 -0.000836
336.000000 -0.001048
337.000000 -0.001650
338.000000 -0.002030
339.000000 -0.002320
340.000000 -0.002294
341.000000 -0.001912
342.000000 -0.001514
343.000000 -0.001001
344.000000 -0.000636
345.000000 -0.000513
346.000000 -0.000600
347.000000 -0.000921
348.000000 -0.001358
349.000000 -0.001556
350.000000 -0.001611
351.000000 -0.001231
352.000000 -0.000432
353.000000 0.000437
354.000000 0.001343
355.000000 0.002176
356.000000 0.002718
357.000000 0.003378
358.000000 0.003570
359.000000 0.003735
360.000000 0.003959
361.000000 0.003962
362.000000 0.004111
363.000000 0.004493
364.000000 0.004704
365.000000 0.004842
366.000000 0.004847
367.000000 0.004752
368.000000 0.004341
369.000000 0.003921
370.000000 0.003765
371.000000 0.003527
372.000000 0.002743
373.000000 0.002026
374.000000 0.001232
375.000000 0.000466
376.000000 -0.000451
377.000000 -0.001318
378.000000 -0.001815
379.000000 -0.001874
380.000000 -0.001712
381.000000 -0.001465
382.000000 -0.001558
383.000000 -0.001513
384.000000 -0.001829
385.000000 -0.002585
386.000000 -0.003272
387.000000 -0.004098
388.000000 -0.004621
389.000000 -0.004567
390.000000 -0.004449
391.000000 -0.003999
392.000000 -0.003608
393.000000 -0.003627
394.000000 -0.003812
395.000000 -0.004117
396.000000 -0.004569
397.000000 -0.004456
398.000000 -0.004077
399.000000 -0.003552
400.000000 -0.003201
401.000000 -0.003117
402.000000 -0.003209
403.000000 -0.003019
404.000000 -0.003482
405.000000 -0.003749
406.000000 -0.730350
407.000000 -0.900207
408.000000 -1.064934
409.000000 -1.225059
410.000000 -1.078045
411.000000 -1.058418
412.000000 -1.014756
413.000000 -0.505287
414.000000 -0.447919
415.000000 -0.302940
416.000000 -0.167110
417.000000 -0.229021
418.000000 -0.120545
419.000000 -0.051772
420.000000 -0.248895
421.000000 -0.143179
422.000000 -0.164161
423.000000 -0.169241
424.000000 -0.066381
425.000000 -0.118300
426.000000 -0.121786
427.000000 0.014687
428.000000 -0.049017
429.000000 0.001749
430.000000 0.018599
431.000000 -0.027035
432.000000 0.041115
433.000000 0.052473
434.000000 -0.008006
435.000000 0.055560
436.000000 0.023018
437.000000 0.028655
438.000000 0.064137
439.000000 0.018505
440.000000 0.023755
441.000000 0.057942
442.000000 0.015387
443.000000 0.043642
444.000000 0.033115
445.000000 0.010513
446.000000 0.041327
447.000000 0.029572
448.000000 0.010633
449.000000 0.035831
450.000000 0.010118
451.000000 0.018413
452.000000 0.027590
453.000000 0.003579
454.000000 0.012808
455.000000 0.018277
456.000000 -0.000030
457.000000 0.016269
458.000000 0.005103
459.000000 -0.001487
460.000000 0.011913
461.000000 0.001220
462.000000 -0.001685
463.000000 0.007049
464.000000 -0.006832
465.000000 0.000377
466.000000 0.001126
467.000000 -0.008688
468.000000 -0.001344
469.000000 -0.002272
470.000000 -0.007687
471.000000 0.000973
472.000000 -0.005778
473.000000 -0.005480
474.000000 0.000061
475.000000 -0.005759
476.000000 -0.003592
477.000000 -0.000728
478.000000 -0.006214
479.000000 -0.000507
480.000000 -0.001483
481.000000 -0.004392
482.000000 -0.000216
483.000000 -0.002973
484.000000 -0.004326
485.000000 -0.000921
486.000000 -0.005325
487.000000 -0.004126
488.000000 -0.002542
489.000000 -0.005499
490.000000 -0.003233
491.000000 -0.002774
492.000000 -0.004718
493.000000 -0.001653
494.000000 -0.002777
495.000000 -0.003497
496.000000 -0.001670
497.000000 -0.003119
498.000000 -0.002520
499.000000 -0.001184
500.000000 -0.003215
501.000000 -0.502266
502.000000 -0.502361
503.000000 -0.503729
504.000000 -0.502510
505.000000 -0.294341
506.000000 -0.224915
507.000000 -0.154242
508.000000 -0.086328
509.000000 -0.189770
510.000000 -0.223386
511.000000 -0.272371
512.000000 -0.333186
513.000000 -0.300527
514.000000 -0.291531
515.000000 -0.265769
516.000000 -0.172304
517.000000 -0.144661
518.000000 -0.099294
519.000000 -0.059227
520.000000 -0.070023
521.000000 -0.048886
522.000000 -0.040987
523.000000 -0.065949
524.000000 -0.047147
525.000000 -0.051495
526.000000 -0.051968
527.000000 -0.027780
528.000000 -0.033191
529.000000 -0.027676
530.000000 -0.007505
531.000000 -0.016161
532.000000 -0.005325
533.000000 -0.001094
534.000000 -0.010579
535.000000 0.001114
536.000000 0.001110
537.000000 -0.005392
538.000000 0.005565
539.000000 0.000003
540.000000 0.001248
541.000000 0.008725
542.000000 0.001363
543.000000 0.003646
544.000000 0.007356
545.000000 0.000507
546.000000 0.005586
547.000000 0.004382
548.000000 0.000424
549.000000 0.005947
550.000000 0.003586
551.000000 0.001944
552.000000 0.005752
553.000000 0.000806
554.000000 0.001262
555.000000 0.001767
556.000000 -0.003543
557.000000 -0.002417
558.000000 -0.002810
559.000000 -0.005402
560.000000 -0.002068
561.000000 -0.003394
562.000000 -0.003913
563.000000 -0.001211
564.000000 -0.002950
565.000000 -0.002291
566.000000 -0.000472
567.000000 -0.002419
568.000000 -0.001172
569.000000 -0.001509
570.000000 -0.003614
571.000000 -0.002649
572.000000 -0.003634
573.000000 -0.004496
574.000000 -0.003009
575.000000 -0.003727
576.000000 -0.002870
577.000000 -0.001338
578.000000 -0.001831
579.000000 -0.000490
580.000000 0.000219
581.000000 -0.000316
582.000000 0.000663
583.000000 0.000463
584.000000 0.000286
585.000000 0.001080
586.000000 0.000673
587.000000 0.000958
588.000000 0.001820
589.000000 0.001585
590.000000 0.002108
591.000000 0.002218
592.000000 0.001667
593.000000 0.001770
594.000000 0.001009
595.000000 0.000273
596.000000 0.000195
597.000000 -0.000498
598.000000 -0.000188
599.000000 0.000678
600.000000 0.000866
601.000000 0.001272
602.000000 0.001171
603.000000 0.000558
604.000000 0.000459
605.000000 0.000449
606.000000 0.000720
607.000000 0.001531
608.000000 0.001491
609.000000 0.001505
610.000000 0.001631
611.000000 0.000878
612.000000 0.000413
613.000000 0.000015
614.000000 -0.000380
615.000000 -0.000217
616.000000 -0.000101
617.000000 0.000026
618.000000 -0.000016
619.000000 -0.000472
620.000000 -0.000947
621.000000 -0.001145
622.000000 -0.001718
623.000000 -0.001593
624.000000 -0.001412
625.000000 -0.000944
626.000000 -0.000183
627.000000 0.000483
628.000000 0.001275
629.000000 0.002278
630.000000 0.002797
631.000000 0.003211
632.000000 0.003295
633.000000 0.003030
634.000000 0.002772
635.000000 0.002272
636.000000 0.001698
637.000000 0.001475
638.000000 0.001324
639.000000 0.001015
640.000000 0.000892
641.000000 0.000900
642.000000 0.000747
643.000000 0.000661
644.000000 0.000617
645.000000 0.000889
646.000000 0.000755
647.000000 0.000388
648.000000 -0.000166
649.000000 -0.000621
650.000000 -0.000975
651.000000 -0.001221
652.000000 -0.001424
653.000000 -0.001670
654.000000 -0.001810
655.000000 -0.001991
656.000000 -0.002289
657.000000 -0.002455
658.000000 -0.002748
659.000000 -0.003056
660.000000 -0.003275
661.000000 -0.003934
662.000000 -0.004116
663.000000 -0.004316
664.000000 -0.004289
665.000000 -0.004147
666.000000 -0.003513
667.000000 -0.003154
668.000000 -0.002728
669.000000 -0.002239
670.000000 -0.001974
671.000000 -0.001664
672.000000 -0.001600
673.000000 -0.001678
674.000000 -0.001671
675.000000 -0.001805
676.000000 -0.001466
677.000000 -0.001069
678.000000 -0.000693
679.000000 -0.000355
680.000000 -0.000166
681.000000 -0.000061
682.000000 -0.000039
683.000000 -0.000439
684.000000 -0.000806
685.000000 -0.000839
686.000000 -0.000717
687.000000 -0.000210
688.000000 -0.000037
689.000000 0.000121
690.000000 0.000424
691.000000 0.000251
692.000000 0.000296
693.000000 0.000340
694.000000 0.000318
695.000000 0.000382
696.000000 0.000349
697.000000 0.000212
698.000000 -0.000035
699.000000 -0.000731
700.000000 -0.001234
701.000000 -0.001803
702.000000 -0.002154
703.000000 -0.002502
704.000000 -0.003093
705.000000 -0.003348
706.000000 -0.003670
707.000000 -0.003928
708.000000 -0.003881
709.000000 -0.003842
710.000000 -0.003638
711.000000 -0.003332
712.000000 -0.002819
713.000000 -0.002046
714.000000 -0.001242
715.000000 -0.000919
716.000000 -0.000679
717.000000 -0.000942
718.000000 -0.001319
719.000000 -0.001490
720.000000 -0.001669
721.000000 -0.001648
722.000000 -0.001176
723.000000 -0.000588
724.000000 0.000097
725.000000 0.000494
726.000000 0.000280
727.000000 0.000115
728.000000 -0.000205
729.000000 -0.000343
730.000000 -0.000381
731.000000 -0.000462
732.000000 -0.000336
733.000000 -0.000331
734.000000 -0.000069
735.000000 0.000454
736.000000 0.001008
737.000000 0.001647
738.000000 0.001921
739.000000 0.002109
740.000000 0.002396
741.000000 0.002274
742.000000 0.002215
743.000000 0.002414
744.000000 0.002587
745.000000 0.002809
746.000000 0.003169
747.000000 0.003483
748.000000 0.004013
749.000000 0.004161
750.000000 0.004407
751.000000 0.004766
752.000000 0.004831
753.000000 0.005062
754.000000 0.005073
755.000000 0.004982
756.000000 0.004502
757.000000 0.003930
758.000000 0.003513
759.000000 0.003227
760.000000 0.002998
761.000000 0.003078
762.000000 0.003128
763.000000 0.002659
764.000000 0.002302
765.000000 0.001798
766.000000 0.001159
767.000000 0.000571
768.000000 -0.000114
769.000000 -0.000715
770.000000 -0.001027
771.000000 -0.001384
772.000000 -0.001656
773.000000 -0.001983
774.000000 -0.002474
775.000000 -0.002541
776.000000 -0.002738
777.000000 -0.002658
778.000000 -0.002216
779.000000 -0.001889
780.000000 -0.001320
781.000000 -0.001186
782.000000 -0.001369
783.000000 -0.001540
784.000000 -0.002030
785.000000 -0.002625
786.000000 -0.003065
787.000000 -0.003419
788.000000 -0.003540
789.000000 -0.003325
790.000000 -0.003025
791.000000 -0.002392
792.000000 -0.001410
793.000000 -0.000800
794.000000 -0.000468
795.000000 -0.000119
796.000000 -0.000342
797.000000 -0.000377
798.000000 -0.000465
799.000000 -0.000419
800.000000 -0.000218
801.000000 0.500210
802.000000 0.500645
803.000000 0.500990
804.000000 0.501482
805.000000 0.293446
806.000000 0.769318
807.000000 0.827801
808.000000 0.882652
809.000000 1.106259
810.000000 1.030092
811.000000 1.063120
812.000000 1.091144
813.000000 0.676032
814.000000 0.622892
815.000000 0.489345
816.000000 0.293964
817.000000 0.312616
818.000000 0.186902
819.000000 0.095218
820.000000 0.253320
821.000000 0.152883
822.000000 0.159126
823.000000 0.187072
824.000000 0.090861
825.000000 0.134161
826.000000 0.137826
827.000000 0.012458
828.000000 0.066834
829.000000 0.024847
830.000000 -0.006849
831.000000 0.037292
832.000000 -0.023807
833.000000 -0.036632
834.000000 0.017598
835.000000 -0.042152
836.000000 -0.018624
837.000000 -0.016218
838.000000 -0.053640
839.000000 -0.013668
840.000000 -0.018055
841.000000 -0.050581
842.000000 -0.011366
843.000000 -0.034980
844.000000 -0.031149
845.000000 -0.007643
846.000000 -0.035603
847.000000 -0.024691
848.000000 -0.005665
849.000000 -0.029157
850.000000 -0.006880
851.000000 -0.010933
852.000000 -0.021954
853.000000 0.000507
854.000000 -0.007540
855.000000 -0.013542
856.000000 0.004311
857.000000 -0.009942
858.000000 -0.001409
859.000000 0.006729
860.000000 -0.005784
861.000000 0.004420
862.000000 0.007638
863.000000 -0.001022
864.000000 0.011041
865.000000 0.004826
866.000000 0.002387
867.000000 0.011682
868.000000 0.004851
869.000000 0.005454
870.000000 0.011078
871.000000 0.003184
872.000000 0.008819
873.000000 0.009873
874.000000 0.004478
875.000000 0.010041
876.000000 0.008346
877.000000 0.005028
878.000000 0.009771
879.000000 0.004944
880.000000 0.005250
881.000000 0.008497
882.000000 0.004441
883.000000 0.006137
884.000000 0.007236
885.000000 0.003313
886.000000 0.006136
887.000000 0.004600
888.000000 0.002506
889.000000 0.004779
890.000000 0.002477
891.000000 0.001713
892.000000 0.003482
893.000000 0.000791
894.000000 0.001615
895.000000 0.002369
896.000000 0.000524
897.000000 0.002094
898.000000 0.002160
899.000000 0.001175
900.000000 0.003625
901.000000 0.003244
902.000000 0.003004
903.000000 0.004094
904.000000 0.002576
905.000000 0.002445
906.000000 0.002552
907.000000 0.000881
908.000000 0.001280
909.000000 0.001032
910.000000 0.000346
911.000000 0.001288
912.000000 0.000776
913.000000 0.000293
914.000000 0.001144
915.000000 0.000320
916.000000 0.000545
917.000000 0.000704
918.000000 -0.000243
919.000000 0.000128
920.000000 0.000429
921.000000 0.000090
922.000000 0.001114
923.000000 0.001281
924.000000 0.001719
925.000000 0.002696
926.000000 0.002271
927.000000 0.002214
928.000000 0.002117
929.000000 0.000855
930.000000 0.000427
931.000000 -0.000245
932.000000 -0.000644
933.000000 -0.000039
934.000000 -0.000079
935.000000 -0.000055
936.000000 0.000326
937.000000 0.000364
938.000000 0.000353
939.000000 0.000307
940.000000 -0.000314
941.000000 -0.000631
942.000000 -0.000961
943.000000 -0.001331
944.000000 -0.001650
945.000000 -0.001991
946.000000 -0.002441
947.000000 -0.002928
948.000000 -0.003650
949.000000 -0.004290
950.000000 -0.004884
951.000000 -0.005308
952.000000 -0.005284
953.000000 -0.005255
954.000000 -0.004782
955.000000 -0.003922
956.000000 -0.003284
957.000000 -0.002714
958.000000 -0.002554
959.000000 -0.002408
960.000000 -0.002491
961.000000 -0.002348
962.000000 -0.002024
963.000000 -0.001486
964.000000 -0.000666
965.000000 0.000085
966.000000 0.000517
967.000000 0.000704
968.000000 0.000756
969.000000 0.000450
970.000000 -0.000027
971.000000 -0.000079
972.000000 0.000025
973.000000 0.000343
974.000000 0.000840
975.000000 0.001009
976.000000 0.001049
977.000000 0.001120
978.000000 0.000753
979.000000 0.000317
980.000000 -0.000263
981.000000 -0.001079
982.000000 -0.001679
983.000000 -0.002143
984.000000 -0.002498
985.000000 -0.002399
986.000000 -0.002139
987.000000 -0.001821
988.000000 -0.001554
989.000000 -0.001500
990.000000 -0.001509
991.000000 -0.001455
992.000000 -0.001183
993.000000 -0.000495
994.000000 0.000098
995.000000 0.000700
996.000000 0.001031
997.000000 0.001407
998.000000 0.001605
999.000000 0.001834
1000.000000 0.001720
1001.000000 0.001579
1002.000000 0.001157
1003.000000 0.000709
1004.000000 0.000174
1005.000000 -0.000119
1006.000000 -0.000235
1007.000000 0.000048
1008.000000 0.000121
1009.000000 0.000307
1010.000000 0.000199
1011.000000 0.000036
1012.000000 0.000223
1013.000000 0.000368
1014.000000 0.000511
1015.000000 0.000843
1016.000000 0.000981
1017.000000 0.000744
1018.000000 0.000411
1019.000000 -0.000040
1020.000000 -0.000620
1021.000000 -0.000612
1022.000000 -0.000568
1023.000000 -0.000424
1024.000000 -0.000256
1025.000000 -0.000089
1026.000000 0.000085
1027.000000 0.000059
1028.000000 -0.000220
1029.000000 -0.000713
1030.000000 -0.001023
1031.000000 -0.000926
1032.000000 -0.000657
1033.000000 -0.000213
1034.000000 0.000315
1035.000000 0.001067
1036.000000 0.001936
1037.000000 0.002804
1038.000000 0.003329
1039.000000 0.003575
1040.000000 0.003591
1041.000000 0.003293
1042.000000 0.002743
1043.000000 0.002167
1044.000000 0.001852
1045.000000 0.001696
1046.000000 0.001713
1047.000000 0.001662
1048.000000 0.001587
1049.000000 0.001876
1050.000000 0.002078
1051.000000 0.002415
1052.000000 0.002523
1053.000000 0.002477
1054.000000 0.002250
1055.000000 0.001889
1056.000000 0.001524
1057.000000 0.001802
1058.000000 0.002067
1059.000000 0.002655
1060.000000 0.003293
1061.000000 0.003838
1062.000000 0.004422
1063.000000 0.004658
1064.000000 0.004913
1065.000000 0.005317
1066.000000 0.005363
1067.000000 0.005444
1068.000000 0.005182
1069.000000 0.004665
1070.000000 0.004092
1071.000000 0.003362
1072.000000 0.002520
1073.000000 0.001711
1074.000000 0.000909
1075.000000 0.000687
1076.000000 0.000412
1077.000000 0.000169
1078.000000 0.000248
1079.000000 0.000136
1080.000000 -0.000148
1081.000000 -0.000354
1082.000000 -0.000678
1083.000000 -0.000825
1084.000000 -0.000696
1085.000000 -0.000689
1086.000000 -0.000461
1087.000000 -0.000113
1088.000000 -0.000094
1089.000000 -0.000210
1090.000000 -0.000714
1091.000000 -0.001165
1092.000000 -0.001213
1093.000000 -0.000790
1094.000000 -0.000229
1095.000000 0.000424
1096.000000 0.000705
1097.000000 0.000642
1098.000000 0.000483
1099.000000 0.000274
1100.000000 -0.000029
1101.000000 -0.000220
1102.000000 -0.000172
1103.000000 -0.000188
1104.000000 -0.000426
1105.000000 -0.000535
1106.000000 -0.000551
1107.000000 -0.000392
1108.000000 -0.000240
1109.000000 -0.000359
1110.000000 -0.000537
1111.000000 -0.000753
1112.000000 -0.001250
1113.000000 -0.002129
1114.000000 -0.002846
1115.000000 -0.003800
1116.000000 -0.004455
1117.000000 -0.004841
1118.000000 -0.005133
1119.000000 -0.005311
1120.000000 -0.005345
1121.000000 -0.005353
1122.000000 -0.005123
1123.000000 -0.005008
1124.000000 -0.005086
1125.000000 -0.005110
1126.000000 -0.004958
1127.000000 -0.004895
1128.000000 -0.005130
1129.000000 -0.005437
1130.000000 -0.005972
1131.000000 -0.006437
1132.000000 -0.006761
1133.000000 -0.006817
1134.000000 -0.006605
1135.000000 -0.005989
1136.000000 -0.004951
1137.000000 -0.003702
1138.000000 -0.002610
1139.000000 -0.001559
1140.000000 -0.000830
1141.000000 -0.000384
1142.000000 -0.000196
1143.000000 -0.000457
1144.000000 -0.000836
1145.000000 -0.000933
1146.000000 -0.000965
1147.000000 -0.000708
1148.000000 -0.000128
1149.000000 0.000579
1150.000000 0.001046
1151.000000 0.001428
1152.000000 0.001688
1153.000000 0.001713
1154.000000 0.002050
1155.000000 0.002435
1156.000000 0.002597
1157.000000 0.002818
1158.000000 0.002644
1159.000000 0.002581
1160.000000 0.002572
1161.000000 0.002215
1162.000000 0.002262
1163.000000 0.002256
1164.000000 0.002485
1165.000000 0.002735
1166.000000 0.002663
1167.000000 0.002613
1168.000000 0.002671
1169.000000 0.002535
1170.000000 0.002195
1171.000000 0.001768
1172.000000 0.001370
1173.000000 0.001102
1174.000000 0.001539
1175.000000 0.001375
1176.000000 0.001314
1177.000000 0.001304
1178.000000 0.001044
1179.000000 0.001010
1180.000000 0.000555
1181.000000 0.000115
1182.000000 -0.000046
1183.000000 -0.000515
1184.000000 -0.000719
1185.000000 -0.000769
1186.000000 -0.001011
1187.000000 -0.000882
1188.000000 -0.001061
1189.000000 -0.001241
1190.000000 -0.001227
1191.000000 -0.001234
1192.000000 -0.000915
1193.000000 -0.000837
1194.000000 -0.000858
1195.000000 -0.000665
1196.000000 -0.000674
1197.000000 -0.000620
1198.000000 -0.000776
1199.000000 -0.000756
1200.000000 -0.000413
1201.000000 0.000168
1202.000000 0.000765
1203.000000 0.001623
1204.000000 0.002222
1205.000000 0.002541
1206.000000 0.365793
1207.000000 0.450748
1208.000000 0.533070
1209.000000 0.613126
1210.000000 0.539850
1211.000000 0.530326
1212.000000 0.508941
1213.000000 0.254768
1214.000000 0.226062
1215.000000 0.153556
1216.000000 0.085433
1217.000000 0.116180
1218.000000 0.062120
1219.000000 0.027856
1220.000000 0.126691
1221.000000 0.074110
1222.000000 0.084415
1223.000000 0.086760
1224.000000 0.035127
1225.000000 0.061326
1226.000000 0.063334
1227.000000 -0.004330
1228.000000 0.027768
1229.000000 0.002533
1230.000000 -0.005698
1231.000000 0.017161
1232.000000 -0.016565
1233.000000 -0.021924
1234.000000 0.008784
1235.000000 -0.022484
1236.000000 -0.006089
1237.000000 -0.009032
1238.000000 -0.027260
1239.000000 -0.005450
1240.000000 -0.008689
1241.000000 -0.026534
1242.000000 -0.006396
1243.000000 -0.021471
1244.000000 -0.016997
1245.000000 -0.006142
1246.000000 -0.022019
1247.000000 -0.016307
1248.000000 -0.006566
1249.000000 -0.018856
1250.000000 -0.005325
1251.000000 -0.008771
1252.000000 -0.013033
1253.000000 -0.000423
1254.000000 -0.004700
1255.000000 -0.007698
1256.000000 0.001275
1257.000000 -0.007241
1258.000000 -0.001707
1259.000000 0.001604
1260.000000 -0.005099
1261.000000 0.000279
1262.000000 0.001603
1263.000000 -0.003247
1264.000000 0.002789
1265.000000 -0.001640
1266.000000 -0.002735
1267.000000 0.001514
1268.000000 -0.002527
1269.000000 -0.002092
1270.000000 0.000433
1271.000000 -0.004393
1272.000000 -0.001707
1273.000000 -0.002572
1274.000000 -0.006175
1275.000000 -0.003710
1276.000000 -0.004943
1277.000000 -0.006064
1278.000000 -0.002722
1279.000000 -0.004957
1280.000000 -0.003800
1281.000000 -0.001884
1282.000000 -0.004240
1283.000000 -0.003348
1284.000000 -0.002916
1285.000000 -0.004736
1286.000000 -0.002183
1287.000000 -0.001983
1288.000000 -0.001470
1289.000000 0.001218
1290.000000 0.000929
1291.000000 0.001473
1292.000000 0.002829
1293.000000 0.001546
1294.000000 0.002649
1295.000000 0.003449
1296.000000 0.003108
1297.000000 0.004804
1298.000000 0.005150
1299.000000 0.005030
1300.000000 0.006285
1301.000000 0.505572
1302.000000 0.505147
1303.000000 0.505532
1304.000000 0.504390
1305.000000 0.296060
1306.000000 0.226797
1307.000000 0.156930
1308.000000 0.089139
1309.000000 0.192505
1310.000000 0.226138
1311.000000 0.274153
1312.000000 0.334493
1313.000000 0.300830
1314.000000 0.290791
1315.000000 0.265195
1316.000000 0.171764
1317.000000 0.144059
1318.000000 0.099471
1319.000000 0.060042
1320.000000 0.071370
1321.000000 0.050747
1322.000000 0.042865
1323.000000 0.067835
1324.000000 0.048922
1325.000000 0.052630
1326.000000 0.052691
1327.000000 0.027983
1328.000000 0.033209
1329.000000 0.027779
1330.000000 0.007424
1331.000000 0.015981
1332.000000 0.004391
1333.000000 -0.001171
1334.000000 0.007315
1335.000000 -0.004509
1336.000000 -0.004301
1337.000000 0.003305
1338.000000 -0.006249
1339.000000 0.000487
1340.000000 -0.000012
1341.000000 -0.007059
1342.000000 -0.000046
1343.000000 -0.003024
1344.000000 -0.007605
1345.000000 -0.001571
1346.000000 -0.007379
1347.000000 -0.006167
1348.000000 -0.002025
1349.000000 -0.006885
1350.000000 -0.003810
1351.000000 -0.001562
1352.000000 -0.005244
1353.000000 -0.000754
1354.000000 -0.002319
1355.000000 -0.004340
1356.000000 -0.000484
1357.000000 -0.002689
1358.000000 -0.002636
1359.000000 0.000523
1360.000000 -0.002104
1361.000000 0.000166
1362.000000 0.001472
1363.000000 -0.000622
1364.000000 0.001642
1365.000000 0.001494
1366.000000 0.000050
1367.000000 0.002109
1368.000000 0.000374
1369.000000 0.000342
1370.000000 0.001976
1371.000000 0.000911
1372.000000 0.001950
1373.000000 0.002699
1374.000000 0.001417
1375.000000 0.002540
1376.000000 0.002117
1377.000000 0.000825
1378.000000 0.001543
1379.000000 0.001093
1380.000000 0.001038
1381.000000 0.002105
1382.000000 0.001416
1383.000000 0.001774
1384.000000 0.002329
1385.000000 0.001329
1386.000000 0.001703
1387.000000 0.002041
1388.000000 0.001612
1389.000000 0.002511
1390.000000 0.001975
1391.000000 0.001354
1392.000000 0.001641
1393.000000 0.001018
1394.000000 0.000879
1395.000000 0.000707
1396.000000 -0.000072
1397.000000 -0.000156
1398.000000 -0.000104
1399.000000 -0.000394
1400.000000 -0.000566
1401.000000 -0.001281
1402.000000 -0.002108
1403.000000 -0.002478
1404.000000 -0.003187
1405.000000 -0.003546
1406.000000 -0.003521
1407.000000 -0.003855
1408.000000 -0.003752
1409.000000 -0.003894
1410.000000 -0.004396
1411.000000 -0.004537
1412.000000 -0.004902
1413.000000 -0.005192
1414.000000 -0.004985
1415.000000 -0.004873
1416.000000 -0.004573
1417.000000 -0.003878
1418.000000 -0.003343
1419.000000 -0.002738
1420.000000 -0.002069
1421.000000 -0.001577
1422.000000 -0.001017
1423.000000 -0.000287
1424.000000 0.000286
1425.000000 0.001003
1426.000000 0.001355
1427.000000 0.001436
1428.000000 0.001688
1429.000000 0.001740
1430.000000 0.001913
1431.000000 0.002659
1432.000000 0.003377
1433.000000 0.004508
1434.000000 0.005310
1435.000000 0.006199
1436.000000 0.007016
1437.000000 0.007311
1438.000000 0.007661
1439.000000 0.007913
1440.000000 0.008201
1441.000000 0.008373
1442.000000 0.008200
1443.000000 0.007882
1444.000000 0.007617
1445.000000 0.007283
1446.000000 0.007367
1447.000000 0.007618
1448.000000 0.007713
1449.000000 0.007874
1450.000000 0.007446
1451.000000 0.006923
1452.000000 0.006321
1453.000000 0.005521
1454.000000 0.004627
1455.000000 0.004201
1456.000000 0.003548
1457.000000 0.002754
1458.000000 0.002254
1459.000000 0.001870
1460.000000 0.001598
1461.000000 0.001905
1462.000000 0.001766
1463.000000 0.001806
1464.000000 0.001621
1465.000000 0.001082
1466.000000 0.000498
1467.000000 -0.000320
1468.000000 -0.001250
1469.000000 -0.001998
1470.000000 -0.002650
1471.000000 -0.002972
1472.000000 -0.003117
1473.000000 -0.002939
1474.000000 -0.002569
1475.000000 -0.002130
1476.000000 -0.001891
1477.000000 -0.001913
1478.000000 -0.002108
1479.000000 -0.002069
1480.000000 -0.002092
1481.000000 -0.001956
1482.000000 -0.001922
1483.000000 -0.001605
1484.000000 -0.001122
1485.000000 -0.000620
1486.000000 -0.000349
1487.000000 0.000021
1488.000000 0.000495
1489.000000 0.000890
1490.000000 0.001401
1491.000000 0.002149
1492.000000 0.002646
1493.000000 0.003219
1494.000000 0.003355
1495.000000 0.003088
1496.000000 0.002572
1497.000000 0.001727
1498.000000 0.000465
1499.000000 -0.000641
1500.000000 -0.001529
1501.000000 -0.002106
1502.000000 -0.002642
1503.000000 -0.003250
1504.000000 -0.003598
1505.000000 -0.004147
1506.000000 -0.004610
1507.000000 -0.004558
1508.000000 -0.004605
1509.000000 -0.004490
1510.000000 -0.004214
1511.000000 -0.004306
1512.000000 -0.004242
1513.000000 -0.004320
1514.000000 -0.004550
1515.000000 -0.004641
1516.000000 -0.004520
1517.000000 -0.004482
1518.000000 -0.004046
1519.000000 -0.003635
1520.000000 -0.003085
1521.000000 -0.002330
1522.000000 -0.001840
1523.000000 -0.001387
1524.000000 -0.001114
1525.000000 -0.000853
1526.000000 -0.000405
1527.000000 0.000001
1528.000000 0.000436
1529.000000 0.000744
1530.000000 0.001153
1531.000000 0.001562
1532.000000 0.001786
1533.000000 0.001807
1534.000000 0.002192
1535.000000 0.002776
1536.000000 0.003166
1537.000000 0.003692
1538.000000 0.004269
1539.000000 0.004843
1540.000000 0.005195
1541.000000 0.005314
1542.000000 0.005517
1543.000000 0.005549
1544.000000 0.005328
1545.000000 0.004806
1546.000000 0.004297
1547.000000 0.004034
1548.000000 0.004058
1549.000000 0.004602
1550.000000 0.005581
1551.000000 0.006194
1552.000000 0.006458
1553.000000 0.006164
1554.000000 0.004848
1555.000000 0.003497
1556.000000 0.002268
1557.000000 0.000909
1558.000000 0.000176
1559.000000 -0.000114
1560.000000 -0.000492
1561.000000 -0.000545
1562.000000 -0.000761
1563.000000 -0.001016
1564.000000 -0.001293
1565.000000 -0.001899
1566.000000 -0.002163
1567.000000 -0.002265
1568.000000 -0.002098
1569.000000 -0.001554
1570.000000 -0.001185
1571.000000 -0.000686
1572.000000 -0.000839
1573.000000 -0.001165
1574.000000 -0.001776
1575.000000 -0.002514
1576.000000 -0.002995
1577.000000 -0.003097
1578.000000 -0.002931
1579.000000 -0.002399
1580.000000 -0.001929
1581.000000 -0.001328
1582.000000 -0.000924
1583.000000 -0.000688
1584.000000 -0.000637
1585.000000 -0.000872
1586.000000 -0.001438
1587.000000 -0.001673
1588.000000 -0.001894
1589.000000 -0.002032
1590.000000 -0.001964
1591.000000 -0.001837
1592.000000 -0.002032
1593.000000 -0.001949
1594.000000 -0.002216
1595.000000 -0.002221
1596.000000 -0.002329
1597.000000 -0.002720
1598.000000 -0.002838
1599.000000 -0.003214
1600.000000 -0.004092
