1.000000 0.000000
2.000000 0.000000
3.000000 0.000000
4.000000 0.202020
5.000000 0.381364
6.000000 0.540575
7.000000 0.681911
8.000000 0.807377
9.000000 0.918753
10.000000 1.017621
11.000000 1.105383
12.000000 1.183285
13.000000 1.252434
14.000000 1.313813
15.000000 1.368292
16.000000 1.416646
17.000000 1.459564
18.000000 1.497655
19.000000 1.531461
20.000000 1.561463
21.000000 1.588088
22.000000 1.611717
23.000000 1.632684
24.000000 1.651290
25.000000 1.667799
26.000000 1.682448
27.000000 1.695445
28.000000 1.706976
29.000000 1.717206
30.000000 1.726281
31.000000 1.734331
32.000000 1.741472
33.000000 1.747805
34.000000 1.753422
35.000000 1.758404
36.000000 1.762821
37.000000 1.766738
38.000000 1.770211
39.000000 1.773289
40.000000 1.776018
41.000000 1.778437
42.000000 1.780581
43.000000 1.782481
44.000000 1.784164
45.000000 1.785656
46.000000 1.786977
47.000000 1.788146
48.000000 1.789182
49.000000 1.790100
50.000000 1.790912
51.000000 1.791630
52.000000 1.792266
53.000000 1.792829
54.000000 1.793326
55.000000 1.793766
56.000000 1.794155
57.000000 1.794499
58.000000 1.794803
59.000000 1.795071
60.000000 1.795308
61.000000 1.795517
62.000000 1.795701
63.000000 1.795864
64.000000 1.796007
65.000000 1.796133
66.000000 1.796245
67.000000 1.796342
68.000000 1.796428
69.000000 1.796504
70.000000 1.796570
71.000000 1.796629
72.000000 1.796680
73.000000 1.796724
74.000000 1.796764
75.000000 1.796798
76.000000 1.796828
77.000000 1.796854
78.000000 1.796876
79.000000 1.796896
80.000000 1.796913
81.000000 1.796928
82.000000 1.796941
83.000000 1.796952
84.000000 1.796961
85.000000 1.796970
86.000000 1.796977
87.000000 1.796982
88.000000 1.796987
89.000000 1.796992
90.000000 1.796995
91.000000 1.796998
92.000000 1.797001
93.000000 1.797002
94.000000 1.797004
95.000000 1.797005
96.000000 1.797006
97.000000 1.797007
98.000000 1.797007
99.000000 1.797008
100.000000 1.797008
101.000000 1.797008
102.000000 1.797008
103.000000 1.797008
104.000000 1.797007
105.000000 1.797007
106.000000 1.797007
107.000000 1.797006
108.000000 1.797006
109.000000 1.797006
110.000000 1.797005
111.000000 1.797005
112.000000 1.797004
113.000000 1.797004
114.000000 1.797003
115.000000 1.797003
116.000000 1.797002
117.000000 1.797002
118.000000 1.797001
119.000000 1.797001
120.000000 1.797001
121.000000 1.797000
122.000000 1.797000
123.000000 1.796999
124.000000 1.796999
125.000000 1.796999
126.000000 1.796998
127.000000 1.796998
128.000000 1.796998
129.000000 1.796998
130.000000 1.796997
131.000000 1.796997
132.000000 1.796997
133.000000 1.796997
134.000000 1.796996
135.000000 1.796996
136.000000 1.796996
137.000000 1.796996
138.000000 1.796996
139.000000 1.796995
140.000000 1.796995
141.000000 1.796995
142.000000 1.796995
143.000000 1.796995
144.000000 1.796995
145.000000 1.796995
146.000000 1.796994
147.000000 1.796994
148.000000 1.796994
149.000000 1.796994
150.000000 1.796994
151.000000 1.796994
152.000000 1.796994
153.000000 1.796994
154.000000 1.796994
155.000000 1.796994
156.000000 1.796994
157.000000 1.796993
158.000000 1.796993
159.000000 1.796993
160.000000 1.796993
161.000000 1.796993
162.000000 1.796993
163.000000 1.796993
164.000000 1.796993
165.000000 1.796993
166.000000 1.796993
167.000000 1.796993
168.000000 1.796993
169.000000 1.796993
170.000000 1.796993
171.000000 1.796993
172.000000 1.796993
173.000000 1.796993
174.000000 1.796993
175.000000 1.796993
176.000000 1.796993
177.000000 1.796993
178.000000 1.796993
179.000000 1.796993
180.000000 1.796993
181.000000 1.796993
182.000000 1.796993
183.000000 1.796993
184.000000 1.796993
185.000000 1.796993
186.000000 1.796993
187.000000 1.796993
188.000000 1.796993
189.000000 1.796993
190.000000 1.796993
191.000000 1.796993
192.000000 1.796993
193.000000 1.796993
194.000000 1.796993
195.000000 1.796993
196.000000 1.796993
197.000000 1.796993
198.000000 1.796993
199.000000 1.796993
200.000000 1.796993
201.000000 1.796993
202.000000 1.796993
203.000000 1.796993
204.000000 1.796993
205.000000 1.796993
206.000000 1.796993
207.000000 1.796993
208.000000 1.796993
209.000000 1.796993
210.000000 1.796993
211.000000 1.796993
212.000000 1.796993
213.000000 1.796993
214.000000 1.796993
215.000000 1.796993
216.000000 1.796993
217.000000 1.796993
218.000000 1.796993
219.000000 1.796993
220.000000 1.796993
221.000000 1.796993
222.000000 1.796993
223.000000 1.796992
224.000000 1.796992
225.000000 1.796992
226.000000 1.796992
227.000000 1.796992
228.000000 1.796992
229.000000 1.796992
230.000000 1.796992
231.000000 1.796992
232.000000 1.796992
233.000000 1.796992
234.000000 1.796992
235.000000 1.796992
236.000000 1.796992
237.000000 1.796992
238.000000 1.796992
239.000000 1.796992
240.000000 1.796992
241.000000 1.796992
242.000000 1.796992
243.000000 1.796992
244.000000 1.796992
245.000000 1.796992
246.000000 1.796992
247.000000 1.796992
248.000000 1.796992
249.000000 1.796992
250.000000 1.796992
251.000000 1.796992
252.000000 1.796992
253.000000 1.796992
254.000000 1.796992
255.000000 1.796992
256.000000 1.796992
257.000000 1.796992
258.000000 1.796992
259.000000 1.796992
260.000000 1.796992
261.000000 1.796992
262.000000 1.796992
263.000000 1.796992
264.000000 1.796992
265.000000 1.796992
266.000000 1.796992
267.000000 1.796992
268.000000 1.796992
269.000000 1.796992
270.000000 1.796992
271.000000 1.796992
272.000000 1.796992
273.000000 1.796992
274.000000 1.796992
275.000000 1.796992
276.000000 1.796992
277.000000 1.796992
278.000000 1.796992
279.000000 1.796992
280.000000 1.796992
281.000000 1.796992
282.000000 1.796992
283.000000 1.796992
284.000000 1.796992
285.000000 1.796992
286.000000 1.796992
287.000000 1.796992
288.000000 1.796992
289.000000 1.796992
290.000000 1.796992
291.000000 1.796992
292.000000 1.796992
293.000000 1.796992
294.000000 1.796992
295.000000 1.796992
296.000000 1.796992
297.000000 1.796992
298.000000 1.796992
299.000000 1.796992
300.000000 1.796992
301.000000 1.796992
302.000000 1.796992
303.000000 1.796992
304.000000 1.796992
305.000000 1.796992
306.000000 1.796992
307.000000 1.796992
308.000000 1.796992
309.000000 1.796992
310.000000 1.796992
311.000000 1.796992
312.000000 1.796992
313.000000 1.796992
314.000000 1.796992
315.000000 1.796992
316.000000 1.796992
317.000000 1.796992
318.000000 1.796992
319.000000 1.796992
320.000000 1.796992
321.000000 1.796992
322.000000 1.796992
323.000000 1.796992
324.000000 1.796992
325.000000 1.796992
326.000000 1.796992
327.000000 1.796992
328.000000 1.796992
329.000000 1.796992
330.000000 1.796992
331.000000 1.796992
332.000000 1.796992
333.000000 1.796992
334.000000 1.796992
335.000000 1.796992
336.000000 1.796992
337.000000 1.796992
338.000000 1.796992
339.000000 1.796992
340.000000 1.796992
341.000000 1.796992
342.000000 1.796992
343.000000 1.796992
344.000000 1.796992
345.000000 1.796992
346.000000 1.796992
347.000000 1.796992
348.000000 1.796992
349.000000 1.796992
350.000000 1.796992
351.000000 1.796992
352.000000 1.796992
353.000000 1.796992
354.000000 1.796992
355.000000 1.796992
356.000000 1.796992
357.000000 1.796992
358.000000 1.796992
359.000000 1.796992
360.000000 1.796992
361.000000 1.796992
362.000000 1.796992
363.000000 1.796992
364.000000 1.796992
365.000000 1.796992
366.000000 1.796992
367.000000 1.796992
368.000000 1.796992
369.000000 1.796992
370.000000 1.796992
371.000000 1.796992
372.000000 1.796992
373.000000 1.796992
374.000000 1.796992
375.000000 1.796992
376.000000 1.796992
377.000000 1.796992
378.000000 1.796992
379.000000 1.796992
380.000000 1.796992
381.000000 1.796992
382.000000 1.796992
383.000000 1.796992
384.000000 1.796992
385.000000 1.796992
386.000000 1.796992
387.000000 1.796992
388.000000 1.796992
389.000000 1.796992
390.000000 1.796992
391.000000 1.796992
392.000000 1.796992
393.000000 1.796992
394.000000 1.796992
395.000000 1.796992
396.000000 1.796992
397.000000 1.796992
398.000000 1.796992
399.000000 1.796992
400.000000 1.796992
401.000000 1.796992
402.000000 1.796992
403.000000 1.796992
404.000000 1.796992
405.000000 1.796992
406.000000 1.796992
407.000000 1.796992
408.000000 1.796992
409.000000 1.796992
410.000000 1.796992
411.000000 1.796992
412.000000 1.796992
413.000000 1.796992
414.000000 1.796992
415.000000 1.796992
416.000000 1.796992
417.000000 1.796992
418.000000 1.796992
419.000000 1.796992
420.000000 1.796992
421.000000 1.796992
422.000000 1.796992
423.000000 1.796992
424.000000 1.796992
425.000000 1.796992
426.000000 1.796992
427.000000 1.796992
428.000000 1.796992
429.000000 1.796992
430.000000 1.796992
431.000000 1.796992
432.000000 1.796992
433.000000 1.796992
434.000000 1.796992
435.000000 1.796992
436.000000 1.796992
437.000000 1.796992
438.000000 1.796992
439.000000 1.796992
440.000000 1.796992
441.000000 1.796992
442.000000 1.796992
443.000000 1.796992
444.000000 1.796992
445.000000 1.796992
446.000000 1.796992
447.000000 1.796992
448.000000 1.796992
449.000000 1.796992
450.000000 1.796992
451.000000 1.796992
452.000000 1.796992
453.000000 1.796992
454.000000 1.796992
455.000000 1.796992
456.000000 1.796992
457.000000 1.796992
458.000000 1.796992
459.000000 1.796992
460.000000 1.796992
461.000000 1.796992
462.000000 1.796992
463.000000 1.796992
464.000000 1.796992
465.000000 1.796992
466.000000 1.796992
467.000000 1.796992
468.000000 1.796992
469.000000 1.796992
470.000000 1.796992
471.000000 1.796992
472.000000 1.796992
473.000000 1.796992
474.000000 1.796992
475.000000 1.796992
476.000000 1.796992
477.000000 1.796992
478.000000 1.796992
479.000000 1.796992
480.000000 1.796992
481.000000 1.796992
482.000000 1.796992
483.000000 1.796992
484.000000 1.796992
485.000000 1.796992
486.000000 1.796992
487.000000 1.796992
488.000000 1.796992
489.000000 1.796992
490.000000 1.796992
491.000000 1.796992
492.000000 1.796992
493.000000 1.796992
494.000000 1.796992
495.000000 1.796992
