1.000000 0.000000
2.000000 0.000000
3.000000 0.000000
4.000000 0.000000
5.000000 0.000000
6.000000 0.000000
7.000000 0.000000
8.000000 0.000000
9.000000 0.013340
10.000000 0.033102
11.000000 0.069463
12.000000 0.045036
13.000000 0.008330
14.000000 -0.006740
15.000000 0.969554
16.000000 0.947560
17.000000 0.948141
18.000000 0.939846
19.000000 0.529168
20.000000 0.069219
21.000000 -0.122073
22.000000 -0.309679
23.000000 -0.159842
24.000000 -0.040384
25.000000 0.057833
26.000000 0.183038
27.000000 0.339539
28.000000 0.339413
29.000000 0.351750
30.000000 0.255763
31.000000 0.207253
32.000000 0.201332
33.000000 0.199988
34.000000 0.157581
35.000000 0.166193
36.000000 0.135531
37.000000 0.165493
38.000000 0.142767
39.000000 0.127898
40.000000 0.155419
41.000000 0.199973
42.000000 0.198834
43.000000 0.198740
44.000000 0.169010
45.000000 0.168818
46.000000 0.165019
47.000000 0.147732
48.000000 0.113708
49.000000 0.118228
50.000000 0.063893
51.000000 0.033379
52.000000 -0.030616
53.000000 -0.096685
54.000000 -0.119784
55.000000 -0.135367
56.000000 -0.117681
57.000000 -0.076512
58.000000 -0.061582
59.000000 -0.054509
60.000000 -0.076411
61.000000 -0.160803
62.000000 -0.246449
63.000000 -0.309542
64.000000 -0.352989
65.000000 -0.313072
66.000000 -0.260128
67.000000 -0.204238
68.000000 -0.126295
69.000000 -0.079442
70.000000 -0.016936
71.000000 0.010288
72.000000 0.017376
73.000000 0.037545
74.000000 0.094074
75.000000 0.132277
76.000000 0.187029
77.000000 0.204197
78.000000 0.194757
79.000000 0.173774
80.000000 0.123460
81.000000 0.107587
82.000000 0.091232
83.000000 0.083752
84.000000 0.055853
85.000000 0.021010
86.000000 -0.015783
87.000000 -0.055491
88.000000 -0.065990
89.000000 -0.069341
90.000000 -0.079807
91.000000 -0.083833
92.000000 -0.082450
93.000000 -0.071548
94.000000 -0.044651
95.000000 -0.020775
96.000000 0.018202
97.000000 0.037913
98.000000 0.048270
99.000000 0.044741
100.000000 0.051920
101.000000 0.066705
102.000000 0.070657
103.000000 0.111079
104.000000 0.164760
105.000000 0.203223
106.000000 0.237989
107.000000 0.275074
108.000000 0.265330
109.000000 0.268191
110.000000 0.291326
111.000000 0.303956
112.000000 0.321971
113.000000 0.348883
114.000000 0.390447
115.000000 0.429422
116.000000 0.454183
117.000000 0.507116
118.000000 0.510877
119.000000 0.500749
120.000000 0.498149
121.000000 0.491790
122.000000 0.497725
123.000000 0.495996
124.000000 0.509639
125.000000 0.506667
126.000000 0.492553
127.000000 0.444096
128.000000 0.366664
129.000000 0.296922
130.000000 0.262774
131.000000 0.213424
132.000000 0.127235
133.000000 0.036944
134.000000 -0.098338
135.000000 -0.167710
136.000000 -0.204112
137.000000 -0.214276
138.000000 -0.198338
139.000000 -0.179692
140.000000 -0.170350
141.000000 -0.184769
142.000000 -0.201526
143.000000 -0.210552
144.000000 -0.192412
145.000000 -0.185825
146.000000 -0.180376
147.000000 -0.123877
148.000000 -0.095617
149.000000 -0.061121
150.000000 -0.060967
151.000000 -0.096335
152.000000 -0.125742
153.000000 -0.164415
154.000000 -0.188705
155.000000 -0.169422
156.000000 -0.117999
157.000000 -0.077520
158.000000 -0.033270
159.000000 0.002636
160.000000 0.024275
161.000000 -0.011645
162.000000 -0.041881
163.000000 -0.086105
164.000000 -0.136933
165.000000 -0.167513
166.000000 -0.215942
167.000000 -0.263545
168.000000 -0.270453
169.000000 -0.278159
170.000000 -0.267878
171.000000 -0.252834
172.000000 -0.241755
173.000000 -0.195305
174.000000 -0.201138
175.000000 -0.206291
176.000000 -0.215775
177.000000 -0.230863
178.000000 -0.230740
179.000000 -0.222954
180.000000 -0.221043
181.000000 -0.220205
182.000000 -0.264160
183.000000 -0.303701
184.000000 -0.349918
185.000000 -0.382740
186.000000 -0.413611
187.000000 -0.405049
188.000000 -0.367381
189.000000 -0.339675
190.000000 -0.314198
191.000000 -0.300929
192.000000 -0.273167
193.000000 -0.240539
194.000000 -0.250568
195.000000 -0.258532
196.000000 -0.274865
197.000000 -0.282890
198.000000 -0.263914
199.000000 -0.227396
200.000000 -0.175815
201.000000 -0.109526
202.000000 -0.068407
203.000000 -0.071492
204.000000 -0.053498
205.000000 -0.053531
206.000000 -0.065445
207.000000 -0.085655
208.000000 -0.104103
209.000000 -0.121844
210.000000 -0.131482
211.000000 -0.133009
212.000000 -0.146398
213.000000 -0.151942
214.000000 -0.145267
215.000000 -0.133647
216.000000 -0.110919
217.000000 -0.094931
218.000000 -0.104571
219.000000 -0.109644
220.000000 -0.128938
221.000000 -0.169111
222.000000 -0.195317
223.000000 -0.199405
224.000000 -0.199847
225.000000 -0.173944
226.000000 -0.124949
227.000000 -0.090241
228.000000 -0.046470
229.000000 -0.024774
230.000000 -0.015410
231.000000 0.004520
232.000000 0.016638
233.000000 0.034132
234.000000 0.039868
235.000000 0.057315
236.000000 0.088728
237.000000 0.123958
238.000000 0.163526
239.000000 0.205305
240.000000 0.208934
241.000000 0.206747
242.000000 0.204232
243.000000 0.196793
244.000000 0.186575
245.000000 0.169266
246.000000 0.166521
247.000000 0.129823
248.000000 0.047236
249.000000 -0.047905
250.000000 -0.163017
251.000000 -0.225952
252.000000 -0.282014
253.000000 -0.332165
254.000000 -0.373575
255.000000 -0.457377
256.000000 -0.541057
257.000000 -0.583076
258.000000 -0.595832
259.000000 -0.611556
260.000000 -0.556795
261.000000 -0.480830
262.000000 -0.396910
263.000000 -0.326860
264.000000 -0.289777
265.000000 -0.277748
266.000000 -0.283619
267.000000 -0.312179
268.000000 -0.346676
269.000000 -0.329701
270.000000 -0.327707
271.000000 -0.320586
272.000000 -0.320784
273.000000 -0.334207
274.000000 -0.337125
275.000000 -0.300390
276.000000 -0.290915
277.000000 -0.272230
278.000000 -0.251403
279.000000 -0.254936
280.000000 -0.234158
281.000000 -0.218081
282.000000 -0.166683
283.000000 -0.097720
284.000000 -0.022272
285.000000 0.091807
286.000000 0.147630
287.000000 0.191107
288.000000 0.229275
289.000000 0.276564
290.000000 0.331262
291.000000 0.356867
292.000000 0.354514
293.000000 0.348501
294.000000 0.314420
295.000000 0.317069
296.000000 0.326241
297.000000 0.317444
298.000000 0.356955
299.000000 0.396720
300.000000 0.419125
301.000000 0.419037
302.000000 0.382188
303.000000 0.359225
304.000000 0.327379
305.000000 0.303351
306.000000 0.316262
307.000000 0.327038
308.000000 0.336423
309.000000 0.368090
310.000000 0.389663
311.000000 0.418998
312.000000 0.432191
313.000000 0.432506
314.000000 0.415688
315.000000 0.400351
316.000000 0.380730
317.000000 0.361629
318.000000 0.367165
319.000000 0.378012
320.000000 0.396460
321.000000 0.405378
322.000000 0.369673
323.000000 0.375012
324.000000 0.384594
325.000000 0.385988
326.000000 0.403786
327.000000 0.407386
328.000000 0.401998
329.000000 0.365729
330.000000 0.320531
331.000000 0.288281
332.000000 0.255668
333.000000 0.222428
334.000000 0.223202
335.000000 0.237620
336.000000 0.245511
337.000000 0.233726
338.000000 0.216402
339.000000 0.162485
340.000000 0.130342
341.000000 0.128931
342.000000 0.095187
343.000000 0.097081
344.000000 0.107180
345.000000 0.114573
346.000000 0.128830
347.000000 0.109127
348.000000 0.087864
349.000000 0.058509
350.000000 -0.019007
351.000000 -0.088940
352.000000 -0.163801
353.000000 -0.214634
354.000000 -0.241531
355.000000 -0.262915
356.000000 -0.262853
357.000000 -0.223100
358.000000 -0.211151
359.000000 -0.201077
360.000000 -0.222131
361.000000 -0.245795
362.000000 -0.246062
363.000000 -0.246427
364.000000 -0.252067
365.000000 -0.210419
366.000000 -0.180940
367.000000 -0.140732
368.000000 -0.119301
369.000000 -0.110551
370.000000 -0.083084
371.000000 -0.066809
372.000000 -0.062069
373.000000 -0.030281
374.000000 -0.002309
375.000000 0.011984
376.000000 0.040368
377.000000 0.042333
378.000000 0.025893
379.000000 0.031348
380.000000 0.017104
381.000000 0.013367
382.000000 0.023745
383.000000 0.038942
384.000000 0.095399
385.000000 0.149229
386.000000 0.163311
387.000000 0.168709
388.000000 0.113022
389.000000 0.027063
390.000000 -0.032746
391.000000 -0.041222
392.000000 -0.050763
393.000000 -0.040510
394.000000 0.000809
395.000000 0.036860
396.000000 0.042687
397.000000 0.040080
398.000000 0.015501
399.000000 -0.029173
400.000000 -0.067814
401.000000 -0.141169
402.000000 -0.170833
403.000000 -0.174297
404.000000 -0.134924
405.000000 -0.079136
406.000000 -0.748659
407.000000 -0.881142
408.000000 -1.024102
409.000000 -1.172385
410.000000 -1.021979
411.000000 -1.011103
412.000000 -0.954785
413.000000 -0.417007
414.000000 -0.329626
415.000000 -0.169970
416.000000 0.011741
417.000000 -0.007766
418.000000 0.143282
419.000000 0.225209
420.000000 0.036620
421.000000 0.141154
422.000000 0.117933
423.000000 0.113273
424.000000 0.214785
425.000000 0.159979
426.000000 0.140623
427.000000 0.270501
428.000000 0.186918
429.000000 0.202072
430.000000 0.146659
431.000000 0.024069
432.000000 0.025072
433.000000 0.005253
434.000000 -0.080042
435.000000 -0.022778
436.000000 -0.056650
437.000000 -0.028128
438.000000 0.013614
439.000000 -0.044307
440.000000 -0.041435
441.000000 -0.019413
442.000000 -0.033145
443.000000 0.024852
444.000000 0.027027
445.000000 0.011461
446.000000 0.049654
447.000000 0.077991
448.000000 0.090513
449.000000 0.142883
450.000000 0.126025
451.000000 0.132063
452.000000 0.132683
453.000000 0.087317
454.000000 0.071073
455.000000 0.075117
456.000000 0.068512
457.000000 0.095689
458.000000 0.091631
459.000000 0.096933
460.000000 0.095266
461.000000 0.049881
462.000000 0.012605
463.000000 -0.017698
464.000000 -0.079371
465.000000 -0.085251
466.000000 -0.083159
467.000000 -0.067137
468.000000 -0.004592
469.000000 0.053650
470.000000 0.099938
471.000000 0.157702
472.000000 0.194430
473.000000 0.216980
474.000000 0.232934
475.000000 0.194517
476.000000 0.132902
477.000000 0.062569
478.000000 -0.003462
479.000000 -0.025024
480.000000 -0.043775
481.000000 -0.040453
482.000000 -0.014748
483.000000 -0.012438
484.000000 0.004345
485.000000 0.021972
486.000000 -0.004883
487.000000 -0.007646
488.000000 -0.018207
489.000000 -0.055715
490.000000 -0.062326
491.000000 -0.050493
492.000000 -0.055140
493.000000 -0.075498
494.000000 -0.061258
495.000000 -0.025124
496.000000 0.022633
497.000000 0.087892
498.000000 0.128914
499.000000 0.182905
500.000000 0.226165
501.000000 -0.268522
502.000000 -0.263638
503.000000 -0.257484
504.000000 -0.277789
505.000000 -0.088392
506.000000 -0.020357
507.000000 0.071511
508.000000 0.119255
509.000000 -0.001095
510.000000 -0.064806
511.000000 -0.158617
512.000000 -0.262389
513.000000 -0.256981
514.000000 -0.298758
515.000000 -0.317184
516.000000 -0.242298
517.000000 -0.229079
518.000000 -0.187520
519.000000 -0.144696
520.000000 -0.169205
521.000000 -0.169347
522.000000 -0.195970
523.000000 -0.301749
524.000000 -0.377357
525.000000 -0.450673
526.000000 -0.487123
527.000000 -0.446274
528.000000 -0.418159
529.000000 -0.352356
530.000000 -0.237730
531.000000 -0.177143
532.000000 -0.134139
533.000000 -0.108501
534.000000 -0.115870
535.000000 -0.099822
536.000000 -0.100774
537.000000 -0.141260
538.000000 -0.113166
539.000000 -0.071924
540.000000 -0.029844
541.000000 0.011708
542.000000 0.023273
543.000000 0.045827
544.000000 0.037391
545.000000 0.012939
546.000000 -0.017423
547.000000 -0.053740
548.000000 -0.083447
549.000000 -0.103848
550.000000 -0.101767
551.000000 -0.062286
552.000000 -0.014082
553.000000 -0.000376
554.000000 -0.011415
555.000000 -0.049984
556.000000 -0.096942
557.000000 -0.112617
558.000000 -0.109629
559.000000 -0.121340
560.000000 -0.113576
561.000000 -0.115948
562.000000 -0.130123
563.000000 -0.138034
564.000000 -0.155317
565.000000 -0.195063
566.000000 -0.222999
567.000000 -0.238028
568.000000 -0.281148
569.000000 -0.298215
570.000000 -0.285546
571.000000 -0.268646
572.000000 -0.210961
573.000000 -0.179726
574.000000 -0.157518
575.000000 -0.124274
576.000000 -0.110386
577.000000 -0.066340
578.000000 -0.034964
579.000000 -0.030304
580.000000 0.003986
581.000000 0.032496
582.000000 0.041440
583.000000 0.063755
584.000000 0.058814
585.000000 0.050417
586.000000 0.037498
587.000000 0.041303
588.000000 0.054121
589.000000 0.056809
590.000000 0.067499
591.000000 0.026546
592.000000 -0.040164
593.000000 -0.126818
594.000000 -0.186013
595.000000 -0.207819
596.000000 -0.216278
597.000000 -0.214688
598.000000 -0.160447
599.000000 -0.105200
600.000000 -0.055834
601.000000 -0.039925
602.000000 -0.068724
603.000000 -0.093689
604.000000 -0.135806
605.000000 -0.155296
606.000000 -0.150510
607.000000 -0.140613
608.000000 -0.103480
609.000000 -0.046727
610.000000 0.013712
611.000000 0.061270
612.000000 0.097252
613.000000 0.077623
614.000000 0.108017
615.000000 0.143473
616.000000 0.167775
617.000000 0.196241
618.000000 0.176736
619.000000 0.125310
620.000000 0.077065
621.000000 0.011814
622.000000 -0.051693
623.000000 -0.059089
624.000000 -0.035603
625.000000 0.024631
626.000000 0.089711
627.000000 0.119173
628.000000 0.126587
629.000000 0.090367
630.000000 0.080982
631.000000 0.092734
632.000000 0.126136
633.000000 0.153625
634.000000 0.164374
635.000000 0.164301
636.000000 0.156000
637.000000 0.151916
638.000000 0.131944
639.000000 0.091542
640.000000 0.049681
641.000000 0.031854
642.000000 0.018074
643.000000 0.020837
644.000000 0.042965
645.000000 0.057898
646.000000 0.087976
647.000000 0.130018
648.000000 0.163894
649.000000 0.156316
650.000000 0.102023
651.000000 0.001673
652.000000 -0.107243
653.000000 -0.187328
654.000000 -0.260886
655.000000 -0.280562
656.000000 -0.278124
657.000000 -0.284668
658.000000 -0.263810
659.000000 -0.234982
660.000000 -0.232736
661.000000 -0.242914
662.000000 -0.265404
663.000000 -0.264479
664.000000 -0.236797
665.000000 -0.174052
666.000000 -0.113145
667.000000 -0.037602
668.000000 0.016836
669.000000 0.026189
670.000000 0.021423
671.000000 0.042462
672.000000 0.077934
673.000000 0.151830
674.000000 0.237444
675.000000 0.287550
676.000000 0.331242
677.000000 0.369606
678.000000 0.388762
679.000000 0.390495
680.000000 0.383732
681.000000 0.364235
682.000000 0.386498
683.000000 0.415845
684.000000 0.451069
685.000000 0.483283
686.000000 0.445851
687.000000 0.401365
688.000000 0.319443
689.000000 0.224444
690.000000 0.146415
691.000000 0.086394
692.000000 0.080900
693.000000 0.072701
694.000000 0.029465
695.000000 -0.045949
696.000000 -0.104347
697.000000 -0.163598
698.000000 -0.216120
699.000000 -0.199016
700.000000 -0.174078
701.000000 -0.120619
702.000000 -0.076470
703.000000 -0.071774
704.000000 -0.054982
705.000000 -0.063294
706.000000 -0.087161
707.000000 -0.079171
708.000000 -0.096712
709.000000 -0.079215
710.000000 -0.032016
711.000000 -0.047685
712.000000 -0.037370
713.000000 -0.043077
714.000000 -0.054236
715.000000 -0.052926
716.000000 -0.069287
717.000000 -0.094396
718.000000 -0.115285
719.000000 -0.176551
720.000000 -0.185496
721.000000 -0.201550
722.000000 -0.217373
723.000000 -0.207833
724.000000 -0.255304
725.000000 -0.266986
726.000000 -0.276552
727.000000 -0.285188
728.000000 -0.286108
729.000000 -0.289545
730.000000 -0.296134
731.000000 -0.294628
732.000000 -0.289714
733.000000 -0.294921
734.000000 -0.267122
735.000000 -0.235479
736.000000 -0.203295
737.000000 -0.154454
738.000000 -0.094559
739.000000 -0.037417
740.000000 -0.001248
741.000000 0.033733
742.000000 0.062555
743.000000 0.103178
744.000000 0.151424
745.000000 0.198630
746.000000 0.233221
747.000000 0.246926
748.000000 0.237661
749.000000 0.245436
750.000000 0.237148
751.000000 0.151803
752.000000 0.100261
753.000000 0.032795
754.000000 -0.052875
755.000000 -0.135985
756.000000 -0.212397
757.000000 -0.263025
758.000000 -0.270786
759.000000 -0.280063
760.000000 -0.290221
761.000000 -0.306524
762.000000 -0.333587
763.000000 -0.349562
764.000000 -0.363667
765.000000 -0.387211
766.000000 -0.411129
767.000000 -0.440172
768.000000 -0.462449
769.000000 -0.462436
770.000000 -0.431137
771.000000 -0.373525
772.000000 -0.315212
773.000000 -0.231862
774.000000 -0.150841
775.000000 -0.100727
776.000000 -0.037953
777.000000 0.004451
778.000000 0.026468
779.000000 0.038124
780.000000 0.029174
781.000000 0.019463
782.000000 0.011574
783.000000 0.005370
784.000000 -0.023391
785.000000 -0.034594
786.000000 -0.068634
787.000000 -0.090318
788.000000 -0.058155
789.000000 -0.045218
790.000000 -0.020497
791.000000 0.027819
792.000000 0.053038
793.000000 0.071261
794.000000 0.083463
795.000000 0.068304
796.000000 0.071252
797.000000 0.039369
798.000000 0.043760
799.000000 0.091426
800.000000 0.120668
801.000000 0.660430
802.000000 0.712726
803.000000 0.745129
804.000000 0.751943
805.000000 0.551304
806.000000 1.053856
807.000000 1.148075
808.000000 1.226694
809.000000 1.467886
810.000000 1.389774
811.000000 1.417236
812.000000 1.429782
813.000000 1.006916
814.000000 0.953486
815.000000 0.825083
816.000000 0.647283
817.000000 0.667112
818.000000 0.525497
819.000000 0.392716
820.000000 0.493098
821.000000 0.322646
822.000000 0.248865
823.000000 0.236926
824.000000 0.111803
825.000000 0.141562
826.000000 0.131034
827.000000 0.001783
828.000000 0.028794
829.000000 -0.045178
830.000000 -0.124242
831.000000 -0.151141
832.000000 -0.257397
833.000000 -0.324184
834.000000 -0.327188
835.000000 -0.393039
836.000000 -0.390163
837.000000 -0.425624
838.000000 -0.463425
839.000000 -0.421221
840.000000 -0.426930
841.000000 -0.445857
842.000000 -0.408249
843.000000 -0.397321
844.000000 -0.326649
845.000000 -0.262027
846.000000 -0.248769
847.000000 -0.244018
848.000000 -0.251662
849.000000 -0.282717
850.000000 -0.299887
851.000000 -0.284461
852.000000 -0.243330
853.000000 -0.144216
854.000000 -0.074042
855.000000 -0.015966
856.000000 0.031418
857.000000 0.041066
858.000000 0.071830
859.000000 0.098907
860.000000 0.107659
861.000000 0.108658
862.000000 0.075922
863.000000 0.056453
864.000000 0.034268
865.000000 0.020147
866.000000 0.006399
867.000000 -0.004464
868.000000 -0.001466
869.000000 -0.031017
870.000000 -0.021447
871.000000 0.004105
872.000000 -0.008738
873.000000 -0.018866
874.000000 -0.016438
875.000000 -0.034018
876.000000 -0.028190
877.000000 -0.029997
878.000000 -0.030133
879.000000 0.013450
880.000000 0.097575
881.000000 0.235178
882.000000 0.377920
883.000000 0.465096
884.000000 0.537148
885.000000 0.551064
886.000000 0.529785
887.000000 0.517830
888.000000 0.464567
889.000000 0.409192
890.000000 0.415791
891.000000 0.427398
892.000000 0.469476
893.000000 0.496535
894.000000 0.478621
895.000000 0.460647
896.000000 0.378074
897.000000 0.292776
898.000000 0.246004
899.000000 0.199969
900.000000 0.212573
901.000000 0.259836
902.000000 0.276634
903.000000 0.278565
904.000000 0.249875
905.000000 0.184142
906.000000 0.160089
907.000000 0.119028
908.000000 0.095066
909.000000 0.107350
910.000000 0.092407
911.000000 0.103244
912.000000 0.143329
913.000000 0.112494
914.000000 0.093617
915.000000 0.040862
916.000000 -0.048659
917.000000 -0.082191
918.000000 -0.140734
919.000000 -0.175626
920.000000 -0.167316
921.000000 -0.149667
922.000000 -0.118011
923.000000 -0.082141
924.000000 -0.056044
925.000000 -0.045910
926.000000 -0.019690
927.000000 -0.036139
928.000000 -0.058753
929.000000 -0.079365
930.000000 -0.115412
931.000000 -0.116387
932.000000 -0.139389
933.000000 -0.126279
934.000000 -0.082489
935.000000 -0.049682
936.000000 -0.018659
937.000000 0.001018
938.000000 -0.028721
939.000000 -0.049863
940.000000 -0.055718
941.000000 -0.079306
942.000000 -0.102501
943.000000 -0.173889
944.000000 -0.257416
945.000000 -0.377449
946.000000 -0.486639
947.000000 -0.554448
948.000000 -0.559263
949.000000 -0.499124
950.000000 -0.418856
951.000000 -0.330130
952.000000 -0.272999
953.000000 -0.284904
954.000000 -0.322875
955.000000 -0.370962
956.000000 -0.399127
957.000000 -0.394759
958.000000 -0.344495
959.000000 -0.296658
960.000000 -0.240633
961.000000 -0.164023
962.000000 -0.088113
963.000000 -0.020829
964.000000 0.055707
965.000000 0.115810
966.000000 0.177577
967.000000 0.215668
968.000000 0.240677
969.000000 0.266388
970.000000 0.283337
971.000000 0.293386
972.000000 0.308115
973.000000 0.318407
974.000000 0.328923
975.000000 0.316420
976.000000 0.299956
977.000000 0.296193
978.000000 0.297614
979.000000 0.271313
980.000000 0.269596
981.000000 0.262224
982.000000 0.209989
983.000000 0.161124
984.000000 0.108924
985.000000 0.064343
986.000000 0.057029
987.000000 0.034440
988.000000 0.019903
989.000000 -0.026384
990.000000 -0.081923
991.000000 -0.139268
992.000000 -0.201099
993.000000 -0.249433
994.000000 -0.279196
995.000000 -0.277525
996.000000 -0.289653
997.000000 -0.317593
998.000000 -0.362994
999.000000 -0.388556
1000.000000 -0.413656
1001.000000 -0.469677
1002.000000 -0.522292
1003.000000 -0.567184
1004.000000 -0.594163
1005.000000 -0.563855
1006.000000 -0.544931
1007.000000 -0.500252
1008.000000 -0.447685
1009.000000 -0.437378
1010.000000 -0.452273
1011.000000 -0.475918
1012.000000 -0.493248
1013.000000 -0.476822
1014.000000 -0.443738
1015.000000 -0.370111
1016.000000 -0.272707
1017.000000 -0.193109
1018.000000 -0.117323
1019.000000 -0.027778
1020.000000 0.022584
1021.000000 0.091312
1022.000000 0.132871
1023.000000 0.176852
1024.000000 0.233134
1025.000000 0.287712
1026.000000 0.321791
1027.000000 0.372234
1028.000000 0.430045
1029.000000 0.494911
1030.000000 0.565642
1031.000000 0.647367
1032.000000 0.727753
1033.000000 0.761449
1034.000000 0.772667
1035.000000 0.714538
1036.000000 0.636776
1037.000000 0.536972
1038.000000 0.447744
1039.000000 0.361294
1040.000000 0.307762
1041.000000 0.267451
1042.000000 0.261100
1043.000000 0.241050
1044.000000 0.222125
1045.000000 0.190962
1046.000000 0.112607
1047.000000 0.057877
1048.000000 0.029699
1049.000000 0.006626
1050.000000 0.028540
1051.000000 0.045336
1052.000000 0.075174
1053.000000 0.108383
1054.000000 0.117638
1055.000000 0.138453
1056.000000 0.135722
1057.000000 0.098622
1058.000000 0.120082
1059.000000 0.116875
1060.000000 0.132868
1061.000000 0.202109
1062.000000 0.253232
1063.000000 0.292396
1064.000000 0.356176
1065.000000 0.350192
1066.000000 0.348923
1067.000000 0.325849
1068.000000 0.261690
1069.000000 0.246781
1070.000000 0.247738
1071.000000 0.254058
1072.000000 0.272690
1073.000000 0.246961
1074.000000 0.234672
1075.000000 0.198759
1076.000000 0.156045
1077.000000 0.112119
1078.000000 0.076807
1079.000000 0.029407
1080.000000 0.017230
1081.000000 -0.055108
1082.000000 -0.144109
1083.000000 -0.233422
1084.000000 -0.298892
1085.000000 -0.311140
1086.000000 -0.282101
1087.000000 -0.221217
1088.000000 -0.156714
1089.000000 -0.118925
1090.000000 -0.107286
1091.000000 -0.115761
1092.000000 -0.111509
1093.000000 -0.106363
1094.000000 -0.158775
1095.000000 -0.222388
1096.000000 -0.316735
1097.000000 -0.361457
1098.000000 -0.341292
1099.000000 -0.319925
1100.000000 -0.243359
1101.000000 -0.153601
1102.000000 -0.095694
1103.000000 -0.028982
1104.000000 -0.019342
1105.000000 -0.033420
1106.000000 0.001313
1107.000000 -0.013037
1108.000000 0.013676
1109.000000 0.001610
1110.000000 -0.023173
1111.000000 -0.020669
1112.000000 -0.034836
1113.000000 -0.086029
1114.000000 -0.107663
1115.000000 -0.172084
1116.000000 -0.239666
1117.000000 -0.263144
1118.000000 -0.288203
1119.000000 -0.312029
1120.000000 -0.333533
1121.000000 -0.359672
1122.000000 -0.394333
1123.000000 -0.445971
1124.000000 -0.440867
1125.000000 -0.373582
1126.000000 -0.289709
1127.000000 -0.200673
1128.000000 -0.110372
1129.000000 -0.058120
1130.000000 -0.013855
1131.000000 -0.011119
1132.000000 -0.022875
1133.000000 -0.015209
1134.000000 -0.029591
1135.000000 -0.050215
1136.000000 -0.041442
1137.000000 -0.034396
1138.000000 -0.017444
1139.000000 0.027475
1140.000000 0.079058
1141.000000 0.123811
1142.000000 0.156143
1143.000000 0.178636
1144.000000 0.196245
1145.000000 0.206994
1146.000000 0.205336
1147.000000 0.213234
1148.000000 0.190431
1149.000000 0.159545
1150.000000 0.122983
1151.000000 0.088570
1152.000000 0.072508
1153.000000 0.049031
1154.000000 0.058372
1155.000000 0.096591
1156.000000 0.078157
1157.000000 0.070704
1158.000000 0.069772
1159.000000 0.042277
1160.000000 0.022253
1161.000000 0.020998
1162.000000 0.023283
1163.000000 0.080488
1164.000000 0.095913
1165.000000 0.094769
1166.000000 0.085998
1167.000000 0.073500
1168.000000 0.088585
1169.000000 0.100841
1170.000000 0.059864
1171.000000 0.044158
1172.000000 0.015785
1173.000000 0.002504
1174.000000 -0.011468
1175.000000 0.018842
1176.000000 0.056824
1177.000000 0.119000
1178.000000 0.154747
1179.000000 0.158158
1180.000000 0.131334
1181.000000 0.070704
1182.000000 0.018361
1183.000000 -0.021756
1184.000000 -0.030976
1185.000000 0.006844
1186.000000 0.068090
1187.000000 0.143865
1188.000000 0.229874
1189.000000 0.287721
1190.000000 0.309575
1191.000000 0.330427
1192.000000 0.295109
1193.000000 0.285688
1194.000000 0.279308
1195.000000 0.255354
1196.000000 0.241394
1197.000000 0.208419
1198.000000 0.155872
1199.000000 0.149279
1200.000000 0.133717
1201.000000 0.154009
1202.000000 0.177083
1203.000000 0.189988
1204.000000 0.219787
1205.000000 0.228225
1206.000000 0.571791
1207.000000 0.645819
1208.000000 0.710810
1209.000000 0.794828
1210.000000 0.715514
1211.000000 0.693624
1212.000000 0.651891
1213.000000 0.370858
1214.000000 0.281193
1215.000000 0.151983
1216.000000 0.021492
1217.000000 -0.022490
1218.000000 -0.128280
1219.000000 -0.208157
1220.000000 -0.150013
1221.000000 -0.224043
1222.000000 -0.236035
1223.000000 -0.264001
1224.000000 -0.345896
1225.000000 -0.353730
1226.000000 -0.385592
1227.000000 -0.446750
1228.000000 -0.378261
1229.000000 -0.378229
1230.000000 -0.371068
1231.000000 -0.349326
1232.000000 -0.420253
1233.000000 -0.484148
1234.000000 -0.488790
1235.000000 -0.560115
1236.000000 -0.537484
1237.000000 -0.496593
1238.000000 -0.436152
1239.000000 -0.306439
1240.000000 -0.205092
1241.000000 -0.132952
1242.000000 -0.087763
1243.000000 -0.143016
1244.000000 -0.198430
1245.000000 -0.228891
1246.000000 -0.242452
1247.000000 -0.228603
1248.000000 -0.218082
1249.000000 -0.209316
1250.000000 -0.188511
1251.000000 -0.182947
1252.000000 -0.196780
1253.000000 -0.224870
1254.000000 -0.260782
1255.000000 -0.280072
1256.000000 -0.285655
1257.000000 -0.277093
1258.000000 -0.262032
1259.000000 -0.244467
1260.000000 -0.219095
1261.000000 -0.197103
1262.000000 -0.171741
1263.000000 -0.181433
1264.000000 -0.192617
1265.000000 -0.217732
1266.000000 -0.259016
1267.000000 -0.257852
1268.000000 -0.260199
1269.000000 -0.239810
1270.000000 -0.181112
1271.000000 -0.129431
1272.000000 -0.062487
1273.000000 -0.004635
1274.000000 0.020436
1275.000000 0.058834
1276.000000 0.106315
1277.000000 0.164579
1278.000000 0.243416
1279.000000 0.304189
1280.000000 0.363328
1281.000000 0.422542
1282.000000 0.437806
1283.000000 0.434890
1284.000000 0.448802
1285.000000 0.471391
1286.000000 0.485567
1287.000000 0.483925
1288.000000 0.457970
1289.000000 0.432284
1290.000000 0.402133
1291.000000 0.407396
1292.000000 0.434527
1293.000000 0.443309
1294.000000 0.420899
1295.000000 0.383501
1296.000000 0.330199
1297.000000 0.300561
1298.000000 0.285390
1299.000000 0.268279
1300.000000 0.250340
1301.000000 0.728553
1302.000000 0.683426
1303.000000 0.674211
1304.000000 0.664813
1305.000000 0.478962
1306.000000 0.436503
1307.000000 0.354700
1308.000000 0.272374
1309.000000 0.378071
1310.000000 0.423463
1311.000000 0.499404
1312.000000 0.577578
1313.000000 0.574031
1314.000000 0.564651
1315.000000 0.504105
1316.000000 0.409865
1317.000000 0.367373
1318.000000 0.329139
1319.000000 0.314316
1320.000000 0.326491
1321.000000 0.263891
1322.000000 0.204258
1323.000000 0.181748
1324.000000 0.125990
1325.000000 0.103781
1326.000000 0.096326
1327.000000 0.088613
1328.000000 0.109548
1329.000000 0.088706
1330.000000 0.049833
1331.000000 0.036408
1332.000000 0.013431
1333.000000 0.029216
1334.000000 0.045899
1335.000000 0.024983
1336.000000 0.015764
1337.000000 -0.033437
1338.000000 -0.073606
1339.000000 -0.107226
1340.000000 -0.159115
1341.000000 -0.177770
1342.000000 -0.167726
1343.000000 -0.165623
1344.000000 -0.132318
1345.000000 -0.115273
1346.000000 -0.092257
1347.000000 -0.090108
1348.000000 -0.091463
1349.000000 -0.099732
1350.000000 -0.149921
1351.000000 -0.192338
1352.000000 -0.224956
1353.000000 -0.297296
1354.000000 -0.337273
1355.000000 -0.365374
1356.000000 -0.398910
1357.000000 -0.385008
1358.000000 -0.367859
1359.000000 -0.352014
1360.000000 -0.307432
1361.000000 -0.266834
1362.000000 -0.241395
1363.000000 -0.175491
1364.000000 -0.104358
1365.000000 -0.056671
1366.000000 0.011694
1367.000000 0.062834
1368.000000 0.101437
1369.000000 0.128084
1370.000000 0.100861
1371.000000 0.095305
1372.000000 0.091859
1373.000000 0.061225
1374.000000 0.055318
1375.000000 0.034367
1376.000000 0.035010
1377.000000 0.045724
1378.000000 0.074926
1379.000000 0.098684
1380.000000 0.113605
1381.000000 0.110680
1382.000000 0.108298
1383.000000 0.127302
1384.000000 0.151010
1385.000000 0.193981
1386.000000 0.220979
1387.000000 0.203243
1388.000000 0.170542
1389.000000 0.142319
1390.000000 0.087903
1391.000000 0.042136
1392.000000 0.013915
1393.000000 -0.023282
1394.000000 -0.012506
1395.000000 -0.029435
1396.000000 -0.069604
1397.000000 -0.102700
1398.000000 -0.158611
1399.000000 -0.207881
1400.000000 -0.243614
1401.000000 -0.316086
1402.000000 -0.376954
1403.000000 -0.382257
1404.000000 -0.373766
1405.000000 -0.344495
1406.000000 -0.294888
1407.000000 -0.232555
1408.000000 -0.118048
1409.000000 -0.044472
1410.000000 -0.026909
1411.000000 -0.036832
1412.000000 -0.103605
1413.000000 -0.160177
1414.000000 -0.222397
1415.000000 -0.261775
1416.000000 -0.286124
1417.000000 -0.301910
1418.000000 -0.262303
1419.000000 -0.212020
1420.000000 -0.175893
1421.000000 -0.117143
1422.000000 -0.107074
1423.000000 -0.103212
1424.000000 -0.093833
1425.000000 -0.122843
1426.000000 -0.168940
1427.000000 -0.190911
1428.000000 -0.208885
1429.000000 -0.189309
1430.000000 -0.148097
1431.000000 -0.086602
1432.000000 -0.015019
1433.000000 0.050645
1434.000000 0.092581
1435.000000 0.120418
1436.000000 0.141858
1437.000000 0.140781
1438.000000 0.126473
1439.000000 0.114130
1440.000000 0.114480
1441.000000 0.082371
1442.000000 0.058375
1443.000000 0.079153
1444.000000 0.092121
1445.000000 0.121980
1446.000000 0.177349
1447.000000 0.195137
1448.000000 0.208667
1449.000000 0.201001
1450.000000 0.137195
1451.000000 0.100069
1452.000000 0.040405
1453.000000 0.021574
1454.000000 0.055933
1455.000000 0.074185
1456.000000 0.094008
1457.000000 0.104895
1458.000000 0.096775
1459.000000 0.117454
1460.000000 0.096399
1461.000000 0.051865
1462.000000 0.024103
1463.000000 -0.012091
1464.000000 -0.020656
1465.000000 -0.015589
1466.000000 0.014202
1467.000000 0.084989
1468.000000 0.142768
1469.000000 0.198447
1470.000000 0.226745
1471.000000 0.224206
1472.000000 0.211700
1473.000000 0.188789
1474.000000 0.207112
1475.000000 0.206455
1476.000000 0.184503
1477.000000 0.184652
1478.000000 0.164244
1479.000000 0.170089
1480.000000 0.175671
1481.000000 0.155889
1482.000000 0.136496
1483.000000 0.084440
1484.000000 0.027416
1485.000000 -0.016349
1486.000000 -0.015638
1487.000000 0.011243
1488.000000 0.090016
1489.000000 0.133912
1490.000000 0.154633
1491.000000 0.174867
1492.000000 0.147626
1493.000000 0.131257
1494.000000 0.091461
1495.000000 0.040203
1496.000000 0.013163
1497.000000 -0.045715
1498.000000 -0.113666
1499.000000 -0.162943
1500.000000 -0.229206
1501.000000 -0.262379
1502.000000 -0.295506
1503.000000 -0.358285
1504.000000 -0.386657
1505.000000 -0.389536
1506.000000 -0.427033
1507.000000 -0.439483
1508.000000 -0.452727
1509.000000 -0.471930
1510.000000 -0.460998
1511.000000 -0.477500
1512.000000 -0.466800
1513.000000 -0.443698
1514.000000 -0.434494
1515.000000 -0.394451
1516.000000 -0.373182
1517.000000 -0.329436
1518.000000 -0.259422
1519.000000 -0.196218
1520.000000 -0.147775
1521.000000 -0.128809
1522.000000 -0.103264
1523.000000 -0.106336
1524.000000 -0.140135
1525.000000 -0.166942
1526.000000 -0.171630
1527.000000 -0.170347
1528.000000 -0.142715
1529.000000 -0.088997
1530.000000 -0.024426
1531.000000 0.040838
1532.000000 0.081495
1533.000000 0.104951
1534.000000 0.135371
1535.000000 0.134272
1536.000000 0.182190
1537.000000 0.226483
1538.000000 0.283039
1539.000000 0.374386
1540.000000 0.462002
1541.000000 0.513151
1542.000000 0.552017
1543.000000 0.532121
1544.000000 0.499587
1545.000000 0.505946
1546.000000 0.494562
1547.000000 0.497723
1548.000000 0.498540
1549.000000 0.509859
1550.000000 0.531023
1551.000000 0.505199
1552.000000 0.449663
1553.000000 0.386253
1554.000000 0.334293
1555.000000 0.293949
1556.000000 0.267499
1557.000000 0.223665
1558.000000 0.195418
1559.000000 0.160097
1560.000000 0.148153
1561.000000 0.108715
1562.000000 0.080771
1563.000000 0.043070
1564.000000 0.024767
1565.000000 0.010698
1566.000000 0.003186
1567.000000 0.013427
1568.000000 -0.014605
1569.000000 -0.052667
1570.000000 -0.087888
1571.000000 -0.116648
1572.000000 -0.115492
1573.000000 -0.111416
1574.000000 -0.111297
1575.000000 -0.135406
1576.000000 -0.207305
1577.000000 -0.303842
1578.000000 -0.404688
1579.000000 -0.476739
1580.000000 -0.520704
1581.000000 -0.514397
1582.000000 -0.471831
1583.000000 -0.426134
1584.000000 -0.382641
1585.000000 -0.375704
1586.000000 -0.409999
1587.000000 -0.439867
1588.000000 -0.476558
1589.000000 -0.486460
1590.000000 -0.455864
1591.000000 -0.426927
1592.000000 -0.353474
1593.000000 -0.305471
1594.000000 -0.276245
1595.000000 -0.231840
1596.000000 -0.218915
1597.000000 -0.199156
1598.000000 -0.134968
1599.000000 -0.107581
1600.000000 -0.076746
