1.000000 0.000000
2.000000 0.000000
3.000000 0.000000
4.000000 0.000000
5.000000 0.000000
6.000000 0.000000
7.000000 0.000000
8.000000 0.000000
9.000000 0.000000
10.000000 0.000000
11.000000 0.000000
12.000000 0.000000
13.000000 0.000000
14.000000 0.000000
15.000000 0.000000
16.000000 0.000000
17.000000 0.000000
18.000000 0.000000
19.000000 0.000000
20.000000 0.134165
21.000000 0.371515
22.000000 0.604801
23.000000 0.785116
24.000000 0.892133
25.000000 0.942410
26.000000 0.960619
27.000000 0.965701
28.000000 0.960750
29.000000 0.955084
30.000000 0.955497
31.000000 0.965394
32.000000 0.982190
33.000000 1.000451
34.000000 1.015403
35.000000 1.025797
36.000000 1.031291
37.000000 1.032024
38.000000 1.028463
39.000000 1.021859
40.000000 1.014028
41.000000 1.006722
42.000000 1.000918
43.000000 0.996961
44.000000 0.994819
45.000000 0.994283
46.000000 0.994983
47.000000 0.996426
48.000000 0.998093
49.000000 0.999600
50.000000 1.000742
51.000000 1.001457
52.000000 1.001767
53.000000 1.001743
54.000000 1.001492
55.000000 1.001132
56.000000 1.000767
57.000000 1.000462
58.000000 1.000247
59.000000 1.000124
60.000000 1.000078
61.000000 1.000088
62.000000 1.000129
63.000000 1.000177
64.000000 1.000215
65.000000 1.000235
66.000000 1.000235
67.000000 1.000218
68.000000 1.000191
69.000000 1.000159
70.000000 1.000128
71.000000 1.000101
72.000000 1.000081
73.000000 1.000067
74.000000 1.000060
75.000000 1.000056
76.000000 1.000055
77.000000 1.000055
78.000000 1.000055
79.000000 1.000053
80.000000 1.000050
81.000000 1.000046
82.000000 1.000042
83.000000 1.000037
84.000000 1.000033
85.000000 1.000029
86.000000 1.000025
87.000000 1.000022
88.000000 1.000020
89.000000 1.000018
90.000000 1.000017
91.000000 1.000016
92.000000 1.000015
93.000000 1.000014
94.000000 1.000013
95.000000 1.000012
96.000000 1.000011
97.000000 1.000010
98.000000 1.000009
99.000000 1.000008
100.000000 1.000007
101.000000 1.000007
102.000000 1.000006
103.000000 1.000005
104.000000 1.000005
105.000000 1.000005
106.000000 1.000004
107.000000 1.000004
108.000000 1.000004
109.000000 1.000003
110.000000 1.000003
111.000000 1.000003
112.000000 1.000002
113.000000 1.000002
114.000000 1.000002
115.000000 1.000002
116.000000 1.000002
117.000000 1.000002
118.000000 1.000001
119.000000 1.000001
120.000000 1.000001
121.000000 1.000001
122.000000 1.000001
123.000000 1.000001
124.000000 1.000001
125.000000 1.000001
126.000000 1.000001
127.000000 1.000001
128.000000 1.000001
129.000000 1.000001
130.000000 1.000001
131.000000 1.000000
132.000000 1.000000
133.000000 1.000000
134.000000 1.000000
135.000000 1.000000
136.000000 1.000000
137.000000 1.000000
138.000000 1.000000
139.000000 1.000000
140.000000 1.000000
141.000000 1.000000
142.000000 1.000000
143.000000 1.000000
144.000000 1.000000
145.000000 1.000000
146.000000 1.000000
147.000000 1.000000
148.000000 1.000000
149.000000 1.000000
150.000000 1.000000
151.000000 1.000000
152.000000 1.000000
153.000000 1.000000
154.000000 1.000000
155.000000 1.000012
156.000000 1.000056
157.000000 1.000106
158.000000 1.000138
159.000000 1.000135
160.000000 1.000102
161.000000 1.000056
162.000000 1.000016
163.000000 0.999984
164.000000 0.999962
165.000000 0.999954
166.000000 0.999963
167.000000 0.999986
168.000000 1.000016
169.000000 1.000041
170.000000 1.000058
171.000000 1.000065
172.000000 1.000063
173.000000 1.000051
174.000000 1.000033
175.000000 1.000011
176.000000 0.999990
177.000000 0.999974
178.000000 0.999963
179.000000 0.999958
180.000000 0.999958
181.000000 0.999963
182.000000 0.999971
183.000000 0.999981
184.000000 0.999990
185.000000 0.999997
186.000000 1.000002
187.000000 1.000005
188.000000 1.000006
189.000000 1.000006
190.000000 1.000004
191.000000 1.000003
192.000000 1.000001
193.000000 0.999999
194.000000 0.999998
195.000000 0.999998
196.000000 0.999998
197.000000 0.999998
198.000000 0.999998
199.000000 0.999999
200.000000 0.999999
201.000000 1.000000
202.000000 1.000000
203.000000 1.000000
204.000000 1.000000
205.000000 1.000000
206.000000 1.000000
207.000000 1.000000
208.000000 1.000000
209.000000 1.000000
210.000000 1.000000
211.000000 1.000000
212.000000 1.000000
213.000000 1.000000
214.000000 1.000000
215.000000 1.000000
216.000000 1.000000
217.000000 1.000000
218.000000 1.000000
219.000000 1.000000
220.000000 1.000000
221.000000 1.000000
222.000000 1.000000
223.000000 1.000000
224.000000 1.000000
225.000000 1.000000
226.000000 1.000000
227.000000 1.000000
228.000000 1.000000
229.000000 1.000000
230.000000 1.000000
231.000000 1.000000
232.000000 1.000000
233.000000 1.000000
234.000000 1.000000
235.000000 1.000000
236.000000 1.000000
237.000000 1.000000
238.000000 1.000000
239.000000 1.000000
240.000000 1.000000
241.000000 1.000000
242.000000 1.000000
243.000000 1.000000
244.000000 1.000000
245.000000 1.000000
246.000000 1.000000
247.000000 1.000000
248.000000 1.000000
249.000000 1.000000
250.000000 1.000000
251.000000 1.000000
252.000000 1.000000
253.000000 1.000000
254.000000 1.000000
255.000000 1.000000
256.000000 1.000000
257.000000 1.000000
258.000000 1.000000
259.000000 1.000000
260.000000 1.000000
261.000000 1.000000
262.000000 1.000000
263.000000 1.000000
264.000000 1.000000
265.000000 1.000000
266.000000 1.000000
267.000000 1.000000
268.000000 1.000000
269.000000 1.000000
270.000000 1.000000
271.000000 1.000000
272.000000 1.000000
273.000000 1.000000
274.000000 1.000000
275.000000 1.000000
276.000000 1.000000
277.000000 1.000000
278.000000 1.000000
279.000000 1.000000
280.000000 1.000000
281.000000 1.000000
282.000000 1.000000
283.000000 1.000000
284.000000 1.000000
285.000000 1.000000
286.000000 1.000000
287.000000 1.000000
288.000000 1.000000
289.000000 1.000000
290.000000 1.000000
291.000000 1.000000
292.000000 1.000000
293.000000 1.000000
294.000000 1.000000
295.000000 1.000000
296.000000 1.000000
297.000000 1.000000
298.000000 1.000000
299.000000 1.000000
300.000000 1.000000
301.000000 1.000000
302.000000 1.000000
303.000000 1.000000
304.000000 1.000000
305.000000 1.000000
306.000000 1.000000
307.000000 1.000000
308.000000 1.000000
309.000000 1.000000
310.000000 1.000000
311.000000 1.000000
312.000000 1.000000
313.000000 1.000000
314.000000 1.000000
315.000000 1.000000
316.000000 1.000000
317.000000 1.000000
318.000000 1.000000
319.000000 1.000000
320.000000 1.000000
321.000000 1.000000
322.000000 1.000000
323.000000 1.000000
324.000000 1.000000
325.000000 1.000000
326.000000 1.000000
327.000000 1.000000
328.000000 1.000000
329.000000 1.000000
330.000000 1.000000
331.000000 1.000000
332.000000 1.000000
333.000000 1.000000
334.000000 1.000000
335.000000 1.000000
336.000000 1.000000
337.000000 1.000000
338.000000 1.000000
339.000000 1.000000
340.000000 1.000000
341.000000 1.000000
342.000000 1.000000
343.000000 1.000000
344.000000 1.000000
345.000000 1.000000
346.000000 1.000000
347.000000 1.000000
348.000000 1.000000
349.000000 1.000000
350.000000 1.000000
351.000000 1.000000
352.000000 1.000000
353.000000 1.000000
354.000000 1.000000
355.000000 1.000000
356.000000 1.000000
357.000000 1.000000
358.000000 1.000000
359.000000 1.000000
360.000000 1.000000
361.000000 1.000000
362.000000 1.000000
363.000000 1.000000
364.000000 1.000000
365.000000 1.000000
366.000000 1.000000
367.000000 1.000000
368.000000 1.000000
369.000000 1.000000
370.000000 1.000000
371.000000 1.000000
372.000000 1.000000
373.000000 1.000000
374.000000 1.000000
375.000000 1.000000
376.000000 1.000000
377.000000 1.000000
378.000000 1.000000
379.000000 1.000000
380.000000 1.000000
381.000000 1.000000
382.000000 1.000000
383.000000 1.000000
384.000000 1.000000
385.000000 1.000000
386.000000 1.000000
387.000000 1.000000
388.000000 1.000000
389.000000 1.000000
390.000000 1.000000
391.000000 1.000000
392.000000 1.000000
393.000000 1.000000
394.000000 1.000000
395.000000 1.000000
396.000000 1.000000
397.000000 1.000000
398.000000 1.000000
399.000000 1.000000
400.000000 1.000000
401.000000 1.000000
402.000000 1.000000
403.000000 1.000000
404.000000 1.000000
405.000000 1.000000
406.000000 1.010719
407.000000 1.162226
408.000000 1.329980
409.000000 1.452042
410.000000 1.509608
411.000000 1.513091
412.000000 1.481387
413.000000 1.429697
414.000000 1.349158
415.000000 1.256317
416.000000 1.170540
417.000000 1.104353
418.000000 1.060380
419.000000 1.034878
420.000000 1.022350
421.000000 1.021001
422.000000 1.027404
423.000000 1.036853
424.000000 1.045090
425.000000 1.049815
426.000000 1.050762
427.000000 1.048823
428.000000 1.044689
429.000000 1.039060
430.000000 1.032813
431.000000 1.026871
432.000000 1.021892
433.000000 1.018101
434.000000 1.015366
435.000000 1.013462
436.000000 1.012176
437.000000 1.011295
438.000000 1.010606
439.000000 1.009935
440.000000 1.009186
441.000000 1.008351
442.000000 1.007467
443.000000 1.006582
444.000000 1.005735
445.000000 1.004961
446.000000 1.004288
447.000000 1.003729
448.000000 1.003277
449.000000 1.002915
450.000000 1.002622
451.000000 1.002377
452.000000 1.002164
453.000000 1.001971
454.000000 1.001789
455.000000 1.001614
456.000000 1.001446
457.000000 1.001288
458.000000 1.001142
459.000000 1.001009
460.000000 1.000892
461.000000 1.000789
462.000000 1.000701
463.000000 1.000625
464.000000 1.000559
465.000000 1.000502
466.000000 1.000452
467.000000 1.000407
468.000000 1.000367
469.000000 1.000330
470.000000 1.000296
471.000000 1.000266
472.000000 1.000238
473.000000 1.000213
474.000000 1.000190
475.000000 1.000170
476.000000 1.000152
477.000000 1.000136
478.000000 1.000123
479.000000 1.000110
480.000000 1.000099
481.000000 1.000089
482.000000 1.000081
483.000000 1.000073
484.000000 1.000065
485.000000 1.000059
486.000000 1.000053
487.000000 1.000048
488.000000 1.000043
489.000000 1.000039
490.000000 1.000035
491.000000 1.000031
492.000000 1.000028
493.000000 1.000026
494.000000 1.000023
495.000000 1.000021
496.000000 1.000019
497.000000 1.000017
498.000000 1.000016
499.000000 1.000014
500.000000 1.000013
501.000000 1.000012
502.000000 1.000010
503.000000 1.000009
504.000000 1.000009
505.000000 1.000008
506.000000 0.935604
507.000000 0.854805
508.000000 0.780100
509.000000 0.720458
510.000000 0.681340
511.000000 0.657072
512.000000 0.640041
513.000000 0.624577
514.000000 0.606918
515.000000 0.586540
516.000000 0.564889
517.000000 0.543394
518.000000 0.524002
519.000000 0.508496
520.000000 0.497888
521.000000 0.492354
522.000000 0.491207
523.000000 0.493203
524.000000 0.497042
525.000000 0.501526
526.000000 0.505678
527.000000 0.508845
528.000000 0.510714
529.000000 0.511286
530.000000 0.510794
531.000000 0.509577
532.000000 0.507982
533.000000 0.506313
534.000000 0.504796
535.000000 0.503566
536.000000 0.502673
537.000000 0.502096
538.000000 0.501769
539.000000 0.501613
540.000000 0.501551
541.000000 0.501511
542.000000 0.501526
543.000000 0.501547
544.000000 0.501516
545.000000 0.501409
546.000000 0.501233
547.000000 0.501018
548.000000 0.500796
549.000000 0.500569
550.000000 0.500348
551.000000 0.500157
552.000000 0.500017
553.000000 0.499935
554.000000 0.499904
555.000000 0.499909
556.000000 0.499941
557.000000 0.499991
558.000000 0.500048
559.000000 0.500099
560.000000 0.500136
561.000000 0.500157
562.000000 0.500162
563.000000 0.500154
564.000000 0.500137
565.000000 0.500114
566.000000 0.500090
567.000000 0.500068
568.000000 0.500049
569.000000 0.500036
570.000000 0.500027
571.000000 0.500022
572.000000 0.500020
573.000000 0.500020
574.000000 0.500021
575.000000 0.500021
576.000000 0.500021
577.000000 0.500021
578.000000 0.500019
579.000000 0.500017
580.000000 0.500015
581.000000 0.500013
582.000000 0.500011
583.000000 0.500010
584.000000 0.500008
585.000000 0.500008
586.000000 0.500007
587.000000 0.500006
588.000000 0.500006
589.000000 0.500006
590.000000 0.500005
591.000000 0.500005
592.000000 0.500004
593.000000 0.500004
594.000000 0.500004
595.000000 0.500003
596.000000 0.500003
597.000000 0.500003
598.000000 0.500002
599.000000 0.500002
600.000000 0.500002
601.000000 0.500002
602.000000 0.500002
603.000000 0.500001
604.000000 0.500001
605.000000 0.500001
606.000000 0.500001
607.000000 0.500001
608.000000 0.500001
609.000000 0.500001
610.000000 0.500001
611.000000 0.500001
612.000000 0.500001
613.000000 0.500001
614.000000 0.500001
615.000000 0.500000
616.000000 0.500000
617.000000 0.500000
618.000000 0.500000
619.000000 0.500000
620.000000 0.500000
621.000000 0.500000
622.000000 0.500000
623.000000 0.500000
624.000000 0.500000
625.000000 0.500000
626.000000 0.500000
627.000000 0.500000
628.000000 0.500000
629.000000 0.500000
630.000000 0.500000
631.000000 0.500000
632.000000 0.500000
633.000000 0.500000
634.000000 0.500000
635.000000 0.500000
636.000000 0.500000
637.000000 0.500000
638.000000 0.500000
639.000000 0.500000
640.000000 0.500000
641.000000 0.499991
642.000000 0.499983
643.000000 0.499980
644.000000 0.499983
645.000000 0.499990
646.000000 0.499999
647.000000 0.500004
648.000000 0.500002
649.000000 0.499990
650.000000 0.499969
651.000000 0.499943
652.000000 0.499917
653.000000 0.499895
654.000000 0.499880
655.000000 0.499876
656.000000 0.499882
657.000000 0.499897
658.000000 0.499919
659.000000 0.499944
660.000000 0.499969
661.000000 0.499991
662.000000 0.500008
663.000000 0.500020
664.000000 0.500025
665.000000 0.500025
666.000000 0.500021
667.000000 0.500016
668.000000 0.500009
669.000000 0.500003
670.000000 0.499998
671.000000 0.499994
672.000000 0.499992
673.000000 0.499992
674.000000 0.499993
675.000000 0.499994
676.000000 0.499996
677.000000 0.499997
678.000000 0.499999
679.000000 0.500000
680.000000 0.500000
681.000000 0.500000
682.000000 0.500000
683.000000 0.500000
684.000000 0.500000
685.000000 0.500000
686.000000 0.499999
687.000000 0.499999
688.000000 0.499999
689.000000 0.499999
690.000000 0.499999
691.000000 0.500000
692.000000 0.500000
693.000000 0.500000
694.000000 0.500000
695.000000 0.500000
696.000000 0.500000
697.000000 0.500000
698.000000 0.500000
699.000000 0.500000
700.000000 0.500000
701.000000 0.500000
702.000000 0.500000
703.000000 0.500000
704.000000 0.500000
705.000000 0.500000
706.000000 0.500000
707.000000 0.500000
708.000000 0.500000
709.000000 0.500000
710.000000 0.500000
711.000000 0.500000
712.000000 0.500000
713.000000 0.500000
714.000000 0.500000
715.000000 0.500000
716.000000 0.500000
717.000000 0.500000
718.000000 0.500000
719.000000 0.500000
720.000000 0.500000
721.000000 0.500000
722.000000 0.500000
723.000000 0.500000
724.000000 0.500000
725.000000 0.500000
726.000000 0.500000
727.000000 0.500000
728.000000 0.500000
729.000000 0.500000
730.000000 0.500000
731.000000 0.500000
732.000000 0.500000
733.000000 0.500000
734.000000 0.500000
735.000000 0.500000
736.000000 0.500000
737.000000 0.500000
738.000000 0.500000
739.000000 0.500000
740.000000 0.500000
741.000000 0.500000
742.000000 0.500000
743.000000 0.500000
744.000000 0.500000
745.000000 0.500000
746.000000 0.500000
747.000000 0.500000
748.000000 0.500000
749.000000 0.500000
750.000000 0.500000
751.000000 0.500000
752.000000 0.500000
753.000000 0.500000
754.000000 0.500000
755.000000 0.500000
756.000000 0.500000
757.000000 0.500000
758.000000 0.500000
759.000000 0.500000
760.000000 0.500000
761.000000 0.500000
762.000000 0.500000
763.000000 0.500000
764.000000 0.500000
765.000000 0.500000
766.000000 0.500000
767.000000 0.500000
768.000000 0.500000
769.000000 0.500000
770.000000 0.500000
771.000000 0.500000
772.000000 0.500000
773.000000 0.500000
774.000000 0.500000
775.000000 0.500000
776.000000 0.500000
777.000000 0.500000
778.000000 0.500000
779.000000 0.500000
780.000000 0.500000
781.000000 0.500000
782.000000 0.500000
783.000000 0.500000
784.000000 0.500000
785.000000 0.500000
786.000000 0.500000
787.000000 0.500000
788.000000 0.500000
789.000000 0.500000
790.000000 0.500000
791.000000 0.500000
792.000000 0.500000
793.000000 0.500000
794.000000 0.500000
795.000000 0.500000
796.000000 0.500000
797.000000 0.500000
798.000000 0.500000
799.000000 0.500000
800.000000 0.500000
801.000000 0.500000
802.000000 0.500000
803.000000 0.500000
804.000000 0.500000
805.000000 0.500000
806.000000 0.556364
807.000000 0.523532
808.000000 0.472420
809.000000 0.440516
810.000000 0.436459
811.000000 0.458114
812.000000 0.498922
813.000000 0.553153
814.000000 0.631217
815.000000 0.721225
816.000000 0.807209
817.000000 0.878344
818.000000 0.930715
819.000000 0.965348
820.000000 0.985352
821.000000 0.991897
822.000000 0.988242
823.000000 0.979159
824.000000 0.969142
825.000000 0.961114
826.000000 0.956252
827.000000 0.954538
828.000000 0.955770
829.000000 0.959420
830.000000 0.964597
831.000000 0.970271
832.000000 0.975599
833.000000 0.980111
834.000000 0.983681
835.000000 0.986338
836.000000 0.988195
837.000000 0.989434
838.000000 0.990277
839.000000 0.990937
840.000000 0.991560
841.000000 0.992215
842.000000 0.992916
843.000000 0.993649
844.000000 0.994389
845.000000 0.995100
846.000000 0.995751
847.000000 0.996316
848.000000 0.996788
849.000000 0.997174
850.000000 0.997486
851.000000 0.997740
852.000000 0.997953
853.000000 0.998138
854.000000 0.998307
855.000000 0.998466
856.000000 0.998618
857.000000 0.998762
858.000000 0.998898
859.000000 0.999024
860.000000 0.999138
861.000000 0.999239
862.000000 0.999327
863.000000 0.999403
864.000000 0.999468
865.000000 0.999524
866.000000 0.999573
867.000000 0.999616
868.000000 0.999654
869.000000 0.999689
870.000000 0.999720
871.000000 0.999749
872.000000 0.999775
873.000000 0.999799
874.000000 0.999820
875.000000 0.999839
876.000000 0.999856
877.000000 0.999871
878.000000 0.999885
879.000000 0.999897
880.000000 0.999907
881.000000 0.999916
882.000000 0.999925
883.000000 0.999932
884.000000 0.999939
885.000000 0.999945
886.000000 0.999951
887.000000 0.999956
888.000000 0.999960
889.000000 0.999964
890.000000 0.999968
891.000000 0.999971
892.000000 0.999974
893.000000 0.999976
894.000000 0.999979
895.000000 0.999981
896.000000 0.999983
897.000000 0.999984
898.000000 0.999986
899.000000 0.999987
900.000000 0.999988
901.000000 0.999989
902.000000 0.999990
903.000000 0.999991
904.000000 0.999992
905.000000 0.999993
906.000000 0.999994
907.000000 0.999994
908.000000 0.999995
909.000000 0.999995
910.000000 0.999996
911.000000 0.999996
912.000000 0.999996
913.000000 0.999997
914.000000 0.999997
915.000000 0.999997
916.000000 0.999998
917.000000 0.999998
918.000000 0.999998
919.000000 0.999998
920.000000 0.999998
921.000000 0.999998
922.000000 0.999999
923.000000 0.999999
924.000000 0.999999
925.000000 0.999999
926.000000 0.999999
927.000000 0.999999
928.000000 0.999999
929.000000 0.999999
930.000000 0.999999
931.000000 0.999999
932.000000 0.999999
933.000000 0.999999
934.000000 1.000000
935.000000 1.000000
936.000000 1.000000
937.000000 1.000000
938.000000 1.000000
939.000000 1.000000
940.000000 1.000000
941.000000 1.000017
942.000000 0.999985
943.000000 0.999920
944.000000 0.999863
945.000000 0.999837
946.000000 0.999851
947.000000 0.999898
948.000000 0.999967
949.000000 1.000063
950.000000 1.000181
951.000000 1.000296
952.000000 1.000388
953.000000 1.000442
954.000000 1.000456
955.000000 1.000435
956.000000 1.000385
957.000000 1.000313
958.000000 1.000229
959.000000 1.000145
960.000000 1.000073
961.000000 1.000018
962.000000 0.999981
963.000000 0.999961
964.000000 0.999957
965.000000 0.999963
966.000000 0.999977
967.000000 0.999993
968.000000 1.000007
969.000000 1.000018
970.000000 1.000025
971.000000 1.000028
972.000000 1.000028
973.000000 1.000024
974.000000 1.000020
975.000000 1.000015
976.000000 1.000010
977.000000 1.000007
978.000000 1.000004
979.000000 1.000003
980.000000 1.000002
981.000000 1.000002
982.000000 1.000002
983.000000 1.000003
984.000000 1.000003
985.000000 1.000003
986.000000 1.000002
987.000000 1.000002
988.000000 1.000002
989.000000 1.000001
990.000000 1.000001
991.000000 1.000001
992.000000 1.000000
993.000000 1.000000
994.000000 1.000000
995.000000 1.000000
996.000000 1.000000
997.000000 1.000000
998.000000 1.000000
999.000000 1.000000
1000.000000 1.000000
1001.000000 1.000000
1002.000000 1.000000
1003.000000 1.000000
1004.000000 1.000000
1005.000000 1.000000
1006.000000 1.000000
1007.000000 1.000000
1008.000000 1.000000
1009.000000 1.000000
1010.000000 1.000000
1011.000000 1.000000
1012.000000 1.000000
1013.000000 1.000000
1014.000000 1.000000
1015.000000 1.000000
1016.000000 1.000000
1017.000000 1.000000
1018.000000 1.000000
1019.000000 1.000000
1020.000000 1.000000
1021.000000 1.000000
1022.000000 1.000000
1023.000000 1.000000
1024.000000 1.000000
1025.000000 1.000000
1026.000000 1.000000
1027.000000 1.000000
1028.000000 1.000000
1029.000000 1.000000
1030.000000 1.000000
1031.000000 1.000000
1032.000000 1.000000
1033.000000 1.000000
1034.000000 1.000000
1035.000000 1.000000
1036.000000 1.000000
1037.000000 1.000000
1038.000000 1.000000
1039.000000 1.000000
1040.000000 1.000000
1041.000000 1.000000
1042.000000 1.000000
1043.000000 1.000000
1044.000000 1.000000
1045.000000 1.000000
1046.000000 1.000000
1047.000000 1.000000
1048.000000 1.000000
1049.000000 1.000000
1050.000000 1.000000
1051.000000 1.000000
1052.000000 1.000000
1053.000000 1.000000
1054.000000 1.000000
1055.000000 1.000000
1056.000000 1.000000
1057.000000 1.000000
1058.000000 1.000000
1059.000000 1.000000
1060.000000 1.000000
1061.000000 1.000000
1062.000000 1.000000
1063.000000 1.000000
1064.000000 1.000000
1065.000000 1.000000
1066.000000 1.000000
1067.000000 1.000000
1068.000000 1.000000
1069.000000 1.000000
1070.000000 1.000000
1071.000000 1.000000
1072.000000 1.000000
1073.000000 1.000000
1074.000000 1.000000
1075.000000 1.000000
1076.000000 1.000000
1077.000000 1.000000
1078.000000 1.000000
1079.000000 1.000000
1080.000000 1.000000
1081.000000 1.000000
1082.000000 1.000000
1083.000000 1.000000
1084.000000 1.000000
1085.000000 1.000000
1086.000000 1.000000
1087.000000 1.000000
1088.000000 1.000001
1089.000000 1.000001
1090.000000 1.000000
1091.000000 1.000000
1092.000000 1.000000
1093.000000 1.000000
1094.000000 1.000000
1095.000000 1.000000
1096.000000 1.000000
1097.000000 1.000000
1098.000000 1.000000
1099.000000 1.000000
1100.000000 1.000000
1101.000000 1.000000
1102.000000 1.000000
1103.000000 1.000000
1104.000000 1.000000
1105.000000 1.000000
1106.000000 1.000000
1107.000000 1.000000
1108.000000 1.000000
1109.000000 1.000000
1110.000000 1.000000
1111.000000 1.000000
1112.000000 1.000000
1113.000000 1.000000
1114.000000 1.000000
1115.000000 1.000000
1116.000000 1.000000
1117.000000 1.000000
1118.000000 1.000000
1119.000000 1.000000
1120.000000 1.000000
1121.000000 1.000000
1122.000000 1.000000
1123.000000 1.000000
1124.000000 1.000000
1125.000000 1.000000
1126.000000 1.000000
1127.000000 1.000000
1128.000000 1.000000
1129.000000 1.000000
1130.000000 1.000000
1131.000000 1.000000
1132.000000 1.000000
1133.000000 1.000000
1134.000000 1.000000
1135.000000 1.000000
1136.000000 1.000000
1137.000000 1.000000
1138.000000 1.000000
1139.000000 1.000000
1140.000000 1.000000
1141.000000 1.000000
1142.000000 1.000000
1143.000000 1.000000
1144.000000 1.000000
1145.000000 1.000000
1146.000000 1.000000
1147.000000 1.000000
1148.000000 1.000000
1149.000000 1.000000
1150.000000 1.000000
1151.000000 1.000000
1152.000000 1.000000
1153.000000 1.000000
1154.000000 1.000000
1155.000000 1.000000
1156.000000 1.000000
1157.000000 1.000000
1158.000000 1.000000
1159.000000 1.000000
1160.000000 1.000000
1161.000000 1.000000
1162.000000 1.000000
1163.000000 1.000000
1164.000000 1.000000
1165.000000 1.000000
1166.000000 1.000000
1167.000000 1.000000
1168.000000 1.000000
1169.000000 1.000000
1170.000000 1.000000
1171.000000 1.000000
1172.000000 1.000000
1173.000000 1.000000
1174.000000 1.000000
1175.000000 1.000000
1176.000000 1.000000
1177.000000 1.000000
1178.000000 1.000000
1179.000000 1.000000
1180.000000 1.000000
1181.000000 1.000000
1182.000000 1.000000
1183.000000 1.000000
1184.000000 1.000000
1185.000000 1.000000
1186.000000 1.000000
1187.000000 1.000000
1188.000000 1.000000
1189.000000 1.000000
1190.000000 1.000000
1191.000000 1.000000
1192.000000 1.000000
1193.000000 1.000000
1194.000000 1.000000
1195.000000 1.000000
1196.000000 1.000000
1197.000000 1.000000
1198.000000 1.000000
1199.000000 1.000000
1200.000000 1.000000
1201.000000 1.000000
1202.000000 1.000000
1203.000000 1.000000
1204.000000 1.000000
1205.000000 1.000000
1206.000000 0.994641
1207.000000 0.918887
1208.000000 0.835010
1209.000000 0.773979
1210.000000 0.745196
1211.000000 0.743454
1212.000000 0.759306
1213.000000 0.785151
1214.000000 0.825421
1215.000000 0.871842
1216.000000 0.914730
1217.000000 0.947823
1218.000000 0.969810
1219.000000 0.982561
1220.000000 0.988825
1221.000000 0.989500
1222.000000 0.986298
1223.000000 0.981573
1224.000000 0.977455
1225.000000 0.975092
1226.000000 0.974619
1227.000000 0.975589
1228.000000 0.977655
1229.000000 0.980470
1230.000000 0.983594
1231.000000 0.986565
1232.000000 0.989054
1233.000000 0.990949
1234.000000 0.992317
1235.000000 0.993269
1236.000000 0.993912
1237.000000 0.994353
1238.000000 0.994697
1239.000000 0.995033
1240.000000 0.995407
1241.000000 0.995825
1242.000000 0.996266
1243.000000 0.996709
1244.000000 0.997133
1245.000000 0.997519
1246.000000 0.997856
1247.000000 0.998136
1248.000000 0.998362
1249.000000 0.998542
1250.000000 0.998689
1251.000000 0.998812
1252.000000 0.998918
1253.000000 0.999015
1254.000000 0.999106
1255.000000 0.999193
1256.000000 0.999277
1257.000000 0.999356
1258.000000 0.999429
1259.000000 0.999495
1260.000000 0.999554
1261.000000 0.999605
1262.000000 0.999650
1263.000000 0.999688
1264.000000 0.999720
1265.000000 0.999749
1266.000000 0.999774
1267.000000 0.999796
1268.000000 0.999817
1269.000000 0.999835
1270.000000 0.999852
1271.000000 0.999867
1272.000000 0.999881
1273.000000 0.999894
1274.000000 0.999905
1275.000000 0.999915
1276.000000 0.999924
1277.000000 0.999932
1278.000000 0.999939
1279.000000 0.999945
1280.000000 0.999950
1281.000000 0.999955
1282.000000 0.999960
1283.000000 0.999964
1284.000000 0.999967
1285.000000 0.999971
1286.000000 0.999973
1287.000000 0.999976
1288.000000 0.999979
1289.000000 0.999981
1290.000000 0.999983
1291.000000 0.999984
1292.000000 0.999986
1293.000000 0.999987
1294.000000 0.999988
1295.000000 0.999990
1296.000000 0.999991
1297.000000 0.999991
1298.000000 0.999992
1299.000000 0.999993
1300.000000 0.999994
1301.000000 0.999994
1302.000000 0.999995
1303.000000 0.999995
1304.000000 0.999996
1305.000000 0.999996
1306.000000 1.064399
1307.000000 1.145198
1308.000000 1.219903
1309.000000 1.279545
1310.000000 1.318662
1311.000000 1.342930
1312.000000 1.359961
1313.000000 1.375424
1314.000000 1.393084
1315.000000 1.413461
1316.000000 1.435112
1317.000000 1.456607
1318.000000 1.475999
1319.000000 1.491505
1320.000000 1.502113
1321.000000 1.507647
1322.000000 1.508794
1323.000000 1.506798
1324.000000 1.502958
1325.000000 1.498475
1326.000000 1.494323
1327.000000 1.491155
1328.000000 1.489286
1329.000000 1.488715
1330.000000 1.489206
1331.000000 1.490423
1332.000000 1.492018
1333.000000 1.493687
1334.000000 1.495205
1335.000000 1.496434
1336.000000 1.497327
1337.000000 1.497905
1338.000000 1.498232
1339.000000 1.498388
1340.000000 1.498449
1341.000000 1.498484
1342.000000 1.498495
1343.000000 1.498519
1344.000000 1.498587
1345.000000 1.498706
1346.000000 1.498867
1347.000000 1.499047
1348.000000 1.499225
1349.000000 1.499396
1350.000000 1.499552
1351.000000 1.499683
1352.000000 1.499780
1353.000000 1.499841
1354.000000 1.499872
1355.000000 1.499884
1356.000000 1.499880
1357.000000 1.499868
1358.000000 1.499853
1359.000000 1.499841
1360.000000 1.499835
1361.000000 1.499837
1362.000000 1.499845
1363.000000 1.499859
1364.000000 1.499875
1365.000000 1.499893
1366.000000 1.499911
1367.000000 1.499927
1368.000000 1.499940
1369.000000 1.499950
1370.000000 1.499958
1371.000000 1.499963
1372.000000 1.499966
1373.000000 1.499969
1374.000000 1.499971
1375.000000 1.499973
1376.000000 1.499975
1377.000000 1.499977
1378.000000 1.499979
1379.000000 1.499981
1380.000000 1.499983
1381.000000 1.499985
1382.000000 1.499987
1383.000000 1.499989
1384.000000 1.499990
1385.000000 1.499991
1386.000000 1.499992
1387.000000 1.499992
1388.000000 1.499993
1389.000000 1.499994
1390.000000 1.499994
1391.000000 1.499995
1392.000000 1.499995
1393.000000 1.499996
1394.000000 1.499996
1395.000000 1.499997
1396.000000 1.499997
1397.000000 1.499997
1398.000000 1.499998
1399.000000 1.499998
1400.000000 1.499998
1401.000000 1.499998
1402.000000 1.499998
1403.000000 1.499999
1404.000000 1.499999
1405.000000 1.499999
1406.000000 1.499999
1407.000000 1.499999
1408.000000 1.499999
1409.000000 1.499999
1410.000000 1.499999
1411.000000 1.499999
1412.000000 1.499999
1413.000000 1.499999
1414.000000 1.499999
1415.000000 1.500000
1416.000000 1.500000
1417.000000 1.500000
1418.000000 1.500000
1419.000000 1.500000
1420.000000 1.500000
1421.000000 1.500000
1422.000000 1.500000
1423.000000 1.500000
1424.000000 1.500000
1425.000000 1.500000
1426.000000 1.500000
1427.000000 1.500000
1428.000000 1.500000
1429.000000 1.500000
1430.000000 1.500000
1431.000000 1.500000
1432.000000 1.500000
1433.000000 1.500000
1434.000000 1.500000
1435.000000 1.500000
1436.000000 1.500000
1437.000000 1.500000
1438.000000 1.500000
1439.000000 1.500000
1440.000000 1.500000
1441.000000 1.500009
1442.000000 1.500017
1443.000000 1.500020
1444.000000 1.500017
1445.000000 1.500010
1446.000000 1.500001
1447.000000 1.499996
1448.000000 1.499998
1449.000000 1.500010
1450.000000 1.500031
1451.000000 1.500057
1452.000000 1.500083
1453.000000 1.500105
1454.000000 1.500120
1455.000000 1.500124
1456.000000 1.500118
1457.000000 1.500103
1458.000000 1.500081
1459.000000 1.500056
1460.000000 1.500031
1461.000000 1.500009
1462.000000 1.499992
1463.000000 1.499980
1464.000000 1.499975
1465.000000 1.499975
1466.000000 1.499979
1467.000000 1.499984
1468.000000 1.499991
1469.000000 1.499997
1470.000000 1.500002
1471.000000 1.500006
1472.000000 1.500008
1473.000000 1.500008
1474.000000 1.500007
1475.000000 1.500006
1476.000000 1.500004
1477.000000 1.500003
1478.000000 1.500001
1479.000000 1.500000
1480.000000 1.500000
1481.000000 1.500000
1482.000000 1.500000
1483.000000 1.500000
1484.000000 1.500000
1485.000000 1.500000
1486.000000 1.500001
1487.000000 1.500001
1488.000000 1.500001
1489.000000 1.500001
1490.000000 1.500000
1491.000000 1.500000
1492.000000 1.500000
1493.000000 1.500000
1494.000000 1.500000
1495.000000 1.500000
1496.000000 1.500000
1497.000000 1.500000
1498.000000 1.500000
1499.000000 1.500000
1500.000000 1.500000
1501.000000 1.500000
1502.000000 1.500000
1503.000000 1.500000
1504.000000 1.500000
1505.000000 1.500000
1506.000000 1.500000
1507.000000 1.500000
1508.000000 1.500000
1509.000000 1.500000
1510.000000 1.500000
1511.000000 1.500000
1512.000000 1.500000
1513.000000 1.500000
1514.000000 1.500000
1515.000000 1.500000
1516.000000 1.500000
1517.000000 1.500000
1518.000000 1.500000
1519.000000 1.500000
1520.000000 1.500000
1521.000000 1.500000
1522.000000 1.500000
1523.000000 1.500000
1524.000000 1.500000
1525.000000 1.500000
1526.000000 1.500000
1527.000000 1.500000
1528.000000 1.500000
1529.000000 1.500000
1530.000000 1.500000
1531.000000 1.500000
1532.000000 1.500000
1533.000000 1.500000
1534.000000 1.500000
1535.000000 1.500000
1536.000000 1.500000
1537.000000 1.500000
1538.000000 1.500000
1539.000000 1.500000
1540.000000 1.500000
1541.000000 1.500000
1542.000000 1.500000
1543.000000 1.500000
1544.000000 1.500000
1545.000000 1.500000
1546.000000 1.500000
1547.000000 1.500000
1548.000000 1.500000
1549.000000 1.500000
1550.000000 1.500000
1551.000000 1.500000
1552.000000 1.500000
1553.000000 1.500000
1554.000000 1.500000
1555.000000 1.500000
1556.000000 1.500000
1557.000000 1.500000
1558.000000 1.500000
1559.000000 1.500000
1560.000000 1.500000
1561.000000 1.500000
1562.000000 1.500000
1563.000000 1.500000
1564.000000 1.500000
1565.000000 1.500000
1566.000000 1.500000
1567.000000 1.500000
1568.000000 1.500000
1569.000000 1.500000
1570.000000 1.500000
1571.000000 1.500000
1572.000000 1.500000
1573.000000 1.500000
1574.000000 1.500000
1575.000000 1.500000
1576.000000 1.500000
1577.000000 1.500000
1578.000000 1.500000
1579.000000 1.500000
1580.000000 1.500000
1581.000000 1.500000
1582.000000 1.500000
1583.000000 1.500000
1584.000000 1.500000
1585.000000 1.500000
1586.000000 1.500000
1587.000000 1.500000
1588.000000 1.500000
1589.000000 1.500000
1590.000000 1.500000
1591.000000 1.500000
1592.000000 1.500000
1593.000000 1.500000
1594.000000 1.500000
1595.000000 1.500000
1596.000000 1.500000
1597.000000 1.500000
1598.000000 1.500000
1599.000000 1.500000
1600.000000 1.500000
