1.000000 0.000000
2.000000 0.000000
3.000000 0.000000
4.000000 0.000000
5.000000 0.000000
6.000000 0.000000
7.000000 0.000000
8.000000 0.000000
9.000000 0.000000
10.000000 0.000000
11.000000 0.000000
12.000000 0.000000
13.000000 0.000000
14.000000 0.000000
15.000000 1.000000
16.000000 1.000000
17.000000 1.000000
18.000000 0.533653
19.000000 0.400691
20.000000 0.273858
21.000000 0.152465
22.000000 -0.378799
23.000000 -0.358827
24.000000 -0.399721
25.000000 -0.129170
26.000000 -0.122538
27.000000 -0.126092
28.000000 -0.117346
29.000000 0.126676
30.000000 0.077583
31.000000 0.120525
32.000000 -0.026972
33.000000 0.007305
34.000000 0.048157
35.000000 0.069618
36.000000 -0.044124
37.000000 0.001979
38.000000 -0.031827
39.000000 0.058955
40.000000 0.029923
41.000000 -0.000035
42.000000 -0.012269
43.000000 0.048165
44.000000 0.019590
45.000000 0.048389
46.000000 -0.007670
47.000000 0.014712
48.000000 0.033614
49.000000 0.038747
50.000000 0.007019
51.000000 0.023848
52.000000 0.002181
53.000000 0.037849
54.000000 0.021038
55.000000 0.009551
56.000000 0.007241
57.000000 0.022018
58.000000 0.011159
59.000000 0.024679
60.000000 -0.000157
61.000000 0.010435
62.000000 0.014994
63.000000 0.013977
64.000000 0.005935
65.000000 0.010557
66.000000 0.000485
67.000000 0.015656
68.000000 0.006841
69.000000 0.004017
70.000000 0.004238
71.000000 0.006805
72.000000 0.003881
73.000000 0.009407
74.000000 -0.001253
75.000000 0.004390
76.000000 0.004694
77.000000 0.003756
78.000000 0.002539
79.000000 0.003204
80.000000 -0.000570
81.000000 0.005866
82.000000 0.001370
83.000000 0.001444
84.000000 0.001720
85.000000 0.001643
86.000000 0.001454
87.000000 0.003368
88.000000 -0.000926
89.000000 0.002074
90.000000 0.001404
91.000000 0.001156
92.000000 0.001366
93.000000 0.001019
94.000000 -0.000081
95.000000 0.002487
96.000000 0.000286
97.000000 0.000946
98.000000 0.000918
99.000000 0.000569
100.000000 0.000953
101.000000 0.001406
102.000000 -0.000199
103.000000 0.001263
104.000000 0.000584
105.000000 0.000668
106.000000 0.000909
107.000000 0.000486
108.000000 0.000307
109.000000 0.001212
110.000000 0.000195
111.000000 0.000735
112.000000 0.000556
113.000000 0.000359
114.000000 0.000680
115.000000 0.000657
116.000000 0.000124
117.000000 0.000761
118.000000 0.000301
119.000000 0.000460
120.000000 0.000547
121.000000 0.000271
122.000000 0.000332
123.000000 0.000587
124.000000 0.000155
125.000000 0.000477
126.000000 0.000295
127.000000 0.000235
128.000000 0.000408
129.000000 0.000298
130.000000 0.000160
131.000000 0.000404
132.000000 0.000148
133.000000 0.000282
134.000000 0.000280
135.000000 0.000144
136.000000 0.000226
137.000000 0.000262
138.000000 0.000102
139.000000 0.000264
140.000000 0.000136
141.000000 0.000141
142.000000 0.000213
143.000000 0.000128
144.000000 0.000116
145.000000 0.000193
146.000000 0.000071
147.000000 0.000158
148.000000 0.000129
149.000000 0.000076
150.000000 0.000130
151.000000 0.000111
152.000000 0.000064
153.000000 0.000134
154.000000 0.000060
155.000000 0.000082
156.000000 0.000103
157.000000 0.000057
158.000000 0.000073
159.000000 0.000088
160.000000 0.000038
161.000000 0.000085
162.000000 0.000058
163.000000 0.000044
164.000000 0.000070
165.000000 0.000048
166.000000 0.000041
167.000000 0.000066
168.000000 0.000029
169.000000 0.000048
170.000000 0.000049
171.000000 0.000029
172.000000 0.000043
173.000000 0.000040
174.000000 0.000023
175.000000 0.000045
176.000000 0.000027
177.000000 0.000027
178.000000 0.000037
179.000000 0.000023
180.000000 0.000026
181.000000 0.000032
182.000000 0.000016
183.000000 0.000028
184.000000 0.000024
185.000000 0.000017
186.000000 0.000025
187.000000 0.000019
188.000000 0.000015
189.000000 0.000024
190.000000 0.000013
191.000000 0.000016
192.000000 0.000019
193.000000 0.000012
194.000000 0.000016
195.000000 0.000016
196.000000 0.000009
197.000000 0.000016
198.000000 0.000011
199.000000 0.000010
200.000000 0.000013
201.000000 0.000009
202.000000 0.000009
203.000000 0.000012
204.000000 0.000007
205.000000 0.000010
206.000000 0.000009
207.000000 0.000006
208.000000 0.000009
209.000000 0.000008
210.000000 0.000006
211.000000 0.000008
212.000000 0.000006
213.000000 0.000006
214.000000 0.000007
215.000000 0.000005
216.000000 0.000005
217.000000 0.000006
218.000000 0.000004
219.000000 0.000005
220.000000 0.000005
221.000000 0.000004
222.000000 0.000005
223.000000 0.000004
224.000000 0.000003
225.000000 0.000004
226.000000 0.000003
227.000000 0.000003
228.000000 0.000004
229.000000 0.000002
230.000000 0.000003
231.000000 0.000003
232.000000 0.000002
233.000000 0.000003
234.000000 0.000002
235.000000 0.000002
236.000000 0.000003
237.000000 0.000002
238.000000 0.000002
239.000000 0.000002
240.000000 0.000001
241.000000 0.000002
242.000000 0.000002
243.000000 0.000001
244.000000 0.000002
245.000000 0.000001
246.000000 0.000001
247.000000 0.000002
248.000000 0.000001
249.000000 0.000001
250.000000 0.000001
251.000000 0.000001
252.000000 0.000001
253.000000 0.000001
254.000000 0.000001
255.000000 0.000001
256.000000 0.000001
257.000000 0.000001
258.000000 0.000001
259.000000 0.000001
260.000000 0.000001
261.000000 0.000001
262.000000 0.000001
263.000000 0.000001
264.000000 0.000001
265.000000 0.000001
266.000000 0.000001
267.000000 0.000001
268.000000 0.000000
269.000000 0.000001
270.000000 0.000000
271.000000 0.000000
272.000000 0.000000
273.000000 0.000000
274.000000 0.000000
275.000000 0.000000
276.000000 0.000000
277.000000 0.000000
278.000000 0.000000
279.000000 0.000000
280.000000 0.000000
281.000000 0.000000
282.000000 0.000000
283.000000 0.000000
284.000000 0.000000
285.000000 0.000000
286.000000 0.000000
287.000000 0.000000
288.000000 0.000000
289.000000 0.000000
290.000000 0.000000
291.000000 0.000000
292.000000 0.000000
293.000000 0.000000
294.000000 0.000000
295.000000 0.000000
296.000000 0.000000
297.000000 0.000000
298.000000 0.000000
299.000000 0.000000
300.000000 0.000000
301.000000 0.000000
302.000000 0.000000
303.000000 0.000000
304.000000 0.000000
305.000000 0.000000
306.000000 0.000000
307.000000 0.000000
308.000000 0.000000
309.000000 0.000000
310.000000 0.000000
311.000000 0.000000
312.000000 0.000000
313.000000 0.000000
314.000000 0.000000
315.000000 0.000000
316.000000 0.000000
317.000000 0.000000
318.000000 0.000000
319.000000 0.000000
320.000000 0.000000
321.000000 0.000000
322.000000 0.000000
323.000000 0.000000
324.000000 0.000000
325.000000 0.000000
326.000000 0.000000
327.000000 0.000000
328.000000 0.000000
329.000000 0.000000
330.000000 0.000000
331.000000 0.000000
332.000000 0.000000
333.000000 0.000000
334.000000 0.000000
335.000000 0.000000
336.000000 0.000000
337.000000 0.000000
338.000000 0.000000
339.000000 0.000000
340.000000 0.000000
341.000000 0.000000
342.000000 0.000000
343.000000 0.000000
344.000000 0.000000
345.000000 0.000000
346.000000 0.000000
347.000000 0.000000
348.000000 0.000000
349.000000 0.000000
350.000000 0.000000
351.000000 0.000000
352.000000 0.000000
353.000000 0.000000
354.000000 0.000000
355.000000 0.000000
356.000000 0.000000
357.000000 0.000000
358.000000 0.000000
359.000000 0.000000
360.000000 0.000000
361.000000 0.000000
362.000000 0.000000
363.000000 0.000000
364.000000 0.000000
365.000000 0.000000
366.000000 0.000000
367.000000 0.000000
368.000000 0.000000
369.000000 0.000000
370.000000 0.000000
371.000000 0.000000
372.000000 0.000000
373.000000 0.000000
374.000000 0.000000
375.000000 0.000000
376.000000 0.000000
377.000000 0.000000
378.000000 0.000000
379.000000 0.000000
380.000000 0.000000
381.000000 0.000000
382.000000 0.000000
383.000000 0.000000
384.000000 0.000000
385.000000 0.000000
386.000000 0.000000
387.000000 0.000000
388.000000 0.000000
389.000000 0.000000
390.000000 0.000000
391.000000 0.000000
392.000000 0.000000
393.000000 0.000000
394.000000 0.000000
395.000000 0.000000
396.000000 0.000000
397.000000 0.000000
398.000000 0.000000
399.000000 0.000000
400.000000 0.000000
401.000000 2.000000
402.000000 2.000000
403.000000 2.000000
404.000000 2.000000
405.000000 2.000000
406.000000 2.000000
407.000000 2.000000
408.000000 0.781795
409.000000 0.806010
410.000000 0.670102
411.000000 0.552797
412.000000 0.452924
413.000000 0.228241
414.000000 0.040040
415.000000 0.577961
416.000000 0.326172
417.000000 0.308273
418.000000 0.252665
419.000000 0.190627
420.000000 0.295947
421.000000 0.345277
422.000000 -0.012945
423.000000 0.141224
424.000000 0.079603
425.000000 0.088800
426.000000 0.106782
427.000000 -0.016498
428.000000 -0.063279
429.000000 0.115861
430.000000 -0.024651
431.000000 0.017438
432.000000 -0.017658
433.000000 -0.049895
434.000000 0.028725
435.000000 0.033945
436.000000 -0.073562
437.000000 0.017822
438.000000 -0.028977
439.000000 0.000799
440.000000 0.021319
441.000000 -0.035223
442.000000 -0.026251
443.000000 0.033389
444.000000 -0.025336
445.000000 0.016813
446.000000 -0.007504
447.000000 -0.016717
448.000000 0.024919
449.000000 0.013711
450.000000 -0.014156
451.000000 0.025631
452.000000 -0.004903
453.000000 0.018525
454.000000 0.024168
455.000000 -0.001578
456.000000 0.012565
457.000000 0.026311
458.000000 0.003493
459.000000 0.027498
460.000000 0.009611
461.000000 0.009295
462.000000 0.026469
463.000000 0.014756
464.000000 0.010358
465.000000 0.023649
466.000000 0.006767
467.000000 0.020766
468.000000 0.018653
469.000000 0.007859
470.000000 0.016779
471.000000 0.016326
472.000000 0.008719
473.000000 0.019523
474.000000 0.008244
475.000000 0.010583
476.000000 0.016078
477.000000 0.008672
478.000000 0.010057
479.000000 0.012927
480.000000 0.005155
481.000000 0.012592
482.000000 0.009080
483.000000 0.005503
484.000000 0.009919
485.000000 0.007111
486.000000 0.005532
487.000000 0.009646
488.000000 0.003672
489.000000 0.006153
490.000000 0.007209
491.000000 0.003669
492.000000 0.005631
493.000000 0.005381
494.000000 0.002501
495.000000 0.006103
496.000000 0.003469
497.000000 0.002861
498.000000 0.004684
499.000000 0.002620
500.000000 0.002932
501.000000 0.004164
502.000000 0.001444
503.000000 0.003205
504.000000 0.236102
505.000000 0.301256
506.000000 0.365974
507.000000 0.425887
508.000000 0.386203
509.000000 0.383812
510.000000 0.368740
511.000000 0.204418
512.000000 0.176696
513.000000 0.121208
514.000000 0.070370
515.000000 0.083001
516.000000 0.043526
517.000000 0.018574
518.000000 0.077933
519.000000 0.044934
520.000000 0.051474
521.000000 0.052463
522.000000 0.019732
523.000000 0.035768
524.000000 0.036486
525.000000 -0.006241
526.000000 0.012826
527.000000 -0.003492
528.000000 -0.008660
529.000000 0.005769
530.000000 -0.015424
531.000000 -0.018833
532.000000 0.000049
533.000000 -0.019214
534.000000 -0.008772
535.000000 -0.010392
536.000000 -0.021290
537.000000 -0.006729
538.000000 -0.007942
539.000000 -0.018085
540.000000 -0.004638
541.000000 -0.013198
542.000000 -0.009587
543.000000 -0.002222
544.000000 -0.011552
545.000000 -0.007592
546.000000 -0.001473
547.000000 -0.009007
548.000000 -0.000822
549.000000 -0.003289
550.000000 -0.006132
551.000000 0.001497
552.000000 -0.001234
553.000000 -0.002831
554.000000 0.002895
555.000000 -0.002169
556.000000 0.001346
557.000000 0.003394
558.000000 -0.000842
559.000000 0.002451
560.000000 0.003200
561.000000 0.000358
562.000000 0.004492
563.000000 0.001962
564.000000 0.001533
565.000000 0.004488
566.000000 0.002115
567.000000 0.002455
568.000000 0.004113
569.000000 0.001381
570.000000 0.003501
571.000000 0.003371
572.000000 0.001585
573.000000 0.003336
574.000000 0.002617
575.000000 0.001737
576.000000 0.003426
577.000000 0.001676
578.000000 0.001946
579.000000 0.002809
580.000000 0.001411
581.000000 0.002007
582.000000 0.002195
583.000000 0.000983
584.000000 0.002105
585.000000 0.001552
586.000000 0.000981
587.000000 0.001777
588.000000 0.001070
589.000000 0.000977
590.000000 0.001564
591.000000 0.000633
592.000000 0.001014
593.000000 0.001147
594.000000 0.000519
595.000000 0.000972
596.000000 0.000806
597.000000 0.000394
598.000000 0.000935
599.000000 0.000508
600.000000 0.000435
601.000000 0.000747
602.000000 0.000329
603.000000 0.000458
604.000000 0.000609
605.000000 0.000199
606.000000 0.000484
607.000000 0.000418
608.000000 0.000200
609.000000 0.000457
610.000000 0.000281
611.000000 0.000195
612.000000 0.000423
613.000000 0.000176
614.000000 0.000240
615.000000 0.000331
616.000000 0.000131
617.000000 0.000260
618.000000 0.000261
619.000000 0.000108
620.000000 0.000268
621.000000 0.000179
622.000000 0.000129
623.000000 0.000245
624.000000 0.000128
625.000000 0.000141
626.000000 0.000216
627.000000 0.000094
628.000000 0.000162
629.000000 0.000167
630.000000 0.000085
631.000000 0.000164
632.000000 0.000129
633.000000 0.000084
634.000000 0.000157
635.000000 0.000093
636.000000 0.000096
637.000000 0.000136
638.000000 0.000073
639.000000 0.000100
640.000000 0.000114
641.000000 0.000061
642.000000 0.000104
643.000000 0.000086
644.000000 0.000059
645.000000 0.000097
646.000000 0.000066
647.000000 0.000060
648.000000 0.000087
649.000000 0.000050
650.000000 0.000063
651.000000 0.000071
652.000000 0.000042
653.000000 0.000062
654.000000 0.000057
655.000000 0.000038
656.000000 0.000059
657.000000 0.000043
658.000000 0.000038
659.000000 0.000052
660.000000 0.000033
661.000000 0.000037
662.000000 0.000044
663.000000 0.000027
664.000000 0.000037
665.000000 0.000035
666.000000 0.000024
667.000000 0.000035
668.000000 0.000027
669.000000 0.000022
670.000000 0.000031
671.000000 0.000021
672.000000 0.000022
673.000000 0.000027
674.000000 0.000017
675.000000 0.000022
676.000000 0.000022
677.000000 0.000015
678.000000 0.000021
679.000000 0.000017
680.000000 0.000014
681.000000 0.000019
682.000000 0.000013
683.000000 0.000013
684.000000 0.000016
685.000000 0.000011
686.000000 0.000013
687.000000 0.000013
688.000000 0.000009
689.000000 0.000012
690.000000 0.000011
691.000000 0.000008
692.000000 0.000011
693.000000 0.000008
694.000000 0.000008
695.000000 0.000010
696.000000 0.000007
697.000000 0.000008
698.000000 0.000008
699.000000 0.000006
700.000000 0.000007
701.000000 0.000007
702.000000 0.000005
703.000000 0.000007
704.000000 0.000005
705.000000 0.000005
706.000000 0.000006
707.000000 0.000004
708.000000 0.000005
709.000000 0.000005
710.000000 0.000004
711.000000 0.000004
712.000000 0.000004
713.000000 0.000003
714.000000 0.000004
715.000000 0.000003
716.000000 0.000003
717.000000 0.000004
718.000000 0.000003
719.000000 0.000003
720.000000 0.000003
721.000000 0.000002
722.000000 0.000003
723.000000 0.000003
724.000000 0.000002
725.000000 0.000002
726.000000 0.000002
727.000000 0.000002
728.000000 0.000002
729.000000 0.000002
730.000000 0.000002
731.000000 0.000002
732.000000 0.000001
733.000000 0.000002
734.000000 0.000002
735.000000 0.000001
736.000000 0.000002
737.000000 0.000001
738.000000 0.000001
739.000000 0.000001
740.000000 0.000001
741.000000 0.000001
742.000000 0.000001
743.000000 0.000001
744.000000 0.000001
745.000000 0.000001
746.000000 0.000001
747.000000 0.000001
748.000000 0.000001
749.000000 0.000001
750.000000 0.000001
751.000000 0.000001
752.000000 0.000001
753.000000 0.000001
754.000000 0.000001
755.000000 0.000001
756.000000 0.000001
757.000000 0.000000
758.000000 0.000001
759.000000 0.000001
760.000000 0.000000
761.000000 0.000000
762.000000 0.000000
763.000000 0.000000
764.000000 0.000000
765.000000 0.000000
766.000000 0.000000
767.000000 0.000000
768.000000 0.000000
769.000000 0.000000
770.000000 0.000000
771.000000 0.000000
772.000000 0.000000
773.000000 0.000000
774.000000 0.000000
775.000000 0.000000
776.000000 0.000000
777.000000 0.000000
778.000000 0.000000
779.000000 0.000000
780.000000 0.000000
781.000000 0.000000
782.000000 0.000000
783.000000 0.000000
784.000000 0.000000
785.000000 0.000000
786.000000 0.000000
787.000000 0.000000
788.000000 0.000000
789.000000 0.000000
790.000000 0.000000
791.000000 0.000000
792.000000 0.000000
793.000000 0.000000
794.000000 0.000000
795.000000 0.000000
796.000000 0.000000
797.000000 0.000000
798.000000 0.000000
799.000000 0.000000
800.000000 0.000000
801.000000 -1.500000
802.000000 -1.500000
803.000000 -1.500000
804.000000 -1.733173
805.000000 -1.799654
806.000000 -1.863071
807.000000 -1.923767
808.000000 -0.971194
809.000000 -0.985424
810.000000 -0.869963
811.000000 -0.617381
812.000000 -0.514193
813.000000 -0.291287
814.000000 -0.098713
815.000000 -0.514623
816.000000 -0.287380
817.000000 -0.248010
818.000000 -0.266151
819.000000 -0.186974
820.000000 -0.271868
821.000000 -0.310467
822.000000 -0.009116
823.000000 -0.140234
824.000000 -0.095517
825.000000 -0.059322
826.000000 -0.091820
827.000000 0.016481
828.000000 0.057144
829.000000 -0.091779
830.000000 0.034446
831.000000 0.006757
832.000000 0.013823
833.000000 0.057251
834.000000 -0.011918
835.000000 -0.014571
836.000000 0.077072
837.000000 -0.005897
838.000000 0.030067
839.000000 0.018125
840.000000 -0.010800
841.000000 0.039998
842.000000 0.029872
843.000000 -0.022380
844.000000 0.030915
845.000000 -0.004473
846.000000 0.007426
847.000000 0.021935
848.000000 -0.017423
849.000000 -0.006722
850.000000 0.017123
851.000000 -0.020353
852.000000 0.005146
853.000000 -0.010697
854.000000 -0.020748
855.000000 0.003586
856.000000 -0.010446
857.000000 -0.022909
858.000000 -0.001552
859.000000 -0.022795
860.000000 -0.010237
861.000000 -0.007100
862.000000 -0.024122
863.000000 -0.012878
864.000000 -0.009089
865.000000 -0.022047
866.000000 -0.007051
867.000000 -0.017833
868.000000 -0.017968
869.000000 -0.007137
870.000000 -0.015918
871.000000 -0.015505
872.000000 -0.007992
873.000000 -0.017839
874.000000 -0.008707
875.000000 -0.009546
876.000000 -0.015376
877.000000 -0.008095
878.000000 -0.009374
879.000000 -0.012417
880.000000 -0.005195
881.000000 -0.011349
882.000000 -0.008937
883.000000 -0.005030
884.000000 -0.009460
885.000000 -0.006827
886.000000 -0.005056
887.000000 -0.008943
888.000000 -0.003772
889.000000 -0.005521
890.000000 -0.006917
891.000000 -0.003335
892.000000 -0.005177
893.000000 -0.005139
894.000000 -0.002347
895.000000 -0.005497
896.000000 -0.003372
897.000000 -0.002494
898.000000 -0.004406
899.000000 -0.002440
900.000000 -0.002592
901.000000 -0.003836
902.000000 -0.001382
903.000000 -0.002824
904.000000 -0.002778
905.000000 -0.001371
906.000000 -0.002629
907.000000 -0.001984
908.000000 -0.001188
909.000000 -0.002603
910.000000 -0.001277
911.000000 -0.001396
912.000000 -0.002048
913.000000 -0.000984
914.000000 -0.001483
915.000000 -0.001699
916.000000 -0.000695
917.000000 -0.001566
918.000000 -0.001207
919.000000 -0.000788
920.000000 -0.001426
921.000000 -0.000881
922.000000 -0.000794
923.000000 -0.001321
924.000000 -0.000620
925.000000 -0.000905
926.000000 -0.001024
927.000000 -0.000544
928.000000 -0.000919
929.000000 -0.000822
930.000000 -0.000476
931.000000 -0.000905
932.000000 -0.000593
933.000000 -0.000537
934.000000 -0.000789
935.000000 -0.000458
936.000000 -0.000545
937.000000 -0.000684
938.000000 -0.000360
939.000000 -0.000573
940.000000 -0.000521
941.000000 -0.000342
942.000000 -0.000545
943.000000 -0.000410
944.000000 -0.000325
945.000000 -0.000500
946.000000 -0.000305
947.000000 -0.000347
948.000000 -0.000416
949.000000 -0.000250
950.000000 -0.000340
951.000000 -0.000343
952.000000 -0.000214
953.000000 -0.000333
954.000000 -0.000259
955.000000 -0.000210
956.000000 -0.000299
957.000000 -0.000204
958.000000 -0.000203
959.000000 -0.000259
960.000000 -0.000159
961.000000 -0.000206
962.000000 -0.000208
963.000000 -0.000138
964.000000 -0.000195
965.000000 -0.000167
966.000000 -0.000126
967.000000 -0.000180
968.000000 -0.000127
969.000000 -0.000124
970.000000 -0.000155
971.000000 -0.000103
972.000000 -0.000120
973.000000 -0.000129
974.000000 -0.000085
975.000000 -0.000117
976.000000 -0.000102
977.000000 -0.000078
978.000000 -0.000106
979.000000 -0.000081
980.000000 -0.000074
981.000000 -0.000094
982.000000 -0.000064
983.000000 -0.000072
984.000000 -0.000078
985.000000 -0.000054
986.000000 -0.000068
987.000000 -0.000064
988.000000 -0.000048
989.000000 -0.000064
990.000000 -0.000051
991.000000 -0.000045
992.000000 -0.000056
993.000000 -0.000041
994.000000 -0.000043
995.000000 -0.000048
996.000000 -0.000034
997.000000 -0.000041
998.000000 -0.000040
999.000000 -0.000030
1000.000000 -0.000038
1001.000000 -0.000032
1002.000000 -0.000027
1003.000000 -0.000034
1004.000000 -0.000026
1005.000000 -0.000026
1006.000000 -0.000029
1007.000000 -0.000022
1008.000000 -0.000025
1009.000000 -0.000025
1010.000000 -0.000019
1011.000000 -0.000023
1012.000000 -0.000020
1013.000000 -0.000017
1014.000000 -0.000021
1015.000000 -0.000016
1016.000000 -0.000016
1017.000000 -0.000018
1018.000000 -0.000014
1019.000000 -0.000015
1020.000000 -0.000015
1021.000000 -0.000012
1022.000000 -0.000014
1023.000000 -0.000013
1024.000000 -0.000010
1025.000000 -0.000013
1026.000000 -0.000010
1027.000000 -0.000010
1028.000000 -0.000011
1029.000000 -0.000009
1030.000000 -0.000009
1031.000000 -0.000009
1032.000000 -0.000007
1033.000000 -0.000008
1034.000000 -0.000008
1035.000000 -0.000007
1036.000000 -0.000008
1037.000000 -0.000006
1038.000000 -0.000006
1039.000000 -0.000007
1040.000000 -0.000005
1041.000000 -0.000006
1042.000000 -0.000006
1043.000000 -0.000005
1044.000000 -0.000005
1045.000000 -0.000005
1046.000000 -0.000004
1047.000000 -0.000005
1048.000000 -0.000004
1049.000000 -0.000004
1050.000000 -0.000004
1051.000000 -0.000003
1052.000000 -0.000003
1053.000000 -0.000004
1054.000000 -0.000003
1055.000000 -0.000003
1056.000000 -0.000003
1057.000000 -0.000002
1058.000000 -0.000003
1059.000000 -0.000003
1060.000000 -0.000002
1061.000000 -0.000002
1062.000000 -0.000002
1063.000000 -0.000002
1064.000000 -0.000002
1065.000000 -0.000002
1066.000000 -0.000002
1067.000000 -0.000002
1068.000000 -0.000002
1069.000000 -0.000002
1070.000000 -0.000002
1071.000000 -0.000001
1072.000000 -0.000002
1073.000000 -0.000001
1074.000000 -0.000001
1075.000000 -0.000001
1076.000000 -0.000001
1077.000000 -0.000001
1078.000000 -0.000001
1079.000000 -0.000001
1080.000000 -0.000001
1081.000000 -0.000001
1082.000000 -0.000001
1083.000000 -0.000001
1084.000000 -0.000001
1085.000000 -0.000001
1086.000000 -0.000001
1087.000000 -0.000001
1088.000000 -0.000001
1089.000000 -0.000001
1090.000000 -0.000001
1091.000000 -0.000001
1092.000000 -0.000001
1093.000000 -0.000001
1094.000000 -0.000001
1095.000000 -0.000001
1096.000000 -0.000000
1097.000000 -0.000000
1098.000000 -0.000000
1099.000000 -0.000000
1100.000000 -0.000000
1101.000000 -0.000000
1102.000000 -0.000000
1103.000000 -0.000000
1104.000000 -0.000000
1105.000000 -0.000000
1106.000000 -0.000000
1107.000000 -0.000000
1108.000000 -0.000000
1109.000000 -0.000000
1110.000000 -0.000000
1111.000000 -0.000000
1112.000000 -0.000000
1113.000000 -0.000000
1114.000000 -0.000000
1115.000000 -0.000000
1116.000000 -0.000000
1117.000000 -0.000000
1118.000000 -0.000000
1119.000000 -0.000000
1120.000000 -0.000000
1121.000000 -0.000000
1122.000000 -0.000000
1123.000000 -0.000000
1124.000000 -0.000000
1125.000000 -0.000000
1126.000000 -0.000000
1127.000000 -0.000000
1128.000000 -0.000000
1129.000000 -0.000000
1130.000000 -0.000000
1131.000000 -0.000000
1132.000000 -0.000000
1133.000000 -0.000000
1134.000000 -0.000000
1135.000000 -0.000000
1136.000000 -0.000000
1137.000000 -0.000000
1138.000000 -0.000000
1139.000000 -0.000000
1140.000000 -0.000000
1141.000000 -0.000000
1142.000000 -0.000000
1143.000000 -0.000000
1144.000000 -0.000000
1145.000000 -0.000000
1146.000000 -0.000000
1147.000000 -0.000000
1148.000000 -0.000000
1149.000000 -0.000000
1150.000000 -0.000000
1151.000000 -0.000000
1152.000000 -0.000000
1153.000000 -0.000000
1154.000000 -0.000000
1155.000000 -0.000000
1156.000000 -0.000000
1157.000000 -0.000000
1158.000000 -0.000000
1159.000000 -0.000000
1160.000000 -0.000000
1161.000000 -0.000000
1162.000000 -0.000000
1163.000000 -0.000000
1164.000000 -0.000000
1165.000000 -0.000000
1166.000000 -0.000000
1167.000000 -0.000000
1168.000000 -0.000000
1169.000000 -0.000000
1170.000000 -0.000000
1171.000000 -0.000000
1172.000000 -0.000000
1173.000000 -0.000000
1174.000000 -0.000000
1175.000000 -0.000000
1176.000000 -0.000000
1177.000000 -0.000000
1178.000000 -0.000000
1179.000000 -0.000000
1180.000000 -0.000000
1181.000000 -0.000000
1182.000000 -0.000000
1183.000000 -0.000000
1184.000000 -0.000000
1185.000000 -0.000000
1186.000000 -0.000000
1187.000000 -0.000000
1188.000000 -0.000000
1189.000000 -0.000000
1190.000000 -0.000000
1191.000000 -0.000000
1192.000000 -0.000000
1193.000000 -0.000000
1194.000000 -0.000000
1195.000000 -0.000000
1196.000000 -0.000000
1197.000000 -0.000000
1198.000000 -0.000000
1199.000000 -0.000000
1200.000000 -0.000000
1201.000000 -1.000000
1202.000000 -1.000000
1203.000000 -1.000000
1204.000000 -1.000000
1205.000000 -1.000000
1206.000000 -1.000000
1207.000000 -1.000000
1208.000000 -0.390897
1209.000000 -0.403005
1210.000000 -0.335051
1211.000000 -0.276398
1212.000000 -0.226462
1213.000000 -0.114121
1214.000000 -0.020020
1215.000000 -0.288980
1216.000000 -0.163086
1217.000000 -0.154136
1218.000000 -0.126332
1219.000000 -0.095314
1220.000000 -0.147973
1221.000000 -0.172638
1222.000000 0.006473
1223.000000 -0.070612
1224.000000 -0.039802
1225.000000 -0.044400
1226.000000 -0.053391
1227.000000 0.008249
1228.000000 0.031639
1229.000000 -0.057931
1230.000000 0.012325
1231.000000 -0.008719
1232.000000 0.008829
1233.000000 0.024947
1234.000000 -0.014362
1235.000000 -0.016972
1236.000000 0.036781
1237.000000 -0.008911
1238.000000 0.014489
1239.000000 -0.000400
1240.000000 -0.010660
1241.000000 0.017611
1242.000000 0.013126
1243.000000 -0.016695
1244.000000 0.012668
1245.000000 -0.008407
1246.000000 0.003752
1247.000000 0.008359
1248.000000 -0.012460
1249.000000 -0.006856
1250.000000 0.007078
1251.000000 -0.012816
1252.000000 0.002452
1253.000000 -0.009262
1254.000000 -0.012084
1255.000000 0.000789
1256.000000 -0.006283
1257.000000 -0.013156
1258.000000 -0.001746
1259.000000 -0.013749
1260.000000 -0.004805
1261.000000 -0.004647
1262.000000 -0.013235
1263.000000 -0.007378
1264.000000 -0.005179
1265.000000 -0.011824
1266.000000 -0.003383
1267.000000 -0.010383
1268.000000 -0.009327
1269.000000 -0.003929
1270.000000 -0.008389
1271.000000 -0.008163
1272.000000 -0.004360
1273.000000 -0.009762
1274.000000 -0.004122
1275.000000 -0.005292
1276.000000 -0.008039
1277.000000 -0.004336
1278.000000 -0.005029
1279.000000 -0.006463
1280.000000 -0.002577
1281.000000 -0.006296
1282.000000 -0.004540
1283.000000 -0.002751
1284.000000 -0.004959
1285.000000 -0.003556
1286.000000 -0.002766
1287.000000 -0.004823
1288.000000 -0.001836
1289.000000 -0.003077
1290.000000 -0.003604
1291.000000 -0.001835
1292.000000 -0.002816
1293.000000 -0.002691
1294.000000 -0.001250
1295.000000 -0.003051
1296.000000 -0.001734
1297.000000 -0.001431
1298.000000 -0.002342
1299.000000 -0.001310
1300.000000 -0.001466
1301.000000 -0.002082
1302.000000 -0.000722
1303.000000 -0.001602
1304.000000 -0.234638
1305.000000 -0.300455
1306.000000 -0.364522
1307.000000 -0.424827
1308.000000 -0.385525
1309.000000 -0.382364
1310.000000 -0.368063
1311.000000 -0.203601
1312.000000 -0.175598
1313.000000 -0.120657
1314.000000 -0.069527
1315.000000 -0.082076
1316.000000 -0.043138
1317.000000 -0.017690
1318.000000 -0.077293
1319.000000 -0.044469
1320.000000 -0.050691
1321.000000 -0.051987
1322.000000 -0.019279
1323.000000 -0.035042
1324.000000 -0.036150
1325.000000 0.006759
1326.000000 -0.012280
1327.000000 0.003800
1328.000000 0.009173
1329.000000 -0.005326
1330.000000 0.015691
1331.000000 0.019334
1332.000000 0.000265
1333.000000 0.019522
1334.000000 0.009199
1335.000000 0.010640
1336.000000 0.021595
1337.000000 0.007099
1338.000000 0.008138
1339.000000 0.018405
1340.000000 0.004914
1341.000000 0.013390
1342.000000 0.009885
1343.000000 0.002442
1344.000000 0.011733
1345.000000 0.007864
1346.000000 0.001635
1347.000000 0.009202
1348.000000 0.001044
1349.000000 0.003425
1350.000000 0.006319
1351.000000 -0.001313
1352.000000 0.001351
1353.000000 0.003014
1354.000000 -0.002758
1355.000000 0.002286
1356.000000 -0.001184
1357.000000 -0.003284
1358.000000 0.000955
1359.000000 -0.002311
1360.000000 -0.003115
1361.000000 -0.000243
1362.000000 -0.004381
1363.000000 -0.001887
1364.000000 -0.001426
1365.000000 -0.004399
1366.000000 -0.002046
1367.000000 -0.002357
1368.000000 -0.004045
1369.000000 -0.001312
1370.000000 -0.003418
1371.000000 -0.003315
1372.000000 -0.001519
1373.000000 -0.003266
1374.000000 -0.002570
1375.000000 -0.001673
1376.000000 -0.003372
1377.000000 -0.001633
1378.000000 -0.001889
1379.000000 -0.002766
1380.000000 -0.001370
1381.000000 -0.001956
1382.000000 -0.002161
1383.000000 -0.000943
1384.000000 -0.002063
1385.000000 -0.001523
1386.000000 -0.000944
1387.000000 -0.001743
1388.000000 -0.001044
1389.000000 -0.000942
1390.000000 -0.001537
1391.000000 -0.000608
1392.000000 -0.000984
1393.000000 -0.001125
1394.000000 -0.000495
1395.000000 -0.000946
1396.000000 -0.000788
1397.000000 -0.000371
1398.000000 -0.000914
1399.000000 -0.000492
1400.000000 -0.000414
1401.000000 -0.000730
1402.000000 -0.000314
1403.000000 -0.000439
1404.000000 -0.000596
1405.000000 -0.000185
1406.000000 -0.000468
1407.000000 -0.000406
1408.000000 -0.000186
1409.000000 -0.000444
1410.000000 -0.000271
1411.000000 -0.000183
1412.000000 -0.000412
1413.000000 -0.000167
1414.000000 -0.000229
1415.000000 -0.000322
1416.000000 -0.000122
1417.000000 -0.000250
1418.000000 -0.000253
1419.000000 -0.000099
1420.000000 -0.000260
1421.000000 -0.000173
1422.000000 -0.000121
1423.000000 -0.000239
1424.000000 -0.000122
1425.000000 -0.000134
1426.000000 -0.000210
1427.000000 -0.000089
1428.000000 -0.000156
1429.000000 -0.000162
1430.000000 -0.000081
1431.000000 -0.000159
1432.000000 -0.000125
1433.000000 -0.000080
1434.000000 -0.000153
1435.000000 -0.000089
1436.000000 -0.000092
1437.000000 -0.000133
1438.000000 -0.000069
1439.000000 -0.000097
1440.000000 -0.000111
1441.000000 -0.000058
1442.000000 -0.000101
1443.000000 -0.000084
1444.000000 -0.000057
1445.000000 -0.000095
1446.000000 -0.000064
1447.000000 -0.000057
1448.000000 -0.000085
1449.000000 -0.000048
1450.000000 -0.000061
1451.000000 -0.000069
1452.000000 -0.000040
1453.000000 -0.000060
1454.000000 -0.000055
1455.000000 -0.000036
1456.000000 -0.000058
1457.000000 -0.000041
1458.000000 -0.000036
1459.000000 -0.000051
1460.000000 -0.000032
1461.000000 -0.000036
1462.000000 -0.000043
1463.000000 -0.000026
1464.000000 -0.000036
1465.000000 -0.000034
1466.000000 -0.000023
1467.000000 -0.000034
1468.000000 -0.000027
1469.000000 -0.000022
1470.000000 -0.000031
1471.000000 -0.000020
1472.000000 -0.000021
1473.000000 -0.000026
1474.000000 -0.000016
1475.000000 -0.000021
1476.000000 -0.000021
1477.000000 -0.000014
1478.000000 -0.000020
1479.000000 -0.000016
1480.000000 -0.000013
1481.000000 -0.000018
1482.000000 -0.000013
1483.000000 -0.000013
1484.000000 -0.000016
1485.000000 -0.000010
1486.000000 -0.000012
1487.000000 -0.000013
1488.000000 -0.000009
1489.000000 -0.000012
1490.000000 -0.000010
1491.000000 -0.000008
1492.000000 -0.000011
1493.000000 -0.000008
1494.000000 -0.000008
1495.000000 -0.000010
1496.000000 -0.000007
1497.000000 -0.000007
1498.000000 -0.000008
1499.000000 -0.000006
1500.000000 -0.000007
1501.000000 -0.000006
1502.000000 -0.000005
1503.000000 -0.000007
1504.000000 -0.000005
1505.000000 -0.000005
1506.000000 -0.000006
1507.000000 -0.000004
1508.000000 -0.000005
1509.000000 -0.000005
1510.000000 -0.000004
1511.000000 -0.000004
1512.000000 -0.000004
1513.000000 -0.000003
1514.000000 -0.000004
1515.000000 -0.000003
1516.000000 -0.000003
1517.000000 -0.000004
1518.000000 -0.000003
1519.000000 -0.000003
1520.000000 -0.000003
1521.000000 -0.000002
1522.000000 -0.000003
1523.000000 -0.000003
1524.000000 -0.000002
1525.000000 -0.000002
1526.000000 -0.000002
1527.000000 -0.000002
1528.000000 -0.000002
1529.000000 -0.000002
1530.000000 -0.000002
1531.000000 -0.000002
1532.000000 -0.000001
1533.000000 -0.000002
1534.000000 -0.000002
1535.000000 -0.000001
1536.000000 -0.000001
1537.000000 -0.000001
1538.000000 -0.000001
1539.000000 -0.000001
1540.000000 -0.000001
1541.000000 -0.000001
1542.000000 -0.000001
1543.000000 -0.000001
1544.000000 -0.000001
1545.000000 -0.000001
1546.000000 -0.000001
1547.000000 -0.000001
1548.000000 -0.000001
1549.000000 -0.000001
1550.000000 -0.000001
1551.000000 -0.000001
1552.000000 -0.000001
1553.000000 -0.000001
1554.000000 -0.000001
1555.000000 -0.000001
1556.000000 -0.000001
1557.000000 -0.000000
1558.000000 -0.000001
1559.000000 -0.000001
1560.000000 -0.000000
1561.000000 -0.000000
1562.000000 -0.000000
1563.000000 -0.000000
1564.000000 -0.000000
1565.000000 -0.000000
1566.000000 -0.000000
1567.000000 -0.000000
1568.000000 -0.000000
1569.000000 -0.000000
1570.000000 -0.000000
1571.000000 -0.000000
1572.000000 -0.000000
1573.000000 -0.000000
1574.000000 -0.000000
1575.000000 -0.000000
1576.000000 -0.000000
1577.000000 -0.000000
1578.000000 -0.000000
1579.000000 -0.000000
1580.000000 -0.000000
1581.000000 -0.000000
1582.000000 -0.000000
1583.000000 -0.000000
1584.000000 -0.000000
1585.000000 -0.000000
1586.000000 -0.000000
1587.000000 -0.000000
1588.000000 -0.000000
1589.000000 -0.000000
1590.000000 -0.000000
1591.000000 -0.000000
1592.000000 -0.000000
1593.000000 -0.000000
1594.000000 -0.000000
1595.000000 -0.000000
1596.000000 -0.000000
1597.000000 -0.000000
1598.000000 -0.000000
1599.000000 -0.000000
1600.000000 -0.000000
