1.000000 0.000000
2.000000 0.000000
3.000000 0.000000
4.000000 0.000000
5.000000 0.000000
6.000000 0.000000
7.000000 0.000000
8.000000 0.000000
9.000000 0.000000
10.000000 -0.019100
11.000000 0.006783
12.000000 -0.000908
13.000000 -0.009943
14.000000 -0.011606
15.000000 -0.039975
16.000000 -0.065136
17.000000 -0.094056
18.000000 0.021893
19.000000 0.175125
20.000000 0.302922
21.000000 0.396694
22.000000 0.574174
23.000000 0.751033
24.000000 0.870813
25.000000 0.981077
26.000000 0.994538
27.000000 1.021921
28.000000 1.055237
29.000000 1.048567
30.000000 1.013518
31.000000 1.014851
32.000000 1.022903
33.000000 1.014182
34.000000 1.021622
35.000000 0.998179
36.000000 1.030493
37.000000 1.058725
38.000000 1.051904
39.000000 1.084434
40.000000 1.063938
41.000000 1.038716
42.000000 1.037517
43.000000 1.048580
44.000000 1.054448
45.000000 1.095075
46.000000 1.103459
47.000000 1.100257
48.000000 1.107434
49.000000 1.084496
50.000000 1.066586
51.000000 1.059012
52.000000 1.039050
53.000000 1.025265
54.000000 1.001150
55.000000 1.012437
56.000000 1.013300
57.000000 1.047269
58.000000 1.048172
59.000000 1.043270
60.000000 1.038156
61.000000 1.045504
62.000000 1.038133
63.000000 1.013498
64.000000 0.973211
65.000000 0.957231
66.000000 0.923250
67.000000 0.925511
68.000000 0.942978
69.000000 0.970185
70.000000 1.000034
71.000000 1.016219
72.000000 1.045573
73.000000 1.058157
74.000000 1.074265
75.000000 1.102913
76.000000 1.120670
77.000000 1.153036
78.000000 1.144065
79.000000 1.102850
80.000000 1.069835
81.000000 1.062323
82.000000 1.070183
83.000000 1.078045
84.000000 1.047453
85.000000 0.994463
86.000000 0.970978
87.000000 0.970602
88.000000 0.954519
89.000000 0.971351
90.000000 0.971081
91.000000 0.950868
92.000000 0.952053
93.000000 0.933881
94.000000 0.920368
95.000000 0.900468
96.000000 0.896023
97.000000 0.912952
98.000000 0.920914
99.000000 0.937672
100.000000 0.931885
101.000000 0.944846
102.000000 0.967281
103.000000 0.996393
104.000000 1.017883
105.000000 1.001753
106.000000 1.022305
107.000000 1.024443
108.000000 1.044364
109.000000 1.057055
110.000000 1.024706
111.000000 1.014709
112.000000 1.034949
113.000000 1.020404
114.000000 1.017988
115.000000 1.019576
116.000000 1.012273
117.000000 0.988406
118.000000 0.975056
119.000000 0.985941
120.000000 0.996218
121.000000 0.994874
122.000000 1.011466
123.000000 1.027286
124.000000 1.054322
125.000000 1.079012
126.000000 1.086712
127.000000 1.093006
128.000000 1.102910
129.000000 1.095277
130.000000 1.068401
131.000000 1.061224
132.000000 1.034916
133.000000 1.006923
134.000000 0.992782
135.000000 0.941849
136.000000 0.939863
137.000000 0.930908
138.000000 0.940838
139.000000 0.940484
140.000000 0.923103
141.000000 0.925962
142.000000 0.918556
143.000000 0.896075
144.000000 0.885802
145.000000 0.914223
146.000000 0.910760
147.000000 0.903991
148.000000 0.893737
149.000000 0.907726
150.000000 0.936950
151.000000 0.955108
152.000000 0.950664
153.000000 0.931698
154.000000 0.958815
155.000000 0.947523
156.000000 0.928546
157.000000 0.908776
158.000000 0.900244
159.000000 0.912047
160.000000 0.914002
161.000000 0.937032
162.000000 0.960802
163.000000 0.971943
164.000000 0.961473
165.000000 0.971409
166.000000 0.982123
167.000000 1.002109
168.000000 1.000134
169.000000 1.015872
170.000000 1.049790
171.000000 1.072547
172.000000 1.113694
173.000000 1.135694
174.000000 1.174048
175.000000 1.159967
176.000000 1.156570
177.000000 1.137376
178.000000 1.125246
179.000000 1.083592
180.000000 1.030843
181.000000 0.988763
182.000000 0.939720
183.000000 0.914719
184.000000 0.892532
185.000000 0.892600
186.000000 0.888399
187.000000 0.883011
188.000000 0.888981
189.000000 0.908677
190.000000 0.950087
191.000000 0.974849
192.000000 0.989191
193.000000 1.009225
194.000000 1.017452
195.000000 1.000886
196.000000 0.984370
197.000000 0.987634
198.000000 0.947589
199.000000 0.937312
200.000000 0.951202
201.000000 0.974953
202.000000 1.001319
203.000000 1.034670
204.000000 1.048276
205.000000 1.058705
206.000000 1.072720
207.000000 1.071262
208.000000 1.089099
209.000000 1.080112
210.000000 1.067967
211.000000 1.073747
212.000000 1.095715
213.000000 1.098652
214.000000 1.119755
215.000000 1.105895
216.000000 1.091731
217.000000 1.078364
218.000000 1.060732
219.000000 1.029343
220.000000 0.982604
221.000000 0.951141
222.000000 0.959752
223.000000 0.980483
224.000000 0.996654
225.000000 1.026732
226.000000 1.042076
227.000000 1.061001
228.000000 1.070108
229.000000 1.077553
230.000000 1.060622
231.000000 1.058308
232.000000 1.017252
233.000000 0.973524
234.000000 0.957836
235.000000 0.943196
236.000000 0.935096
237.000000 0.905833
238.000000 0.883407
239.000000 0.900907
240.000000 0.912721
241.000000 0.886895
242.000000 0.886018
243.000000 0.910429
244.000000 0.953802
245.000000 0.982863
246.000000 1.003907
247.000000 1.007699
248.000000 1.029188
249.000000 1.020833
250.000000 0.995273
251.000000 0.973076
252.000000 0.976424
253.000000 0.959413
254.000000 0.959978
255.000000 0.947251
256.000000 0.980709
257.000000 1.009542
258.000000 1.009464
259.000000 1.039006
260.000000 1.029564
261.000000 1.002917
262.000000 1.003625
263.000000 0.990071
264.000000 0.965372
265.000000 0.974260
266.000000 0.954125
267.000000 0.997900
268.000000 1.016950
269.000000 1.024715
270.000000 1.073860
271.000000 1.110966
272.000000 1.119301
273.000000 1.141869
274.000000 1.137874
275.000000 1.142898
276.000000 1.152867
277.000000 1.144033
278.000000 1.128603
279.000000 1.122589
280.000000 1.104970
281.000000 1.105274
282.000000 1.074520
283.000000 1.049404
284.000000 1.041926
285.000000 1.043403
286.000000 1.022181
287.000000 1.002328
288.000000 0.992801
289.000000 0.990153
290.000000 1.002930
291.000000 1.019271
292.000000 0.998204
293.000000 0.980781
294.000000 0.969414
295.000000 0.952638
296.000000 0.924390
297.000000 0.899741
298.000000 0.864349
299.000000 0.825180
300.000000 0.800664
301.000000 0.813307
302.000000 0.821214
303.000000 0.864166
304.000000 0.899447
305.000000 0.938758
306.000000 0.989084
307.000000 1.002700
308.000000 1.040291
309.000000 1.057481
310.000000 1.057742
311.000000 1.055937
312.000000 1.057937
313.000000 1.053950
314.000000 1.038112
315.000000 1.048379
316.000000 1.027084
317.000000 1.019771
318.000000 0.988138
319.000000 0.978643
320.000000 0.974264
321.000000 0.969759
322.000000 0.984293
323.000000 0.973827
324.000000 0.945284
325.000000 0.962697
326.000000 1.031025
327.000000 1.053712
328.000000 1.077191
329.000000 1.098163
330.000000 1.121407
331.000000 1.115409
332.000000 1.098102
333.000000 1.084964
334.000000 1.051924
335.000000 1.040945
336.000000 1.045992
337.000000 1.067562
338.000000 1.051116
339.000000 1.068924
340.000000 1.058351
341.000000 1.035455
342.000000 1.030817
343.000000 1.011715
344.000000 0.983473
345.000000 0.970692
346.000000 0.944392
347.000000 0.931183
348.000000 0.926185
349.000000 0.921181
350.000000 0.924260
351.000000 0.934106
352.000000 0.937330
353.000000 0.970779
354.000000 0.976717
355.000000 1.008635
356.000000 1.017064
357.000000 1.012134
358.000000 1.019086
359.000000 0.959515
360.000000 0.919835
361.000000 0.924524
362.000000 0.928211
363.000000 0.942547
364.000000 0.930389
365.000000 0.924251
366.000000 0.921653
367.000000 0.912560
368.000000 0.916074
369.000000 0.915978
370.000000 0.897613
371.000000 0.867639
372.000000 0.843412
373.000000 0.817356
374.000000 0.803681
375.000000 0.784732
376.000000 0.788737
377.000000 0.800347
378.000000 0.819146
379.000000 0.859015
380.000000 0.895920
381.000000 0.930951
382.000000 0.932029
383.000000 0.951521
384.000000 1.012940
385.000000 1.058267
386.000000 1.102297
387.000000 1.103349
388.000000 1.117065
389.000000 1.111468
390.000000 1.118994
391.000000 1.091311
392.000000 1.098174
393.000000 1.071387
394.000000 1.049210
395.000000 1.064431
396.000000 1.079725
397.000000 1.068373
398.000000 1.097054
399.000000 1.091662
400.000000 1.104985
401.000000 1.119869
402.000000 1.167040
403.000000 1.202475
404.000000 1.224511
405.000000 1.186798
406.000000 1.029509
407.000000 0.865080
408.000000 0.931511
409.000000 1.130799
410.000000 1.385833
411.000000 1.623748
412.000000 1.846448
413.000000 2.046427
414.000000 2.236187
415.000000 2.381748
416.000000 2.496421
417.000000 2.555510
418.000000 2.605784
419.000000 2.637999
420.000000 2.653113
421.000000 2.654674
422.000000 2.669049
423.000000 2.699727
424.000000 2.704413
425.000000 2.715002
426.000000 2.749297
427.000000 2.768860
428.000000 2.807017
429.000000 2.854996
430.000000 2.872417
431.000000 2.909089
432.000000 2.933171
433.000000 2.961304
434.000000 2.961165
435.000000 2.973102
436.000000 2.970804
437.000000 2.977930
438.000000 2.968201
439.000000 2.940095
440.000000 2.926726
441.000000 2.908347
442.000000 2.912600
443.000000 2.911314
444.000000 2.935854
445.000000 2.959311
446.000000 2.973269
447.000000 2.994666
448.000000 3.018083
449.000000 3.049062
450.000000 3.066910
451.000000 3.022099
452.000000 3.020102
453.000000 3.027563
454.000000 3.033077
455.000000 3.023914
456.000000 3.013554
457.000000 3.002788
458.000000 3.009387
459.000000 3.009051
460.000000 2.996532
461.000000 2.990432
462.000000 2.975623
463.000000 2.968486
464.000000 2.940394
465.000000 2.935870
466.000000 2.923661
467.000000 2.959433
468.000000 3.002331
469.000000 3.041162
470.000000 3.053867
471.000000 3.063043
472.000000 3.062691
473.000000 3.082716
474.000000 3.113411
475.000000 3.132707
476.000000 3.151574
477.000000 3.185482
478.000000 3.197488
479.000000 3.177769
480.000000 3.153443
481.000000 3.131045
482.000000 3.070774
483.000000 3.028155
484.000000 3.003542
485.000000 2.980242
486.000000 2.960285
487.000000 2.944061
488.000000 2.960483
489.000000 2.980286
490.000000 2.992150
491.000000 2.988092
492.000000 3.038046
493.000000 3.040686
494.000000 3.055469
495.000000 3.061473
496.000000 3.052906
497.000000 3.052930
498.000000 3.015922
499.000000 2.992051
500.000000 2.965009
501.000000 2.952904
502.000000 2.964578
503.000000 2.985817
504.000000 2.913601
505.000000 2.839264
506.000000 2.725127
507.000000 2.628072
508.000000 2.571382
509.000000 2.512051
510.000000 2.461766
511.000000 2.433391
512.000000 2.434015
513.000000 2.468266
514.000000 2.557630
515.000000 2.638772
516.000000 2.700989
517.000000 2.777750
518.000000 2.846974
519.000000 2.924249
520.000000 2.959610
521.000000 2.967662
522.000000 2.990927
523.000000 2.952253
524.000000 2.942334
525.000000 2.907977
526.000000 2.865185
527.000000 2.872297
528.000000 2.896128
529.000000 2.899981
530.000000 2.890607
531.000000 2.873982
532.000000 2.893815
533.000000 2.882223
534.000000 2.867638
535.000000 2.879494
536.000000 2.892891
537.000000 2.926805
538.000000 2.942522
539.000000 2.969391
540.000000 2.994296
541.000000 3.051673
542.000000 3.079086
543.000000 3.086884
544.000000 3.099436
545.000000 3.104657
546.000000 3.085551
547.000000 3.072845
548.000000 3.062538
549.000000 3.079926
550.000000 3.061854
551.000000 3.034889
552.000000 2.987964
553.000000 2.987946
554.000000 3.000785
555.000000 2.984623
556.000000 2.967546
557.000000 2.955262
558.000000 2.946036
559.000000 2.960497
560.000000 2.976797
561.000000 2.994914
562.000000 3.030635
563.000000 3.033686
564.000000 3.056731
565.000000 3.106606
566.000000 3.138366
567.000000 3.172471
568.000000 3.204627
569.000000 3.239629
570.000000 3.226808
571.000000 3.210705
572.000000 3.173087
573.000000 3.129297
574.000000 3.060082
575.000000 3.023732
576.000000 2.995240
577.000000 3.033381
578.000000 3.055489
579.000000 3.069929
580.000000 3.040918
581.000000 3.045220
582.000000 3.019052
583.000000 3.009323
584.000000 3.009605
585.000000 3.033526
586.000000 3.042871
587.000000 3.018074
588.000000 2.997231
589.000000 3.009929
590.000000 3.013959
591.000000 3.020232
592.000000 3.031394
593.000000 3.015038
594.000000 2.997759
595.000000 2.976748
596.000000 2.990258
597.000000 2.989731
598.000000 2.970357
599.000000 2.956493
600.000000 2.966740
601.000000 2.978215
602.000000 3.007017
603.000000 3.013346
604.000000 2.975817
605.000000 2.947434
606.000000 2.934860
607.000000 2.917262
608.000000 2.929493
609.000000 2.904436
610.000000 2.904608
611.000000 2.905651
612.000000 2.866786
613.000000 2.898125
614.000000 2.896058
615.000000 2.914162
616.000000 2.945536
617.000000 2.958487
618.000000 2.996081
619.000000 3.032904
620.000000 3.039128
621.000000 3.062845
622.000000 3.067843
623.000000 3.036725
624.000000 3.033218
625.000000 3.057881
626.000000 3.071942
627.000000 3.068943
628.000000 3.045182
629.000000 3.035486
630.000000 3.015714
631.000000 2.988227
632.000000 2.962764
633.000000 2.917492
634.000000 2.895545
635.000000 2.892156
636.000000 2.899678
637.000000 2.917070
638.000000 2.917233
639.000000 2.910120
640.000000 2.897614
641.000000 2.898428
642.000000 2.894647
643.000000 2.904740
644.000000 2.961174
645.000000 2.975799
646.000000 3.003246
647.000000 2.997253
648.000000 2.997920
649.000000 3.014813
650.000000 2.986450
651.000000 2.998489
652.000000 3.022922
653.000000 3.044946
654.000000 3.046216
655.000000 3.076922
656.000000 3.094949
657.000000 3.096533
658.000000 3.075072
659.000000 3.058574
660.000000 3.051365
661.000000 3.060943
662.000000 3.048855
663.000000 3.050173
664.000000 3.029287
665.000000 3.001000
666.000000 3.011957
667.000000 2.988564
668.000000 2.999281
669.000000 3.025427
670.000000 3.030607
671.000000 3.028767
672.000000 3.007149
673.000000 2.989292
674.000000 2.996190
675.000000 3.012685
676.000000 3.017435
677.000000 2.995640
678.000000 2.982205
679.000000 2.970095
680.000000 2.956063
681.000000 2.943363
682.000000 2.973848
683.000000 2.992078
684.000000 2.999465
685.000000 3.047906
686.000000 3.076658
687.000000 3.135270
688.000000 3.183346
689.000000 3.159437
690.000000 3.116583
691.000000 3.053664
692.000000 2.994560
693.000000 2.957339
694.000000 2.931939
695.000000 2.934060
696.000000 2.921933
697.000000 2.946140
698.000000 2.970315
699.000000 2.993339
700.000000 3.019904
701.000000 3.058656
702.000000 3.072863
703.000000 3.066235
704.000000 3.053745
705.000000 3.067982
706.000000 3.078238
707.000000 3.056676
708.000000 3.050226
709.000000 3.023216
710.000000 3.037629
711.000000 3.001874
712.000000 2.957542
713.000000 2.950625
714.000000 2.933329
715.000000 2.936513
716.000000 2.929765
717.000000 2.934999
718.000000 2.905464
719.000000 2.889197
720.000000 2.890327
721.000000 2.870444
722.000000 2.867886
723.000000 2.868746
724.000000 2.868508
725.000000 2.882795
726.000000 2.901988
727.000000 2.910055
728.000000 2.927851
729.000000 2.966932
730.000000 3.011857
731.000000 3.020707
732.000000 3.060550
733.000000 3.090622
734.000000 3.140002
735.000000 3.156468
736.000000 3.173050
737.000000 3.214553
738.000000 3.218427
739.000000 3.219341
740.000000 3.236108
741.000000 3.241067
742.000000 3.231145
743.000000 3.246814
744.000000 3.246191
745.000000 3.189280
746.000000 3.145140
747.000000 3.089122
748.000000 3.026589
749.000000 2.969491
750.000000 2.921262
751.000000 2.912401
752.000000 2.874726
753.000000 2.846537
754.000000 2.799424
755.000000 2.817797
756.000000 2.802127
757.000000 2.796013
758.000000 2.838856
759.000000 2.870990
760.000000 2.934303
761.000000 2.974013
762.000000 2.999248
763.000000 3.010912
764.000000 2.988344
765.000000 2.979147
766.000000 2.999179
767.000000 3.018929
768.000000 3.037786
769.000000 3.018813
770.000000 3.036226
771.000000 3.066874
772.000000 3.102696
773.000000 3.099845
774.000000 3.112460
775.000000 3.143834
776.000000 3.182295
777.000000 3.195118
778.000000 3.184956
779.000000 3.143017
780.000000 3.111723
781.000000 3.076676
782.000000 3.052072
783.000000 3.016720
784.000000 2.990518
785.000000 2.985974
786.000000 2.992133
787.000000 3.024676
788.000000 3.052601
789.000000 3.077685
790.000000 3.088274
791.000000 3.075020
792.000000 3.066080
793.000000 3.015319
794.000000 2.965893
795.000000 2.945277
796.000000 2.909777
797.000000 2.904071
798.000000 2.909248
799.000000 2.919811
800.000000 2.924258
801.000000 2.946386
802.000000 2.963249
803.000000 2.970594
804.000000 3.060975
805.000000 3.214962
806.000000 3.442667
807.000000 3.677779
808.000000 3.658955
809.000000 3.454867
810.000000 3.198739
811.000000 2.923383
812.000000 2.645276
813.000000 2.396172
814.000000 2.157511
815.000000 1.981073
816.000000 1.862655
817.000000 1.786998
818.000000 1.750641
819.000000 1.723085
820.000000 1.672278
821.000000 1.634358
822.000000 1.635136
823.000000 1.593246
824.000000 1.597440
825.000000 1.579104
826.000000 1.554573
827.000000 1.545925
828.000000 1.532008
829.000000 1.548615
830.000000 1.532747
831.000000 1.490993
832.000000 1.488785
833.000000 1.467070
834.000000 1.487339
835.000000 1.502035
836.000000 1.506666
837.000000 1.523313
838.000000 1.535658
839.000000 1.554361
840.000000 1.571511
841.000000 1.583793
842.000000 1.568145
843.000000 1.569176
844.000000 1.559450
845.000000 1.531533
846.000000 1.536305
847.000000 1.566902
848.000000 1.600278
849.000000 1.622836
850.000000 1.626282
851.000000 1.630821
852.000000 1.628834
853.000000 1.627802
854.000000 1.610433
855.000000 1.572231
856.000000 1.547602
857.000000 1.507655
858.000000 1.473125
859.000000 1.469566
860.000000 1.451470
861.000000 1.450315
862.000000 1.446578
863.000000 1.436858
864.000000 1.438452
865.000000 1.439653
866.000000 1.431088
867.000000 1.420124
868.000000 1.443936
869.000000 1.467673
870.000000 1.494905
871.000000 1.503834
872.000000 1.507572
873.000000 1.481963
874.000000 1.481405
875.000000 1.457458
876.000000 1.466471
877.000000 1.469121
878.000000 1.467237
879.000000 1.469373
880.000000 1.478402
881.000000 1.471989
882.000000 1.466201
883.000000 1.483941
884.000000 1.452440
885.000000 1.460402
886.000000 1.481562
887.000000 1.501068
888.000000 1.527632
889.000000 1.549746
890.000000 1.581258
891.000000 1.595748
892.000000 1.583206
893.000000 1.568783
894.000000 1.574209
895.000000 1.576013
896.000000 1.557630
897.000000 1.567387
898.000000 1.564182
899.000000 1.531733
900.000000 1.523148
901.000000 1.533832
902.000000 1.561290
903.000000 1.566754
904.000000 1.552164
905.000000 1.517486
906.000000 1.503746
907.000000 1.500841
908.000000 1.506842
909.000000 1.495719
910.000000 1.481192
911.000000 1.462987
912.000000 1.457701
913.000000 1.446583
914.000000 1.454320
915.000000 1.454518
916.000000 1.443291
917.000000 1.446510
918.000000 1.461901
919.000000 1.484196
920.000000 1.523928
921.000000 1.560053
922.000000 1.572493
923.000000 1.583945
924.000000 1.595479
925.000000 1.571899
926.000000 1.572159
927.000000 1.546358
928.000000 1.553988
929.000000 1.574844
930.000000 1.567804
931.000000 1.537841
932.000000 1.507897
933.000000 1.481065
934.000000 1.475329
935.000000 1.469538
936.000000 1.472478
937.000000 1.497935
938.000000 1.506045
939.000000 1.510782
940.000000 1.503946
941.000000 1.488438
942.000000 1.485696
943.000000 1.489493
944.000000 1.478363
945.000000 1.466731
946.000000 1.451191
947.000000 1.442399
948.000000 1.425251
949.000000 1.413208
950.000000 1.428164
951.000000 1.385146
952.000000 1.366994
953.000000 1.332881
954.000000 1.334410
955.000000 1.360061
956.000000 1.400577
957.000000 1.436282
958.000000 1.481319
959.000000 1.515703
960.000000 1.565341
961.000000 1.544701
962.000000 1.506967
963.000000 1.474686
964.000000 1.460192
965.000000 1.465345
966.000000 1.486521
967.000000 1.460727
968.000000 1.479627
969.000000 1.525470
970.000000 1.553202
971.000000 1.548435
972.000000 1.604554
973.000000 1.607333
974.000000 1.620084
975.000000 1.610982
976.000000 1.599562
977.000000 1.617525
978.000000 1.597754
979.000000 1.601288
980.000000 1.620726
981.000000 1.632412
982.000000 1.643251
983.000000 1.660984
984.000000 1.650403
985.000000 1.630897
986.000000 1.597988
987.000000 1.586117
988.000000 1.577499
989.000000 1.572755
990.000000 1.527821
991.000000 1.486579
992.000000 1.443711
993.000000 1.387911
994.000000 1.353852
995.000000 1.327476
996.000000 1.328710
997.000000 1.349401
998.000000 1.349103
999.000000 1.366853
1000.000000 1.378121
1001.000000 1.401752
1002.000000 1.446127
1003.000000 1.447179
1004.000000 1.455012
1005.000000 1.468422
1006.000000 1.443366
1007.000000 1.455515
1008.000000 1.461875
1009.000000 1.508788
1010.000000 1.543084
1011.000000 1.575111
1012.000000 1.619068
1013.000000 1.630717
1014.000000 1.655738
1015.000000 1.653527
1016.000000 1.651354
1017.000000 1.636062
1018.000000 1.606051
1019.000000 1.557119
1020.000000 1.518992
1021.000000 1.488106
1022.000000 1.463236
1023.000000 1.444713
1024.000000 1.428005
1025.000000 1.430794
1026.000000 1.446593
1027.000000 1.471941
1028.000000 1.485627
1029.000000 1.485203
1030.000000 1.515457
1031.000000 1.521556
1032.000000 1.514804
1033.000000 1.492286
1034.000000 1.472754
1035.000000 1.457634
1036.000000 1.437137
1037.000000 1.422106
1038.000000 1.389627
1039.000000 1.364784
1040.000000 1.335675
1041.000000 1.329347
1042.000000 1.349131
1043.000000 1.355164
1044.000000 1.354354
1045.000000 1.347534
1046.000000 1.367676
1047.000000 1.391569
1048.000000 1.415918
1049.000000 1.456977
1050.000000 1.455011
1051.000000 1.490906
1052.000000 1.481489
1053.000000 1.504373
1054.000000 1.518582
1055.000000 1.516075
1056.000000 1.528951
1057.000000 1.549044
1058.000000 1.553303
1059.000000 1.572219
1060.000000 1.608476
1061.000000 1.641239
1062.000000 1.678775
1063.000000 1.673200
1064.000000 1.644727
1065.000000 1.588468
1066.000000 1.568199
1067.000000 1.526235
1068.000000 1.478654
1069.000000 1.424818
1070.000000 1.390583
1071.000000 1.365227
1072.000000 1.363125
1073.000000 1.350516
1074.000000 1.351662
1075.000000 1.367530
1076.000000 1.417792
1077.000000 1.474848
1078.000000 1.506400
1079.000000 1.560266
1080.000000 1.606362
1081.000000 1.614849
1082.000000 1.608031
1083.000000 1.591926
1084.000000 1.599812
1085.000000 1.584177
1086.000000 1.590558
1087.000000 1.578996
1088.000000 1.604754
1089.000000 1.637603
1090.000000 1.612032
1091.000000 1.614983
1092.000000 1.594853
1093.000000 1.547830
1094.000000 1.504515
1095.000000 1.492922
1096.000000 1.465424
1097.000000 1.471787
1098.000000 1.473901
1099.000000 1.485652
1100.000000 1.469111
1101.000000 1.448117
1102.000000 1.435818
1103.000000 1.424763
1104.000000 1.415720
1105.000000 1.431028
1106.000000 1.422824
1107.000000 1.435949
1108.000000 1.424450
1109.000000 1.406474
1110.000000 1.408108
1111.000000 1.447008
1112.000000 1.483103
1113.000000 1.466202
1114.000000 1.454494
1115.000000 1.437309
1116.000000 1.410642
1117.000000 1.425678
1118.000000 1.430239
1119.000000 1.407646
1120.000000 1.410767
1121.000000 1.412254
1122.000000 1.404872
1123.000000 1.420792
1124.000000 1.417716
1125.000000 1.426565
1126.000000 1.425343
1127.000000 1.402559
1128.000000 1.392371
1129.000000 1.391072
1130.000000 1.406743
1131.000000 1.434911
1132.000000 1.449006
1133.000000 1.472898
1134.000000 1.488152
1135.000000 1.509434
1136.000000 1.502423
1137.000000 1.517545
1138.000000 1.524018
1139.000000 1.527327
1140.000000 1.545155
1141.000000 1.532715
1142.000000 1.546500
1143.000000 1.533424
1144.000000 1.537807
1145.000000 1.536517
1146.000000 1.529319
1147.000000 1.540516
1148.000000 1.564026
1149.000000 1.585678
1150.000000 1.601275
1151.000000 1.606859
1152.000000 1.575492
1153.000000 1.539748
1154.000000 1.538593
1155.000000 1.527793
1156.000000 1.516054
1157.000000 1.507806
1158.000000 1.506885
1159.000000 1.506654
1160.000000 1.524702
1161.000000 1.528368
1162.000000 1.511784
1163.000000 1.518981
1164.000000 1.549901
1165.000000 1.553592
1166.000000 1.574200
1167.000000 1.576505
1168.000000 1.576957
1169.000000 1.582340
1170.000000 1.570439
1171.000000 1.571491
1172.000000 1.553867
1173.000000 1.534823
1174.000000 1.525355
1175.000000 1.548563
1176.000000 1.554156
1177.000000 1.538763
1178.000000 1.553595
1179.000000 1.553288
1180.000000 1.567169
1181.000000 1.561199
1182.000000 1.547468
1183.000000 1.516742
1184.000000 1.511838
1185.000000 1.509891
1186.000000 1.483438
1187.000000 1.457305
1188.000000 1.451604
1189.000000 1.431876
1190.000000 1.438233
1191.000000 1.411015
1192.000000 1.419879
1193.000000 1.417202
1194.000000 1.415586
1195.000000 1.440748
1196.000000 1.441274
1197.000000 1.429970
1198.000000 1.459182
1199.000000 1.458537
1200.000000 1.476869
1201.000000 1.498489
1202.000000 1.516244
1203.000000 1.536091
1204.000000 1.530178
1205.000000 1.564537
1206.000000 1.630547
1207.000000 1.715528
1208.000000 1.619573
1209.000000 1.468685
1210.000000 1.301635
1211.000000 1.180927
1212.000000 1.081789
1213.000000 0.972066
1214.000000 0.897707
1215.000000 0.838086
1216.000000 0.813226
1217.000000 0.754214
1218.000000 0.710005
1219.000000 0.662740
1220.000000 0.626540
1221.000000 0.605561
1222.000000 0.586022
1223.000000 0.550145
1224.000000 0.560409
1225.000000 0.572228
1226.000000 0.587901
1227.000000 0.619278
1228.000000 0.626643
1229.000000 0.629964
1230.000000 0.655044
1231.000000 0.680769
1232.000000 0.654334
1233.000000 0.671022
1234.000000 0.665252
1235.000000 0.640833
1236.000000 0.612165
1237.000000 0.573822
1238.000000 0.532226
1239.000000 0.520117
1240.000000 0.535943
1241.000000 0.556882
1242.000000 0.572314
1243.000000 0.591692
1244.000000 0.581292
1245.000000 0.603396
1246.000000 0.632137
1247.000000 0.607775
1248.000000 0.572626
1249.000000 0.568408
1250.000000 0.545744
1251.000000 0.517547
1252.000000 0.449649
1253.000000 0.409806
1254.000000 0.372661
1255.000000 0.342863
1256.000000 0.301679
1257.000000 0.296299
1258.000000 0.350339
1259.000000 0.371968
1260.000000 0.397592
1261.000000 0.428286
1262.000000 0.438926
1263.000000 0.464157
1264.000000 0.477977
1265.000000 0.473779
1266.000000 0.469216
1267.000000 0.475565
1268.000000 0.457918
1269.000000 0.452800
1270.000000 0.449416
1271.000000 0.433151
1272.000000 0.452206
1273.000000 0.437915
1274.000000 0.452074
1275.000000 0.443800
1276.000000 0.441946
1277.000000 0.464979
1278.000000 0.481765
1279.000000 0.459852
1280.000000 0.440554
1281.000000 0.416736
1282.000000 0.392201
1283.000000 0.392408
1284.000000 0.397812
1285.000000 0.382108
1286.000000 0.447209
1287.000000 0.483616
1288.000000 0.481591
1289.000000 0.490958
1290.000000 0.489064
1291.000000 0.479517
1292.000000 0.461869
1293.000000 0.476992
1294.000000 0.487434
1295.000000 0.494569
1296.000000 0.500154
1297.000000 0.508881
1298.000000 0.510968
1299.000000 0.498419
1300.000000 0.463219
1301.000000 0.453431
1302.000000 0.440601
1303.000000 0.421814
1304.000000 0.485282
1305.000000 0.593243
1306.000000 0.705935
1307.000000 0.825425
1308.000000 0.918915
1309.000000 0.986392
1310.000000 1.016988
1311.000000 0.993092
1312.000000 0.987096
1313.000000 0.970681
1314.000000 0.900192
1315.000000 0.839124
1316.000000 0.745303
1317.000000 0.701427
1318.000000 0.659454
1319.000000 0.608162
1320.000000 0.522996
1321.000000 0.439433
1322.000000 0.438793
1323.000000 0.401670
1324.000000 0.408311
1325.000000 0.402415
1326.000000 0.418492
1327.000000 0.460380
1328.000000 0.503713
1329.000000 0.557638
1330.000000 0.596494
1331.000000 0.612174
1332.000000 0.659883
1333.000000 0.695969
1334.000000 0.681928
1335.000000 0.646163
1336.000000 0.629869
1337.000000 0.612689
1338.000000 0.596256
1339.000000 0.579854
1340.000000 0.549773
1341.000000 0.536026
1342.000000 0.561387
1343.000000 0.564443
1344.000000 0.543015
1345.000000 0.488199
1346.000000 0.475303
1347.000000 0.464530
1348.000000 0.462348
1349.000000 0.458634
1350.000000 0.430947
1351.000000 0.444194
1352.000000 0.489593
1353.000000 0.519123
1354.000000 0.546169
1355.000000 0.562293
1356.000000 0.580454
1357.000000 0.580799
1358.000000 0.557677
1359.000000 0.547804
1360.000000 0.527321
1361.000000 0.510593
1362.000000 0.470027
1363.000000 0.463185
1364.000000 0.457399
1365.000000 0.444671
1366.000000 0.416299
1367.000000 0.417199
1368.000000 0.421573
1369.000000 0.439680
1370.000000 0.456984
1371.000000 0.497994
1372.000000 0.513590
1373.000000 0.520537
1374.000000 0.527826
1375.000000 0.557573
1376.000000 0.560629
1377.000000 0.560530
1378.000000 0.558640
1379.000000 0.549333
1380.000000 0.537981
1381.000000 0.513841
1382.000000 0.482727
1383.000000 0.455954
1384.000000 0.439109
1385.000000 0.437890
1386.000000 0.412217
1387.000000 0.435148
1388.000000 0.442401
1389.000000 0.451128
1390.000000 0.485156
1391.000000 0.497900
1392.000000 0.520963
1393.000000 0.521244
1394.000000 0.493740
1395.000000 0.484139
1396.000000 0.468238
1397.000000 0.475598
1398.000000 0.448369
1399.000000 0.455274
1400.000000 0.448638
1401.000000 0.463821
1402.000000 0.486365
1403.000000 0.505538
1404.000000 0.520221
1405.000000 0.515508
1406.000000 0.529584
1407.000000 0.538572
1408.000000 0.566322
1409.000000 0.565732
1410.000000 0.581714
1411.000000 0.622982
1412.000000 0.627193
1413.000000 0.618004
1414.000000 0.604059
1415.000000 0.585420
1416.000000 0.553974
1417.000000 0.538419
1418.000000 0.516495
1419.000000 0.503039
1420.000000 0.483347
1421.000000 0.520350
1422.000000 0.546038
1423.000000 0.570321
1424.000000 0.590628
1425.000000 0.584430
1426.000000 0.588916
1427.000000 0.559147
1428.000000 0.572186
1429.000000 0.575073
1430.000000 0.524911
1431.000000 0.502044
1432.000000 0.472430
1433.000000 0.461018
1434.000000 0.450394
1435.000000 0.453918
1436.000000 0.452786
1437.000000 0.437539
1438.000000 0.433601
1439.000000 0.450499
1440.000000 0.455480
1441.000000 0.449184
1442.000000 0.450491
1443.000000 0.433381
1444.000000 0.419545
1445.000000 0.404003
1446.000000 0.387512
1447.000000 0.427439
1448.000000 0.482987
1449.000000 0.492801
1450.000000 0.506581
1451.000000 0.502341
1452.000000 0.540551
1453.000000 0.591135
1454.000000 0.609624
1455.000000 0.596183
1456.000000 0.577731
1457.000000 0.581127
1458.000000 0.581437
1459.000000 0.544813
1460.000000 0.522326
1461.000000 0.509535
1462.000000 0.511375
1463.000000 0.488374
1464.000000 0.462704
1465.000000 0.418210
1466.000000 0.403345
1467.000000 0.400936
1468.000000 0.420654
1469.000000 0.381657
1470.000000 0.366963
1471.000000 0.395287
1472.000000 0.413099
1473.000000 0.427187
1474.000000 0.436690
1475.000000 0.442235
1476.000000 0.453885
1477.000000 0.465628
1478.000000 0.454496
1479.000000 0.463167
1480.000000 0.470130
1481.000000 0.482869
1482.000000 0.470794
1483.000000 0.491368
1484.000000 0.491274
1485.000000 0.501161
1486.000000 0.534150
1487.000000 0.560723
1488.000000 0.541173
1489.000000 0.534282
1490.000000 0.530577
1491.000000 0.524663
1492.000000 0.498585
1493.000000 0.491255
1494.000000 0.476363
1495.000000 0.465563
1496.000000 0.478985
1497.000000 0.475773
1498.000000 0.468647
1499.000000 0.455511
1500.000000 0.457538
1501.000000 0.455674
1502.000000 0.418543
1503.000000 0.394109
1504.000000 0.392240
1505.000000 0.392862
1506.000000 0.400108
1507.000000 0.453360
1508.000000 0.457176
1509.000000 0.479240
1510.000000 0.473357
1511.000000 0.461614
1512.000000 0.460964
1513.000000 0.439647
1514.000000 0.433051
1515.000000 0.438973
1516.000000 0.457771
1517.000000 0.502643
1518.000000 0.521493
1519.000000 0.555000
1520.000000 0.554282
1521.000000 0.576340
1522.000000 0.584960
1523.000000 0.585213
1524.000000 0.576487
1525.000000 0.561625
1526.000000 0.564116
1527.000000 0.544604
1528.000000 0.543829
1529.000000 0.547032
1530.000000 0.540780
1531.000000 0.511363
1532.000000 0.503387
1533.000000 0.530089
1534.000000 0.546669
1535.000000 0.539235
1536.000000 0.518184
1537.000000 0.499998
1538.000000 0.503764
1539.000000 0.521332
1540.000000 0.522654
1541.000000 0.538570
1542.000000 0.579025
1543.000000 0.597787
1544.000000 0.616779
1545.000000 0.656744
1546.000000 0.630780
1547.000000 0.609144
1548.000000 0.614983
1549.000000 0.604922
1550.000000 0.604748
1551.000000 0.567643
1552.000000 0.570531
1553.000000 0.578418
1554.000000 0.591881
1555.000000 0.581330
1556.000000 0.573632
1557.000000 0.560069
1558.000000 0.570988
1559.000000 0.543065
1560.000000 0.520553
1561.000000 0.467364
1562.000000 0.440396
1563.000000 0.429337
1564.000000 0.407066
1565.000000 0.388714
1566.000000 0.402673
1567.000000 0.406246
1568.000000 0.394750
1569.000000 0.386260
1570.000000 0.374994
1571.000000 0.384451
1572.000000 0.387949
1573.000000 0.412258
1574.000000 0.423448
1575.000000 0.432602
1576.000000 0.450618
1577.000000 0.460250
1578.000000 0.463265
1579.000000 0.464043
1580.000000 0.489205
1581.000000 0.499215
1582.000000 0.467714
1583.000000 0.436034
1584.000000 0.422137
1585.000000 0.441189
1586.000000 0.408583
1587.000000 0.383207
1588.000000 0.341749
1589.000000 0.331731
1590.000000 0.330781
1591.000000 0.357720
1592.000000 0.347661
1593.000000 0.368630
1594.000000 0.398321
1595.000000 0.455477
1596.000000 0.500367
1597.000000 0.538360
1598.000000 0.583138
1599.000000 0.609244
1600.000000 0.608986
