1.000000 0.000000
2.000000 0.000000
3.000000 0.000000
4.000000 0.000000
5.000000 0.000000
6.000000 0.000000
7.000000 0.000000
8.000000 0.000000
9.000000 0.159830
10.000000 0.320805
11.000000 0.481666
12.000000 0.641362
13.000000 0.799024
14.000000 0.953937
15.000000 1.105524
16.000000 1.253326
17.000000 1.396982
18.000000 1.536222
19.000000 1.670845
20.000000 1.800719
21.000000 1.925761
22.000000 2.045936
23.000000 2.161246
24.000000 2.271727
25.000000 2.377440
26.000000 2.478466
27.000000 2.574906
28.000000 2.666875
29.000000 2.754497
30.000000 2.837906
31.000000 2.917241
32.000000 2.992646
33.000000 3.064267
34.000000 3.132251
35.000000 3.196746
36.000000 3.257896
37.000000 3.315847
38.000000 3.370740
39.000000 3.422714
40.000000 3.471904
41.000000 3.518442
42.000000 3.562456
43.000000 3.604067
44.000000 3.643396
45.000000 3.680558
46.000000 3.715661
47.000000 3.748811
48.000000 3.780111
49.000000 3.809656
50.000000 3.837540
51.000000 3.863849
52.000000 3.888670
53.000000 3.912082
54.000000 3.934162
55.000000 3.954981
56.000000 3.974610
57.000000 3.993114
58.000000 4.010556
59.000000 4.026993
60.000000 4.042483
61.000000 4.057079
62.000000 4.070830
63.000000 4.083785
64.000000 4.095988
65.000000 4.107483
66.000000 4.118309
67.000000 4.128504
68.000000 4.138106
69.000000 4.147147
70.000000 4.155660
71.000000 4.163675
72.000000 4.171222
73.000000 4.178326
74.000000 4.185015
75.000000 4.191311
76.000000 4.197237
77.000000 4.202816
78.000000 4.208066
79.000000 4.213008
80.000000 4.217660
81.000000 4.222037
82.000000 4.226157
83.000000 4.230034
84.000000 4.233683
85.000000 4.237116
86.000000 4.240347
87.000000 4.243388
88.000000 4.246249
89.000000 4.248941
90.000000 4.251474
91.000000 4.253857
92.000000 4.256100
93.000000 4.258210
94.000000 4.260195
95.000000 4.262063
96.000000 4.263821
97.000000 4.265475
98.000000 4.267030
99.000000 4.268494
100.000000 4.269871
101.000000 4.271166
102.000000 4.272385
103.000000 4.273532
104.000000 4.274611
105.000000 4.275626
106.000000 4.276580
107.000000 4.277479
108.000000 4.278324
109.000000 4.279119
110.000000 4.279866
111.000000 4.280570
112.000000 4.281232
113.000000 4.281854
114.000000 4.282440
115.000000 4.282991
116.000000 4.283509
117.000000 4.283997
118.000000 4.284456
119.000000 4.284887
120.000000 4.285293
121.000000 4.285675
122.000000 4.286034
123.000000 4.286372
124.000000 4.286690
125.000000 4.286989
126.000000 4.287270
127.000000 4.287534
128.000000 4.287783
129.000000 4.288017
130.000000 4.288238
131.000000 4.288445
132.000000 4.288640
133.000000 4.288823
134.000000 4.288996
135.000000 4.289158
136.000000 4.289310
137.000000 4.289454
138.000000 4.289589
139.000000 4.289716
140.000000 4.289835
141.000000 4.289948
142.000000 4.290053
143.000000 4.290153
144.000000 4.290246
145.000000 4.290334
146.000000 4.290417
147.000000 4.290495
148.000000 4.290568
149.000000 4.290637
150.000000 4.290702
151.000000 4.290763
152.000000 4.290820
153.000000 4.290874
154.000000 4.290925
155.000000 4.290973
156.000000 4.291018
157.000000 4.291060
158.000000 4.291100
159.000000 4.291137
160.000000 4.291172
161.000000 4.291205
162.000000 4.291236
163.000000 4.291266
164.000000 4.291293
165.000000 4.291319
166.000000 4.291343
167.000000 4.291366
168.000000 4.291388
169.000000 4.291408
170.000000 4.291427
171.000000 4.291445
172.000000 4.291462
173.000000 4.291478
174.000000 4.291493
175.000000 4.291507
176.000000 4.291520
177.000000 4.291532
178.000000 4.291544
179.000000 4.291555
180.000000 4.291565
181.000000 4.291575
182.000000 4.291584
183.000000 4.291593
184.000000 4.291601
185.000000 4.291609
186.000000 4.291616
187.000000 4.291623
188.000000 4.291629
189.000000 4.291635
190.000000 4.291640
191.000000 4.291646
192.000000 4.291651
193.000000 4.291655
194.000000 4.291660
195.000000 4.291664
196.000000 4.291668
197.000000 4.291671
198.000000 4.291675
199.000000 4.291678
200.000000 4.291681
201.000000 4.291684
202.000000 4.291687
203.000000 4.291689
204.000000 4.291692
205.000000 4.291694
206.000000 4.291696
207.000000 4.291698
208.000000 4.291700
209.000000 4.291702
210.000000 4.291703
211.000000 4.291705
212.000000 4.291706
213.000000 4.291708
214.000000 4.291709
215.000000 4.291710
216.000000 4.291711
217.000000 4.291712
218.000000 4.291713
219.000000 4.291714
220.000000 4.291715
221.000000 4.291716
222.000000 4.291717
223.000000 4.291718
224.000000 4.291718
225.000000 4.291719
226.000000 4.291719
227.000000 4.291720
228.000000 4.291721
229.000000 4.291721
230.000000 4.291722
231.000000 4.291722
232.000000 4.291723
233.000000 4.291723
234.000000 4.291723
235.000000 4.291724
236.000000 4.291724
237.000000 4.291724
238.000000 4.291725
239.000000 4.291725
240.000000 4.291725
241.000000 4.291725
242.000000 4.291726
243.000000 4.291726
244.000000 4.291726
245.000000 4.291726
246.000000 4.291726
247.000000 4.291727
248.000000 4.291727
249.000000 4.291727
250.000000 4.291727
251.000000 4.291727
252.000000 4.291727
253.000000 4.291727
254.000000 4.291728
255.000000 4.291728
256.000000 4.291728
257.000000 4.291728
258.000000 4.291728
259.000000 4.291728
260.000000 4.291728
261.000000 4.291728
262.000000 4.291728
263.000000 4.291728
264.000000 4.291728
265.000000 4.291728
266.000000 4.291728
267.000000 4.291729
268.000000 4.291729
269.000000 4.291729
270.000000 4.291729
271.000000 4.291729
272.000000 4.291729
273.000000 4.291729
274.000000 4.291729
275.000000 4.291729
276.000000 4.291729
277.000000 4.291729
278.000000 4.291729
279.000000 4.291729
280.000000 4.291729
281.000000 4.291729
282.000000 4.291729
283.000000 4.291729
284.000000 4.291729
285.000000 4.291729
286.000000 4.291729
287.000000 4.291729
288.000000 4.291729
289.000000 4.291729
290.000000 4.291729
291.000000 4.291729
292.000000 4.291729
293.000000 4.291729
294.000000 4.291729
295.000000 4.291729
296.000000 4.291729
297.000000 4.291729
298.000000 4.291729
299.000000 4.291729
300.000000 4.291729
301.000000 4.291729
302.000000 4.291729
303.000000 4.291729
304.000000 4.291729
305.000000 4.291729
306.000000 4.291729
307.000000 4.291729
308.000000 4.291729
309.000000 4.291729
310.000000 4.291729
311.000000 4.291729
312.000000 4.291729
313.000000 4.291729
314.000000 4.291729
315.000000 4.291729
316.000000 4.291729
317.000000 4.291729
318.000000 4.291729
319.000000 4.291729
320.000000 4.291729
321.000000 4.291729
322.000000 4.291729
323.000000 4.291729
324.000000 4.291729
325.000000 4.291729
326.000000 4.291729
327.000000 4.291729
328.000000 4.291729
329.000000 4.291729
330.000000 4.291729
331.000000 4.291729
332.000000 4.291729
333.000000 4.291729
334.000000 4.291729
335.000000 4.291729
336.000000 4.291729
337.000000 4.291729
338.000000 4.291729
339.000000 4.291729
340.000000 4.291729
341.000000 4.291729
342.000000 4.291729
343.000000 4.291729
344.000000 4.291729
345.000000 4.291729
346.000000 4.291729
347.000000 4.291729
348.000000 4.291729
349.000000 4.291729
350.000000 4.291729
351.000000 4.291729
352.000000 4.291729
353.000000 4.291729
354.000000 4.291729
355.000000 4.291729
356.000000 4.291729
357.000000 4.291729
358.000000 4.291729
359.000000 4.291729
360.000000 4.291729
361.000000 4.291729
362.000000 4.291729
363.000000 4.291729
364.000000 4.291729
365.000000 4.291729
366.000000 4.291729
367.000000 4.291729
368.000000 4.291729
369.000000 4.291729
370.000000 4.291729
371.000000 4.291729
372.000000 4.291729
373.000000 4.291729
374.000000 4.291729
375.000000 4.291729
376.000000 4.291729
377.000000 4.291729
378.000000 4.291729
379.000000 4.291729
380.000000 4.291729
381.000000 4.291729
382.000000 4.291729
383.000000 4.291729
384.000000 4.291729
385.000000 4.291729
386.000000 4.291729
387.000000 4.291729
388.000000 4.291729
389.000000 4.291729
390.000000 4.291729
391.000000 4.291729
392.000000 4.291729
393.000000 4.291729
394.000000 4.291729
395.000000 4.291729
396.000000 4.291729
397.000000 4.291729
398.000000 4.291729
399.000000 4.291729
400.000000 4.291729
401.000000 4.291729
402.000000 4.291729
403.000000 4.291729
404.000000 4.291729
405.000000 4.291729
406.000000 4.291729
407.000000 4.291729
408.000000 4.291729
409.000000 4.291729
410.000000 4.291729
411.000000 4.291729
412.000000 4.291729
413.000000 4.291729
414.000000 4.291729
415.000000 4.291729
416.000000 4.291729
417.000000 4.291729
418.000000 4.291729
419.000000 4.291729
420.000000 4.291729
421.000000 4.291729
422.000000 4.291729
423.000000 4.291729
424.000000 4.291729
425.000000 4.291729
426.000000 4.291729
427.000000 4.291729
428.000000 4.291729
429.000000 4.291729
430.000000 4.291729
431.000000 4.291729
432.000000 4.291729
433.000000 4.291729
434.000000 4.291729
435.000000 4.291729
436.000000 4.291729
437.000000 4.291729
438.000000 4.291729
439.000000 4.291729
440.000000 4.291729
441.000000 4.291729
442.000000 4.291729
443.000000 4.291729
444.000000 4.291729
445.000000 4.291729
446.000000 4.291729
447.000000 4.291729
448.000000 4.291729
449.000000 4.291729
450.000000 4.291729
451.000000 4.291729
452.000000 4.291729
453.000000 4.291729
454.000000 4.291729
455.000000 4.291729
456.000000 4.291729
457.000000 4.291729
458.000000 4.291729
459.000000 4.291729
460.000000 4.291729
461.000000 4.291729
462.000000 4.291729
463.000000 4.291729
464.000000 4.291729
465.000000 4.291729
466.000000 4.291729
467.000000 4.291729
468.000000 4.291729
469.000000 4.291729
470.000000 4.291729
471.000000 4.291729
472.000000 4.291729
473.000000 4.291729
474.000000 4.291729
475.000000 4.291729
476.000000 4.291729
477.000000 4.291729
478.000000 4.291729
479.000000 4.291729
480.000000 4.291729
481.000000 4.291729
482.000000 4.291729
483.000000 4.291729
484.000000 4.291729
485.000000 4.291729
486.000000 4.291729
487.000000 4.291729
488.000000 4.291729
489.000000 4.291729
490.000000 4.291729
491.000000 4.291729
492.000000 4.291729
493.000000 4.291729
494.000000 4.291729
495.000000 4.291729
496.000000 4.291729
497.000000 4.291729
498.000000 4.291729
499.000000 4.291729
500.000000 4.291729
