1.000000 0.000000
2.000000 0.000000
3.000000 0.000000
4.000000 0.000000
5.000000 0.000000
6.000000 0.000000
7.000000 0.000000
8.000000 0.000000
9.000000 0.000526
10.000000 0.001302
11.000000 0.001780
12.000000 0.002263
13.000000 0.001826
14.000000 0.002325
15.000000 4.122116
16.000000 1.310730
17.000000 1.364426
18.000000 -0.503432
19.000000 0.312990
20.000000 0.193754
21.000000 0.071628
22.000000 -1.760213
23.000000 -0.179371
24.000000 -0.424585
25.000000 0.785070
26.000000 0.030424
27.000000 -0.010248
28.000000 0.027847
29.000000 1.000558
30.000000 0.108090
31.000000 0.428649
32.000000 -0.296696
33.000000 0.262887
34.000000 0.331281
35.000000 0.304996
36.000000 -0.221288
37.000000 0.290211
38.000000 0.018521
39.000000 0.486827
40.000000 0.112900
41.000000 0.076324
42.000000 0.112181
43.000000 0.395544
44.000000 0.108740
45.000000 0.310418
46.000000 0.000772
47.000000 0.250610
48.000000 0.265293
49.000000 0.235424
50.000000 0.091554
51.000000 0.250763
52.000000 0.114622
53.000000 0.320970
54.000000 0.151335
55.000000 0.152371
56.000000 0.174598
57.000000 0.243085
58.000000 0.159223
59.000000 0.247063
60.000000 0.109600
61.000000 0.225501
62.000000 0.215464
63.000000 0.201356
64.000000 0.172221
65.000000 0.213504
66.000000 0.159043
67.000000 0.250306
68.000000 0.170289
69.000000 0.183767
70.000000 0.192887
71.000000 0.204322
72.000000 0.185888
73.000000 0.218308
74.000000 0.159069
75.000000 0.212841
76.000000 0.198502
77.000000 0.192797
78.000000 0.188626
79.000000 0.195110
80.000000 0.177807
81.000000 0.216415
82.000000 0.178657
83.000000 0.191424
84.000000 0.195437
85.000000 0.196458
86.000000 0.195838
87.000000 0.206159
88.000000 0.182557
89.000000 0.207705
90.000000 0.195918
91.000000 0.195114
92.000000 0.195690
93.000000 0.192736
94.000000 0.187678
95.000000 0.201107
96.000000 0.183982
97.000000 0.194642
98.000000 0.194806
99.000000 0.193769
100.000000 0.195783
101.000000 0.196585
102.000000 0.188091
103.000000 0.198255
104.000000 0.188723
105.000000 0.191998
106.000000 0.192768
107.000000 0.190091
108.000000 0.189981
109.000000 0.194059
110.000000 0.186553
111.000000 0.193946
112.000000 0.192048
113.000000 0.191587
114.000000 0.193495
115.000000 0.192842
116.000000 0.191446
117.000000 0.198685
118.000000 0.195266
119.000000 0.198250
120.000000 0.200485
121.000000 0.199079
122.000000 0.199906
123.000000 0.201644
124.000000 0.199307
125.000000 0.201274
126.000000 0.199510
127.000000 0.198747
128.000000 0.199901
129.000000 0.198614
130.000000 0.197986
131.000000 0.198951
132.000000 0.197649
133.000000 0.198301
134.000000 0.197976
135.000000 0.196862
136.000000 0.197272
137.000000 0.197021
138.000000 0.197024
139.000000 0.197597
140.000000 0.198163
141.000000 0.198257
142.000000 0.199879
143.000000 0.197975
144.000000 0.198571
145.000000 0.197536
146.000000 0.196766
147.000000 0.197812
148.000000 0.197159
149.000000 0.196397
150.000000 0.197890
151.000000 0.198044
152.000000 0.199173
153.000000 0.200147
154.000000 0.200389
155.000000 0.199889
156.000000 0.201914
157.000000 0.199601
158.000000 0.199244
159.000000 0.196488
160.000000 0.195311
161.000000 0.195255
162.000000 0.194701
163.000000 0.192168
164.000000 0.191656
165.000000 0.189732
166.000000 0.189997
167.000000 0.190347
168.000000 0.190298
169.000000 0.191004
170.000000 0.191341
171.000000 0.191241
172.000000 0.192366
173.000000 0.190906
174.000000 0.189266
175.000000 0.188637
176.000000 0.188862
177.000000 0.190240
178.000000 0.189369
179.000000 0.189473
180.000000 0.190856
181.000000 0.191884
182.000000 0.192740
183.000000 0.192529
184.000000 0.193777
185.000000 0.194000
186.000000 0.194035
187.000000 0.192805
188.000000 0.192894
189.000000 0.192483
190.000000 0.194186
191.000000 0.191739
192.000000 0.191148
193.000000 0.190123
194.000000 0.190833
195.000000 0.191424
196.000000 0.191499
197.000000 0.189924
198.000000 0.191150
199.000000 0.190410
200.000000 0.191226
201.000000 0.189643
202.000000 0.189428
203.000000 0.189656
204.000000 0.190765
205.000000 0.189420
206.000000 0.189439
207.000000 0.188307
208.000000 0.188497
209.000000 0.187171
210.000000 0.186187
211.000000 0.185360
212.000000 0.186965
213.000000 0.186862
214.000000 0.187811
215.000000 0.187558
216.000000 0.189875
217.000000 0.190808
218.000000 0.192222
219.000000 0.191408
220.000000 0.191755
221.000000 0.191243
222.000000 0.192492
223.000000 0.191730
224.000000 0.193406
225.000000 0.192499
226.000000 0.193726
227.000000 0.192929
228.000000 0.194180
229.000000 0.193133
230.000000 0.193747
231.000000 0.194118
232.000000 0.194255
233.000000 0.192105
234.000000 0.192100
235.000000 0.191482
236.000000 0.193506
237.000000 0.192595
238.000000 0.192925
239.000000 0.194625
240.000000 0.195738
241.000000 0.194305
242.000000 0.194941
243.000000 0.193437
244.000000 0.194301
245.000000 0.195115
246.000000 0.194503
247.000000 0.195774
248.000000 0.196795
249.000000 0.197514
250.000000 0.197385
251.000000 0.196091
252.000000 0.195189
253.000000 0.196312
254.000000 0.195126
255.000000 0.194302
256.000000 0.195444
257.000000 0.195439
258.000000 0.197225
259.000000 0.196564
260.000000 0.193880
261.000000 0.193575
262.000000 0.193506
263.000000 0.191546
264.000000 0.191846
265.000000 0.190335
266.000000 0.190719
267.000000 0.192518
268.000000 0.190843
269.000000 0.191931
270.000000 0.192913
271.000000 0.193768
272.000000 0.195736
273.000000 0.193646
274.000000 0.191365
275.000000 0.191587
276.000000 0.189131
277.000000 0.186905
278.000000 0.187070
279.000000 0.186611
280.000000 0.188742
281.000000 0.190126
282.000000 0.189601
283.000000 0.191974
284.000000 0.193478
285.000000 0.194782
286.000000 0.196140
287.000000 0.193991
288.000000 0.193206
289.000000 0.193200
290.000000 0.189872
291.000000 0.189290
292.000000 0.187179
293.000000 0.186026
294.000000 0.186476
295.000000 0.186522
296.000000 0.186667
297.000000 0.189951
298.000000 0.189440
299.000000 0.190886
300.000000 0.193059
301.000000 0.192504
302.000000 0.193719
303.000000 0.195252
304.000000 0.193628
305.000000 0.195083
306.000000 0.195138
307.000000 0.194355
308.000000 0.195900
309.000000 0.195747
310.000000 0.195750
311.000000 0.197238
312.000000 0.196455
313.000000 0.198044
314.000000 0.198555
315.000000 0.199322
316.000000 0.199128
317.000000 0.200565
318.000000 0.199524
319.000000 0.200358
320.000000 0.200247
321.000000 0.200548
322.000000 0.199959
323.000000 0.200495
324.000000 0.200658
325.000000 0.200358
326.000000 0.199533
327.000000 0.200242
328.000000 0.199081
329.000000 0.200382
330.000000 0.200373
331.000000 0.200420
332.000000 0.199742
333.000000 0.199411
334.000000 0.197903
335.000000 0.196884
336.000000 0.194881
337.000000 0.195587
338.000000 0.194865
339.000000 0.195389
340.000000 0.196732
341.000000 0.197069
342.000000 0.198099
343.000000 0.200075
344.000000 0.200469
345.000000 0.200188
346.000000 0.199396
347.000000 0.198761
348.000000 0.198122
349.000000 0.198546
350.000000 0.197690
351.000000 0.197145
352.000000 0.196313
353.000000 0.195570
354.000000 0.194784
355.000000 0.193308
356.000000 0.191267
357.000000 0.188753
358.000000 0.187344
359.000000 0.187301
360.000000 0.185212
361.000000 0.186034
362.000000 0.185854
363.000000 0.187384
364.000000 0.187884
365.000000 0.189470
366.000000 0.188404
367.000000 0.190581
368.000000 0.190556
369.000000 0.190601
370.000000 0.189869
371.000000 0.190761
372.000000 0.190490
373.000000 0.191117
374.000000 0.189867
375.000000 0.191362
376.000000 0.193811
377.000000 0.195566
378.000000 0.195797
379.000000 0.198059
380.000000 0.200401
381.000000 0.202258
382.000000 0.203207
383.000000 0.201752
384.000000 0.198736
385.000000 0.198545
386.000000 0.197133
387.000000 0.195646
388.000000 0.195326
389.000000 0.194466
390.000000 0.195472
391.000000 0.196166
392.000000 0.195359
393.000000 0.196161
394.000000 0.196009
395.000000 0.195848
396.000000 0.196130
397.000000 0.196584
398.000000 0.196851
399.000000 0.199782
400.000000 0.199535
401.000000 8.437667
402.000000 2.814483
403.000000 2.920607
404.000000 3.027326
405.000000 3.133958
406.000000 3.237402
407.000000 3.344742
408.000000 -1.567214
409.000000 2.063275
410.000000 1.476322
411.000000 1.416297
412.000000 1.369512
413.000000 0.753610
414.000000 0.632849
415.000000 3.389929
416.000000 0.842252
417.000000 1.509166
418.000000 1.349031
419.000000 1.267624
420.000000 1.891073
421.000000 1.807290
422.000000 0.208713
423.000000 1.869455
424.000000 1.180648
425.000000 1.398466
426.000000 1.450948
427.000000 0.896334
428.000000 1.055310
429.000000 1.923571
430.000000 0.835742
431.000000 1.409818
432.000000 1.146342
433.000000 1.112544
434.000000 1.524753
435.000000 1.320981
436.000000 0.865683
437.000000 1.547098
438.000000 1.094806
439.000000 1.351076
440.000000 1.350181
441.000000 1.060977
442.000000 1.258963
443.000000 1.477954
444.000000 1.066431
445.000000 1.407592
446.000000 1.186626
447.000000 1.217580
448.000000 1.412690
449.000000 1.247456
450.000000 1.164672
451.000000 1.406289
452.000000 1.165214
453.000000 1.347863
454.000000 1.303889
455.000000 1.183308
456.000000 1.315141
457.000000 1.331660
458.000000 1.200984
459.000000 1.366954
460.000000 1.225658
461.000000 1.276110
462.000000 1.348070
463.000000 1.253310
464.000000 1.268281
465.000000 1.336132
466.000000 1.229073
467.000000 1.335478
468.000000 1.289292
469.000000 1.251560
470.000000 1.319368
471.000000 1.293096
472.000000 1.262580
473.000000 1.329924
474.000000 1.253380
475.000000 1.296414
476.000000 1.314397
477.000000 1.271035
478.000000 1.300363
479.000000 1.309433
480.000000 1.269047
481.000000 1.323075
482.000000 1.288787
483.000000 1.284691
484.000000 1.312488
485.000000 1.287868
486.000000 1.288465
487.000000 1.310667
488.000000 1.274333
489.000000 1.301188
490.000000 1.299250
491.000000 1.282875
492.000000 1.302535
493.000000 1.295987
494.000000 1.285992
495.000000 1.309414
496.000000 1.289195
497.000000 1.294696
498.000000 1.304030
499.000000 1.290254
500.000000 1.295885
501.000000 1.299314
502.000000 1.284744
503.000000 1.298434
504.000000 2.253238
505.000000 1.866784
506.000000 1.964817
507.000000 2.046782
508.000000 1.735187
509.000000 1.858578
510.000000 1.824680
511.000000 1.210802
512.000000 1.578440
513.000000 1.438862
514.000000 1.394630
515.000000 1.595978
516.000000 1.401948
517.000000 1.414003
518.000000 1.730934
519.000000 1.428943
520.000000 1.551012
521.000000 1.538192
522.000000 1.401632
523.000000 1.562532
524.000000 1.521411
525.000000 1.345080
526.000000 1.545361
527.000000 1.424732
528.000000 1.449962
529.000000 1.524409
530.000000 1.395667
531.000000 1.441696
532.000000 1.528488
533.000000 1.395340
534.000000 1.491907
535.000000 1.455391
536.000000 1.414614
537.000000 1.505326
538.000000 1.457383
539.000000 1.418047
540.000000 1.501147
541.000000 1.427208
542.000000 1.464670
543.000000 1.483655
544.000000 1.422190
545.000000 1.463903
546.000000 1.478127
547.000000 1.430383
548.000000 1.485855
549.000000 1.453010
550.000000 1.447171
551.000000 1.487858
552.000000 1.454340
553.000000 1.455387
554.000000 1.481288
555.000000 1.443143
556.000000 1.470278
557.000000 1.469178
558.000000 1.444626
559.000000 1.471428
560.000000 1.465192
561.000000 1.453306
562.000000 1.479679
563.000000 1.458888
564.000000 1.464838
565.000000 1.478090
566.000000 1.460014
567.000000 1.469714
568.000000 1.474784
569.000000 1.457523
570.000000 1.473356
571.000000 1.465617
572.000000 1.458452
573.000000 1.471703
574.000000 1.463177
575.000000 1.463487
576.000000 1.473640
577.000000 1.463578
578.000000 1.469562
579.000000 1.470730
580.000000 1.461850
581.000000 1.469029
582.000000 1.466589
583.000000 1.461380
584.000000 1.468545
585.000000 1.464497
586.000000 1.464214
587.000000 1.468614
588.000000 1.463156
589.000000 1.465782
590.000000 1.469207
591.000000 1.464245
592.000000 1.466598
593.000000 1.464996
594.000000 1.461955
595.000000 1.465403
596.000000 1.463406
597.000000 1.463852
598.000000 1.467288
599.000000 1.465042
600.000000 1.466899
601.000000 1.466959
602.000000 1.462879
603.000000 1.464005
604.000000 1.462820
605.000000 1.460730
606.000000 1.463062
607.000000 1.461588
608.000000 1.460369
609.000000 1.462061
610.000000 1.459896
611.000000 1.461765
612.000000 1.464183
613.000000 1.464056
614.000000 1.466933
615.000000 1.469783
616.000000 1.468500
617.000000 1.470738
618.000000 1.469012
619.000000 1.468021
620.000000 1.467434
621.000000 1.465773
622.000000 1.464149
623.000000 1.463829
624.000000 1.461592
625.000000 1.463110
626.000000 1.463268
627.000000 1.463164
628.000000 1.464590
629.000000 1.464730
630.000000 1.465059
631.000000 1.466203
632.000000 1.464840
633.000000 1.465333
634.000000 1.465581
635.000000 1.465787
636.000000 1.466770
637.000000 1.466683
638.000000 1.466122
639.000000 1.466548
640.000000 1.465315
641.000000 1.465252
642.000000 1.464793
643.000000 1.464145
644.000000 1.464258
645.000000 1.464472
646.000000 1.464963
647.000000 1.465868
648.000000 1.465993
649.000000 1.465767
650.000000 1.467303
651.000000 1.468553
652.000000 1.468413
653.000000 1.469894
654.000000 1.471402
655.000000 1.471802
656.000000 1.472189
657.000000 1.470529
658.000000 1.470299
659.000000 1.470270
660.000000 1.470810
661.000000 1.469191
662.000000 1.468761
663.000000 1.467698
664.000000 1.469592
665.000000 1.469465
666.000000 1.469661
667.000000 1.469732
668.000000 1.470025
669.000000 1.470301
670.000000 1.469788
671.000000 1.467767
672.000000 1.468398
673.000000 1.468445
674.000000 1.467860
675.000000 1.467814
676.000000 1.467632
677.000000 1.468101
678.000000 1.469452
679.000000 1.468432
680.000000 1.468003
681.000000 1.468231
682.000000 1.467810
683.000000 1.467815
684.000000 1.467903
685.000000 1.467685
686.000000 1.468663
687.000000 1.468581
688.000000 1.468023
689.000000 1.468074
690.000000 1.466754
691.000000 1.468562
692.000000 1.469533
693.000000 1.469797
694.000000 1.472241
695.000000 1.472743
696.000000 1.474264
697.000000 1.476061
698.000000 1.475522
699.000000 1.476033
700.000000 1.476029
701.000000 1.475286
702.000000 1.475708
703.000000 1.474583
704.000000 1.473336
705.000000 1.472450
706.000000 1.472228
707.000000 1.471251
708.000000 1.470401
709.000000 1.469059
710.000000 1.470079
711.000000 1.470043
712.000000 1.469557
713.000000 1.470496
714.000000 1.470443
715.000000 1.469171
716.000000 1.469014
717.000000 1.467295
718.000000 1.467466
719.000000 1.466584
720.000000 1.466799
721.000000 1.467488
722.000000 1.468588
723.000000 1.470416
724.000000 1.470325
725.000000 1.470539
726.000000 1.471192
727.000000 1.470743
728.000000 1.471045
729.000000 1.471718
730.000000 1.472210
731.000000 1.474099
732.000000 1.474041
733.000000 1.474201
734.000000 1.474138
735.000000 1.473334
736.000000 1.472254
737.000000 1.471255
738.000000 1.469255
739.000000 1.468322
740.000000 1.467205
741.000000 1.466658
742.000000 1.466764
743.000000 1.465917
744.000000 1.466603
745.000000 1.465531
746.000000 1.465336
747.000000 1.465749
748.000000 1.466369
749.000000 1.465820
750.000000 1.466124
751.000000 1.464384
752.000000 1.465022
753.000000 1.464533
754.000000 1.463094
755.000000 1.462186
756.000000 1.462795
757.000000 1.462183
758.000000 1.464777
759.000000 1.465995
760.000000 1.466703
761.000000 1.467567
762.000000 1.469801
763.000000 1.471854
764.000000 1.471649
765.000000 1.470214
766.000000 1.469847
767.000000 1.470346
768.000000 1.470280
769.000000 1.469436
770.000000 1.467229
771.000000 1.466369
772.000000 1.466787
773.000000 1.467575
774.000000 1.468096
775.000000 1.468582
776.000000 1.469898
777.000000 1.471715
778.000000 1.472323
779.000000 1.473170
780.000000 1.473541
781.000000 1.472781
782.000000 1.471784
783.000000 1.470844
784.000000 1.469197
785.000000 1.469489
786.000000 1.468568
787.000000 1.467353
788.000000 1.469787
789.000000 1.470708
790.000000 1.471088
791.000000 1.472317
792.000000 1.473283
793.000000 1.473925
794.000000 1.474791
795.000000 1.473282
796.000000 1.471675
797.000000 1.472135
798.000000 1.471666
799.000000 1.471738
800.000000 1.470436
801.000000 -4.707525
802.000000 -0.490056
803.000000 -0.569220
804.000000 -1.609634
805.000000 -1.308846
806.000000 -1.476063
807.000000 -1.643185
808.000000 2.351050
809.000000 -0.488397
810.000000 -0.024005
811.000000 0.639858
812.000000 0.309008
813.000000 0.905815
814.000000 1.044873
815.000000 -1.223062
816.000000 0.876427
817.000000 0.372853
818.000000 0.172145
819.000000 0.536975
820.000000 -0.049515
821.000000 0.020830
822.000000 1.354089
823.000000 -0.047258
824.000000 0.504937
825.000000 0.521591
826.000000 0.281005
827.000000 0.815582
828.000000 0.673667
829.000000 -0.051764
830.000000 0.887727
831.000000 0.413516
832.000000 0.520768
833.000000 0.679469
834.000000 0.271863
835.000000 0.457432
836.000000 0.839841
837.000000 0.241363
838.000000 0.626479
839.000000 0.477181
840.000000 0.394098
841.000000 0.685337
842.000000 0.500902
843.000000 0.317392
844.000000 0.685882
845.000000 0.390557
846.000000 0.540870
847.000000 0.567534
848.000000 0.366585
849.000000 0.522161
850.000000 0.588833
851.000000 0.366412
852.000000 0.578341
853.000000 0.440385
854.000000 0.442334
855.000000 0.570073
856.000000 0.442739
857.000000 0.430513
858.000000 0.553645
859.000000 0.404929
860.000000 0.515499
861.000000 0.492941
862.000000 0.413394
863.000000 0.507127
864.000000 0.489280
865.000000 0.424276
866.000000 0.521394
867.000000 0.434244
868.000000 0.462800
869.000000 0.505594
870.000000 0.438487
871.000000 0.464449
872.000000 0.492500
873.000000 0.429847
874.000000 0.493400
875.000000 0.463688
876.000000 0.440940
877.000000 0.486529
878.000000 0.460800
879.000000 0.452910
880.000000 0.492856
881.000000 0.448892
882.000000 0.476163
883.000000 0.485972
884.000000 0.457025
885.000000 0.481005
886.000000 0.480549
887.000000 0.459850
888.000000 0.492736
889.000000 0.470549
890.000000 0.469193
891.000000 0.486509
892.000000 0.466543
893.000000 0.471785
894.000000 0.482091
895.000000 0.458314
896.000000 0.474395
897.000000 0.471435
898.000000 0.460686
899.000000 0.474435
900.000000 0.467491
901.000000 0.461620
902.000000 0.476794
903.000000 0.462778
904.000000 0.465822
905.000000 0.471562
906.000000 0.460681
907.000000 0.468008
908.000000 0.470010
909.000000 0.460224
910.000000 0.470508
911.000000 0.466109
912.000000 0.464278
913.000000 0.471186
914.000000 0.465646
915.000000 0.465708
916.000000 0.471249
917.000000 0.463286
918.000000 0.466869
919.000000 0.468406
920.000000 0.465545
921.000000 0.471282
922.000000 0.470807
923.000000 0.467745
924.000000 0.473403
925.000000 0.469831
926.000000 0.468147
927.000000 0.469147
928.000000 0.464977
929.000000 0.466461
930.000000 0.466751
931.000000 0.463183
932.000000 0.464573
933.000000 0.464327
934.000000 0.464562
935.000000 0.467132
936.000000 0.466038
937.000000 0.467750
938.000000 0.470354
939.000000 0.471257
940.000000 0.472307
941.000000 0.474144
942.000000 0.475605
943.000000 0.478391
944.000000 0.478978
945.000000 0.479217
946.000000 0.479904
947.000000 0.480143
948.000000 0.479859
949.000000 0.479485
950.000000 0.478174
951.000000 0.478265
952.000000 0.478480
953.000000 0.478363
954.000000 0.477265
955.000000 0.476698
956.000000 0.476080
957.000000 0.475096
958.000000 0.473108
959.000000 0.471363
960.000000 0.470328
961.000000 0.470532
962.000000 0.470957
963.000000 0.470569
964.000000 0.470450
965.000000 0.470981
966.000000 0.470990
967.000000 0.470472
968.000000 0.470027
969.000000 0.467633
970.000000 0.467280
971.000000 0.467587
972.000000 0.466832
973.000000 0.468716
974.000000 0.469688
975.000000 0.470595
976.000000 0.471374
977.000000 0.471069
978.000000 0.471773
979.000000 0.472646
980.000000 0.473442
981.000000 0.472929
982.000000 0.472691
983.000000 0.473154
984.000000 0.474382
985.000000 0.474417
986.000000 0.473309
987.000000 0.472878
988.000000 0.471490
989.000000 0.471506
990.000000 0.470086
991.000000 0.469547
992.000000 0.467641
993.000000 0.469092
994.000000 0.468345
995.000000 0.467757
996.000000 0.465752
997.000000 0.466359
998.000000 0.466254
999.000000 0.467397
1000.000000 0.467221
1001.000000 0.467978
1002.000000 0.468292
1003.000000 0.470362
1004.000000 0.469557
1005.000000 0.471156
1006.000000 0.471312
1007.000000 0.472280
1008.000000 0.471440
1009.000000 0.473159
1010.000000 0.472075
1011.000000 0.472080
1012.000000 0.472052
1013.000000 0.472731
1014.000000 0.471124
1015.000000 0.469573
1016.000000 0.468028
1017.000000 0.467921
1018.000000 0.466545
1019.000000 0.466127
1020.000000 0.466048
1021.000000 0.466840
1022.000000 0.468615
1023.000000 0.471237
1024.000000 0.471494
1025.000000 0.474107
1026.000000 0.474444
1027.000000 0.474435
1028.000000 0.474502
1029.000000 0.473907
1030.000000 0.472423
1031.000000 0.471756
1032.000000 0.469693
1033.000000 0.468384
1034.000000 0.467358
1035.000000 0.466004
1036.000000 0.464338
1037.000000 0.463706
1038.000000 0.464196
1039.000000 0.464508
1040.000000 0.464151
1041.000000 0.464692
1042.000000 0.464188
1043.000000 0.465377
1044.000000 0.466865
1045.000000 0.468206
1046.000000 0.468029
1047.000000 0.469786
1048.000000 0.468896
1049.000000 0.470095
1050.000000 0.469520
1051.000000 0.468203
1052.000000 0.465983
1053.000000 0.465130
1054.000000 0.463261
1055.000000 0.462328
1056.000000 0.460864
1057.000000 0.459752
1058.000000 0.460477
1059.000000 0.460931
1060.000000 0.459718
1061.000000 0.461518
1062.000000 0.461391
1063.000000 0.461851
1064.000000 0.461904
1065.000000 0.461429
1066.000000 0.461098
1067.000000 0.462117
1068.000000 0.460049
1069.000000 0.459562
1070.000000 0.457502
1071.000000 0.457374
1072.000000 0.459615
1073.000000 0.459607
1074.000000 0.460265
1075.000000 0.463042
1076.000000 0.463607
1077.000000 0.465110
1078.000000 0.464504
1079.000000 0.464906
1080.000000 0.465601
1081.000000 0.466509
1082.000000 0.465907
1083.000000 0.465862
1084.000000 0.466786
1085.000000 0.467459
1086.000000 0.467479
1087.000000 0.466983
1088.000000 0.466025
1089.000000 0.466391
1090.000000 0.466302
1091.000000 0.465730
1092.000000 0.466767
1093.000000 0.467617
1094.000000 0.468255
1095.000000 0.468740
1096.000000 0.466519
1097.000000 0.466423
1098.000000 0.466857
1099.000000 0.466673
1100.000000 0.466845
1101.000000 0.466664
1102.000000 0.466291
1103.000000 0.467313
1104.000000 0.468897
1105.000000 0.468037
1106.000000 0.468521
1107.000000 0.469789
1108.000000 0.471400
1109.000000 0.472671
1110.000000 0.472850
1111.000000 0.472715
1112.000000 0.473874
1113.000000 0.475310
1114.000000 0.474909
1115.000000 0.473932
1116.000000 0.474913
1117.000000 0.473794
1118.000000 0.475345
1119.000000 0.476489
1120.000000 0.475818
1121.000000 0.476356
1122.000000 0.478116
1123.000000 0.479562
1124.000000 0.481727
1125.000000 0.481031
1126.000000 0.480554
1127.000000 0.480530
1128.000000 0.480213
1129.000000 0.478719
1130.000000 0.477877
1131.000000 0.476019
1132.000000 0.476041
1133.000000 0.475794
1134.000000 0.475397
1135.000000 0.475188
1136.000000 0.476068
1137.000000 0.475407
1138.000000 0.474477
1139.000000 0.474221
1140.000000 0.473556
1141.000000 0.473356
1142.000000 0.472682
1143.000000 0.470128
1144.000000 0.469703
1145.000000 0.469608
1146.000000 0.469608
1147.000000 0.469981
1148.000000 0.468371
1149.000000 0.468768
1150.000000 0.469442
1151.000000 0.469942
1152.000000 0.469175
1153.000000 0.469553
1154.000000 0.468855
1155.000000 0.469490
1156.000000 0.470602
1157.000000 0.468603
1158.000000 0.467101
1159.000000 0.466271
1160.000000 0.466163
1161.000000 0.467382
1162.000000 0.467057
1163.000000 0.466263
1164.000000 0.468840
1165.000000 0.469872
1166.000000 0.471193
1167.000000 0.470429
1168.000000 0.469940
1169.000000 0.471169
1170.000000 0.473193
1171.000000 0.473006
1172.000000 0.474101
1173.000000 0.474483
1174.000000 0.475008
1175.000000 0.476737
1176.000000 0.475121
1177.000000 0.473000
1178.000000 0.474074
1179.000000 0.473038
1180.000000 0.472315
1181.000000 0.473057
1182.000000 0.470319
1183.000000 0.470549
1184.000000 0.471909
1185.000000 0.470775
1186.000000 0.471273
1187.000000 0.470639
1188.000000 0.470389
1189.000000 0.472224
1190.000000 0.470703
1191.000000 0.470579
1192.000000 0.471141
1193.000000 0.470831
1194.000000 0.471354
1195.000000 0.471956
1196.000000 0.470762
1197.000000 0.471430
1198.000000 0.470114
1199.000000 0.470882
1200.000000 0.471617
1201.000000 -3.646792
1202.000000 -0.836720
1203.000000 -0.890023
1204.000000 -0.943195
1205.000000 -0.997168
1206.000000 -1.050868
1207.000000 -1.104513
1208.000000 1.350336
1209.000000 -0.463404
1210.000000 -0.170787
1211.000000 -0.141992
1212.000000 -0.120309
1213.000000 0.187540
1214.000000 0.247496
1215.000000 -1.131672
1216.000000 0.140283
1217.000000 -0.192329
1218.000000 -0.111648
1219.000000 -0.070220
1220.000000 -0.381731
1221.000000 -0.340642
1222.000000 0.459249
1223.000000 -0.370112
1224.000000 -0.026478
1225.000000 -0.136074
1226.000000 -0.162967
1227.000000 0.113493
1228.000000 0.033522
1229.000000 -0.403238
1230.000000 0.138281
1231.000000 -0.148415
1232.000000 -0.014866
1233.000000 0.002359
1234.000000 -0.201814
1235.000000 -0.100460
1236.000000 0.130315
1237.000000 -0.208598
1238.000000 0.018432
1239.000000 -0.110007
1240.000000 -0.109905
1241.000000 0.034108
1242.000000 -0.064385
1243.000000 -0.175420
1244.000000 0.029581
1245.000000 -0.140302
1246.000000 -0.029043
1247.000000 -0.043737
1248.000000 -0.141820
1249.000000 -0.058750
1250.000000 -0.015440
1251.000000 -0.136254
1252.000000 -0.016227
1253.000000 -0.109208
1254.000000 -0.088513
1255.000000 -0.027893
1256.000000 -0.093833
1257.000000 -0.102446
1258.000000 -0.036568
1259.000000 -0.119186
1260.000000 -0.048551
1261.000000 -0.072503
1262.000000 -0.108545
1263.000000 -0.059599
1264.000000 -0.066512
1265.000000 -0.099215
1266.000000 -0.044319
1267.000000 -0.096710
1268.000000 -0.072559
1269.000000 -0.052682
1270.000000 -0.086820
1271.000000 -0.073848
1272.000000 -0.060069
1273.000000 -0.093455
1274.000000 -0.055974
1275.000000 -0.077283
1276.000000 -0.085156
1277.000000 -0.061282
1278.000000 -0.075238
1279.000000 -0.079728
1280.000000 -0.060220
1281.000000 -0.087243
1282.000000 -0.069423
1283.000000 -0.068850
1284.000000 -0.084302
1285.000000 -0.072300
1286.000000 -0.073179
1287.000000 -0.083869
1288.000000 -0.066369
1289.000000 -0.081986
1290.000000 -0.081341
1291.000000 -0.074473
1292.000000 -0.085792
1293.000000 -0.084358
1294.000000 -0.080587
1295.000000 -0.092262
1296.000000 -0.081641
1297.000000 -0.085322
1298.000000 -0.089847
1299.000000 -0.082357
1300.000000 -0.086699
1301.000000 -0.088400
1302.000000 -0.080538
1303.000000 -0.088890
1304.000000 -1.045201
1305.000000 -0.660991
1306.000000 -0.751642
1307.000000 -0.833619
1308.000000 -0.522233
1309.000000 -0.642235
1310.000000 -0.612236
1311.000000 0.003350
1312.000000 -0.362034
1313.000000 -0.225253
1314.000000 -0.180492
1315.000000 -0.381445
1316.000000 -0.189583
1317.000000 -0.198832
1318.000000 -0.517392
1319.000000 -0.217817
1320.000000 -0.338134
1321.000000 -0.326701
1322.000000 -0.191352
1323.000000 -0.350699
1324.000000 -0.311104
1325.000000 -0.133035
1326.000000 -0.332250
1327.000000 -0.211766
1328.000000 -0.234250
1329.000000 -0.307590
1330.000000 -0.178966
1331.000000 -0.224794
1332.000000 -0.313175
1333.000000 -0.180584
1334.000000 -0.277248
1335.000000 -0.239858
1336.000000 -0.197331
1337.000000 -0.286453
1338.000000 -0.239148
1339.000000 -0.200108
1340.000000 -0.284501
1341.000000 -0.211933
1342.000000 -0.250381
1343.000000 -0.271172
1344.000000 -0.212563
1345.000000 -0.254838
1346.000000 -0.269254
1347.000000 -0.219171
1348.000000 -0.272744
1349.000000 -0.237941
1350.000000 -0.232536
1351.000000 -0.272003
1352.000000 -0.238882
1353.000000 -0.239273
1354.000000 -0.268340
1355.000000 -0.230775
1356.000000 -0.261007
1357.000000 -0.258105
1358.000000 -0.234921
1359.000000 -0.260866
1360.000000 -0.255985
1361.000000 -0.241903
1362.000000 -0.267872
1363.000000 -0.245073
1364.000000 -0.251943
1365.000000 -0.265417
1366.000000 -0.246394
1367.000000 -0.254043
1368.000000 -0.259680
1369.000000 -0.243423
1370.000000 -0.260108
1371.000000 -0.251227
1372.000000 -0.244019
1373.000000 -0.256555
1374.000000 -0.249825
1375.000000 -0.248158
1376.000000 -0.258069
1377.000000 -0.245871
1378.000000 -0.253440
1379.000000 -0.255410
1380.000000 -0.245571
1381.000000 -0.251450
1382.000000 -0.252024
1383.000000 -0.247951
1384.000000 -0.255250
1385.000000 -0.249493
1386.000000 -0.250194
1387.000000 -0.256062
1388.000000 -0.252233
1389.000000 -0.252783
1390.000000 -0.255336
1391.000000 -0.249982
1392.000000 -0.254884
1393.000000 -0.253331
1394.000000 -0.249466
1395.000000 -0.251734
1396.000000 -0.250768
1397.000000 -0.249507
1398.000000 -0.252985
1399.000000 -0.249103
1400.000000 -0.249966
1401.000000 -0.252620
1402.000000 -0.250535
1403.000000 -0.250964
1404.000000 -0.250567
1405.000000 -0.247819
1406.000000 -0.249956
1407.000000 -0.248081
1408.000000 -0.247483
1409.000000 -0.248884
1410.000000 -0.248197
1411.000000 -0.247337
1412.000000 -0.250054
1413.000000 -0.248658
1414.000000 -0.249857
1415.000000 -0.248747
1416.000000 -0.247037
1417.000000 -0.247461
1418.000000 -0.247334
1419.000000 -0.245321
1420.000000 -0.247039
1421.000000 -0.244668
1422.000000 -0.244908
1423.000000 -0.246323
1424.000000 -0.245413
1425.000000 -0.246962
1426.000000 -0.249317
1427.000000 -0.249755
1428.000000 -0.252082
1429.000000 -0.251848
1430.000000 -0.252463
1431.000000 -0.255044
1432.000000 -0.254292
1433.000000 -0.254832
1434.000000 -0.256317
1435.000000 -0.257442
1436.000000 -0.260926
1437.000000 -0.262426
1438.000000 -0.262665
1439.000000 -0.265167
1440.000000 -0.266505
1441.000000 -0.267168
1442.000000 -0.268712
1443.000000 -0.266727
1444.000000 -0.266542
1445.000000 -0.265675
1446.000000 -0.263756
1447.000000 -0.262849
1448.000000 -0.262448
1449.000000 -0.260943
1450.000000 -0.262103
1451.000000 -0.261553
1452.000000 -0.262006
1453.000000 -0.260981
1454.000000 -0.261445
1455.000000 -0.260800
1456.000000 -0.261361
1457.000000 -0.259513
1458.000000 -0.259508
1459.000000 -0.258215
1460.000000 -0.258906
1461.000000 -0.257835
1462.000000 -0.257152
1463.000000 -0.256803
1464.000000 -0.256972
1465.000000 -0.256567
1466.000000 -0.256470
1467.000000 -0.255693
1468.000000 -0.256230
1469.000000 -0.255842
1470.000000 -0.255533
1471.000000 -0.254197
1472.000000 -0.252589
1473.000000 -0.250764
1474.000000 -0.250004
1475.000000 -0.247896
1476.000000 -0.246357
1477.000000 -0.246560
1478.000000 -0.248123
1479.000000 -0.248482
1480.000000 -0.249868
1481.000000 -0.249275
1482.000000 -0.252255
1483.000000 -0.254743
1484.000000 -0.256510
1485.000000 -0.257217
1486.000000 -0.259348
1487.000000 -0.259506
1488.000000 -0.260303
1489.000000 -0.259185
1490.000000 -0.258229
1491.000000 -0.258096
1492.000000 -0.257891
1493.000000 -0.256384
1494.000000 -0.256476
1495.000000 -0.256253
1496.000000 -0.258491
1497.000000 -0.259317
1498.000000 -0.259230
1499.000000 -0.259204
1500.000000 -0.257758
1501.000000 -0.255951
1502.000000 -0.255166
1503.000000 -0.253015
1504.000000 -0.253130
1505.000000 -0.251121
1506.000000 -0.250107
1507.000000 -0.250192
1508.000000 -0.248538
1509.000000 -0.248568
1510.000000 -0.250413
1511.000000 -0.249250
1512.000000 -0.250739
1513.000000 -0.253061
1514.000000 -0.252758
1515.000000 -0.254964
1516.000000 -0.256179
1517.000000 -0.254317
1518.000000 -0.255035
1519.000000 -0.255477
1520.000000 -0.255536
1521.000000 -0.255371
1522.000000 -0.254183
1523.000000 -0.253874
1524.000000 -0.254940
1525.000000 -0.255482
1526.000000 -0.255639
1527.000000 -0.256645
1528.000000 -0.256566
1529.000000 -0.258591
1530.000000 -0.259309
1531.000000 -0.259123
1532.000000 -0.259349
1533.000000 -0.259866
1534.000000 -0.260066
1535.000000 -0.259806
1536.000000 -0.258359
1537.000000 -0.259546
1538.000000 -0.259283
1539.000000 -0.259945
1540.000000 -0.260511
1541.000000 -0.262660
1542.000000 -0.265195
1543.000000 -0.266248
1544.000000 -0.267551
1545.000000 -0.268480
1546.000000 -0.268232
1547.000000 -0.267102
1548.000000 -0.264853
1549.000000 -0.262209
1550.000000 -0.260867
1551.000000 -0.259575
1552.000000 -0.259122
1553.000000 -0.259143
1554.000000 -0.259538
1555.000000 -0.259496
1556.000000 -0.261443
1557.000000 -0.260544
1558.000000 -0.260082
1559.000000 -0.259798
1560.000000 -0.258477
1561.000000 -0.257945
1562.000000 -0.259054
1563.000000 -0.259097
1564.000000 -0.259926
1565.000000 -0.260147
1566.000000 -0.260481
1567.000000 -0.258968
1568.000000 -0.258646
1569.000000 -0.258622
1570.000000 -0.258722
1571.000000 -0.258791
1572.000000 -0.259306
1573.000000 -0.259399
1574.000000 -0.260352
1575.000000 -0.259274
1576.000000 -0.258216
1577.000000 -0.256130
1578.000000 -0.255558
1579.000000 -0.254339
1580.000000 -0.254068
1581.000000 -0.252747
1582.000000 -0.254120
1583.000000 -0.254243
1584.000000 -0.255333
1585.000000 -0.256527
1586.000000 -0.257200
1587.000000 -0.256786
1588.000000 -0.259266
1589.000000 -0.257716
1590.000000 -0.258708
1591.000000 -0.257480
1592.000000 -0.257260
1593.000000 -0.257206
1594.000000 -0.256804
1595.000000 -0.252373
1596.000000 -0.254140
1597.000000 -0.252788
1598.000000 -0.252526
1599.000000 -0.251026
1600.000000 -0.249630
