1.000000 0.000000
2.000000 0.000000
3.000000 0.000000
4.000000 0.000000
5.000000 0.000000
6.000000 0.000000
7.000000 0.000000
8.000000 0.000000
9.000000 0.000000
10.000000 0.004241
11.000000 -0.004319
12.000000 -0.007082
13.000000 -0.007425
14.000000 -0.014240
15.000000 -0.017531
16.000000 -0.006692
17.000000 0.003465
18.000000 0.007778
19.000000 0.009313
20.000000 0.144896
21.000000 0.377003
22.000000 0.609474
23.000000 0.784370
24.000000 0.872943
25.000000 0.922942
26.000000 0.939426
27.000000 0.948562
28.000000 0.945115
29.000000 0.940247
30.000000 0.940454
31.000000 0.937730
32.000000 0.952917
33.000000 0.981887
34.000000 1.000271
35.000000 1.018353
36.000000 1.037995
37.000000 1.050251
38.000000 1.061369
39.000000 1.070939
40.000000 1.064530
41.000000 1.062425
42.000000 1.063712
43.000000 1.060053
44.000000 1.057525
45.000000 1.059337
46.000000 1.064839
47.000000 1.066439
48.000000 1.069787
49.000000 1.059697
50.000000 1.056663
51.000000 1.040661
52.000000 1.030389
53.000000 1.019556
54.000000 1.006197
55.000000 0.998808
56.000000 0.997998
57.000000 0.996978
58.000000 0.992934
59.000000 0.984894
60.000000 0.983422
61.000000 0.973367
62.000000 0.962224
63.000000 0.955674
64.000000 0.939814
65.000000 0.931978
66.000000 0.916852
67.000000 0.921751
68.000000 0.924835
69.000000 0.931325
70.000000 0.939911
71.000000 0.957519
72.000000 0.969978
73.000000 0.987420
74.000000 1.003462
75.000000 1.001692
76.000000 1.003413
77.000000 0.999782
78.000000 1.006236
79.000000 0.998661
80.000000 0.998806
81.000000 0.996267
82.000000 0.990635
83.000000 0.989868
84.000000 0.980646
85.000000 0.972384
86.000000 0.977454
87.000000 0.975233
88.000000 0.973254
89.000000 0.971309
90.000000 0.980145
91.000000 0.996729
92.000000 0.999278
93.000000 1.001842
94.000000 1.019229
95.000000 1.024661
96.000000 1.017952
97.000000 1.018264
98.000000 1.011047
99.000000 0.993675
100.000000 0.985043
101.000000 0.980937
102.000000 0.971123
103.000000 0.957594
104.000000 0.941266
105.000000 0.942803
106.000000 0.945908
107.000000 0.954584
108.000000 0.956159
109.000000 0.967580
110.000000 0.970096
111.000000 0.969336
112.000000 0.969319
113.000000 0.969327
114.000000 0.963620
115.000000 0.965546
116.000000 0.968050
117.000000 0.972267
118.000000 0.988079
119.000000 0.989837
120.000000 1.000481
121.000000 1.009038
122.000000 1.010874
123.000000 1.008127
124.000000 0.996908
125.000000 0.984851
126.000000 0.965547
127.000000 0.953744
128.000000 0.948269
129.000000 0.947853
130.000000 0.946874
131.000000 0.951070
132.000000 0.956362
133.000000 0.969440
134.000000 0.977917
135.000000 0.985341
136.000000 0.994369
137.000000 1.003672
138.000000 0.990378
139.000000 0.977587
140.000000 0.971812
141.000000 0.972622
142.000000 0.968133
143.000000 0.971141
144.000000 0.968410
145.000000 0.959962
146.000000 0.961360
147.000000 0.967993
148.000000 0.968455
149.000000 0.971610
150.000000 0.974853
151.000000 0.982873
152.000000 0.992076
153.000000 0.994101
154.000000 1.016157
155.000000 1.027122
156.000000 1.034382
157.000000 1.036754
158.000000 1.045202
159.000000 1.048242
160.000000 1.049830
161.000000 1.060432
162.000000 1.062787
163.000000 1.059975
164.000000 1.056499
165.000000 1.046648
166.000000 1.030204
167.000000 1.024719
168.000000 1.025301
169.000000 1.025462
170.000000 1.037767
171.000000 1.036206
172.000000 1.032163
173.000000 1.037243
174.000000 1.048709
175.000000 1.052211
176.000000 1.055231
177.000000 1.064198
178.000000 1.070780
179.000000 1.070978
180.000000 1.066957
181.000000 1.065711
182.000000 1.058391
183.000000 1.043595
184.000000 1.034958
185.000000 1.029660
186.000000 1.027231
187.000000 1.032097
188.000000 1.032240
189.000000 1.036966
190.000000 1.033353
191.000000 1.047422
192.000000 1.053239
193.000000 1.052227
194.000000 1.048342
195.000000 1.049026
196.000000 1.040246
197.000000 1.032350
198.000000 1.021311
199.000000 1.012402
200.000000 1.010536
201.000000 1.006285
202.000000 1.006161
203.000000 0.998848
204.000000 1.003849
205.000000 1.006345
206.000000 1.014208
207.000000 1.014875
208.000000 1.021843
209.000000 1.024627
210.000000 1.032910
211.000000 1.037793
212.000000 1.042946
213.000000 1.052496
214.000000 1.054130
215.000000 1.056657
216.000000 1.051815
217.000000 1.047886
218.000000 1.023456
219.000000 1.003462
220.000000 0.988553
221.000000 0.967618
222.000000 0.951079
223.000000 0.935000
224.000000 0.929038
225.000000 0.927183
226.000000 0.929827
227.000000 0.933437
228.000000 0.933014
229.000000 0.936315
230.000000 0.930074
231.000000 0.925549
232.000000 0.926412
233.000000 0.917988
234.000000 0.916268
235.000000 0.929223
236.000000 0.944514
237.000000 0.957694
238.000000 0.970092
239.000000 0.976192
240.000000 0.983330
241.000000 0.988760
242.000000 0.989233
243.000000 0.988395
244.000000 0.984495
245.000000 0.987213
246.000000 0.994662
247.000000 0.988174
248.000000 0.990429
249.000000 0.996335
250.000000 0.991564
251.000000 0.991472
252.000000 0.988787
253.000000 0.988181
254.000000 0.996793
255.000000 1.006754
256.000000 1.026011
257.000000 1.043174
258.000000 1.054117
259.000000 1.074730
260.000000 1.081035
261.000000 1.080461
262.000000 1.073507
263.000000 1.077623
264.000000 1.072257
265.000000 1.063585
266.000000 1.064649
267.000000 1.052770
268.000000 1.049466
269.000000 1.043713
270.000000 1.033488
271.000000 1.020713
272.000000 1.012087
273.000000 1.009912
274.000000 1.003055
275.000000 0.993634
276.000000 0.995397
277.000000 0.995047
278.000000 1.003524
279.000000 1.010053
280.000000 1.016730
281.000000 1.021224
282.000000 1.022501
283.000000 1.021625
284.000000 1.009254
285.000000 0.998756
286.000000 0.976781
287.000000 0.966937
288.000000 0.955687
289.000000 0.930785
290.000000 0.916467
291.000000 0.917843
292.000000 0.930243
293.000000 0.937181
294.000000 0.952859
295.000000 0.966170
296.000000 0.984644
297.000000 0.992716
298.000000 0.999821
299.000000 1.001337
300.000000 1.006632
301.000000 1.008518
302.000000 1.006522
303.000000 1.000576
304.000000 0.988053
305.000000 0.982595
306.000000 0.984328
307.000000 0.996536
308.000000 1.005353
309.000000 1.008742
310.000000 1.015021
311.000000 1.022519
312.000000 1.018868
313.000000 1.017224
314.000000 1.010549
315.000000 1.003346
316.000000 0.998537
317.000000 0.993280
318.000000 0.985520
319.000000 0.975499
320.000000 0.967705
321.000000 0.958537
322.000000 0.957914
323.000000 0.954888
324.000000 0.959471
325.000000 0.967778
326.000000 0.972904
327.000000 0.967457
328.000000 0.973573
329.000000 0.977579
330.000000 0.981084
331.000000 0.995970
332.000000 0.996549
333.000000 1.011092
334.000000 1.013441
335.000000 1.009793
336.000000 1.002433
337.000000 1.002041
338.000000 0.993684
339.000000 0.993424
340.000000 0.993151
341.000000 0.989552
342.000000 0.994551
343.000000 1.003722
344.000000 1.017144
345.000000 1.014455
346.000000 1.012324
347.000000 1.012410
348.000000 1.003358
349.000000 1.004989
350.000000 1.002436
351.000000 0.998399
352.000000 0.998511
353.000000 0.995729
354.000000 0.999780
355.000000 0.997636
356.000000 0.996153
357.000000 0.999340
358.000000 0.997452
359.000000 0.991920
360.000000 0.988021
361.000000 0.983082
362.000000 0.979055
363.000000 0.978644
364.000000 0.974567
365.000000 0.978986
366.000000 0.986485
367.000000 0.989997
368.000000 0.996931
369.000000 1.001481
370.000000 1.008745
371.000000 1.010833
372.000000 1.015218
373.000000 1.018746
374.000000 1.023543
375.000000 1.021901
376.000000 1.013369
377.000000 1.010678
378.000000 1.008815
379.000000 0.996452
380.000000 0.995544
381.000000 1.000530
382.000000 0.999594
383.000000 0.995920
384.000000 0.993215
385.000000 0.986983
386.000000 0.980965
387.000000 0.978484
388.000000 0.976093
389.000000 0.983041
390.000000 0.983407
391.000000 0.979888
392.000000 0.980126
393.000000 0.987712
394.000000 0.997932
395.000000 0.995945
396.000000 0.993342
397.000000 1.001173
398.000000 1.009772
399.000000 1.004782
400.000000 0.994606
401.000000 0.996662
402.000000 0.993415
403.000000 0.983402
404.000000 0.979874
405.000000 0.984374
406.000000 1.005890
407.000000 1.151918
408.000000 1.330517
409.000000 1.459003
410.000000 1.516445
411.000000 1.523357
412.000000 1.496028
413.000000 1.443731
414.000000 1.369104
415.000000 1.279296
416.000000 1.202244
417.000000 1.146921
418.000000 1.109649
419.000000 1.098862
420.000000 1.095556
421.000000 1.094937
422.000000 1.103774
423.000000 1.108550
424.000000 1.111750
425.000000 1.107531
426.000000 1.101097
427.000000 1.099727
428.000000 1.100390
429.000000 1.100438
430.000000 1.098310
431.000000 1.089151
432.000000 1.081020
433.000000 1.070611
434.000000 1.061773
435.000000 1.050053
436.000000 1.041457
437.000000 1.040232
438.000000 1.046470
439.000000 1.050187
440.000000 1.045300
441.000000 1.036808
442.000000 1.029140
443.000000 1.023750
444.000000 1.018305
445.000000 1.013598
446.000000 1.002179
447.000000 0.989259
448.000000 0.988799
449.000000 0.985028
450.000000 0.981172
451.000000 0.971382
452.000000 0.971584
453.000000 0.970512
454.000000 0.968602
455.000000 0.975600
456.000000 0.975372
457.000000 0.970317
458.000000 0.969285
459.000000 0.986087
460.000000 0.992218
461.000000 0.992228
462.000000 0.991120
463.000000 0.993326
464.000000 0.997800
465.000000 0.990837
466.000000 0.991059
467.000000 0.987859
468.000000 0.990692
469.000000 0.992621
470.000000 0.995551
471.000000 1.006024
472.000000 1.011302
473.000000 1.006318
474.000000 1.015481
475.000000 1.019145
476.000000 1.021993
477.000000 1.025687
478.000000 1.026905
479.000000 1.016670
480.000000 1.012722
481.000000 1.001984
482.000000 1.000490
483.000000 0.990651
484.000000 0.993515
485.000000 0.991722
486.000000 0.981163
487.000000 0.977697
488.000000 0.982919
489.000000 0.986507
490.000000 0.983202
491.000000 0.986936
492.000000 0.973345
493.000000 0.982782
494.000000 0.989958
495.000000 1.005411
496.000000 1.004960
497.000000 1.012320
498.000000 1.021985
499.000000 1.020702
500.000000 1.016353
501.000000 1.000123
502.000000 0.994840
503.000000 0.979153
504.000000 0.977636
505.000000 0.975611
506.000000 0.904823
507.000000 0.827121
508.000000 0.754397
509.000000 0.699413
510.000000 0.668767
511.000000 0.654827
512.000000 0.646313
513.000000 0.637752
514.000000 0.632748
515.000000 0.629160
516.000000 0.617682
517.000000 0.615100
518.000000 0.596316
519.000000 0.573560
520.000000 0.565959
521.000000 0.555096
522.000000 0.538942
523.000000 0.528675
524.000000 0.519526
525.000000 0.511244
526.000000 0.507799
527.000000 0.504636
528.000000 0.495492
529.000000 0.486244
530.000000 0.483280
531.000000 0.489848
532.000000 0.496245
533.000000 0.495663
534.000000 0.497441
535.000000 0.501592
536.000000 0.495910
537.000000 0.491034
538.000000 0.483899
539.000000 0.480397
540.000000 0.478470
541.000000 0.481005
542.000000 0.478794
543.000000 0.478753
544.000000 0.476606
545.000000 0.478125
546.000000 0.480175
547.000000 0.478651
548.000000 0.491089
549.000000 0.486646
550.000000 0.478246
551.000000 0.466090
552.000000 0.459772
553.000000 0.449334
554.000000 0.436065
555.000000 0.431841
556.000000 0.424687
557.000000 0.419313
558.000000 0.419798
559.000000 0.423374
560.000000 0.424062
561.000000 0.420585
562.000000 0.415433
563.000000 0.424081
564.000000 0.425003
565.000000 0.429589
566.000000 0.431613
567.000000 0.442490
568.000000 0.452541
569.000000 0.469243
570.000000 0.487692
571.000000 0.507303
572.000000 0.526242
573.000000 0.530525
574.000000 0.533994
575.000000 0.532675
576.000000 0.535390
577.000000 0.532408
578.000000 0.524891
579.000000 0.525780
580.000000 0.519151
581.000000 0.514260
582.000000 0.503988
583.000000 0.503253
584.000000 0.498817
585.000000 0.492810
586.000000 0.488648
587.000000 0.483840
588.000000 0.481372
589.000000 0.479675
590.000000 0.490867
591.000000 0.503920
592.000000 0.512207
593.000000 0.520180
594.000000 0.524877
595.000000 0.528293
596.000000 0.535918
597.000000 0.532801
598.000000 0.531733
599.000000 0.528016
600.000000 0.522475
601.000000 0.524974
602.000000 0.530510
603.000000 0.536474
604.000000 0.536246
605.000000 0.542916
606.000000 0.545688
607.000000 0.545509
608.000000 0.541332
609.000000 0.529090
610.000000 0.517943
611.000000 0.505868
612.000000 0.505480
613.000000 0.486045
614.000000 0.470630
615.000000 0.466935
616.000000 0.451829
617.000000 0.455739
618.000000 0.457501
619.000000 0.466470
620.000000 0.474189
621.000000 0.493649
622.000000 0.502918
623.000000 0.509736
624.000000 0.516707
625.000000 0.525030
626.000000 0.535744
627.000000 0.546078
628.000000 0.545348
629.000000 0.549774
630.000000 0.550376
631.000000 0.547688
632.000000 0.549509
633.000000 0.546990
634.000000 0.546296
635.000000 0.548794
636.000000 0.549799
637.000000 0.540171
638.000000 0.539368
639.000000 0.531878
640.000000 0.523699
641.000000 0.519573
642.000000 0.507714
643.000000 0.494866
644.000000 0.489378
645.000000 0.485331
646.000000 0.475564
647.000000 0.477825
648.000000 0.479969
649.000000 0.486770
650.000000 0.492818
651.000000 0.500091
652.000000 0.505096
653.000000 0.503352
654.000000 0.507494
655.000000 0.518917
656.000000 0.521561
657.000000 0.528091
658.000000 0.524115
659.000000 0.522702
660.000000 0.523866
661.000000 0.520821
662.000000 0.516739
663.000000 0.507541
664.000000 0.493777
665.000000 0.489488
666.000000 0.480023
667.000000 0.462674
668.000000 0.452368
669.000000 0.447106
670.000000 0.453401
671.000000 0.457893
672.000000 0.456937
673.000000 0.458296
674.000000 0.448269
675.000000 0.445023
676.000000 0.448022
677.000000 0.455203
678.000000 0.455280
679.000000 0.457449
680.000000 0.469071
681.000000 0.481508
682.000000 0.491719
683.000000 0.505321
684.000000 0.516419
685.000000 0.525416
686.000000 0.539150
687.000000 0.535813
688.000000 0.522872
689.000000 0.519555
690.000000 0.514402
691.000000 0.506566
692.000000 0.502707
693.000000 0.491305
694.000000 0.491031
695.000000 0.487760
696.000000 0.493550
697.000000 0.498733
698.000000 0.504650
699.000000 0.503700
700.000000 0.502372
701.000000 0.491809
702.000000 0.479210
703.000000 0.474463
704.000000 0.462237
705.000000 0.461253
706.000000 0.468827
707.000000 0.479571
708.000000 0.479976
709.000000 0.495425
710.000000 0.500266
711.000000 0.495829
712.000000 0.490018
713.000000 0.487715
714.000000 0.486855
715.000000 0.488873
716.000000 0.488875
717.000000 0.493506
718.000000 0.496637
719.000000 0.502754
720.000000 0.505821
721.000000 0.505145
722.000000 0.504784
723.000000 0.506381
724.000000 0.516303
725.000000 0.521872
726.000000 0.518728
727.000000 0.520301
728.000000 0.522842
729.000000 0.526521
730.000000 0.522655
731.000000 0.515844
732.000000 0.516501
733.000000 0.508056
734.000000 0.502446
735.000000 0.499846
736.000000 0.502621
737.000000 0.505210
738.000000 0.499934
739.000000 0.492512
740.000000 0.492637
741.000000 0.486854
742.000000 0.485402
743.000000 0.488455
744.000000 0.493992
745.000000 0.505817
746.000000 0.505658
747.000000 0.518824
748.000000 0.519368
749.000000 0.520566
750.000000 0.521123
751.000000 0.528841
752.000000 0.532673
753.000000 0.533670
754.000000 0.525149
755.000000 0.518599
756.000000 0.520328
757.000000 0.518081
758.000000 0.506042
759.000000 0.503583
760.000000 0.504298
761.000000 0.506015
762.000000 0.493636
763.000000 0.489198
764.000000 0.487790
765.000000 0.478993
766.000000 0.470209
767.000000 0.460901
768.000000 0.444768
769.000000 0.437032
770.000000 0.439823
771.000000 0.438371
772.000000 0.438975
773.000000 0.448070
774.000000 0.465597
775.000000 0.484207
776.000000 0.489095
777.000000 0.485194
778.000000 0.490993
779.000000 0.492274
780.000000 0.485357
781.000000 0.488598
782.000000 0.492093
783.000000 0.486964
784.000000 0.494445
785.000000 0.503775
786.000000 0.507486
787.000000 0.522916
788.000000 0.521847
789.000000 0.522966
790.000000 0.523983
791.000000 0.524133
792.000000 0.511679
793.000000 0.493492
794.000000 0.476467
795.000000 0.466220
796.000000 0.458855
797.000000 0.459702
798.000000 0.471389
799.000000 0.473161
800.000000 0.480344
801.000000 0.494597
802.000000 0.501032
803.000000 0.501429
804.000000 0.497937
805.000000 0.500296
806.000000 0.563163
807.000000 0.522884
808.000000 0.471991
809.000000 0.442985
810.000000 0.444574
811.000000 0.465674
812.000000 0.523410
813.000000 0.585671
814.000000 0.671145
815.000000 0.759194
816.000000 0.845309
817.000000 0.920601
818.000000 0.973300
819.000000 0.999684
820.000000 1.015549
821.000000 1.026258
822.000000 1.009940
823.000000 0.993862
824.000000 0.979550
825.000000 0.963455
826.000000 0.958664
827.000000 0.954666
828.000000 0.964046
829.000000 0.971603
830.000000 0.987484
831.000000 0.993517
832.000000 1.001151
833.000000 1.008431
834.000000 1.004207
835.000000 0.994888
836.000000 0.979658
837.000000 0.993770
838.000000 0.994766
839.000000 0.994320
840.000000 1.001564
841.000000 1.006792
842.000000 1.011915
843.000000 1.007300
844.000000 1.003696
845.000000 0.994513
846.000000 0.989098
847.000000 0.981292
848.000000 0.972118
849.000000 0.965192
850.000000 0.967923
851.000000 0.972752
852.000000 0.973877
853.000000 0.980184
854.000000 0.982998
855.000000 0.984988
856.000000 0.983463
857.000000 0.981654
858.000000 0.971775
859.000000 0.962618
860.000000 0.952173
861.000000 0.939701
862.000000 0.939058
863.000000 0.938856
864.000000 0.930509
865.000000 0.927162
866.000000 0.924324
867.000000 0.932693
868.000000 0.941480
869.000000 0.957208
870.000000 0.963468
871.000000 0.972875
872.000000 0.975185
873.000000 0.986081
874.000000 0.989179
875.000000 0.996541
876.000000 1.005667
877.000000 1.009517
878.000000 1.019099
879.000000 1.024503
880.000000 1.027583
881.000000 1.023183
882.000000 1.011918
883.000000 1.011175
884.000000 1.003297
885.000000 0.983199
886.000000 0.972669
887.000000 0.962535
888.000000 0.954690
889.000000 0.949943
890.000000 0.948903
891.000000 0.940547
892.000000 0.954571
893.000000 0.952623
894.000000 0.957859
895.000000 0.964805
896.000000 0.961831
897.000000 0.958368
898.000000 0.957541
899.000000 0.957796
900.000000 0.971730
901.000000 0.984908
902.000000 1.008315
903.000000 1.017105
904.000000 1.028216
905.000000 1.030654
906.000000 1.032631
907.000000 1.027787
908.000000 1.023211
909.000000 1.017000
910.000000 1.014487
911.000000 1.016609
912.000000 1.024367
913.000000 1.027701
914.000000 1.039212
915.000000 1.039906
916.000000 1.040772
917.000000 1.043593
918.000000 1.051599
919.000000 1.050018
920.000000 1.044875
921.000000 1.049057
922.000000 1.052573
923.000000 1.055064
924.000000 1.060145
925.000000 1.071293
926.000000 1.074078
927.000000 1.075222
928.000000 1.071595
929.000000 1.067316
930.000000 1.057252
931.000000 1.043961
932.000000 1.029845
933.000000 1.014314
934.000000 1.014363
935.000000 1.014406
936.000000 1.011616
937.000000 1.006968
938.000000 1.004953
939.000000 1.009586
940.000000 1.002886
941.000000 0.995888
942.000000 0.998558
943.000000 1.000719
944.000000 0.990772
945.000000 0.980184
946.000000 0.974012
947.000000 0.966334
948.000000 0.953884
949.000000 0.948527
950.000000 0.946098
951.000000 0.947826
952.000000 0.956050
953.000000 0.956851
954.000000 0.956812
955.000000 0.966249
956.000000 0.972070
957.000000 0.972939
958.000000 0.969875
959.000000 0.974707
960.000000 0.976246
961.000000 0.979247
962.000000 0.977478
963.000000 0.989591
964.000000 1.002344
965.000000 1.011897
966.000000 1.022260
967.000000 1.034107
968.000000 1.048171
969.000000 1.046462
970.000000 1.038198
971.000000 1.029521
972.000000 1.022254
973.000000 1.015228
974.000000 1.004385
975.000000 0.990165
976.000000 0.988443
977.000000 0.984322
978.000000 0.983483
979.000000 0.986416
980.000000 0.997654
981.000000 0.992943
982.000000 0.994305
983.000000 0.995425
984.000000 0.993819
985.000000 0.992796
986.000000 0.999633
987.000000 0.994107
988.000000 0.983081
989.000000 0.982281
990.000000 0.968773
991.000000 0.961532
992.000000 0.952970
993.000000 0.962109
994.000000 0.968634
995.000000 0.975965
996.000000 0.987708
997.000000 0.991031
998.000000 0.994033
999.000000 0.992317
1000.000000 0.995337
1001.000000 0.991091
1002.000000 0.988368
1003.000000 0.979417
1004.000000 0.984527
1005.000000 0.993093
1006.000000 0.989521
1007.000000 0.990487
1008.000000 0.990796
1009.000000 0.993859
1010.000000 0.997959
1011.000000 0.993811
1012.000000 0.993299
1013.000000 0.990797
1014.000000 0.996483
1015.000000 0.997831
1016.000000 0.999094
1017.000000 0.990283
1018.000000 0.993590
1019.000000 0.994703
1020.000000 0.992479
1021.000000 0.995832
1022.000000 1.004405
1023.000000 1.019720
1024.000000 1.035500
1025.000000 1.043228
1026.000000 1.056277
1027.000000 1.062352
1028.000000 1.055075
1029.000000 1.048086
1030.000000 1.033163
1031.000000 1.034456
1032.000000 1.045697
1033.000000 1.052852
1034.000000 1.051136
1035.000000 1.057156
1036.000000 1.053444
1037.000000 1.055899
1038.000000 1.056062
1039.000000 1.046891
1040.000000 1.034089
1041.000000 1.021451
1042.000000 1.012827
1043.000000 1.012287
1044.000000 1.021421
1045.000000 1.022965
1046.000000 1.021445
1047.000000 1.019948
1048.000000 1.021276
1049.000000 1.018655
1050.000000 1.001546
1051.000000 0.993418
1052.000000 0.987112
1053.000000 0.989596
1054.000000 0.989047
1055.000000 1.007692
1056.000000 1.021088
1057.000000 1.032085
1058.000000 1.041326
1059.000000 1.048859
1060.000000 1.055421
1061.000000 1.050444
1062.000000 1.045146
1063.000000 1.039430
1064.000000 1.048843
1065.000000 1.038795
1066.000000 1.035434
1067.000000 1.033403
1068.000000 1.021599
1069.000000 1.014433
1070.000000 0.999496
1071.000000 0.986604
1072.000000 0.982653
1073.000000 0.974477
1074.000000 0.971050
1075.000000 0.977573
1076.000000 0.980606
1077.000000 0.987985
1078.000000 0.995742
1079.000000 1.000383
1080.000000 1.006750
1081.000000 1.012064
1082.000000 1.012009
1083.000000 1.010990
1084.000000 1.001300
1085.000000 0.998422
1086.000000 0.979492
1087.000000 0.972347
1088.000000 0.961235
1089.000000 0.955102
1090.000000 0.951309
1091.000000 0.957199
1092.000000 0.962393
1093.000000 0.970925
1094.000000 0.977474
1095.000000 0.980807
1096.000000 0.985482
1097.000000 0.998156
1098.000000 1.013467
1099.000000 1.022342
1100.000000 1.029751
1101.000000 1.036436
1102.000000 1.029156
1103.000000 1.017900
1104.000000 1.010716
1105.000000 1.002893
1106.000000 0.999306
1107.000000 0.988113
1108.000000 0.973551
1109.000000 0.970506
1110.000000 0.964198
1111.000000 0.959652
1112.000000 0.948924
1113.000000 0.944121
1114.000000 0.937115
1115.000000 0.946615
1116.000000 0.954968
1117.000000 0.962024
1118.000000 0.961887
1119.000000 0.971716
1120.000000 0.983630
1121.000000 1.001781
1122.000000 1.021117
1123.000000 1.023497
1124.000000 1.025280
1125.000000 1.033935
1126.000000 1.034540
1127.000000 1.041876
1128.000000 1.038386
1129.000000 1.034721
1130.000000 1.034658
1131.000000 1.034103
1132.000000 1.033032
1133.000000 1.026386
1134.000000 1.013025
1135.000000 1.002384
1136.000000 1.002492
1137.000000 1.000454
1138.000000 1.000373
1139.000000 0.994925
1140.000000 0.994617
1141.000000 0.990158
1142.000000 0.980114
1143.000000 0.979611
1144.000000 0.984773
1145.000000 0.978413
1146.000000 0.979706
1147.000000 0.970874
1148.000000 0.973042
1149.000000 0.973616
1150.000000 0.975033
1151.000000 0.979108
1152.000000 0.985644
1153.000000 0.995956
1154.000000 1.005063
1155.000000 0.998597
1156.000000 0.995036
1157.000000 0.988400
1158.000000 0.983759
1159.000000 0.987454
1160.000000 0.988695
1161.000000 0.994457
1162.000000 0.989579
1163.000000 0.995988
1164.000000 0.992393
1165.000000 0.995612
1166.000000 1.001905
1167.000000 1.004183
1168.000000 1.019292
1169.000000 1.027280
1170.000000 1.029078
1171.000000 1.028595
1172.000000 1.018946
1173.000000 1.010128
1174.000000 1.008908
1175.000000 0.997727
1176.000000 0.995030
1177.000000 0.984499
1178.000000 0.978501
1179.000000 0.972862
1180.000000 0.972238
1181.000000 0.972459
1182.000000 0.973967
1183.000000 0.964362
1184.000000 0.972125
1185.000000 0.967111
1186.000000 0.970743
1187.000000 0.984082
1188.000000 0.985992
1189.000000 0.995284
1190.000000 1.007611
1191.000000 1.021652
1192.000000 1.033463
1193.000000 1.046107
1194.000000 1.061064
1195.000000 1.066565
1196.000000 1.058682
1197.000000 1.051439
1198.000000 1.044162
1199.000000 1.043302
1200.000000 1.038356
1201.000000 1.045198
1202.000000 1.037778
1203.000000 1.039485
1204.000000 1.045779
1205.000000 1.057621
1206.000000 1.046331
1207.000000 0.964502
1208.000000 0.869363
1209.000000 0.807728
1210.000000 0.768993
1211.000000 0.766693
1212.000000 0.772130
1213.000000 0.796239
1214.000000 0.827260
1215.000000 0.870844
1216.000000 0.906377
1217.000000 0.922147
1218.000000 0.934369
1219.000000 0.935840
1220.000000 0.936120
1221.000000 0.928520
1222.000000 0.925550
1223.000000 0.919275
1224.000000 0.909417
1225.000000 0.915924
1226.000000 0.903322
1227.000000 0.903583
1228.000000 0.895431
1229.000000 0.890893
1230.000000 0.895085
1231.000000 0.902714
1232.000000 0.913619
1233.000000 0.925767
1234.000000 0.947949
1235.000000 0.966145
1236.000000 0.981447
1237.000000 0.992654
1238.000000 1.002528
1239.000000 1.008662
1240.000000 1.013156
1241.000000 1.023618
1242.000000 1.033170
1243.000000 1.018095
1244.000000 1.017057
1245.000000 1.007223
1246.000000 1.002584
1247.000000 1.000237
1248.000000 1.003932
1249.000000 1.007061
1250.000000 1.003974
1251.000000 1.009218
1252.000000 1.018099
1253.000000 1.029712
1254.000000 1.034253
1255.000000 1.038320
1256.000000 1.043458
1257.000000 1.050616
1258.000000 1.058529
1259.000000 1.067939
1260.000000 1.064314
1261.000000 1.069145
1262.000000 1.070596
1263.000000 1.072021
1264.000000 1.054602
1265.000000 1.048103
1266.000000 1.040953
1267.000000 1.031345
1268.000000 1.020268
1269.000000 1.011739
1270.000000 1.007203
1271.000000 0.997934
1272.000000 0.984966
1273.000000 0.986018
1274.000000 0.979111
1275.000000 0.971946
1276.000000 0.961950
1277.000000 0.957756
1278.000000 0.953434
1279.000000 0.960714
1280.000000 0.961993
1281.000000 0.961772
1282.000000 0.954297
1283.000000 0.952994
1284.000000 0.956064
1285.000000 0.960938
1286.000000 0.964086
1287.000000 0.966533
1288.000000 0.973117
1289.000000 0.980279
1290.000000 0.980239
1291.000000 0.979145
1292.000000 0.981795
1293.000000 0.979428
1294.000000 0.976841
1295.000000 0.974718
1296.000000 0.975621
1297.000000 0.980237
1298.000000 0.984957
1299.000000 0.998116
1300.000000 1.013026
1301.000000 1.031525
1302.000000 1.039504
1303.000000 1.055863
1304.000000 1.070676
1305.000000 1.070881
1306.000000 1.129760
1307.000000 1.205417
1308.000000 1.265500
1309.000000 1.319269
1310.000000 1.346026
1311.000000 1.351835
1312.000000 1.357131
1313.000000 1.364974
1314.000000 1.366538
1315.000000 1.380070
1316.000000 1.399709
1317.000000 1.413527
1318.000000 1.430597
1319.000000 1.446385
1320.000000 1.460362
1321.000000 1.478910
1322.000000 1.492087
1323.000000 1.499290
1324.000000 1.497846
1325.000000 1.494089
1326.000000 1.493317
1327.000000 1.494504
1328.000000 1.500929
1329.000000 1.502131
1330.000000 1.507048
1331.000000 1.517471
1332.000000 1.529841
1333.000000 1.541240
1334.000000 1.553642
1335.000000 1.558323
1336.000000 1.564778
1337.000000 1.567158
1338.000000 1.560717
1339.000000 1.552965
1340.000000 1.550599
1341.000000 1.535152
1342.000000 1.522305
1343.000000 1.513589
1344.000000 1.500321
1345.000000 1.489761
1346.000000 1.482868
1347.000000 1.473692
1348.000000 1.473847
1349.000000 1.475173
1350.000000 1.466529
1351.000000 1.471973
1352.000000 1.483355
1353.000000 1.494929
1354.000000 1.504231
1355.000000 1.530983
1356.000000 1.541276
1357.000000 1.553291
1358.000000 1.562419
1359.000000 1.570915
1360.000000 1.576459
1361.000000 1.579023
1362.000000 1.572573
1363.000000 1.568277
1364.000000 1.557801
1365.000000 1.553710
1366.000000 1.538410
1367.000000 1.524890
1368.000000 1.510162
1369.000000 1.496614
1370.000000 1.484596
1371.000000 1.474732
1372.000000 1.466647
1373.000000 1.470408
1374.000000 1.473120
1375.000000 1.482690
1376.000000 1.485459
1377.000000 1.490808
1378.000000 1.492931
1379.000000 1.498888
1380.000000 1.504207
1381.000000 1.509225
1382.000000 1.507319
1383.000000 1.496620
1384.000000 1.487397
1385.000000 1.485802
1386.000000 1.492466
1387.000000 1.487119
1388.000000 1.490568
1389.000000 1.504676
1390.000000 1.497745
1391.000000 1.499395
1392.000000 1.499434
1393.000000 1.488482
1394.000000 1.486398
1395.000000 1.484222
1396.000000 1.480342
1397.000000 1.476675
1398.000000 1.470424
1399.000000 1.464831
1400.000000 1.467299
1401.000000 1.467024
1402.000000 1.465691
1403.000000 1.462400
1404.000000 1.463826
1405.000000 1.473557
1406.000000 1.474863
1407.000000 1.471596
1408.000000 1.473757
1409.000000 1.475385
1410.000000 1.473013
1411.000000 1.462744
1412.000000 1.457719
1413.000000 1.456051
1414.000000 1.446711
1415.000000 1.444508
1416.000000 1.452252
1417.000000 1.459891
1418.000000 1.471438
1419.000000 1.486804
1420.000000 1.503153
1421.000000 1.519589
1422.000000 1.522590
1423.000000 1.531196
1424.000000 1.545878
1425.000000 1.556141
1426.000000 1.557055
1427.000000 1.563477
1428.000000 1.559142
1429.000000 1.564888
1430.000000 1.552022
1431.000000 1.545711
1432.000000 1.532824
1433.000000 1.526057
1434.000000 1.517134
1435.000000 1.508237
1436.000000 1.493478
1437.000000 1.483978
1438.000000 1.484469
1439.000000 1.486253
1440.000000 1.485110
1441.000000 1.484951
1442.000000 1.489936
1443.000000 1.497157
1444.000000 1.505677
1445.000000 1.507957
1446.000000 1.499738
1447.000000 1.504349
1448.000000 1.503108
1449.000000 1.506600
1450.000000 1.513768
1451.000000 1.520714
1452.000000 1.521141
1453.000000 1.518904
1454.000000 1.521139
1455.000000 1.522410
1456.000000 1.513900
1457.000000 1.501727
1458.000000 1.485823
1459.000000 1.460558
1460.000000 1.441864
1461.000000 1.417133
1462.000000 1.407737
1463.000000 1.399271
1464.000000 1.396471
1465.000000 1.389762
1466.000000 1.399242
1467.000000 1.415630
1468.000000 1.436383
1469.000000 1.445997
1470.000000 1.454371
1471.000000 1.468495
1472.000000 1.475749
1473.000000 1.485905
1474.000000 1.495404
1475.000000 1.495867
1476.000000 1.505361
1477.000000 1.511584
1478.000000 1.511620
1479.000000 1.517434
1480.000000 1.513976
1481.000000 1.514068
1482.000000 1.509048
1483.000000 1.511090
1484.000000 1.512741
1485.000000 1.505979
1486.000000 1.497211
1487.000000 1.497798
1488.000000 1.512002
1489.000000 1.517978
1490.000000 1.529334
1491.000000 1.549733
1492.000000 1.558217
1493.000000 1.564705
1494.000000 1.566340
1495.000000 1.568808
1496.000000 1.577498
1497.000000 1.580380
1498.000000 1.576761
1499.000000 1.572260
1500.000000 1.572064
1501.000000 1.572653
1502.000000 1.566139
1503.000000 1.556916
1504.000000 1.545714
1505.000000 1.537096
1506.000000 1.530612
1507.000000 1.532348
1508.000000 1.528283
1509.000000 1.524405
1510.000000 1.532354
1511.000000 1.525950
1512.000000 1.521599
1513.000000 1.508415
1514.000000 1.495741
1515.000000 1.477426
1516.000000 1.469595
1517.000000 1.452680
1518.000000 1.441900
1519.000000 1.430811
1520.000000 1.419890
1521.000000 1.426546
1522.000000 1.422472
1523.000000 1.423010
1524.000000 1.423748
1525.000000 1.430329
1526.000000 1.428948
1527.000000 1.430186
1528.000000 1.442153
1529.000000 1.444983
1530.000000 1.456480
1531.000000 1.463280
1532.000000 1.472658
1533.000000 1.482677
1534.000000 1.478216
1535.000000 1.480422
1536.000000 1.480371
1537.000000 1.472361
1538.000000 1.471383
1539.000000 1.476885
1540.000000 1.473916
1541.000000 1.481900
1542.000000 1.483339
1543.000000 1.479810
1544.000000 1.484852
1545.000000 1.490388
1546.000000 1.499392
1547.000000 1.503900
1548.000000 1.506701
1549.000000 1.516403
1550.000000 1.514505
1551.000000 1.509667
1552.000000 1.506322
1553.000000 1.500960
1554.000000 1.496696
1555.000000 1.487088
1556.000000 1.483045
1557.000000 1.488059
1558.000000 1.485070
1559.000000 1.477286
1560.000000 1.472420
1561.000000 1.471059
1562.000000 1.470549
1563.000000 1.476531
1564.000000 1.482585
1565.000000 1.491197
1566.000000 1.504577
1567.000000 1.513607
1568.000000 1.515788
1569.000000 1.514753
1570.000000 1.515010
1571.000000 1.514872
1572.000000 1.516373
1573.000000 1.512559
1574.000000 1.507104
1575.000000 1.502121
1576.000000 1.501592
1577.000000 1.501606
1578.000000 1.506433
1579.000000 1.505476
1580.000000 1.499029
1581.000000 1.498585
1582.000000 1.491428
1583.000000 1.490163
1584.000000 1.491207
1585.000000 1.486638
1586.000000 1.485978
1587.000000 1.487110
1588.000000 1.485963
1589.000000 1.488305
1590.000000 1.490182
1591.000000 1.491160
1592.000000 1.497730
1593.000000 1.498511
1594.000000 1.505411
1595.000000 1.508405
1596.000000 1.511688
1597.000000 1.514350
1598.000000 1.517881
1599.000000 1.530352
1600.000000 1.532687
