1.000000 0.000000
2.000000 0.000000
3.000000 0.000000
4.000000 0.000000
5.000000 0.000000
6.000000 0.000000
7.000000 0.000000
8.000000 0.000000
9.000000 0.000000
10.000000 0.004189
11.000000 -0.004336
12.000000 -0.007340
13.000000 -0.007436
14.000000 -0.012967
15.000000 -0.014799
16.000000 -0.003153
17.000000 0.007769
18.000000 0.161814
19.000000 0.342816
20.000000 0.495564
21.000000 0.594599
22.000000 0.771343
23.000000 0.940168
24.000000 1.056353
25.000000 1.117952
26.000000 1.122650
27.000000 1.105300
28.000000 1.078207
29.000000 1.036120
30.000000 0.988493
31.000000 0.934896
32.000000 0.909226
33.000000 0.914204
34.000000 0.924346
35.000000 0.941885
36.000000 0.966357
37.000000 0.989193
38.000000 1.014981
39.000000 1.039124
40.000000 1.044109
41.000000 1.048343
42.000000 1.052132
43.000000 1.048749
44.000000 1.043874
45.000000 1.040508
46.000000 1.039908
47.000000 1.035762
48.000000 1.033940
49.000000 1.020024
50.000000 1.014906
51.000000 0.999542
52.000000 0.992086
53.000000 0.985603
54.000000 0.976935
55.000000 0.974082
56.000000 0.977247
57.000000 0.980218
58.000000 0.979496
59.000000 0.974013
60.000000 0.975272
61.000000 0.969266
62.000000 0.962665
63.000000 0.960343
64.000000 0.948558
65.000000 0.944595
66.000000 0.933347
67.000000 0.942207
68.000000 0.949556
69.000000 0.959145
70.000000 0.969092
71.000000 0.986612
72.000000 0.999111
73.000000 1.015797
74.000000 1.029964
75.000000 1.025154
76.000000 1.022868
77.000000 1.015596
78.000000 1.019785
79.000000 1.010484
80.000000 1.007411
81.000000 1.001091
82.000000 0.992417
83.000000 0.990248
84.000000 0.981102
85.000000 0.974266
86.000000 0.981538
87.000000 0.982559
88.000000 0.983490
89.000000 0.983099
90.000000 0.993019
91.000000 1.011187
92.000000 1.014514
93.000000 1.015468
94.000000 1.029651
95.000000 1.032821
96.000000 1.024094
97.000000 1.021083
98.000000 1.011041
99.000000 0.992583
100.000000 0.983573
101.000000 0.980125
102.000000 0.972075
103.000000 0.959885
104.000000 0.944806
105.000000 0.949365
106.000000 0.958003
107.000000 0.972343
108.000000 0.977302
109.000000 0.989388
110.000000 0.992352
111.000000 0.992453
112.000000 0.993529
113.000000 0.994403
114.000000 0.989347
115.000000 0.990696
116.000000 0.991965
117.000000 0.994476
118.000000 1.007857
119.000000 1.006722
120.000000 1.013971
121.000000 1.019368
122.000000 1.019099
123.000000 1.014946
124.000000 1.002399
125.000000 0.990029
126.000000 0.971895
127.000000 0.962447
128.000000 0.960155
129.000000 0.962840
130.000000 0.963939
131.000000 0.968875
132.000000 0.974918
133.000000 0.989450
134.000000 0.999872
135.000000 1.008338
136.000000 1.017045
137.000000 1.025071
138.000000 1.010215
139.000000 0.995022
140.000000 0.987607
141.000000 0.988902
142.000000 0.985611
143.000000 0.987550
144.000000 0.982298
145.000000 0.971753
146.000000 0.972964
147.000000 0.981858
148.000000 0.985925
149.000000 0.991133
150.000000 0.994637
151.000000 1.002559
152.000000 1.011795
153.000000 1.013200
154.000000 1.033153
155.000000 1.041146
156.000000 1.044214
157.000000 1.041128
158.000000 1.044105
159.000000 1.043542
160.000000 1.042013
161.000000 1.048927
162.000000 1.047118
163.000000 1.039865
164.000000 1.031950
165.000000 1.019315
166.000000 1.002484
167.000000 0.998256
168.000000 1.001500
169.000000 1.004516
170.000000 1.017821
171.000000 1.015606
172.000000 1.010309
173.000000 1.014921
174.000000 1.027972
175.000000 1.034030
176.000000 1.037100
177.000000 1.043470
178.000000 1.046943
179.000000 1.044299
180.000000 1.037139
181.000000 1.032949
182.000000 1.023867
183.000000 1.008385
184.000000 0.999671
185.000000 0.995403
186.000000 0.995065
187.000000 1.001801
188.000000 1.003018
189.000000 1.008144
190.000000 1.005118
191.000000 1.020347
192.000000 1.028281
193.000000 1.028487
194.000000 1.023972
195.000000 1.023194
196.000000 1.014372
197.000000 1.006875
198.000000 0.996199
199.000000 0.987757
200.000000 0.987027
201.000000 0.984405
202.000000 0.985908
203.000000 0.979919
204.000000 0.986371
205.000000 0.991456
206.000000 1.002226
207.000000 1.005040
208.000000 1.012491
209.000000 1.015264
210.000000 1.023185
211.000000 1.027479
212.000000 1.030947
213.000000 1.037862
214.000000 1.036274
215.000000 1.035386
216.000000 1.027270
217.000000 1.020891
218.000000 0.995562
219.000000 0.975926
220.000000 0.963694
221.000000 0.947953
222.000000 0.937458
223.000000 0.926897
224.000000 0.926791
225.000000 0.931656
226.000000 0.941147
227.000000 0.950848
228.000000 0.955271
229.000000 0.962606
230.000000 0.960405
231.000000 0.959801
232.000000 0.964112
233.000000 0.958507
234.000000 0.958229
235.000000 0.971181
236.000000 0.985953
237.000000 0.997236
238.000000 1.005335
239.000000 1.006429
240.000000 1.009814
241.000000 1.013326
242.000000 1.012886
243.000000 1.010689
244.000000 1.004531
245.000000 1.004849
246.000000 1.010319
247.000000 1.001989
248.000000 1.001616
249.000000 1.005177
250.000000 0.999707
251.000000 0.999595
252.000000 0.996938
253.000000 0.996992
254.000000 1.006486
255.000000 1.016818
256.000000 1.035083
257.000000 1.049186
258.000000 1.055210
259.000000 1.069924
260.000000 1.070805
261.000000 1.065319
262.000000 1.053559
263.000000 1.053529
264.000000 1.045671
265.000000 1.034300
266.000000 1.031717
267.000000 1.016703
268.000000 1.011638
269.000000 1.005676
270.000000 0.996952
271.000000 0.986831
272.000000 0.981481
273.000000 0.983936
274.000000 0.982297
275.000000 0.977151
276.000000 0.981920
277.000000 0.984695
278.000000 0.996239
279.000000 1.004798
280.000000 1.011755
281.000000 1.015272
282.000000 1.015042
283.000000 1.013143
284.000000 1.000308
285.000000 0.989722
286.000000 0.968616
287.000000 0.960730
288.000000 0.952782
289.000000 0.931712
290.000000 0.920983
291.000000 0.926795
292.000000 0.945771
293.000000 0.958915
294.000000 0.977363
295.000000 0.991106
296.000000 1.009612
297.000000 1.018025
298.000000 1.024571
299.000000 1.024432
300.000000 1.027006
301.000000 1.025828
302.000000 1.019885
303.000000 1.009222
304.000000 0.992093
305.000000 0.983707
306.000000 0.984929
307.000000 0.998181
308.000000 1.007505
309.000000 1.009338
310.000000 1.013012
311.000000 1.019231
312.000000 1.016512
313.000000 1.016140
314.000000 1.010237
315.000000 1.003496
316.000000 0.999028
317.000000 0.993901
318.000000 0.986152
319.000000 0.975883
320.000000 0.968438
321.000000 0.961192
322.000000 0.963825
323.000000 0.964659
324.000000 0.972524
325.000000 0.983164
326.000000 0.989717
327.000000 0.985004
328.000000 0.991198
329.000000 0.996226
330.000000 1.001175
331.000000 1.016033
332.000000 1.014636
333.000000 1.025454
334.000000 1.023535
335.000000 1.015982
336.000000 1.005635
337.000000 1.003416
338.000000 0.995364
339.000000 0.995565
340.000000 0.995225
341.000000 0.991057
342.000000 0.995400
343.000000 1.004258
344.000000 1.017999
345.000000 1.015070
346.000000 1.011365
347.000000 1.010301
348.000000 1.002083
349.000000 1.005439
350.000000 1.004009
351.000000 0.999861
352.000000 0.998629
353.000000 0.994407
354.000000 0.997960
355.000000 0.996013
356.000000 0.994797
357.000000 0.998320
358.000000 0.997180
359.000000 0.992671
360.000000 0.989544
361.000000 0.985738
362.000000 0.983433
363.000000 0.984741
364.000000 0.982051
365.000000 0.987241
366.000000 0.995140
367.000000 0.998813
368.000000 1.005157
369.000000 1.008531
370.000000 1.014761
371.000000 1.016004
372.000000 1.019152
373.000000 1.021124
374.000000 1.023966
375.000000 1.020110
376.000000 1.009036
377.000000 1.004202
378.000000 1.001657
379.000000 0.990017
380.000000 0.989646
381.000000 0.995212
382.000000 0.995379
383.000000 0.992275
384.000000 0.989485
385.000000 0.984336
386.000000 0.980890
387.000000 0.981666
388.000000 0.982448
389.000000 0.991563
390.000000 0.992838
391.000000 0.989019
392.000000 0.988471
393.000000 0.996088
394.000000 1.007453
395.000000 1.005845
396.000000 1.001590
397.000000 1.007166
398.000000 1.014962
399.000000 1.009850
400.000000 0.998099
401.000000 0.998015
402.000000 0.994661
403.000000 0.985982
404.000000 0.995167
405.000000 0.969299
406.000000 0.889440
407.000000 0.739957
408.000000 0.873122
409.000000 1.121675
410.000000 1.393774
411.000000 1.647880
412.000000 1.877194
413.000000 2.086600
414.000000 2.293715
415.000000 2.443758
416.000000 2.545905
417.000000 2.613896
418.000000 2.660271
419.000000 2.706737
420.000000 2.741693
421.000000 2.761267
422.000000 2.782019
423.000000 2.799756
424.000000 2.821291
425.000000 2.839536
426.000000 2.857007
427.000000 2.879497
428.000000 2.903715
429.000000 2.925688
430.000000 2.941994
431.000000 2.947569
432.000000 2.951812
433.000000 2.953178
434.000000 2.955955
435.000000 2.954936
436.000000 2.955223
437.000000 2.961435
438.000000 2.974193
439.000000 2.983481
440.000000 2.982528
441.000000 2.976954
442.000000 2.973220
443.000000 2.974049
444.000000 2.975882
445.000000 2.977261
446.000000 2.969914
447.000000 2.959858
448.000000 2.962708
449.000000 2.963813
450.000000 2.965015
451.000000 2.958953
452.000000 2.962027
453.000000 2.964807
454.000000 2.967288
455.000000 2.977920
456.000000 2.980141
457.000000 2.976577
458.000000 2.976411
459.000000 2.994581
460.000000 3.002763
461.000000 3.002754
462.000000 2.998976
463.000000 2.998571
464.000000 3.002701
465.000000 2.996419
466.000000 2.996417
467.000000 2.992336
468.000000 2.994591
469.000000 2.996525
470.000000 2.999228
471.000000 3.009019
472.000000 3.013248
473.000000 3.007069
474.000000 3.014750
475.000000 3.017999
476.000000 3.020984
477.000000 3.023723
478.000000 3.022754
479.000000 3.010434
480.000000 3.004658
481.000000 2.993651
482.000000 2.993229
483.000000 2.985043
484.000000 2.988844
485.000000 2.987934
486.000000 2.978103
487.000000 2.975655
488.000000 2.982922
489.000000 2.990099
490.000000 2.989576
491.000000 2.993964
492.000000 2.980634
493.000000 2.990810
494.000000 2.999853
495.000000 3.016592
496.000000 3.015060
497.000000 3.018160
498.000000 3.023902
499.000000 3.020415
500.000000 3.014781
501.000000 2.997044
502.000000 2.991035
503.000000 2.976510
504.000000 2.905001
505.000000 2.806474
506.000000 2.701417
507.000000 2.616320
508.000000 2.561519
509.000000 2.542595
510.000000 2.554602
511.000000 2.598362
512.000000 2.661042
513.000000 2.731158
514.000000 2.807039
515.000000 2.879533
516.000000 2.933645
517.000000 2.983022
518.000000 3.000978
519.000000 3.000349
520.000000 3.003377
521.000000 2.996053
522.000000 2.979007
523.000000 2.964198
524.000000 2.950094
525.000000 2.939629
526.000000 2.937277
527.000000 2.938134
528.000000 2.935339
529.000000 2.933821
530.000000 2.940061
531.000000 2.957205
532.000000 2.973757
533.000000 2.980426
534.000000 2.985953
535.000000 2.992329
536.000000 2.989205
537.000000 2.986619
538.000000 2.981052
539.000000 2.978784
540.000000 2.977958
541.000000 2.980989
542.000000 2.978631
543.000000 2.977933
544.000000 2.975746
545.000000 2.978557
546.000000 2.983175
547.000000 2.984352
548.000000 2.998693
549.000000 2.995553
550.000000 2.987519
551.000000 2.975444
552.000000 2.970547
553.000000 2.963723
554.000000 2.954099
555.000000 2.952487
556.000000 2.947533
557.000000 2.944599
558.000000 2.947638
559.000000 2.954157
560.000000 2.957977
561.000000 2.957003
562.000000 2.953998
563.000000 2.965216
564.000000 2.969424
565.000000 2.976100
566.000000 2.978050
567.000000 2.987382
568.000000 2.995948
569.000000 3.010576
570.000000 3.025885
571.000000 3.040686
572.000000 3.053511
573.000000 3.050914
574.000000 3.047555
575.000000 3.040652
576.000000 3.039606
577.000000 3.033907
578.000000 3.023103
579.000000 3.020081
580.000000 3.010287
581.000000 3.003578
582.000000 2.992704
583.000000 2.992595
584.000000 2.990438
585.000000 2.987213
586.000000 2.985625
587.000000 2.983258
588.000000 2.983671
589.000000 2.984883
590.000000 2.998477
591.000000 3.012983
592.000000 3.020848
593.000000 3.026105
594.000000 3.027159
595.000000 3.027783
596.000000 3.033544
597.000000 3.028796
598.000000 3.025201
599.000000 3.018359
600.000000 3.010225
601.000000 3.011141
602.000000 3.015686
603.000000 3.020662
604.000000 3.018603
605.000000 3.022876
606.000000 3.024335
607.000000 3.024060
608.000000 3.020133
609.000000 3.008118
610.000000 2.997716
611.000000 2.987420
612.000000 2.989718
613.000000 2.973232
614.000000 2.959603
615.000000 2.957797
616.000000 2.946795
617.000000 2.956083
618.000000 2.962817
619.000000 2.975650
620.000000 2.985715
621.000000 3.005789
622.000000 3.015317
623.000000 3.021165
624.000000 3.026128
625.000000 3.032196
626.000000 3.040807
627.000000 3.047801
628.000000 3.042073
629.000000 3.040055
630.000000 3.034874
631.000000 3.028225
632.000000 3.027399
633.000000 3.022843
634.000000 3.020578
635.000000 3.021739
636.000000 3.021982
637.000000 3.012178
638.000000 3.011285
639.000000 3.004902
640.000000 2.999040
641.000000 2.997504
642.000000 2.988122
643.000000 2.977762
644.000000 2.974767
645.000000 2.974152
646.000000 2.968335
647.000000 2.973616
648.000000 2.978378
649.000000 2.987666
650.000000 2.995434
651.000000 3.003235
652.000000 3.008183
653.000000 3.005971
654.000000 3.009572
655.000000 3.020602
656.000000 3.022634
657.000000 3.026714
658.000000 3.018785
659.000000 3.013520
660.000000 3.012449
661.000000 3.008722
662.000000 3.004488
663.000000 2.994710
664.000000 2.980825
665.000000 2.977776
666.000000 2.971441
667.000000 2.958050
668.000000 2.951347
669.000000 2.950192
670.000000 2.961775
671.000000 2.971231
672.000000 2.973082
673.000000 2.975282
674.000000 2.966276
675.000000 2.965606
676.000000 2.972527
677.000000 2.983451
678.000000 2.985160
679.000000 2.985744
680.000000 2.994613
681.000000 3.005155
682.000000 3.013849
683.000000 3.024618
684.000000 3.031799
685.000000 3.036596
686.000000 3.046118
687.000000 3.038820
688.000000 3.021809
689.000000 3.014845
690.000000 3.008401
691.000000 3.001125
692.000000 2.997111
693.000000 2.984774
694.000000 2.983972
695.000000 2.981757
696.000000 2.989860
697.000000 2.997620
698.000000 3.005015
699.000000 3.004709
700.000000 3.003502
701.000000 2.993851
702.000000 2.983030
703.000000 2.980802
704.000000 2.971486
705.000000 2.972711
706.000000 2.981238
707.000000 2.992047
708.000000 2.991521
709.000000 3.004649
710.000000 3.008040
711.000000 3.003316
712.000000 2.997573
713.000000 2.995823
714.000000 2.996730
715.000000 2.999937
716.000000 2.999425
717.000000 3.001831
718.000000 3.002383
719.000000 3.006467
720.000000 3.008368
721.000000 3.006833
722.000000 3.005837
723.000000 3.007195
724.000000 3.017318
725.000000 3.022721
726.000000 3.017917
727.000000 3.016439
728.000000 3.016588
729.000000 3.019561
730.000000 3.015426
731.000000 3.007480
732.000000 3.006809
733.000000 2.998218
734.000000 2.993359
735.000000 2.991701
736.000000 2.995592
737.000000 2.999378
738.000000 2.994572
739.000000 2.987147
740.000000 2.987954
741.000000 2.984689
742.000000 2.986340
743.000000 2.991626
744.000000 2.998236
745.000000 3.010043
746.000000 3.008743
747.000000 3.019760
748.000000 3.018421
749.000000 3.018096
750.000000 3.017435
751.000000 3.023957
752.000000 3.026850
753.000000 3.025656
754.000000 3.013961
755.000000 3.004429
756.000000 3.005229
757.000000 3.004083
758.000000 2.993368
759.000000 2.990898
760.000000 2.992022
761.000000 2.995543
762.000000 2.985213
763.000000 2.981858
764.000000 2.982256
765.000000 2.976762
766.000000 2.971559
767.000000 2.965110
768.000000 2.952095
769.000000 2.947970
770.000000 2.955074
771.000000 2.958184
772.000000 2.961738
773.000000 2.971744
774.000000 2.989867
775.000000 3.009088
776.000000 3.013153
777.000000 3.006475
778.000000 3.009300
779.000000 3.009814
780.000000 3.003360
781.000000 3.005495
782.000000 3.006389
783.000000 2.998391
784.000000 3.002622
785.000000 3.009380
786.000000 3.011615
787.000000 3.025156
788.000000 3.021927
789.000000 3.021002
790.000000 3.020530
791.000000 3.020293
792.000000 3.008312
793.000000 2.989869
794.000000 2.973028
795.000000 2.964895
796.000000 2.961519
797.000000 2.966094
798.000000 2.979957
799.000000 2.982469
800.000000 2.989347
801.000000 3.003485
802.000000 3.011106
803.000000 3.012738
804.000000 3.072196
805.000000 3.195675
806.000000 3.370551
807.000000 3.559524
808.000000 3.522187
809.000000 3.364999
810.000000 3.162611
811.000000 2.940482
812.000000 2.732439
813.000000 2.516568
814.000000 2.304529
815.000000 2.129806
816.000000 2.008121
817.000000 1.930616
818.000000 1.874754
819.000000 1.825828
820.000000 1.791516
821.000000 1.775539
822.000000 1.746452
823.000000 1.720897
824.000000 1.695352
825.000000 1.666337
826.000000 1.647039
827.000000 1.626731
828.000000 1.617903
829.000000 1.606258
830.000000 1.603025
831.000000 1.591742
832.000000 1.584153
833.000000 1.578980
834.000000 1.564916
835.000000 1.547676
836.000000 1.525862
837.000000 1.535128
838.000000 1.533138
839.000000 1.528468
840.000000 1.528970
841.000000 1.527483
842.000000 1.528394
843.000000 1.521010
844.000000 1.515343
845.000000 1.505035
846.000000 1.499457
847.000000 1.492346
848.000000 1.483858
849.000000 1.477255
850.000000 1.480237
851.000000 1.485938
852.000000 1.487742
853.000000 1.493744
854.000000 1.496000
855.000000 1.498020
856.000000 1.497007
857.000000 1.495819
858.000000 1.486707
859.000000 1.478147
860.000000 1.468661
861.000000 1.457831
862.000000 1.459237
863.000000 1.461219
864.000000 1.454743
865.000000 1.452373
866.000000 1.451036
867.000000 1.462588
868.000000 1.475264
869.000000 1.493277
870.000000 1.499458
871.000000 1.506560
872.000000 1.506364
873.000000 1.515337
874.000000 1.517199
875.000000 1.522259
876.000000 1.527742
877.000000 1.526881
878.000000 1.531405
879.000000 1.531814
880.000000 1.530509
881.000000 1.522291
882.000000 1.508105
883.000000 1.506073
884.000000 1.498949
885.000000 1.480440
886.000000 1.471016
887.000000 1.462898
888.000000 1.458996
889.000000 1.458677
890.000000 1.461389
891.000000 1.456455
892.000000 1.473352
893.000000 1.474830
894.000000 1.482801
895.000000 1.491157
896.000000 1.488772
897.000000 1.485788
898.000000 1.484954
899.000000 1.485763
900.000000 1.499920
901.000000 1.511911
902.000000 1.531718
903.000000 1.534920
904.000000 1.539162
905.000000 1.535877
906.000000 1.534179
907.000000 1.527666
908.000000 1.521705
909.000000 1.514096
910.000000 1.509857
911.000000 1.510391
912.000000 1.516486
913.000000 1.518029
914.000000 1.527137
915.000000 1.525791
916.000000 1.525248
917.000000 1.527624
918.000000 1.535939
919.000000 1.534831
920.000000 1.528483
921.000000 1.530294
922.000000 1.531983
923.000000 1.533252
924.000000 1.536240
925.000000 1.544437
926.000000 1.544287
927.000000 1.542360
928.000000 1.536011
929.000000 1.530193
930.000000 1.520120
931.000000 1.507620
932.000000 1.494898
933.000000 1.481446
934.000000 1.484325
935.000000 1.487769
936.000000 1.487729
937.000000 1.484392
938.000000 1.483495
939.000000 1.490993
940.000000 1.488627
941.000000 1.485448
942.000000 1.490859
943.000000 1.495531
944.000000 1.487638
945.000000 1.477453
946.000000 1.471422
947.000000 1.465571
948.000000 1.456174
949.000000 1.453572
950.000000 1.453837
951.000000 1.458420
952.000000 1.469179
953.000000 1.471864
954.000000 1.472969
955.000000 1.483366
956.000000 1.491079
957.000000 1.493875
958.000000 1.491193
959.000000 1.495302
960.000000 1.496522
961.000000 1.499078
962.000000 1.496007
963.000000 1.505827
964.000000 1.516438
965.000000 1.523541
966.000000 1.530345
967.000000 1.537791
968.000000 1.548004
969.000000 1.542973
970.000000 1.531187
971.000000 1.519476
972.000000 1.511156
973.000000 1.504917
974.000000 1.494833
975.000000 1.480534
976.000000 1.478687
977.000000 1.476122
978.000000 1.478100
979.000000 1.483766
980.000000 1.497138
981.000000 1.494492
982.000000 1.496971
983.000000 1.499265
984.000000 1.499582
985.000000 1.500443
986.000000 1.507726
987.000000 1.501809
988.000000 1.489238
989.000000 1.486699
990.000000 1.473362
991.000000 1.467886
992.000000 1.461479
993.000000 1.472881
994.000000 1.481844
995.000000 1.490072
996.000000 1.501037
997.000000 1.503024
998.000000 1.505368
999.000000 1.503740
1000.000000 1.507473
1001.000000 1.504029
1002.000000 1.501011
1003.000000 1.490884
1004.000000 1.494495
1005.000000 1.502297
1006.000000 1.497942
1007.000000 1.496949
1008.000000 1.495135
1009.000000 1.497962
1010.000000 1.503253
1011.000000 1.500118
1012.000000 1.499647
1013.000000 1.496874
1014.000000 1.502794
1015.000000 1.504793
1016.000000 1.505767
1017.000000 1.495751
1018.000000 1.497653
1019.000000 1.498924
1020.000000 1.497700
1021.000000 1.501349
1022.000000 1.509118
1023.000000 1.523422
1024.000000 1.537385
1025.000000 1.541868
1026.000000 1.550311
1027.000000 1.551972
1028.000000 1.541327
1029.000000 1.531630
1030.000000 1.515020
1031.000000 1.515935
1032.000000 1.527405
1033.000000 1.533635
1034.000000 1.528320
1035.000000 1.528844
1036.000000 1.521856
1037.000000 1.524325
1038.000000 1.526414
1039.000000 1.519065
1040.000000 1.507122
1041.000000 1.494935
1042.000000 1.488274
1043.000000 1.490933
1044.000000 1.502866
1045.000000 1.505519
1046.000000 1.502961
1047.000000 1.499932
1048.000000 1.501675
1049.000000 1.501793
1050.000000 1.487776
1051.000000 1.481769
1052.000000 1.477809
1053.000000 1.483438
1054.000000 1.485565
1055.000000 1.504542
1056.000000 1.516788
1057.000000 1.525306
1058.000000 1.531383
1059.000000 1.536083
1060.000000 1.541201
1061.000000 1.535145
1062.000000 1.528257
1063.000000 1.520685
1064.000000 1.528564
1065.000000 1.517412
1066.000000 1.511609
1067.000000 1.506779
1068.000000 1.493943
1069.000000 1.487979
1070.000000 1.475637
1071.000000 1.466716
1072.000000 1.467507
1073.000000 1.464534
1074.000000 1.465879
1075.000000 1.475957
1076.000000 1.481933
1077.000000 1.491497
1078.000000 1.500332
1079.000000 1.505461
1080.000000 1.511892
1081.000000 1.516699
1082.000000 1.515734
1083.000000 1.513081
1084.000000 1.501432
1085.000000 1.496934
1086.000000 1.477613
1087.000000 1.470802
1088.000000 1.461268
1089.000000 1.457578
1090.000000 1.456773
1091.000000 1.465304
1092.000000 1.473296
1093.000000 1.483879
1094.000000 1.491813
1095.000000 1.496050
1096.000000 1.501632
1097.000000 1.515038
1098.000000 1.530580
1099.000000 1.537662
1100.000000 1.540405
1101.000000 1.540921
1102.000000 1.528304
1103.000000 1.513144
1104.000000 1.503734
1105.000000 1.495709
1106.000000 1.492849
1107.000000 1.481943
1108.000000 1.467240
1109.000000 1.464946
1110.000000 1.461849
1111.000000 1.462225
1112.000000 1.456252
1113.000000 1.455553
1114.000000 1.453205
1115.000000 1.467623
1116.000000 1.480555
1117.000000 1.489899
1118.000000 1.489310
1119.000000 1.497147
1120.000000 1.508157
1121.000000 1.525786
1122.000000 1.543004
1123.000000 1.540354
1124.000000 1.535105
1125.000000 1.537354
1126.000000 1.534432
1127.000000 1.539297
1128.000000 1.532352
1129.000000 1.524167
1130.000000 1.520073
1131.000000 1.517217
1132.000000 1.515545
1133.000000 1.508478
1134.000000 1.494820
1135.000000 1.484944
1136.000000 1.487816
1137.000000 1.490100
1138.000000 1.493469
1139.000000 1.489359
1140.000000 1.489391
1141.000000 1.486302
1142.000000 1.478810
1143.000000 1.481261
1144.000000 1.489313
1145.000000 1.485422
1146.000000 1.487307
1147.000000 1.478213
1148.000000 1.480686
1149.000000 1.482832
1150.000000 1.485920
1151.000000 1.490894
1152.000000 1.497015
1153.000000 1.506520
1154.000000 1.514400
1155.000000 1.506266
1156.000000 1.500566
1157.000000 1.493013
1158.000000 1.489428
1159.000000 1.494969
1160.000000 1.497043
1161.000000 1.501849
1162.000000 1.494706
1163.000000 1.498864
1164.000000 1.494849
1165.000000 1.498876
1166.000000 1.506351
1167.000000 1.509169
1168.000000 1.523676
1169.000000 1.529823
1170.000000 1.528893
1171.000000 1.524958
1172.000000 1.512578
1173.000000 1.502952
1174.000000 1.502442
1175.000000 1.492759
1176.000000 1.490684
1177.000000 1.479926
1178.000000 1.473989
1179.000000 1.469885
1180.000000 1.472000
1181.000000 1.475787
1182.000000 1.480283
1183.000000 1.473032
1184.000000 1.482514
1185.000000 1.480078
1186.000000 1.486215
1187.000000 1.501100
1188.000000 1.503212
1189.000000 1.511124
1190.000000 1.520551
1191.000000 1.531741
1192.000000 1.540469
1193.000000 1.548709
1194.000000 1.558433
1195.000000 1.558511
1196.000000 1.545150
1197.000000 1.532890
1198.000000 1.522673
1199.000000 1.521182
1200.000000 1.516303
1201.000000 1.521894
1202.000000 1.512425
1203.000000 1.511878
1204.000000 1.511388
1205.000000 1.539511
1206.000000 1.580847
1207.000000 1.646769
1208.000000 1.573568
1209.000000 1.452910
1210.000000 1.310255
1211.000000 1.186828
1212.000000 1.064656
1213.000000 0.957401
1214.000000 0.847396
1215.000000 0.771484
1216.000000 0.718866
1217.000000 0.674484
1218.000000 0.646490
1219.000000 0.621724
1220.000000 0.606485
1221.000000 0.592336
1222.000000 0.585685
1223.000000 0.574885
1224.000000 0.558030
1225.000000 0.555600
1226.000000 0.533973
1227.000000 0.525136
1228.000000 0.508069
1229.000000 0.495590
1230.000000 0.493536
1231.000000 0.495911
1232.000000 0.502064
1233.000000 0.508449
1234.000000 0.524122
1235.000000 0.536004
1236.000000 0.544919
1237.000000 0.549218
1238.000000 0.552123
1239.000000 0.551928
1240.000000 0.550366
1241.000000 0.554557
1242.000000 0.557371
1243.000000 0.535085
1244.000000 0.526315
1245.000000 0.511182
1246.000000 0.504753
1247.000000 0.502536
1248.000000 0.506075
1249.000000 0.508751
1250.000000 0.504456
1251.000000 0.508627
1252.000000 0.517622
1253.000000 0.530270
1254.000000 0.534924
1255.000000 0.537048
1256.000000 0.539274
1257.000000 0.543839
1258.000000 0.549445
1259.000000 0.555596
1260.000000 0.547451
1261.000000 0.546808
1262.000000 0.543753
1263.000000 0.542208
1264.000000 0.522694
1265.000000 0.513934
1266.000000 0.506384
1267.000000 0.498497
1268.000000 0.489879
1269.000000 0.483258
1270.000000 0.481206
1271.000000 0.475291
1272.000000 0.466259
1273.000000 0.471445
1274.000000 0.469541
1275.000000 0.467255
1276.000000 0.461210
1277.000000 0.460572
1278.000000 0.460572
1279.000000 0.471911
1280.000000 0.476317
1281.000000 0.477238
1282.000000 0.469668
1283.000000 0.468551
1284.000000 0.473685
1285.000000 0.481317
1286.000000 0.486002
1287.000000 0.487663
1288.000000 0.492420
1289.000000 0.498173
1290.000000 0.497389
1291.000000 0.495309
1292.000000 0.496887
1293.000000 0.494168
1294.000000 0.491575
1295.000000 0.489180
1296.000000 0.489757
1297.000000 0.494208
1298.000000 0.498571
1299.000000 0.510755
1300.000000 0.524011
1301.000000 0.539970
1302.000000 0.544426
1303.000000 0.556152
1304.000000 0.638516
1305.000000 0.733112
1306.000000 0.822727
1307.000000 0.901367
1308.000000 0.941317
1309.000000 0.959654
1310.000000 0.945445
1311.000000 0.894813
1312.000000 0.829463
1313.000000 0.759317
1314.000000 0.682143
1315.000000 0.622058
1316.000000 0.578158
1317.000000 0.540767
1318.000000 0.520230
1319.000000 0.511909
1320.000000 0.514120
1321.000000 0.529733
1322.000000 0.544582
1323.000000 0.554429
1324.000000 0.554458
1325.000000 0.550709
1326.000000 0.549210
1327.000000 0.548673
1328.000000 0.551230
1329.000000 0.545721
1330.000000 0.541616
1331.000000 0.542694
1332.000000 0.547076
1333.000000 0.551759
1334.000000 0.557595
1335.000000 0.555990
1336.000000 0.556819
1337.000000 0.554868
1338.000000 0.545318
1339.000000 0.535061
1340.000000 0.530688
1341.000000 0.514485
1342.000000 0.501299
1343.000000 0.492641
1344.000000 0.480757
1345.000000 0.472669
1346.000000 0.468620
1347.000000 0.463114
1348.000000 0.467349
1349.000000 0.472842
1350.000000 0.468182
1351.000000 0.476678
1352.000000 0.490868
1353.000000 0.505178
1354.000000 0.515258
1355.000000 0.539738
1356.000000 0.546577
1357.000000 0.553730
1358.000000 0.557056
1359.000000 0.559972
1360.000000 0.560767
1361.000000 0.558143
1362.000000 0.546331
1363.000000 0.536763
1364.000000 0.522511
1365.000000 0.516492
1366.000000 0.501048
1367.000000 0.488130
1368.000000 0.475292
1369.000000 0.465393
1370.000000 0.458923
1371.000000 0.455296
1372.000000 0.453611
1373.000000 0.463308
1374.000000 0.471550
1375.000000 0.485353
1376.000000 0.490740
1377.000000 0.497150
1378.000000 0.499981
1379.000000 0.506533
1380.000000 0.512288
1381.000000 0.516458
1382.000000 0.512253
1383.000000 0.498268
1384.000000 0.486384
1385.000000 0.484137
1386.000000 0.492093
1387.000000 0.487964
1388.000000 0.490518
1389.000000 0.502882
1390.000000 0.495562
1391.000000 0.497345
1392.000000 0.497905
1393.000000 0.488840
1394.000000 0.489066
1395.000000 0.488891
1396.000000 0.486961
1397.000000 0.484176
1398.000000 0.477851
1399.000000 0.472628
1400.000000 0.476391
1401.000000 0.478281
1402.000000 0.478892
1403.000000 0.476577
1404.000000 0.478698
1405.000000 0.489838
1406.000000 0.492761
1407.000000 0.489871
1408.000000 0.491073
1409.000000 0.492253
1410.000000 0.490507
1411.000000 0.480699
1412.000000 0.475591
1413.000000 0.474503
1414.000000 0.466746
1415.000000 0.466007
1416.000000 0.474806
1417.000000 0.483586
1418.000000 0.495447
1419.000000 0.509584
1420.000000 0.523839
1421.000000 0.537654
1422.000000 0.537416
1423.000000 0.542123
1424.000000 0.553087
1425.000000 0.559925
1426.000000 0.556198
1427.000000 0.555764
1428.000000 0.544701
1429.000000 0.545124
1430.000000 0.528780
1431.000000 0.519734
1432.000000 0.505440
1433.000000 0.498716
1434.000000 0.491742
1435.000000 0.485233
1436.000000 0.473257
1437.000000 0.466806
1438.000000 0.471726
1439.000000 0.478947
1440.000000 0.482543
1441.000000 0.484904
1442.000000 0.491335
1443.000000 0.500290
1444.000000 0.510461
1445.000000 0.513065
1446.000000 0.503510
1447.000000 0.506068
1448.000000 0.504057
1449.000000 0.507503
1450.000000 0.513603
1451.000000 0.517890
1452.000000 0.514986
1453.000000 0.509286
1454.000000 0.509426
1455.000000 0.510592
1456.000000 0.502955
1457.000000 0.491176
1458.000000 0.475862
1459.000000 0.452949
1460.000000 0.438669
1461.000000 0.420255
1462.000000 0.418047
1463.000000 0.416930
1464.000000 0.420621
1465.000000 0.419476
1466.000000 0.433604
1467.000000 0.455169
1468.000000 0.480579
1469.000000 0.492524
1470.000000 0.499809
1471.000000 0.511598
1472.000000 0.517047
1473.000000 0.525192
1474.000000 0.530797
1475.000000 0.525559
1476.000000 0.528207
1477.000000 0.527963
1478.000000 0.522615
1479.000000 0.523455
1480.000000 0.515753
1481.000000 0.512921
1482.000000 0.506330
1483.000000 0.507859
1484.000000 0.509939
1485.000000 0.503519
1486.000000 0.494710
1487.000000 0.495550
1488.000000 0.511480
1489.000000 0.519518
1490.000000 0.530357
1491.000000 0.547410
1492.000000 0.551928
1493.000000 0.554389
1494.000000 0.551920
1495.000000 0.551085
1496.000000 0.557283
1497.000000 0.557377
1498.000000 0.549672
1499.000000 0.539842
1500.000000 0.535071
1501.000000 0.533394
1502.000000 0.526043
1503.000000 0.515996
1504.000000 0.504364
1505.000000 0.496982
1506.000000 0.493702
1507.000000 0.499346
1508.000000 0.498650
1509.000000 0.496677
1510.000000 0.505733
1511.000000 0.501172
1512.000000 0.498922
1513.000000 0.487677
1514.000000 0.477487
1515.000000 0.463036
1516.000000 0.459629
1517.000000 0.447700
1518.000000 0.441141
1519.000000 0.433870
1520.000000 0.427137
1521.000000 0.438897
1522.000000 0.440416
1523.000000 0.445790
1524.000000 0.450050
1525.000000 0.459862
1526.000000 0.462215
1527.000000 0.466215
1528.000000 0.479844
1529.000000 0.483586
1530.000000 0.494487
1531.000000 0.499024
1532.000000 0.505261
1533.000000 0.511908
1534.000000 0.504015
1535.000000 0.502917
1536.000000 0.500392
1537.000000 0.491273
1538.000000 0.489559
1539.000000 0.494294
1540.000000 0.490993
1541.000000 0.497946
1542.000000 0.497998
1543.000000 0.493530
1544.000000 0.498192
1545.000000 0.504197
1546.000000 0.514201
1547.000000 0.518421
1548.000000 0.519108
1549.000000 0.525963
1550.000000 0.521722
1551.000000 0.514876
1552.000000 0.509632
1553.000000 0.503200
1554.000000 0.498823
1555.000000 0.489209
1556.000000 0.485039
1557.000000 0.490330
1558.000000 0.488288
1559.000000 0.481252
1560.000000 0.476816
1561.000000 0.477175
1562.000000 0.480101
1563.000000 0.489373
1564.000000 0.497240
1565.000000 0.505790
1566.000000 0.517663
1567.000000 0.524564
1568.000000 0.524241
1569.000000 0.520296
1570.000000 0.518169
1571.000000 0.516812
1572.000000 0.517381
1573.000000 0.511906
1574.000000 0.503873
1575.000000 0.496497
1576.000000 0.494996
1577.000000 0.495663
1578.000000 0.501446
1579.000000 0.500965
1580.000000 0.494398
1581.000000 0.494094
1582.000000 0.488570
1583.000000 0.490023
1584.000000 0.493599
1585.000000 0.490686
1586.000000 0.490560
1587.000000 0.491642
1588.000000 0.490936
1589.000000 0.493879
1590.000000 0.496106
1591.000000 0.497242
1592.000000 0.503630
1593.000000 0.504047
1594.000000 0.510217
1595.000000 0.512139
1596.000000 0.514012
1597.000000 0.515161
1598.000000 0.517061
1599.000000 0.527989
1600.000000 0.528557
