1.000000 0.000000
2.000000 0.000000
3.000000 0.000000
4.000000 0.000000
5.000000 0.000000
6.000000 0.000000
7.000000 0.000000
8.000000 0.000000
9.000000 0.000000
10.000000 0.000000
11.000000 0.000000
12.000000 0.000000
13.000000 0.000000
14.000000 0.000000
15.000000 0.499885
16.000000 0.121162
17.000000 0.128373
18.000000 0.135583
19.000000 0.111249
20.000000 0.116915
21.000000 0.135697
22.000000 0.142203
23.000000 0.145002
24.000000 0.150523
25.000000 0.154638
26.000000 0.160611
27.000000 0.163378
28.000000 0.167541
29.000000 0.171319
30.000000 0.175148
31.000000 0.178809
32.000000 0.182574
33.000000 0.186145
34.000000 0.189623
35.000000 0.193016
36.000000 0.196326
37.000000 0.199556
38.000000 0.202697
39.000000 0.205766
40.000000 0.208756
41.000000 0.211675
42.000000 0.214521
43.000000 0.217299
44.000000 0.220008
45.000000 0.222652
46.000000 0.225232
47.000000 0.227751
48.000000 0.230210
49.000000 0.232610
50.000000 0.234955
51.000000 0.237245
52.000000 0.239483
53.000000 0.241669
54.000000 0.243807
55.000000 0.245897
56.000000 0.247941
57.000000 0.249941
58.000000 0.251898
59.000000 0.253814
60.000000 0.255690
61.000000 0.257528
62.000000 0.259329
63.000000 0.261094
64.000000 0.262825
65.000000 0.264523
66.000000 0.266190
67.000000 0.267826
68.000000 0.269433
69.000000 0.271012
70.000000 0.272564
71.000000 0.274091
72.000000 0.275593
73.000000 0.277071
74.000000 0.278527
75.000000 0.279962
76.000000 0.281376
77.000000 0.282770
78.000000 0.284146
79.000000 0.285504
80.000000 0.286845
81.000000 0.288170
82.000000 0.289479
83.000000 0.290775
84.000000 0.292056
85.000000 0.293325
86.000000 0.294582
87.000000 0.295827
88.000000 0.297061
89.000000 0.298285
90.000000 0.299500
91.000000 0.300706
92.000000 0.301904
93.000000 0.303094
94.000000 0.304277
95.000000 0.305454
96.000000 0.306624
97.000000 0.307790
98.000000 0.308950
99.000000 0.310106
100.000000 0.311258
101.000000 0.312406
102.000000 0.313551
103.000000 0.314694
104.000000 0.315835
105.000000 0.316973
106.000000 0.318111
107.000000 0.319247
108.000000 0.320383
109.000000 0.321519
110.000000 0.322654
111.000000 0.323790
112.000000 0.324927
113.000000 0.326065
114.000000 0.327205
115.000000 0.328346
116.000000 0.329489
117.000000 0.330634
118.000000 0.331783
119.000000 0.332933
120.000000 0.334087
121.000000 0.335245
122.000000 0.336406
123.000000 0.337571
124.000000 0.338740
125.000000 0.339913
126.000000 0.341091
127.000000 0.342273
128.000000 0.343461
129.000000 0.344654
130.000000 0.345852
131.000000 0.347055
132.000000 0.348265
133.000000 0.349480
134.000000 0.350702
135.000000 0.351930
136.000000 0.353164
137.000000 0.354406
138.000000 0.355654
139.000000 0.356909
140.000000 0.358171
141.000000 0.359440
142.000000 0.360717
143.000000 0.362002
144.000000 0.363294
145.000000 0.364595
146.000000 0.365903
147.000000 0.367220
148.000000 0.368544
149.000000 0.369878
150.000000 0.371220
151.000000 0.372571
152.000000 0.373930
153.000000 0.375299
154.000000 0.376677
155.000000 0.378064
156.000000 0.379460
157.000000 0.380866
158.000000 0.382282
159.000000 0.383707
160.000000 0.385142
161.000000 0.386588
162.000000 0.388043
163.000000 0.389508
164.000000 0.390984
165.000000 0.392470
166.000000 0.393967
167.000000 0.395475
168.000000 0.396993
169.000000 0.398522
170.000000 0.400062
171.000000 0.401614
172.000000 0.403176
173.000000 0.404750
174.000000 0.406335
175.000000 0.407932
176.000000 0.409541
177.000000 0.411161
178.000000 0.412793
179.000000 0.414437
180.000000 0.416093
181.000000 0.417762
182.000000 0.419442
183.000000 0.421135
184.000000 0.422841
185.000000 0.424559
186.000000 0.426290
187.000000 0.428034
188.000000 0.429791
189.000000 0.431561
190.000000 0.433344
191.000000 0.435140
192.000000 0.436950
193.000000 0.438773
194.000000 0.440610
195.000000 0.442460
196.000000 0.444325
197.000000 0.446203
198.000000 0.448095
199.000000 0.450002
200.000000 0.451923
201.000000 0.453858
202.000000 0.455808
203.000000 0.457772
204.000000 0.459751
205.000000 0.461745
206.000000 0.463754
207.000000 0.465778
208.000000 0.467817
209.000000 0.469872
210.000000 0.471942
211.000000 0.474027
212.000000 0.476128
213.000000 0.478246
214.000000 0.480379
215.000000 0.482528
216.000000 0.484693
217.000000 0.486874
218.000000 0.489072
219.000000 0.491287
220.000000 0.493518
221.000000 0.495766
222.000000 0.498031
223.000000 0.500313
224.000000 0.502612
225.000000 0.504928
226.000000 0.507262
227.000000 0.509614
228.000000 0.511983
229.000000 0.514370
230.000000 0.516775
231.000000 0.519198
232.000000 0.521640
233.000000 0.524100
234.000000 0.526578
235.000000 0.529075
236.000000 0.531591
237.000000 0.534126
238.000000 0.536680
239.000000 0.539253
240.000000 0.541846
241.000000 0.544458
242.000000 0.547090
243.000000 0.549742
244.000000 0.552413
245.000000 0.555105
246.000000 0.557817
247.000000 0.560550
248.000000 0.563303
249.000000 0.566077
250.000000 0.568872
251.000000 0.571688
252.000000 0.574525
253.000000 0.577384
254.000000 0.580264
255.000000 0.583166
256.000000 0.586090
257.000000 0.589036
258.000000 0.592004
259.000000 0.594994
260.000000 0.598007
261.000000 0.601043
262.000000 0.604101
263.000000 0.607183
264.000000 0.610288
265.000000 0.613416
266.000000 0.616568
267.000000 0.619743
268.000000 0.622943
269.000000 0.626167
270.000000 0.629415
271.000000 0.632687
272.000000 0.635984
273.000000 0.639306
274.000000 0.642653
275.000000 0.646026
276.000000 0.649423
277.000000 0.652847
278.000000 0.656296
279.000000 0.659771
280.000000 0.663272
281.000000 0.666800
282.000000 0.670355
283.000000 0.673936
284.000000 0.677544
285.000000 0.681179
286.000000 0.684842
287.000000 0.688532
288.000000 0.692251
289.000000 0.695997
290.000000 0.699771
291.000000 0.703574
292.000000 0.707406
293.000000 0.711266
294.000000 0.715156
295.000000 0.719075
296.000000 0.723023
297.000000 0.727001
298.000000 0.731010
299.000000 0.735048
300.000000 0.739117
301.000000 0.743217
302.000000 0.747347
303.000000 0.751509
304.000000 0.755702
305.000000 0.759926
306.000000 0.764183
307.000000 0.768471
308.000000 0.772792
309.000000 0.777145
310.000000 0.781532
311.000000 0.785951
312.000000 0.790404
313.000000 0.794890
314.000000 0.799410
315.000000 0.803964
316.000000 0.808552
317.000000 0.813175
318.000000 0.817833
319.000000 0.822526
320.000000 0.827254
321.000000 0.832018
322.000000 0.836818
323.000000 0.841654
324.000000 0.846527
325.000000 0.851436
326.000000 0.856383
327.000000 0.861366
328.000000 0.866387
329.000000 0.871446
330.000000 0.876543
331.000000 0.881679
332.000000 0.886853
333.000000 0.892067
334.000000 0.897319
335.000000 0.902611
336.000000 0.907943
337.000000 0.913316
338.000000 0.918728
339.000000 0.924182
340.000000 0.929677
341.000000 0.935213
342.000000 0.940790
343.000000 0.946410
344.000000 0.952073
345.000000 0.957777
346.000000 0.963525
347.000000 0.969317
348.000000 0.975152
349.000000 0.981030
350.000000 0.986954
351.000000 0.992922
352.000000 0.998934
353.000000 1.004993
354.000000 1.011096
355.000000 1.017246
356.000000 1.023442
357.000000 1.029685
358.000000 1.035975
359.000000 1.042313
360.000000 1.048698
361.000000 1.055131
362.000000 1.061613
363.000000 1.068144
364.000000 1.074724
365.000000 1.081353
366.000000 1.088032
367.000000 1.094762
368.000000 1.101543
369.000000 1.108374
370.000000 1.115258
371.000000 1.122193
372.000000 1.129180
373.000000 1.136220
374.000000 1.143313
375.000000 1.150460
376.000000 1.157660
377.000000 1.164915
378.000000 1.172224
379.000000 1.179588
380.000000 1.187008
381.000000 1.194484
382.000000 1.202017
383.000000 1.209606
384.000000 1.217252
385.000000 1.224956
386.000000 1.232718
387.000000 1.240538
388.000000 1.248418
389.000000 1.256357
390.000000 1.264355
391.000000 1.272414
392.000000 1.280534
393.000000 1.288715
394.000000 1.296957
395.000000 1.305262
396.000000 1.313629
397.000000 1.322060
398.000000 1.330554
399.000000 1.339112
400.000000 1.347734
401.000000 1.106479
402.000000 1.304594
403.000000 1.309807
404.000000 1.315088
405.000000 1.257344
406.000000 1.314758
407.000000 1.310373
408.000000 1.317483
409.000000 1.317385
410.000000 1.322937
411.000000 1.323452
412.000000 1.325560
413.000000 1.328651
414.000000 1.331300
415.000000 1.333686
416.000000 1.335796
417.000000 1.338267
418.000000 1.340390
419.000000 1.342519
420.000000 1.344516
421.000000 1.346485
422.000000 1.348337
423.000000 1.350136
424.000000 1.351862
425.000000 1.353521
426.000000 1.355109
427.000000 1.356630
428.000000 1.358087
429.000000 1.359478
430.000000 1.360807
431.000000 1.362075
432.000000 1.363284
433.000000 1.364433
434.000000 1.365526
435.000000 1.366563
436.000000 1.367546
437.000000 1.368476
438.000000 1.369354
439.000000 1.370182
440.000000 1.370961
441.000000 1.371692
442.000000 1.372377
443.000000 1.373016
444.000000 1.373611
445.000000 1.374163
446.000000 1.374674
447.000000 1.375144
448.000000 1.375574
449.000000 1.375965
450.000000 1.376319
451.000000 1.376637
452.000000 1.376919
453.000000 1.377166
454.000000 1.377380
455.000000 1.377562
456.000000 1.377711
457.000000 1.377830
458.000000 1.377918
459.000000 1.377978
460.000000 1.378008
461.000000 1.378012
462.000000 1.377988
463.000000 1.377938
464.000000 1.377862
465.000000 1.377762
466.000000 1.377638
467.000000 1.377490
468.000000 1.377319
469.000000 1.377126
470.000000 1.376912
471.000000 1.376676
472.000000 1.376420
473.000000 1.376143
474.000000 1.375848
475.000000 1.375533
476.000000 1.375199
477.000000 1.374848
478.000000 1.374479
479.000000 1.374092
480.000000 1.373689
481.000000 1.373269
482.000000 1.372834
483.000000 1.372383
484.000000 1.371916
485.000000 1.371434
486.000000 1.370938
487.000000 1.370428
488.000000 1.369903
489.000000 1.369365
490.000000 1.368813
491.000000 1.368248
492.000000 1.367671
493.000000 1.367080
494.000000 1.366477
495.000000 1.365862
496.000000 1.365235
497.000000 1.364596
498.000000 1.363945
499.000000 1.363283
500.000000 1.362610
501.000000 1.361926
502.000000 1.361231
503.000000 1.360525
504.000000 1.359808
505.000000 1.359081
506.000000 1.358344
507.000000 1.357596
508.000000 1.356838
509.000000 1.356071
510.000000 1.355293
511.000000 1.354506
512.000000 1.353709
513.000000 1.352902
514.000000 1.352086
515.000000 1.351260
516.000000 1.350425
517.000000 1.349581
518.000000 1.348727
519.000000 1.347865
520.000000 1.346993
521.000000 1.346112
522.000000 1.345222
523.000000 1.344322
524.000000 1.343414
525.000000 1.342497
526.000000 1.341571
527.000000 1.340637
528.000000 1.339693
529.000000 1.338740
530.000000 1.337779
531.000000 1.336809
532.000000 1.335829
533.000000 1.334841
534.000000 1.333845
535.000000 1.332839
536.000000 1.331825
537.000000 1.330801
538.000000 1.329769
539.000000 1.328728
540.000000 1.327678
541.000000 1.326619
542.000000 1.325551
543.000000 1.324475
544.000000 1.323389
545.000000 1.322294
546.000000 1.321190
547.000000 1.320078
548.000000 1.318956
549.000000 1.317825
550.000000 1.316685
551.000000 1.315535
552.000000 1.314377
553.000000 1.313209
554.000000 1.312032
555.000000 1.310845
556.000000 1.309649
557.000000 1.308444
558.000000 1.307229
559.000000 1.306004
560.000000 1.304770
561.000000 1.303526
562.000000 1.302273
563.000000 1.301010
564.000000 1.299737
565.000000 1.298454
566.000000 1.297161
567.000000 1.295858
568.000000 1.294545
569.000000 1.293222
570.000000 1.291889
571.000000 1.290545
572.000000 1.289191
573.000000 1.287827
574.000000 1.286452
575.000000 1.285067
576.000000 1.283671
577.000000 1.282265
578.000000 1.280848
579.000000 1.279420
580.000000 1.277981
581.000000 1.276531
582.000000 1.275070
583.000000 1.273598
584.000000 1.272115
585.000000 1.270620
586.000000 1.269115
587.000000 1.267597
588.000000 1.266069
589.000000 1.264528
590.000000 1.262976
591.000000 1.261413
592.000000 1.259837
593.000000 1.258250
594.000000 1.256650
595.000000 1.255039
596.000000 1.253415
597.000000 1.251779
598.000000 1.250130
599.000000 1.248469
600.000000 1.246796
601.000000 1.245110
602.000000 1.243411
603.000000 1.241699
604.000000 1.239975
605.000000 1.238237
606.000000 1.236486
607.000000 1.234723
608.000000 1.232945
609.000000 1.231155
610.000000 1.229351
611.000000 1.227533
612.000000 1.225701
613.000000 1.223856
614.000000 1.221997
615.000000 1.220124
616.000000 1.218236
617.000000 1.216335
618.000000 1.214419
619.000000 1.212489
620.000000 1.210544
621.000000 1.208584
622.000000 1.206610
623.000000 1.204621
624.000000 1.202617
625.000000 1.200597
626.000000 1.198563
627.000000 1.196513
628.000000 1.194448
629.000000 1.192367
630.000000 1.190270
631.000000 1.188158
632.000000 1.186030
633.000000 1.183885
634.000000 1.181725
635.000000 1.179548
636.000000 1.177355
637.000000 1.175145
638.000000 1.172919
639.000000 1.170676
640.000000 1.168416
641.000000 1.166139
642.000000 1.163844
643.000000 1.161533
644.000000 1.159204
645.000000 1.156858
646.000000 1.154493
647.000000 1.152112
648.000000 1.149712
649.000000 1.147294
650.000000 1.144857
651.000000 1.142403
652.000000 1.139930
653.000000 1.137438
654.000000 1.134928
655.000000 1.132398
656.000000 1.129850
657.000000 1.127282
658.000000 1.124695
659.000000 1.122088
660.000000 1.119462
661.000000 1.116816
662.000000 1.114150
663.000000 1.111464
664.000000 1.108758
665.000000 1.106031
666.000000 1.103284
667.000000 1.100516
668.000000 1.097728
669.000000 1.094918
670.000000 1.092087
671.000000 1.089235
672.000000 1.086361
673.000000 1.083465
674.000000 1.080548
675.000000 1.077609
676.000000 1.074648
677.000000 1.071664
678.000000 1.068658
679.000000 1.065629
680.000000 1.062577
681.000000 1.059502
682.000000 1.056404
683.000000 1.053283
684.000000 1.050138
685.000000 1.046970
686.000000 1.043778
687.000000 1.040561
688.000000 1.037321
689.000000 1.034056
690.000000 1.030766
691.000000 1.027451
692.000000 1.024112
693.000000 1.020747
694.000000 1.017357
695.000000 1.013942
696.000000 1.010500
697.000000 1.007033
698.000000 1.003540
699.000000 1.000020
700.000000 0.996474
701.000000 0.992901
702.000000 0.989301
703.000000 0.985674
704.000000 0.982020
705.000000 0.978338
706.000000 0.974628
707.000000 0.970891
708.000000 0.967125
709.000000 0.963331
710.000000 0.959508
711.000000 0.955656
712.000000 0.951775
713.000000 0.947866
714.000000 0.943926
715.000000 0.939957
716.000000 0.935958
717.000000 0.931929
718.000000 0.927870
719.000000 0.923780
720.000000 0.919659
721.000000 0.915507
722.000000 0.911323
723.000000 0.907109
724.000000 0.902862
725.000000 0.898583
726.000000 0.894273
727.000000 0.889929
728.000000 0.885553
729.000000 0.881144
730.000000 0.876702
731.000000 0.872226
732.000000 0.867716
733.000000 0.863173
734.000000 0.858595
735.000000 0.853983
736.000000 0.849336
737.000000 0.844654
738.000000 0.839936
739.000000 0.835183
740.000000 0.830395
741.000000 0.825570
742.000000 0.820709
743.000000 0.815811
744.000000 0.810876
745.000000 0.805904
746.000000 0.800894
747.000000 0.795847
748.000000 0.790762
749.000000 0.785638
750.000000 0.780476
751.000000 0.775275
752.000000 0.770035
753.000000 0.764755
754.000000 0.759435
755.000000 0.754075
756.000000 0.748675
757.000000 0.743234
758.000000 0.737752
759.000000 0.732229
760.000000 0.726664
761.000000 0.721058
762.000000 0.715408
763.000000 0.709717
764.000000 0.703982
765.000000 0.698205
766.000000 0.692383
767.000000 0.686518
768.000000 0.680609
769.000000 0.674655
770.000000 0.668656
771.000000 0.662612
772.000000 0.656522
773.000000 0.650387
774.000000 0.644205
775.000000 0.637976
776.000000 0.631701
777.000000 0.625378
778.000000 0.619008
779.000000 0.612590
780.000000 0.606123
781.000000 0.599608
782.000000 0.593043
783.000000 0.586429
784.000000 0.579765
785.000000 0.573051
786.000000 0.566286
787.000000 0.559470
788.000000 0.552603
789.000000 0.545684
790.000000 0.538713
791.000000 0.531690
792.000000 0.524613
793.000000 0.517483
794.000000 0.510300
795.000000 0.503062
796.000000 0.495770
797.000000 0.488422
798.000000 0.481020
799.000000 0.473561
800.000000 0.466046
801.000000 0.708417
802.000000 0.511428
803.000000 0.507347
804.000000 0.503208
805.000000 0.546329
806.000000 0.500320
807.000000 0.505056
808.000000 0.499364
809.000000 0.499062
810.000000 0.494508
811.000000 0.493837
812.000000 0.492074
813.000000 0.489197
814.000000 0.486809
815.000000 0.484588
816.000000 0.482587
817.000000 0.480276
818.000000 0.478248
819.000000 0.476191
820.000000 0.474224
821.000000 0.472267
822.000000 0.470388
823.000000 0.468539
824.000000 0.466734
825.000000 0.464969
826.000000 0.463249
827.000000 0.461568
828.000000 0.459926
829.000000 0.458324
830.000000 0.456759
831.000000 0.455231
832.000000 0.453738
833.000000 0.452280
834.000000 0.450855
835.000000 0.449464
836.000000 0.448104
837.000000 0.446775
838.000000 0.445475
839.000000 0.444205
840.000000 0.442963
841.000000 0.441748
842.000000 0.440559
843.000000 0.439396
844.000000 0.438257
845.000000 0.437142
846.000000 0.436050
847.000000 0.434981
848.000000 0.433932
849.000000 0.432905
850.000000 0.431897
851.000000 0.430908
852.000000 0.429937
853.000000 0.428985
854.000000 0.428049
855.000000 0.427130
856.000000 0.426227
857.000000 0.425338
858.000000 0.424464
859.000000 0.423604
860.000000 0.422757
861.000000 0.421923
862.000000 0.421101
863.000000 0.420290
864.000000 0.419491
865.000000 0.418702
866.000000 0.417923
867.000000 0.417154
868.000000 0.416394
869.000000 0.415642
870.000000 0.414899
871.000000 0.414163
872.000000 0.413435
873.000000 0.412714
874.000000 0.411999
875.000000 0.411290
876.000000 0.410587
877.000000 0.409889
878.000000 0.409196
879.000000 0.408508
880.000000 0.407824
881.000000 0.407144
882.000000 0.406468
883.000000 0.405795
884.000000 0.405126
885.000000 0.404459
886.000000 0.403795
887.000000 0.403133
888.000000 0.402472
889.000000 0.401814
890.000000 0.401157
891.000000 0.400501
892.000000 0.399847
893.000000 0.399193
894.000000 0.398539
895.000000 0.397886
896.000000 0.397233
897.000000 0.396580
898.000000 0.395927
899.000000 0.395273
900.000000 0.394619
901.000000 0.393964
902.000000 0.393308
903.000000 0.392650
904.000000 0.391992
905.000000 0.391331
906.000000 0.390670
907.000000 0.390006
908.000000 0.389341
909.000000 0.388673
910.000000 0.388003
911.000000 0.387331
912.000000 0.386656
913.000000 0.385979
914.000000 0.385299
915.000000 0.384616
916.000000 0.383930
917.000000 0.383241
918.000000 0.382548
919.000000 0.381853
920.000000 0.381154
921.000000 0.380451
922.000000 0.379745
923.000000 0.379035
924.000000 0.378321
925.000000 0.377604
926.000000 0.376882
927.000000 0.376156
928.000000 0.375426
929.000000 0.374692
930.000000 0.373953
931.000000 0.373210
932.000000 0.372462
933.000000 0.371710
934.000000 0.370953
935.000000 0.370191
936.000000 0.369424
937.000000 0.368652
938.000000 0.367875
939.000000 0.367093
940.000000 0.366306
941.000000 0.365514
942.000000 0.364716
943.000000 0.363913
944.000000 0.363105
945.000000 0.362291
946.000000 0.361471
947.000000 0.360646
948.000000 0.359815
949.000000 0.358978
950.000000 0.358135
951.000000 0.357286
952.000000 0.356432
953.000000 0.355571
954.000000 0.354704
955.000000 0.353831
956.000000 0.352952
957.000000 0.352066
958.000000 0.351174
959.000000 0.350275
960.000000 0.349370
961.000000 0.348459
962.000000 0.347540
963.000000 0.346615
964.000000 0.345684
965.000000 0.344745
966.000000 0.343800
967.000000 0.342847
968.000000 0.341888
969.000000 0.340921
970.000000 0.339948
971.000000 0.338967
972.000000 0.337979
973.000000 0.336984
974.000000 0.335981
975.000000 0.334971
976.000000 0.333953
977.000000 0.332928
978.000000 0.331895
979.000000 0.330854
980.000000 0.329806
981.000000 0.328749
982.000000 0.327685
983.000000 0.326613
984.000000 0.325533
985.000000 0.324445
986.000000 0.323348
987.000000 0.322244
988.000000 0.321131
989.000000 0.320010
990.000000 0.318880
991.000000 0.317742
992.000000 0.316596
993.000000 0.315440
994.000000 0.314277
995.000000 0.313104
996.000000 0.311923
997.000000 0.310732
998.000000 0.309533
999.000000 0.308325
1000.000000 0.307107
1001.000000 0.305881
1002.000000 0.304645
1003.000000 0.303400
1004.000000 0.302145
1005.000000 0.300882
1006.000000 0.299608
1007.000000 0.298325
1008.000000 0.297032
1009.000000 0.295730
1010.000000 0.294418
1011.000000 0.293096
1012.000000 0.291764
1013.000000 0.290422
1014.000000 0.289069
1015.000000 0.287707
1016.000000 0.286334
1017.000000 0.284951
1018.000000 0.283558
1019.000000 0.282154
1020.000000 0.280740
1021.000000 0.279314
1022.000000 0.277878
1023.000000 0.276432
1024.000000 0.274974
1025.000000 0.273505
1026.000000 0.272026
1027.000000 0.270535
1028.000000 0.269033
1029.000000 0.267519
1030.000000 0.265994
1031.000000 0.264458
1032.000000 0.262910
1033.000000 0.261351
1034.000000 0.259779
1035.000000 0.258196
1036.000000 0.256601
1037.000000 0.254994
1038.000000 0.253374
1039.000000 0.251743
1040.000000 0.250099
1041.000000 0.248443
1042.000000 0.246774
1043.000000 0.245093
1044.000000 0.243399
1045.000000 0.241692
1046.000000 0.239973
1047.000000 0.238240
1048.000000 0.236495
1049.000000 0.234736
1050.000000 0.232964
1051.000000 0.231178
1052.000000 0.229380
1053.000000 0.227567
1054.000000 0.225741
1055.000000 0.223901
1056.000000 0.222047
1057.000000 0.220180
1058.000000 0.218298
1059.000000 0.216402
1060.000000 0.214492
1061.000000 0.212567
1062.000000 0.210628
1063.000000 0.208674
1064.000000 0.206705
1065.000000 0.204722
1066.000000 0.202724
1067.000000 0.200710
1068.000000 0.198682
1069.000000 0.196638
1070.000000 0.194579
1071.000000 0.192504
1072.000000 0.190413
1073.000000 0.188307
1074.000000 0.186185
1075.000000 0.184047
1076.000000 0.181893
1077.000000 0.179722
1078.000000 0.177535
1079.000000 0.175332
1080.000000 0.173112
1081.000000 0.170876
1082.000000 0.168622
1083.000000 0.166352
1084.000000 0.164064
1085.000000 0.161759
1086.000000 0.159437
1087.000000 0.157097
1088.000000 0.154740
1089.000000 0.152365
1090.000000 0.149971
1091.000000 0.147560
1092.000000 0.145131
1093.000000 0.142684
1094.000000 0.140217
1095.000000 0.137733
1096.000000 0.135229
1097.000000 0.132707
1098.000000 0.130166
1099.000000 0.127606
1100.000000 0.125026
1101.000000 0.122427
1102.000000 0.119808
1103.000000 0.117169
1104.000000 0.114511
1105.000000 0.111833
1106.000000 0.109134
1107.000000 0.106415
1108.000000 0.103676
1109.000000 0.100915
1110.000000 0.098135
1111.000000 0.095333
1112.000000 0.092510
1113.000000 0.089665
1114.000000 0.086800
1115.000000 0.083912
1116.000000 0.081003
1117.000000 0.078072
1118.000000 0.075119
1119.000000 0.072144
1120.000000 0.069146
1121.000000 0.066125
1122.000000 0.063082
1123.000000 0.060016
1124.000000 0.056927
1125.000000 0.053814
1126.000000 0.050678
1127.000000 0.047519
1128.000000 0.044335
1129.000000 0.041128
1130.000000 0.037896
1131.000000 0.034640
1132.000000 0.031360
1133.000000 0.028055
1134.000000 0.024724
1135.000000 0.021369
1136.000000 0.017989
1137.000000 0.014583
1138.000000 0.011151
1139.000000 0.007693
1140.000000 0.004210
1141.000000 0.000700
1142.000000 -0.002837
1143.000000 -0.006400
1144.000000 -0.009990
1145.000000 -0.013607
1146.000000 -0.017251
1147.000000 -0.020923
1148.000000 -0.024622
1149.000000 -0.028349
1150.000000 -0.032104
1151.000000 -0.035888
1152.000000 -0.039700
1153.000000 -0.043541
1154.000000 -0.047411
1155.000000 -0.051310
1156.000000 -0.055239
1157.000000 -0.059197
1158.000000 -0.063185
1159.000000 -0.067202
1160.000000 -0.071251
1161.000000 -0.075329
1162.000000 -0.079439
1163.000000 -0.083579
1164.000000 -0.087751
1165.000000 -0.091954
1166.000000 -0.096189
1167.000000 -0.100456
1168.000000 -0.104755
1169.000000 -0.109086
1170.000000 -0.113450
1171.000000 -0.117847
1172.000000 -0.122277
1173.000000 -0.126740
1174.000000 -0.131237
1175.000000 -0.135768
1176.000000 -0.140333
1177.000000 -0.144933
1178.000000 -0.149567
1179.000000 -0.154236
1180.000000 -0.158940
1181.000000 -0.163680
1182.000000 -0.168456
1183.000000 -0.173267
1184.000000 -0.178115
1185.000000 -0.182999
1186.000000 -0.187920
1187.000000 -0.192879
1188.000000 -0.197874
1189.000000 -0.202908
1190.000000 -0.207979
1191.000000 -0.213088
1192.000000 -0.218236
1193.000000 -0.223423
1194.000000 -0.228649
1195.000000 -0.233914
1196.000000 -0.239219
1197.000000 -0.244564
1198.000000 -0.249949
1199.000000 -0.255375
1200.000000 -0.260842
1201.000000 -0.016407
1202.000000 -0.211318
1203.000000 -0.213304
1204.000000 -0.215332
1205.000000 -0.185858
1206.000000 -0.219479
1207.000000 -0.213401
1208.000000 -0.216677
1209.000000 -0.216372
1210.000000 -0.218915
1211.000000 -0.218720
1212.000000 -0.219111
1213.000000 -0.220735
1214.000000 -0.221818
1215.000000 -0.222822
1216.000000 -0.223653
1217.000000 -0.224736
1218.000000 -0.225593
1219.000000 -0.226494
1220.000000 -0.227337
1221.000000 -0.228183
1222.000000 -0.228979
1223.000000 -0.229761
1224.000000 -0.230519
1225.000000 -0.231255
1226.000000 -0.231965
1227.000000 -0.232654
1228.000000 -0.233320
1229.000000 -0.233964
1230.000000 -0.234587
1231.000000 -0.235189
1232.000000 -0.235771
1233.000000 -0.236333
1234.000000 -0.236875
1235.000000 -0.237399
1236.000000 -0.237904
1237.000000 -0.238391
1238.000000 -0.238860
1239.000000 -0.239313
1240.000000 -0.239748
1241.000000 -0.240168
1242.000000 -0.240572
1243.000000 -0.240960
1244.000000 -0.241334
1245.000000 -0.241693
1246.000000 -0.242039
1247.000000 -0.242370
1248.000000 -0.242689
1249.000000 -0.242994
1250.000000 -0.243287
1251.000000 -0.243568
1252.000000 -0.243837
1253.000000 -0.244095
1254.000000 -0.244342
1255.000000 -0.244578
1256.000000 -0.244804
1257.000000 -0.245020
1258.000000 -0.245226
1259.000000 -0.245422
1260.000000 -0.245610
1261.000000 -0.245788
1262.000000 -0.245958
1263.000000 -0.246120
1264.000000 -0.246274
1265.000000 -0.246420
1266.000000 -0.246558
1267.000000 -0.246690
1268.000000 -0.246814
1269.000000 -0.246931
1270.000000 -0.247042
1271.000000 -0.247147
1272.000000 -0.247245
1273.000000 -0.247338
1274.000000 -0.247424
1275.000000 -0.247506
1276.000000 -0.247582
1277.000000 -0.247652
1278.000000 -0.247718
1279.000000 -0.247779
1280.000000 -0.247835
1281.000000 -0.247887
1282.000000 -0.247934
1283.000000 -0.247977
1284.000000 -0.248016
1285.000000 -0.248051
1286.000000 -0.248082
1287.000000 -0.248110
1288.000000 -0.248134
1289.000000 -0.248155
1290.000000 -0.248172
1291.000000 -0.248186
1292.000000 -0.248197
1293.000000 -0.248205
1294.000000 -0.248210
1295.000000 -0.248212
1296.000000 -0.248212
1297.000000 -0.248208
1298.000000 -0.248203
1299.000000 -0.248195
1300.000000 -0.248184
1301.000000 -0.248172
1302.000000 -0.248157
1303.000000 -0.248139
1304.000000 -0.248120
1305.000000 -0.248099
1306.000000 -0.248076
1307.000000 -0.248050
1308.000000 -0.248023
1309.000000 -0.247995
1310.000000 -0.247964
1311.000000 -0.247932
1312.000000 -0.247898
1313.000000 -0.247863
1314.000000 -0.247826
1315.000000 -0.247787
1316.000000 -0.247747
1317.000000 -0.247706
1318.000000 -0.247663
1319.000000 -0.247619
1320.000000 -0.247574
1321.000000 -0.247527
1322.000000 -0.247479
1323.000000 -0.247430
1324.000000 -0.247379
1325.000000 -0.247328
1326.000000 -0.247275
1327.000000 -0.247221
1328.000000 -0.247167
1329.000000 -0.247111
1330.000000 -0.247054
1331.000000 -0.246996
1332.000000 -0.246937
1333.000000 -0.246877
1334.000000 -0.246816
1335.000000 -0.246754
1336.000000 -0.246691
1337.000000 -0.246627
1338.000000 -0.246562
1339.000000 -0.246497
1340.000000 -0.246430
1341.000000 -0.246363
1342.000000 -0.246295
1343.000000 -0.246226
1344.000000 -0.246156
1345.000000 -0.246085
1346.000000 -0.246014
1347.000000 -0.245941
1348.000000 -0.245868
1349.000000 -0.245794
1350.000000 -0.245719
1351.000000 -0.245644
1352.000000 -0.245567
1353.000000 -0.245490
1354.000000 -0.245413
1355.000000 -0.245334
1356.000000 -0.245254
1357.000000 -0.245174
1358.000000 -0.245093
1359.000000 -0.245012
1360.000000 -0.244929
1361.000000 -0.244846
1362.000000 -0.244762
1363.000000 -0.244677
1364.000000 -0.244592
1365.000000 -0.244506
1366.000000 -0.244419
1367.000000 -0.244331
1368.000000 -0.244242
1369.000000 -0.244153
1370.000000 -0.244063
1371.000000 -0.243972
1372.000000 -0.243881
1373.000000 -0.243789
1374.000000 -0.243696
1375.000000 -0.243602
1376.000000 -0.243507
1377.000000 -0.243412
1378.000000 -0.243316
1379.000000 -0.243219
1380.000000 -0.243122
1381.000000 -0.243023
1382.000000 -0.242924
1383.000000 -0.242824
1384.000000 -0.242723
1385.000000 -0.242622
1386.000000 -0.242519
1387.000000 -0.242416
1388.000000 -0.242312
1389.000000 -0.242208
1390.000000 -0.242102
1391.000000 -0.241996
1392.000000 -0.241888
1393.000000 -0.241780
1394.000000 -0.241671
1395.000000 -0.241562
1396.000000 -0.241451
1397.000000 -0.241340
1398.000000 -0.241228
1399.000000 -0.241115
1400.000000 -0.241001
1401.000000 -0.240886
1402.000000 -0.240770
1403.000000 -0.240653
1404.000000 -0.240536
1405.000000 -0.240418
1406.000000 -0.240298
1407.000000 -0.240178
1408.000000 -0.240057
1409.000000 -0.239935
1410.000000 -0.239812
1411.000000 -0.239688
1412.000000 -0.239564
1413.000000 -0.239438
1414.000000 -0.239311
1415.000000 -0.239184
1416.000000 -0.239055
1417.000000 -0.238925
1418.000000 -0.238795
1419.000000 -0.238663
1420.000000 -0.238531
1421.000000 -0.238397
1422.000000 -0.238263
1423.000000 -0.238127
1424.000000 -0.237991
1425.000000 -0.237853
1426.000000 -0.237714
1427.000000 -0.237575
1428.000000 -0.237434
1429.000000 -0.237292
1430.000000 -0.237149
1431.000000 -0.237006
1432.000000 -0.236861
1433.000000 -0.236714
1434.000000 -0.236567
1435.000000 -0.236419
1436.000000 -0.236269
1437.000000 -0.236119
1438.000000 -0.235967
1439.000000 -0.235814
1440.000000 -0.235660
1441.000000 -0.235505
1442.000000 -0.235349
1443.000000 -0.235192
1444.000000 -0.235033
1445.000000 -0.234873
1446.000000 -0.234712
1447.000000 -0.234550
1448.000000 -0.234386
1449.000000 -0.234221
1450.000000 -0.234056
1451.000000 -0.233888
1452.000000 -0.233720
1453.000000 -0.233550
1454.000000 -0.233379
1455.000000 -0.233207
1456.000000 -0.233033
1457.000000 -0.232858
1458.000000 -0.232682
1459.000000 -0.232505
1460.000000 -0.232326
1461.000000 -0.232145
1462.000000 -0.231964
1463.000000 -0.231781
1464.000000 -0.231597
1465.000000 -0.231411
1466.000000 -0.231224
1467.000000 -0.231035
1468.000000 -0.230845
1469.000000 -0.230654
1470.000000 -0.230461
1471.000000 -0.230267
1472.000000 -0.230071
1473.000000 -0.229874
1474.000000 -0.229675
1475.000000 -0.229475
1476.000000 -0.229273
1477.000000 -0.229070
1478.000000 -0.228865
1479.000000 -0.228659
1480.000000 -0.228451
1481.000000 -0.228242
1482.000000 -0.228031
1483.000000 -0.227818
1484.000000 -0.227604
1485.000000 -0.227388
1486.000000 -0.227171
1487.000000 -0.226952
1488.000000 -0.226731
1489.000000 -0.226508
1490.000000 -0.226284
1491.000000 -0.226059
1492.000000 -0.225831
1493.000000 -0.225602
1494.000000 -0.225371
1495.000000 -0.225139
1496.000000 -0.224904
1497.000000 -0.224668
1498.000000 -0.224430
1499.000000 -0.224190
1500.000000 -0.223949
1501.000000 -0.223706
1502.000000 -0.223460
1503.000000 -0.223213
1504.000000 -0.222965
1505.000000 -0.222714
1506.000000 -0.222461
1507.000000 -0.222207
1508.000000 -0.221950
1509.000000 -0.221692
1510.000000 -0.221431
1511.000000 -0.221169
1512.000000 -0.220905
1513.000000 -0.220639
1514.000000 -0.220370
1515.000000 -0.220100
1516.000000 -0.219828
1517.000000 -0.219553
1518.000000 -0.219277
1519.000000 -0.218998
1520.000000 -0.218718
1521.000000 -0.218435
1522.000000 -0.218150
1523.000000 -0.217863
1524.000000 -0.217574
1525.000000 -0.217282
1526.000000 -0.216989
1527.000000 -0.216693
1528.000000 -0.216395
1529.000000 -0.216095
1530.000000 -0.215792
1531.000000 -0.215487
1532.000000 -0.215180
1533.000000 -0.214871
1534.000000 -0.214559
1535.000000 -0.214245
1536.000000 -0.213928
1537.000000 -0.213609
1538.000000 -0.213288
1539.000000 -0.212964
1540.000000 -0.212638
1541.000000 -0.212310
1542.000000 -0.211979
1543.000000 -0.211645
1544.000000 -0.211309
1545.000000 -0.210970
1546.000000 -0.210629
1547.000000 -0.210286
1548.000000 -0.209939
1549.000000 -0.209590
1550.000000 -0.209239
1551.000000 -0.208885
1552.000000 -0.208528
1553.000000 -0.208168
1554.000000 -0.207806
1555.000000 -0.207441
1556.000000 -0.207073
1557.000000 -0.206702
1558.000000 -0.206329
1559.000000 -0.205953
1560.000000 -0.205574
1561.000000 -0.205192
1562.000000 -0.204807
1563.000000 -0.204420
1564.000000 -0.204029
1565.000000 -0.203636
1566.000000 -0.203239
1567.000000 -0.202840
1568.000000 -0.202438
1569.000000 -0.202032
1570.000000 -0.201624
1571.000000 -0.201212
1572.000000 -0.200797
1573.000000 -0.200379
1574.000000 -0.199958
1575.000000 -0.199534
1576.000000 -0.199107
1577.000000 -0.198676
1578.000000 -0.198242
1579.000000 -0.197805
1580.000000 -0.197365
1581.000000 -0.196921
1582.000000 -0.196474
1583.000000 -0.196024
1584.000000 -0.195570
1585.000000 -0.195113
1586.000000 -0.194652
1587.000000 -0.194188
1588.000000 -0.193720
1589.000000 -0.193249
1590.000000 -0.192774
1591.000000 -0.192296
1592.000000 -0.191814
1593.000000 -0.191328
1594.000000 -0.190839
1595.000000 -0.190346
1596.000000 -0.189850
1597.000000 -0.189349
1598.000000 -0.188845
1599.000000 -0.188337
1600.000000 -0.187825
