1.000000 0.000000
2.000000 0.000000
3.000000 0.000000
4.000000 0.000000
5.000000 0.000000
6.000000 0.000000
7.000000 0.000000
8.000000 0.000000
9.000000 0.009483
10.000000 0.027041
11.000000 0.051423
12.000000 0.081520
13.000000 0.116351
14.000000 0.155049
15.000000 0.196850
16.000000 0.241084
17.000000 0.287160
18.000000 0.334566
19.000000 0.382854
20.000000 0.431633
21.000000 0.480569
22.000000 0.529373
23.000000 0.577798
24.000000 0.625635
25.000000 0.672708
26.000000 0.718871
27.000000 0.764001
28.000000 0.808003
29.000000 0.850796
30.000000 0.892323
31.000000 0.932537
32.000000 0.971409
33.000000 1.008918
34.000000 1.045055
35.000000 1.079820
36.000000 1.113221
37.000000 1.145271
38.000000 1.175988
39.000000 1.205396
40.000000 1.233523
41.000000 1.260399
42.000000 1.286056
43.000000 1.310530
44.000000 1.333856
45.000000 1.356072
46.000000 1.377216
47.000000 1.397325
48.000000 1.416440
49.000000 1.434597
50.000000 1.451836
51.000000 1.468194
52.000000 1.483707
53.000000 1.498413
54.000000 1.512346
55.000000 1.525542
56.000000 1.538035
57.000000 1.549856
58.000000 1.561038
59.000000 1.571611
60.000000 1.581605
61.000000 1.591048
62.000000 1.599968
63.000000 1.608391
64.000000 1.616343
65.000000 1.623847
66.000000 1.630927
67.000000 1.637604
68.000000 1.643901
69.000000 1.649837
70.000000 1.655432
71.000000 1.660704
72.000000 1.665670
73.000000 1.670348
74.000000 1.674753
75.000000 1.678900
76.000000 1.682804
77.000000 1.686477
78.000000 1.689934
79.000000 1.693186
80.000000 1.696244
81.000000 1.699121
82.000000 1.701826
83.000000 1.704369
84.000000 1.706759
85.000000 1.709006
86.000000 1.711117
87.000000 1.713101
88.000000 1.714965
89.000000 1.716715
90.000000 1.718360
91.000000 1.719904
92.000000 1.721354
93.000000 1.722715
94.000000 1.723993
95.000000 1.725193
96.000000 1.726319
97.000000 1.727376
98.000000 1.728367
99.000000 1.729298
100.000000 1.730171
101.000000 1.730990
102.000000 1.731758
103.000000 1.732478
104.000000 1.733154
105.000000 1.733788
106.000000 1.734382
107.000000 1.734939
108.000000 1.735462
109.000000 1.735952
110.000000 1.736411
111.000000 1.736841
112.000000 1.737245
113.000000 1.737623
114.000000 1.737977
115.000000 1.738309
116.000000 1.738620
117.000000 1.738912
118.000000 1.739185
119.000000 1.739441
120.000000 1.739680
121.000000 1.739905
122.000000 1.740115
123.000000 1.740312
124.000000 1.740497
125.000000 1.740670
126.000000 1.740832
127.000000 1.740983
128.000000 1.741125
129.000000 1.741258
130.000000 1.741383
131.000000 1.741499
132.000000 1.741608
133.000000 1.741710
134.000000 1.741806
135.000000 1.741896
136.000000 1.741979
137.000000 1.742058
138.000000 1.742131
139.000000 1.742200
140.000000 1.742264
141.000000 1.742325
142.000000 1.742381
143.000000 1.742434
144.000000 1.742483
145.000000 1.742529
146.000000 1.742572
147.000000 1.742613
148.000000 1.742651
149.000000 1.742686
150.000000 1.742719
151.000000 1.742750
152.000000 1.742779
153.000000 1.742806
154.000000 1.742832
155.000000 1.742856
156.000000 1.742878
157.000000 1.742899
158.000000 1.742918
159.000000 1.742936
160.000000 1.742953
161.000000 1.742969
162.000000 1.742984
163.000000 1.742998
164.000000 1.743011
165.000000 1.743023
166.000000 1.743034
167.000000 1.743045
168.000000 1.743055
169.000000 1.743064
170.000000 1.743073
171.000000 1.743081
172.000000 1.743089
173.000000 1.743096
174.000000 1.743103
175.000000 1.743109
176.000000 1.743115
177.000000 1.743120
178.000000 1.743125
179.000000 1.743130
180.000000 1.743135
181.000000 1.743139
182.000000 1.743143
183.000000 1.743146
184.000000 1.743150
185.000000 1.743153
186.000000 1.743156
187.000000 1.743159
188.000000 1.743161
189.000000 1.743164
190.000000 1.743166
191.000000 1.743168
192.000000 1.743170
193.000000 1.743172
194.000000 1.743174
195.000000 1.743175
196.000000 1.743177
197.000000 1.743178
198.000000 1.743180
199.000000 1.743181
200.000000 1.743182
201.000000 1.743183
202.000000 1.743184
203.000000 1.743185
204.000000 1.743186
205.000000 1.743187
206.000000 1.743187
207.000000 1.743188
208.000000 1.743189
209.000000 1.743189
210.000000 1.743190
211.000000 1.743191
212.000000 1.743191
213.000000 1.743192
214.000000 1.743192
215.000000 1.743193
216.000000 1.743193
217.000000 1.743193
218.000000 1.743194
219.000000 1.743194
220.000000 1.743194
221.000000 1.743195
222.000000 1.743195
223.000000 1.743195
224.000000 1.743195
225.000000 1.743195
226.000000 1.743196
227.000000 1.743196
228.000000 1.743196
229.000000 1.743196
230.000000 1.743196
231.000000 1.743196
232.000000 1.743197
233.000000 1.743197
234.000000 1.743197
235.000000 1.743197
236.000000 1.743197
237.000000 1.743197
238.000000 1.743197
239.000000 1.743197
240.000000 1.743197
241.000000 1.743197
242.000000 1.743198
243.000000 1.743198
244.000000 1.743198
245.000000 1.743198
246.000000 1.743198
247.000000 1.743198
248.000000 1.743198
249.000000 1.743198
250.000000 1.743198
251.000000 1.743198
252.000000 1.743198
253.000000 1.743198
254.000000 1.743198
255.000000 1.743198
256.000000 1.743198
257.000000 1.743198
258.000000 1.743198
259.000000 1.743198
260.000000 1.743198
261.000000 1.743198
262.000000 1.743198
263.000000 1.743198
264.000000 1.743198
265.000000 1.743198
266.000000 1.743198
267.000000 1.743198
268.000000 1.743198
269.000000 1.743198
270.000000 1.743198
271.000000 1.743198
272.000000 1.743198
273.000000 1.743198
274.000000 1.743198
275.000000 1.743198
276.000000 1.743198
277.000000 1.743198
278.000000 1.743198
279.000000 1.743198
280.000000 1.743198
281.000000 1.743198
282.000000 1.743198
283.000000 1.743198
284.000000 1.743198
285.000000 1.743198
286.000000 1.743198
287.000000 1.743198
288.000000 1.743198
289.000000 1.743198
290.000000 1.743198
291.000000 1.743198
292.000000 1.743198
293.000000 1.743198
294.000000 1.743199
295.000000 1.743199
296.000000 1.743199
297.000000 1.743199
298.000000 1.743199
299.000000 1.743199
300.000000 1.743199
301.000000 1.743199
302.000000 1.743199
303.000000 1.743199
304.000000 1.743199
305.000000 1.743199
306.000000 1.743199
307.000000 1.743199
308.000000 1.743199
309.000000 1.743199
310.000000 1.743199
311.000000 1.743199
312.000000 1.743199
313.000000 1.743199
314.000000 1.743199
315.000000 1.743199
316.000000 1.743199
317.000000 1.743199
318.000000 1.743199
319.000000 1.743199
320.000000 1.743199
321.000000 1.743199
322.000000 1.743199
323.000000 1.743199
324.000000 1.743199
325.000000 1.743199
326.000000 1.743199
327.000000 1.743199
328.000000 1.743199
329.000000 1.743199
330.000000 1.743199
331.000000 1.743199
332.000000 1.743199
333.000000 1.743199
334.000000 1.743199
335.000000 1.743199
336.000000 1.743199
337.000000 1.743199
338.000000 1.743199
339.000000 1.743199
340.000000 1.743199
341.000000 1.743199
342.000000 1.743199
343.000000 1.743199
344.000000 1.743199
345.000000 1.743199
346.000000 1.743199
347.000000 1.743199
348.000000 1.743199
349.000000 1.743199
350.000000 1.743199
351.000000 1.743199
352.000000 1.743199
353.000000 1.743199
354.000000 1.743199
355.000000 1.743199
356.000000 1.743199
357.000000 1.743199
358.000000 1.743199
359.000000 1.743199
360.000000 1.743199
361.000000 1.743199
362.000000 1.743199
363.000000 1.743199
364.000000 1.743199
365.000000 1.743199
366.000000 1.743199
367.000000 1.743199
368.000000 1.743199
369.000000 1.743199
370.000000 1.743199
371.000000 1.743199
372.000000 1.743199
373.000000 1.743199
374.000000 1.743199
375.000000 1.743199
376.000000 1.743199
377.000000 1.743199
378.000000 1.743199
379.000000 1.743199
380.000000 1.743199
381.000000 1.743199
382.000000 1.743199
383.000000 1.743199
384.000000 1.743199
385.000000 1.743199
386.000000 1.743199
387.000000 1.743199
388.000000 1.743199
389.000000 1.743199
390.000000 1.743199
391.000000 1.743199
392.000000 1.743199
393.000000 1.743199
394.000000 1.743199
395.000000 1.743199
396.000000 1.743199
397.000000 1.743199
398.000000 1.743199
399.000000 1.743199
400.000000 1.743199
401.000000 1.743199
402.000000 1.743199
403.000000 1.743199
404.000000 1.743199
405.000000 1.743199
406.000000 1.743199
407.000000 1.743199
408.000000 1.743199
409.000000 1.743199
410.000000 1.743199
411.000000 1.743199
412.000000 1.743199
413.000000 1.743199
414.000000 1.743199
415.000000 1.743199
416.000000 1.743199
417.000000 1.743199
418.000000 1.743199
419.000000 1.743199
420.000000 1.743199
421.000000 1.743199
422.000000 1.743199
423.000000 1.743199
424.000000 1.743199
425.000000 1.743199
426.000000 1.743199
427.000000 1.743199
428.000000 1.743199
429.000000 1.743199
430.000000 1.743199
431.000000 1.743199
432.000000 1.743199
433.000000 1.743199
434.000000 1.743199
435.000000 1.743199
436.000000 1.743199
437.000000 1.743199
438.000000 1.743199
439.000000 1.743199
440.000000 1.743199
441.000000 1.743199
442.000000 1.743199
443.000000 1.743199
444.000000 1.743199
445.000000 1.743199
446.000000 1.743199
447.000000 1.743199
448.000000 1.743199
449.000000 1.743199
450.000000 1.743199
451.000000 1.743199
452.000000 1.743199
453.000000 1.743199
454.000000 1.743199
455.000000 1.743199
456.000000 1.743199
457.000000 1.743199
458.000000 1.743199
459.000000 1.743199
460.000000 1.743199
461.000000 1.743199
462.000000 1.743199
463.000000 1.743199
464.000000 1.743199
465.000000 1.743199
466.000000 1.743199
467.000000 1.743199
468.000000 1.743199
469.000000 1.743199
470.000000 1.743199
471.000000 1.743199
472.000000 1.743199
473.000000 1.743199
474.000000 1.743199
475.000000 1.743199
476.000000 1.743199
477.000000 1.743199
478.000000 1.743199
479.000000 1.743199
480.000000 1.743199
481.000000 1.743199
482.000000 1.743199
483.000000 1.743199
484.000000 1.743199
485.000000 1.743199
486.000000 1.743199
487.000000 1.743199
488.000000 1.743199
489.000000 1.743199
490.000000 1.743199
491.000000 1.743199
492.000000 1.743199
493.000000 1.743199
494.000000 1.743199
495.000000 1.743199
496.000000 1.743199
497.000000 1.743199
498.000000 1.743199
499.000000 1.743199
500.000000 1.743199
