1.000000 0.000000
2.000000 0.000000
3.000000 0.000000
4.000000 0.000000
5.000000 0.000000
6.000000 0.000000
7.000000 0.000000
8.000000 0.000000
9.000000 0.000128
10.000000 0.000403
11.000000 0.000706
12.000000 0.001024
13.000000 0.001126
14.000000 0.001304
15.000000 1.001628
16.000000 1.001855
17.000000 1.002177
18.000000 0.536039
19.000000 0.403200
20.000000 0.276692
21.000000 0.155508
22.000000 -0.375504
23.000000 -0.356159
24.000000 -0.397664
25.000000 -0.127733
26.000000 -0.121591
27.000000 -0.125631
28.000000 -0.117578
29.000000 0.125691
30.000000 0.076576
31.000000 0.119263
32.000000 -0.028686
33.000000 0.004652
34.000000 0.044382
35.000000 0.065059
36.000000 -0.049170
37.000000 -0.003793
38.000000 -0.038150
39.000000 0.052144
40.000000 0.023484
41.000000 -0.005628
42.000000 -0.017096
43.000000 0.043944
44.000000 0.016198
45.000000 0.045658
46.000000 -0.009618
47.000000 0.012721
48.000000 0.031658
49.000000 0.037169
50.000000 0.005594
51.000000 0.022218
52.000000 0.000440
53.000000 0.035388
54.000000 0.018052
55.000000 0.006016
56.000000 0.002964
57.000000 0.017432
58.000000 0.006909
59.000000 0.020828
60.000000 -0.003134
61.000000 0.008382
62.000000 0.013846
63.000000 0.014042
64.000000 0.006925
65.000000 0.011909
66.000000 0.002000
67.000000 0.017241
68.000000 0.008191
69.000000 0.005065
70.000000 0.005040
71.000000 0.007734
72.000000 0.005032
73.000000 0.010960
74.000000 0.000559
75.000000 0.006374
76.000000 0.006855
77.000000 0.005716
78.000000 0.003838
79.000000 0.004057
80.000000 -0.000044
81.000000 0.006478
82.000000 0.001763
83.000000 0.001562
84.000000 0.002376
85.000000 0.003159
86.000000 0.003513
87.000000 0.006219
88.000000 0.002291
89.000000 0.005636
90.000000 0.005028
91.000000 0.004345
92.000000 0.003954
93.000000 0.002914
94.000000 0.000926
95.000000 0.002791
96.000000 -0.000105
97.000000 0.000471
98.000000 0.000905
99.000000 0.000943
100.000000 0.001446
101.000000 0.001973
102.000000 0.000251
103.000000 0.001518
104.000000 0.000066
105.000000 -0.000150
106.000000 -0.000111
107.000000 -0.000733
108.000000 -0.001182
109.000000 -0.000490
110.000000 -0.001824
111.000000 -0.000934
112.000000 -0.000763
113.000000 -0.000747
114.000000 -0.000262
115.000000 -0.000081
116.000000 -0.000293
117.000000 0.001322
118.000000 0.001597
119.000000 0.002493
120.000000 0.003626
121.000000 0.004026
122.000000 0.004453
123.000000 0.005116
124.000000 0.004943
125.000000 0.005237
126.000000 0.004945
127.000000 0.004494
128.000000 0.004403
129.000000 0.003970
130.000000 0.003466
131.000000 0.003305
132.000000 0.002834
133.000000 0.002629
134.000000 0.002373
135.000000 0.001895
136.000000 0.001637
137.000000 0.001376
138.000000 0.001178
139.000000 0.001163
140.000000 0.001276
141.000000 0.001361
142.000000 0.001796
143.000000 0.001613
144.000000 0.001610
145.000000 0.001336
146.000000 0.000942
147.000000 0.000909
148.000000 0.000716
149.000000 0.000388
150.000000 0.000517
151.000000 0.000637
152.000000 0.000987
153.000000 0.001454
154.000000 0.001819
155.000000 0.001928
156.000000 0.002471
157.000000 0.002255
158.000000 0.001989
159.000000 0.001109
160.000000 0.000198
161.000000 -0.000453
162.000000 -0.001033
163.000000 -0.002039
164.000000 -0.002836
165.000000 -0.003821
166.000000 -0.004393
167.000000 -0.004649
168.000000 -0.004780
169.000000 -0.004638
170.000000 -0.004397
171.000000 -0.004198
172.000000 -0.003732
173.000000 -0.003715
174.000000 -0.004053
175.000000 -0.004389
176.000000 -0.004512
177.000000 -0.004205
178.000000 -0.004148
179.000000 -0.004031
180.000000 -0.003561
181.000000 -0.002939
182.000000 -0.002262
183.000000 -0.001812
184.000000 -0.001174
185.000000 -0.000660
186.000000 -0.000286
187.000000 -0.000321
188.000000 -0.000319
189.000000 -0.000414
190.000000 -0.000061
191.000000 -0.000409
192.000000 -0.000789
193.000000 -0.001292
194.000000 -0.001453
195.000000 -0.001403
196.000000 -0.001331
197.000000 -0.001647
198.000000 -0.001548
199.000000 -0.001639
200.000000 -0.001483
201.000000 -0.001739
202.000000 -0.001948
203.000000 -0.002012
204.000000 -0.001762
205.000000 -0.001892
206.000000 -0.001954
207.000000 -0.002246
208.000000 -0.002374
209.000000 -0.002755
210.000000 -0.003223
211.000000 -0.003708
212.000000 -0.003608
213.000000 -0.003517
214.000000 -0.003179
215.000000 -0.002963
216.000000 -0.002213
217.000000 -0.001437
218.000000 -0.000535
219.000000 -0.000099
220.000000 0.000290
221.000000 0.000433
222.000000 0.000830
223.000000 0.000910
224.000000 0.001361
225.000000 0.001437
226.000000 0.001769
227.000000 0.001784
228.000000 0.002075
229.000000 0.001997
230.000000 0.002065
231.000000 0.002177
232.000000 0.002260
233.000000 0.001766
234.000000 0.001399
235.000000 0.000976
236.000000 0.001160
237.000000 0.001053
238.000000 0.001044
239.000000 0.001438
240.000000 0.001963
241.000000 0.001955
242.000000 0.002079
243.000000 0.001774
244.000000 0.001748
245.000000 0.001905
246.000000 0.001842
247.000000 0.002082
248.000000 0.002471
249.000000 0.002884
250.000000 0.003103
251.000000 0.002901
252.000000 0.002504
253.000000 0.002469
254.000000 0.002125
255.000000 0.001658
256.000000 0.001589
257.000000 0.001520
258.000000 0.001886
259.000000 0.001955
260.000000 0.001327
261.000000 0.000799
262.000000 0.000405
263.000000 -0.000350
264.000000 -0.000798
265.000000 -0.001466
266.000000 -0.001819
267.000000 -0.001604
268.000000 -0.001840
269.000000 -0.001717
270.000000 -0.001371
271.000000 -0.000905
272.000000 -0.000091
273.000000 -0.000032
274.000000 -0.000544
275.000000 -0.000839
276.000000 -0.001630
277.000000 -0.002699
278.000000 -0.003368
279.000000 -0.003902
280.000000 -0.003705
281.000000 -0.003185
282.000000 -0.002909
283.000000 -0.002105
284.000000 -0.001153
285.000000 -0.000159
286.000000 0.000863
287.000000 0.001042
288.000000 0.000962
289.000000 0.000892
290.000000 0.000024
291.000000 -0.000721
292.000000 -0.001742
293.000000 -0.002710
294.000000 -0.003239
295.000000 -0.003554
296.000000 -0.003692
297.000000 -0.002943
298.000000 -0.002509
299.000000 -0.001824
300.000000 -0.000796
301.000000 -0.000206
302.000000 0.000502
303.000000 0.001360
304.000000 0.001545
305.000000 0.002007
306.000000 0.002316
307.000000 0.002311
308.000000 0.002653
309.000000 0.002819
310.000000 0.002900
311.000000 0.003279
312.000000 0.003312
313.000000 0.003677
314.000000 0.004008
315.000000 0.004373
316.000000 0.004523
317.000000 0.004919
318.000000 0.004878
319.000000 0.004989
320.000000 0.004975
321.000000 0.004975
322.000000 0.004768
323.000000 0.004693
324.000000 0.004620
325.000000 0.004437
326.000000 0.004052
327.000000 0.003905
328.000000 0.003470
329.000000 0.003440
330.000000 0.003372
331.000000 0.003292
332.000000 0.003031
333.000000 0.002729
334.000000 0.002118
335.000000 0.001419
336.000000 0.000428
337.000000 -0.000095
338.000000 -0.000633
339.000000 -0.000872
340.000000 -0.000700
341.000000 -0.000491
342.000000 -0.000088
343.000000 0.000672
344.000000 0.001288
345.000000 0.001632
346.000000 0.001658
347.000000 0.001500
348.000000 0.001216
349.000000 0.001106
350.000000 0.000807
351.000000 0.000457
352.000000 0.000005
353.000000 -0.000489
354.000000 -0.001017
355.000000 -0.001730
356.000000 -0.002699
357.000000 -0.003949
358.000000 -0.005109
359.000000 -0.005861
360.000000 -0.006816
361.000000 -0.007192
362.000000 -0.007405
363.000000 -0.007087
364.000000 -0.006653
365.000000 -0.005881
366.000000 -0.005527
367.000000 -0.004682
368.000000 -0.004040
369.000000 -0.003530
370.000000 -0.003308
371.000000 -0.002895
372.000000 -0.002636
373.000000 -0.002270
374.000000 -0.002290
375.000000 -0.001911
376.000000 -0.001029
377.000000 0.000024
378.000000 0.000812
379.000000 0.001899
380.000000 0.003199
381.000000 0.004513
382.000000 0.005599
383.000000 0.005929
384.000000 0.005350
385.000000 0.004833
386.000000 0.004068
387.000000 0.003123
388.000000 0.002348
389.000000 0.001569
390.000000 0.001252
391.000000 0.001184
392.000000 0.000926
393.000000 0.000929
394.000000 0.000882
395.000000 0.000799
396.000000 0.000800
397.000000 0.000900
398.000000 0.001023
399.000000 0.001807
400.000000 0.002269
401.000000 2.002643
402.000000 2.002814
403.000000 2.002965
404.000000 2.003245
405.000000 2.003589
406.000000 2.003200
407.000000 2.003252
408.000000 0.785009
409.000000 0.809144
410.000000 0.673029
411.000000 0.555151
412.000000 0.454684
413.000000 0.229443
414.000000 0.040538
415.000000 0.578020
416.000000 0.325840
417.000000 0.308196
418.000000 0.253088
419.000000 0.191748
420.000000 0.297990
421.000000 0.347704
422.000000 -0.010299
423.000000 0.144069
424.000000 0.082338
425.000000 0.091234
426.000000 0.108990
427.000000 -0.014714
428.000000 -0.061955
429.000000 0.116788
430.000000 -0.024517
431.000000 0.016907
432.000000 -0.018471
433.000000 -0.051042
434.000000 0.027041
435.000000 0.031522
436.000000 -0.076306
437.000000 0.015125
438.000000 -0.031296
439.000000 -0.000957
440.000000 0.019936
441.000000 -0.036005
442.000000 -0.026377
443.000000 0.033825
444.000000 -0.024655
445.000000 0.017822
446.000000 -0.006514
447.000000 -0.015840
448.000000 0.025248
449.000000 0.013381
450.000000 -0.015142
451.000000 0.023878
452.000000 -0.007823
453.000000 0.014576
454.000000 0.019290
455.000000 -0.006955
456.000000 0.006890
457.000000 0.020440
458.000000 -0.002126
459.000000 0.022504
460.000000 0.005038
461.000000 0.005076
462.000000 0.022508
463.000000 0.011336
464.000000 0.007055
465.000000 0.020460
466.000000 0.003528
467.000000 0.017541
468.000000 0.015847
469.000000 0.005305
470.000000 0.014368
471.000000 0.014108
472.000000 0.006337
473.000000 0.017201
474.000000 0.005952
475.000000 0.008500
476.000000 0.014529
477.000000 0.008008
478.000000 0.010490
479.000000 0.014284
480.000000 0.006933
481.000000 0.014850
482.000000 0.011839
483.000000 0.008600
484.000000 0.012985
485.000000 0.009890
486.000000 0.007756
487.000000 0.011562
488.000000 0.005239
489.000000 0.007295
490.000000 0.008160
491.000000 0.004682
492.000000 0.006975
493.000000 0.006891
494.000000 0.004318
495.000000 0.008159
496.000000 0.005816
497.000000 0.005448
498.000000 0.007388
499.000000 0.005298
500.000000 0.005143
501.000000 0.005802
502.000000 0.002648
503.000000 0.003745
504.000000 0.236270
505.000000 0.301114
506.000000 0.366141
507.000000 0.426557
508.000000 0.387442
509.000000 0.385220
510.000000 0.370495
511.000000 0.206455
512.000000 0.178981
513.000000 0.123688
514.000000 0.072907
515.000000 0.085541
516.000000 0.046120
517.000000 0.021039
518.000000 0.080273
519.000000 0.047116
520.000000 0.053089
521.000000 0.053448
522.000000 0.019856
523.000000 0.035304
524.000000 0.035610
525.000000 -0.007445
526.000000 0.011334
527.000000 -0.005039
528.000000 -0.010235
529.000000 0.004358
530.000000 -0.016807
531.000000 -0.020134
532.000000 -0.001117
533.000000 -0.020205
534.000000 -0.009774
535.000000 -0.011260
536.000000 -0.022049
537.000000 -0.007245
538.000000 -0.008497
539.000000 -0.018808
540.000000 -0.005562
541.000000 -0.014230
542.000000 -0.010980
543.000000 -0.003969
544.000000 -0.013966
545.000000 -0.010611
546.000000 -0.004688
547.000000 -0.012101
548.000000 -0.003632
549.000000 -0.005671
550.000000 -0.008433
551.000000 -0.000367
552.000000 -0.002891
553.000000 -0.004355
554.000000 0.000971
555.000000 -0.004598
556.000000 -0.001824
557.000000 -0.000139
558.000000 -0.004926
559.000000 -0.001684
560.000000 -0.000923
561.000000 -0.003267
562.000000 0.001548
563.000000 -0.000172
564.000000 0.000080
565.000000 0.003471
566.000000 0.001396
567.000000 0.002290
568.000000 0.004113
569.000000 0.001138
570.000000 0.002898
571.000000 0.002205
572.000000 -0.000044
573.000000 0.001610
574.000000 0.000669
575.000000 0.000082
576.000000 0.002137
577.000000 0.001096
578.000000 0.001811
579.000000 0.002568
580.000000 0.000906
581.000000 0.001481
582.000000 0.001270
583.000000 -0.000158
584.000000 0.000591
585.000000 0.000121
586.000000 -0.000276
587.000000 0.000519
588.000000 -0.000259
589.000000 -0.000159
590.000000 0.000743
591.000000 0.000157
592.000000 0.000318
593.000000 0.000038
594.000000 -0.000896
595.000000 -0.000697
596.000000 -0.001035
597.000000 -0.001148
598.000000 -0.000378
599.000000 -0.000382
600.000000 0.000070
601.000000 0.000399
602.000000 -0.000369
603.000000 -0.000624
604.000000 -0.001082
605.000000 -0.001893
606.000000 -0.001867
607.000000 -0.002183
608.000000 -0.002670
609.000000 -0.002564
610.000000 -0.002983
611.000000 -0.002782
612.000000 -0.002020
613.000000 -0.001495
614.000000 -0.000412
615.000000 0.001039
616.000000 0.001723
617.000000 0.002719
618.000000 0.002959
619.000000 0.002846
620.000000 0.002589
621.000000 0.001974
622.000000 0.001126
623.000000 0.000445
624.000000 -0.000578
625.000000 -0.000914
626.000000 -0.001097
627.000000 -0.001235
628.000000 -0.000969
629.000000 -0.000738
630.000000 -0.000488
631.000000 -0.000030
632.000000 -0.000042
633.000000 0.000070
634.000000 0.000207
635.000000 0.000350
636.000000 0.000683
637.000000 0.000885
638.000000 0.000878
639.000000 0.000965
640.000000 0.000714
641.000000 0.000515
642.000000 0.000258
643.000000 -0.000081
644.000000 -0.000288
645.000000 -0.000376
646.000000 -0.000314
647.000000 -0.000047
648.000000 0.000170
649.000000 0.000264
650.000000 0.000698
651.000000 0.001295
652.000000 0.001660
653.000000 0.002251
654.000000 0.003000
655.000000 0.003579
656.000000 0.004030
657.000000 0.003889
658.000000 0.003685
659.000000 0.003488
660.000000 0.003438
661.000000 0.002966
662.000000 0.002495
663.000000 0.001877
664.000000 0.001884
665.000000 0.001833
666.000000 0.001822
667.000000 0.001808
668.000000 0.001846
669.000000 0.001916
670.000000 0.001815
671.000000 0.001231
672.000000 0.000962
673.000000 0.000775
674.000000 0.000492
675.000000 0.000278
676.000000 0.000081
677.000000 0.000058
678.000000 0.000368
679.000000 0.000332
680.000000 0.000198
681.000000 0.000158
682.000000 0.000026
683.000000 -0.000065
684.000000 -0.000106
685.000000 -0.000186
686.000000 -0.000002
687.000000 0.000106
688.000000 0.000044
689.000000 0.000013
690.000000 -0.000329
691.000000 -0.000124
692.000000 0.000256
693.000000 0.000581
694.000000 0.001393
695.000000 0.002062
696.000000 0.002870
697.000000 0.003831
698.000000 0.004319
699.000000 0.004727
700.000000 0.004949
701.000000 0.004860
702.000000 0.004838
703.000000 0.004487
704.000000 0.003883
705.000000 0.003197
706.000000 0.002626
707.000000 0.001957
708.000000 0.001261
709.000000 0.000435
710.000000 0.000102
711.000000 -0.000139
712.000000 -0.000423
713.000000 -0.000387
714.000000 -0.000370
715.000000 -0.000662
716.000000 -0.000895
717.000000 -0.001463
718.000000 -0.001797
719.000000 -0.002221
720.000000 -0.002435
721.000000 -0.002385
722.000000 -0.002053
723.000000 -0.001351
724.000000 -0.000868
725.000000 -0.000469
726.000000 -0.000028
727.000000 0.000171
728.000000 0.000381
729.000000 0.000685
730.000000 0.001007
731.000000 0.001677
732.000000 0.002107
733.000000 0.002418
734.000000 0.002587
735.000000 0.002477
736.000000 0.002106
737.000000 0.001579
738.000000 0.000706
739.000000 -0.000136
740.000000 -0.000991
741.000000 -0.001706
742.000000 -0.002156
743.000000 -0.002646
744.000000 -0.002787
745.000000 -0.003109
746.000000 -0.003341
747.000000 -0.003358
748.000000 -0.003177
749.000000 -0.003144
750.000000 -0.003006
751.000000 -0.003294
752.000000 -0.003297
753.000000 -0.003376
754.000000 -0.003737
755.000000 -0.004160
756.000000 -0.004253
757.000000 -0.004411
758.000000 -0.003835
759.000000 -0.003089
760.000000 -0.002359
761.000000 -0.001611
762.000000 -0.000528
763.000000 0.000730
764.000000 0.001546
765.000000 0.001745
766.000000 0.001772
767.000000 0.001890
768.000000 0.001931
769.000000 0.001730
770.000000 0.001032
771.000000 0.000324
772.000000 -0.000070
773.000000 -0.000152
774.000000 -0.000081
775.000000 0.000087
776.000000 0.000523
777.000000 0.001260
778.000000 0.001905
779.000000 0.002534
780.000000 0.003029
781.000000 0.003150
782.000000 0.002951
783.000000 0.002547
784.000000 0.001833
785.000000 0.001384
786.000000 0.000831
787.000000 0.000140
788.000000 0.000249
789.000000 0.000545
790.000000 0.000836
791.000000 0.001326
792.000000 0.001885
793.000000 0.002405
794.000000 0.002946
795.000000 0.002917
796.000000 0.002470
797.000000 0.002239
798.000000 0.001936
799.000000 0.001718
800.000000 0.001228
801.000000 -1.499035
802.000000 -1.499169
803.000000 -1.499220
804.000000 -1.732588
805.000000 -1.799592
806.000000 -1.863664
807.000000 -1.924851
808.000000 -0.972937
809.000000 -0.987818
810.000000 -0.872729
811.000000 -0.620305
812.000000 -0.517116
813.000000 -0.293817
814.000000 -0.100993
815.000000 -0.516217
816.000000 -0.288622
817.000000 -0.248896
818.000000 -0.266801
819.000000 -0.187250
820.000000 -0.271912
821.000000 -0.310216
822.000000 -0.009175
823.000000 -0.139928
824.000000 -0.094996
825.000000 -0.058485
826.000000 -0.090753
827.000000 0.017759
828.000000 0.058539
829.000000 -0.089976
830.000000 0.035990
831.000000 0.007999
832.000000 0.014469
833.000000 0.057312
834.000000 -0.012590
835.000000 -0.015987
836.000000 0.074699
837.000000 -0.008496
838.000000 0.027257
839.000000 0.015523
840.000000 -0.013008
841.000000 0.038027
842.000000 0.028251
843.000000 -0.023464
844.000000 0.030337
845.000000 -0.004338
846.000000 0.008097
847.000000 0.023115
848.000000 -0.015526
849.000000 -0.004427
850.000000 0.019536
851.000000 -0.018052
852.000000 0.007494
853.000000 -0.008330
854.000000 -0.018755
855.000000 0.005249
856.000000 -0.009039
857.000000 -0.021828
858.000000 -0.000547
859.000000 -0.021847
860.000000 -0.009534
861.000000 -0.006325
862.000000 -0.023325
863.000000 -0.012091
864.000000 -0.008456
865.000000 -0.021601
866.000000 -0.006887
867.000000 -0.017724
868.000000 -0.018100
869.000000 -0.007739
870.000000 -0.016726
871.000000 -0.016459
872.000000 -0.009251
873.000000 -0.019330
874.000000 -0.010662
875.000000 -0.011710
876.000000 -0.017812
877.000000 -0.010758
878.000000 -0.011961
879.000000 -0.014559
880.000000 -0.006481
881.000000 -0.011453
882.000000 -0.008143
883.000000 -0.003356
884.000000 -0.007011
885.000000 -0.003640
886.000000 -0.001361
887.000000 -0.004783
888.000000 0.000883
889.000000 -0.000575
890.000000 -0.001911
891.000000 0.001389
892.000000 -0.001182
893.000000 -0.001682
894.000000 0.000494
895.000000 -0.003771
896.000000 -0.002785
897.000000 -0.002782
898.000000 -0.005354
899.000000 -0.003736
900.000000 -0.004248
901.000000 -0.005975
902.000000 -0.003416
903.000000 -0.004995
904.000000 -0.005290
905.000000 -0.004033
906.000000 -0.005749
907.000000 -0.005090
908.000000 -0.004080
909.000000 -0.005701
910.000000 -0.004258
911.000000 -0.004268
912.000000 -0.004665
913.000000 -0.003204
914.000000 -0.003492
915.000000 -0.003632
916.000000 -0.002337
917.000000 -0.003340
918.000000 -0.003125
919.000000 -0.002562
920.000000 -0.002832
921.000000 -0.001591
922.000000 -0.000822
923.000000 -0.001021
924.000000 0.000228
925.000000 0.000226
926.000000 -0.000187
927.000000 -0.000229
928.000000 -0.001267
929.000000 -0.001613
930.000000 -0.001763
931.000000 -0.002710
932.000000 -0.002996
933.000000 -0.003217
934.000000 -0.003272
935.000000 -0.002644
936.000000 -0.002439
937.000000 -0.001850
938.000000 -0.000784
939.000000 0.000187
940.000000 0.001114
941.000000 0.002191
942.000000 0.003266
943.000000 0.004649
944.000000 0.005693
945.000000 0.006403
946.000000 0.006982
947.000000 0.007353
948.000000 0.007448
949.000000 0.007327
950.000000 0.006831
951.000000 0.006420
952.000000 0.006104
953.000000 0.005777
954.000000 0.005209
955.000000 0.004609
956.000000 0.003983
957.000000 0.003258
958.000000 0.002229
959.000000 0.001061
960.000000 -0.000016
961.000000 -0.000715
962.000000 -0.001089
963.000000 -0.001430
964.000000 -0.001677
965.000000 -0.001698
966.000000 -0.001689
967.000000 -0.001787
968.000000 -0.001940
969.000000 -0.002603
970.000000 -0.003116
971.000000 -0.003358
972.000000 -0.003667
973.000000 -0.003377
974.000000 -0.002896
975.000000 -0.002304
976.000000 -0.001674
977.000000 -0.001288
978.000000 -0.000832
979.000000 -0.000293
980.000000 0.000280
981.000000 0.000549
982.000000 0.000672
983.000000 0.000861
984.000000 0.001280
985.000000 0.001563
986.000000 0.001471
987.000000 0.001283
988.000000 0.000800
989.000000 0.000457
990.000000 -0.000133
991.000000 -0.000671
992.000000 -0.001500
993.000000 -0.001705
994.000000 -0.002007
995.000000 -0.002334
996.000000 -0.003018
997.000000 -0.003308
998.000000 -0.003492
999.000000 -0.003298
1000.000000 -0.003163
1001.000000 -0.002845
1002.000000 -0.002511
1003.000000 -0.001744
1004.000000 -0.001384
1005.000000 -0.000727
1006.000000 -0.000223
1007.000000 0.000365
1008.000000 0.000566
1009.000000 0.001115
1010.000000 0.001220
1011.000000 0.001278
1012.000000 0.001295
1013.000000 0.001456
1014.000000 0.001158
1015.000000 0.000560
1016.000000 -0.000238
1017.000000 -0.000817
1018.000000 -0.001542
1019.000000 -0.002129
1020.000000 -0.002528
1021.000000 -0.002581
1022.000000 -0.002154
1023.000000 -0.001193
1024.000000 -0.000446
1025.000000 0.000713
1026.000000 0.001592
1027.000000 0.002180
1028.000000 0.002577
1029.000000 0.002676
1030.000000 0.002350
1031.000000 0.001932
1032.000000 0.001115
1033.000000 0.000214
1034.000000 -0.000663
1035.000000 -0.001594
1036.000000 -0.002626
1037.000000 -0.003462
1038.000000 -0.003881
1039.000000 -0.004046
1040.000000 -0.004196
1041.000000 -0.004115
1042.000000 -0.004128
1043.000000 -0.003795
1044.000000 -0.003154
1045.000000 -0.002342
1046.000000 -0.001790
1047.000000 -0.000957
1048.000000 -0.000581
1049.000000 -0.000021
1050.000000 0.000229
1051.000000 0.000080
1052.000000 -0.000563
1053.000000 -0.001211
1054.000000 -0.002099
1055.000000 -0.002916
1056.000000 -0.003803
1057.000000 -0.004640
1058.000000 -0.004987
1059.000000 -0.005054
1060.000000 -0.005330
1061.000000 -0.005017
1062.000000 -0.004765
1063.000000 -0.004417
1064.000000 -0.004105
1065.000000 -0.003951
1066.000000 -0.003874
1067.000000 -0.003523
1068.000000 -0.003735
1069.000000 -0.003953
1070.000000 -0.004555
1071.000000 -0.004945
1072.000000 -0.004609
1073.000000 -0.004318
1074.000000 -0.003901
1075.000000 -0.002886
1076.000000 -0.002006
1077.000000 -0.001003
1078.000000 -0.000440
1079.000000 0.000054
1080.000000 0.000567
1081.000000 0.001136
1082.000000 0.001371
1083.000000 0.001506
1084.000000 0.001805
1085.000000 0.002153
1086.000000 0.002372
1087.000000 0.002374
1088.000000 0.002112
1089.000000 0.001991
1090.000000 0.001860
1091.000000 0.001606
1092.000000 0.001661
1093.000000 0.001884
1094.000000 0.002170
1095.000000 0.002458
1096.000000 0.002088
1097.000000 0.001781
1098.000000 0.001649
1099.000000 0.001492
1100.000000 0.001405
1101.000000 0.001283
1102.000000 0.001091
1103.000000 0.001192
1104.000000 0.001631
1105.000000 0.001706
1106.000000 0.001855
1107.000000 0.002242
1108.000000 0.002873
1109.000000 0.003584
1110.000000 0.004076
1111.000000 0.004333
1112.000000 0.004737
1113.000000 0.005306
1114.000000 0.005536
1115.000000 0.005388
1116.000000 0.005453
1117.000000 0.005158
1118.000000 0.005262
1119.000000 0.005545
1120.000000 0.005507
1121.000000 0.005541
1122.000000 0.005921
1123.000000 0.006460
1124.000000 0.007277
1125.000000 0.007583
1126.000000 0.007583
1127.000000 0.007479
1128.000000 0.007234
1129.000000 0.006608
1130.000000 0.005883
1131.000000 0.004853
1132.000000 0.004079
1133.000000 0.003428
1134.000000 0.002835
1135.000000 0.002336
1136.000000 0.002173
1137.000000 0.001870
1138.000000 0.001410
1139.000000 0.001010
1140.000000 0.000557
1141.000000 0.000187
1142.000000 -0.000237
1143.000000 -0.001149
1144.000000 -0.001871
1145.000000 -0.002373
1146.000000 -0.002691
1147.000000 -0.002787
1148.000000 -0.003209
1149.000000 -0.003365
1150.000000 -0.003266
1151.000000 -0.003034
1152.000000 -0.003020
1153.000000 -0.002880
1154.000000 -0.002915
1155.000000 -0.002747
1156.000000 -0.002326
1157.000000 -0.002488
1158.000000 -0.002933
1159.000000 -0.003407
1160.000000 -0.003719
1161.000000 -0.003592
1162.000000 -0.003537
1163.000000 -0.003645
1164.000000 -0.003049
1165.000000 -0.002344
1166.000000 -0.001503
1167.000000 -0.001084
1168.000000 -0.000898
1169.000000 -0.000458
1170.000000 0.000345
1171.000000 0.000853
1172.000000 0.001462
1173.000000 0.001959
1174.000000 0.002407
1175.000000 0.003107
1176.000000 0.003162
1177.000000 0.002645
1178.000000 0.002512
1179.000000 0.002135
1180.000000 0.001671
1181.000000 0.001506
1182.000000 0.000708
1183.000000 0.000199
1184.000000 0.000173
1185.000000 -0.000122
1186.000000 -0.000206
1187.000000 -0.000415
1188.000000 -0.000616
1189.000000 -0.000302
1190.000000 -0.000449
1191.000000 -0.000575
1192.000000 -0.000520
1193.000000 -0.000550
1194.000000 -0.000436
1195.000000 -0.000206
1196.000000 -0.000333
1197.000000 -0.000254
1198.000000 -0.000516
1199.000000 -0.000505
1200.000000 -0.000313
1201.000000 -1.000056
1202.000000 -1.000218
1203.000000 -1.000421
1204.000000 -1.000617
1205.000000 -1.001001
1206.000000 -1.001445
1207.000000 -1.001910
1208.000000 -0.393364
1209.000000 -0.405456
1210.000000 -0.337613
1211.000000 -0.279105
1212.000000 -0.229566
1213.000000 -0.117425
1214.000000 -0.023373
1215.000000 -0.292507
1216.000000 -0.167101
1217.000000 -0.158497
1218.000000 -0.130889
1219.000000 -0.099949
1220.000000 -0.152779
1221.000000 -0.177579
1222.000000 0.001656
1223.000000 -0.075075
1224.000000 -0.044043
1225.000000 -0.048505
1226.000000 -0.057514
1227.000000 0.004080
1228.000000 0.027447
1229.000000 -0.062695
1230.000000 0.006896
1231.000000 -0.014402
1232.000000 0.003395
1233.000000 0.019909
1234.000000 -0.018431
1235.000000 -0.020251
1236.000000 0.034773
1237.000000 -0.009692
1238.000000 0.014630
1239.000000 0.000173
1240.000000 -0.009858
1241.000000 0.018257
1242.000000 0.013662
1243.000000 -0.016667
1244.000000 0.012226
1245.000000 -0.009082
1246.000000 0.003228
1247.000000 0.008180
1248.000000 -0.012295
1249.000000 -0.006207
1250.000000 0.008621
1251.000000 -0.010509
1252.000000 0.005462
1253.000000 -0.006075
1254.000000 -0.008996
1255.000000 0.003806
1256.000000 -0.003349
1257.000000 -0.010373
1258.000000 0.000869
1259.000000 -0.011382
1260.000000 -0.002606
1261.000000 -0.002285
1262.000000 -0.010783
1263.000000 -0.004670
1264.000000 -0.002038
1265.000000 -0.008121
1266.000000 0.001081
1267.000000 -0.005253
1268.000000 -0.003728
1269.000000 0.002207
1270.000000 -0.001982
1271.000000 -0.001721
1272.000000 0.001829
1273.000000 -0.003832
1274.000000 0.001380
1275.000000 -0.000186
1276.000000 -0.003184
1277.000000 0.000568
1278.000000 -0.000219
1279.000000 -0.001853
1280.000000 0.001771
1281.000000 -0.002293
1282.000000 -0.000763
1283.000000 0.000450
1284.000000 -0.002464
1285.000000 -0.001545
1286.000000 -0.001099
1287.000000 -0.003370
1288.000000 -0.000658
1289.000000 -0.002554
1290.000000 -0.003684
1291.000000 -0.002755
1292.000000 -0.004821
1293.000000 -0.005848
1294.000000 -0.005572
1295.000000 -0.008143
1296.000000 -0.007247
1297.000000 -0.007425
1298.000000 -0.008552
1299.000000 -0.007407
1300.000000 -0.007570
1301.000000 -0.007999
1302.000000 -0.006286
1303.000000 -0.007042
1304.000000 -0.239653
1305.000000 -0.305058
1306.000000 -0.368632
1307.000000 -0.428010
1308.000000 -0.388204
1309.000000 -0.384669
1310.000000 -0.369985
1311.000000 -0.205565
1312.000000 -0.177291
1313.000000 -0.122142
1314.000000 -0.071354
1315.000000 -0.083905
1316.000000 -0.044975
1317.000000 -0.019569
1318.000000 -0.078991
1319.000000 -0.046568
1320.000000 -0.052633
1321.000000 -0.053398
1322.000000 -0.020384
1323.000000 -0.035850
1324.000000 -0.036532
1325.000000 0.006695
1326.000000 -0.011695
1327.000000 0.004917
1328.000000 0.010948
1329.000000 -0.002804
1330.000000 0.018896
1331.000000 0.022618
1332.000000 0.003458
1333.000000 0.022280
1334.000000 0.011615
1335.000000 0.013126
1336.000000 0.024334
1337.000000 0.010178
1338.000000 0.011687
1339.000000 0.022065
1340.000000 0.008509
1341.000000 0.016591
1342.000000 0.012664
1343.000000 0.004723
1344.000000 0.013369
1345.000000 0.008946
1346.000000 0.002255
1347.000000 0.009733
1348.000000 0.001801
1349.000000 0.004711
1350.000000 0.007987
1351.000000 0.000581
1352.000000 0.003464
1353.000000 0.005329
1354.000000 -0.000499
1355.000000 0.004575
1356.000000 0.000704
1357.000000 -0.001292
1358.000000 0.002966
1359.000000 -0.000411
1360.000000 -0.001569
1361.000000 0.001065
1362.000000 -0.003422
1363.000000 -0.000963
1364.000000 -0.000909
1365.000000 -0.004130
1366.000000 -0.001699
1367.000000 -0.001844
1368.000000 -0.003289
1369.000000 -0.000305
1370.000000 -0.002277
1371.000000 -0.001463
1372.000000 0.000872
1373.000000 -0.000559
1374.000000 0.000087
1375.000000 0.000940
1376.000000 -0.000885
1377.000000 0.000818
1378.000000 0.000155
1379.000000 -0.000787
1380.000000 0.000957
1381.000000 0.000731
1382.000000 0.000424
1383.000000 0.001194
1384.000000 -0.000057
1385.000000 0.000470
1386.000000 0.000661
1387.000000 -0.000639
1388.000000 -0.000606
1389.000000 -0.000708
1390.000000 -0.001390
1391.000000 -0.000546
1392.000000 -0.001143
1393.000000 -0.001166
1394.000000 -0.000229
1395.000000 -0.000125
1396.000000 0.000184
1397.000000 0.000702
1398.000000 0.000209
1399.000000 0.000806
1400.000000 0.001002
1401.000000 0.000480
1402.000000 0.000617
1403.000000 0.000601
1404.000000 0.000678
1405.000000 0.001390
1406.000000 0.001349
1407.000000 0.001758
1408.000000 0.002165
1409.000000 0.002080
1410.000000 0.002161
1411.000000 0.002399
1412.000000 0.001873
1413.000000 0.001823
1414.000000 0.001473
1415.000000 0.001480
1416.000000 0.001882
1417.000000 0.002034
1418.000000 0.002144
1419.000000 0.002682
1420.000000 0.002605
1421.000000 0.003093
1422.000000 0.003334
1423.000000 0.003116
1424.000000 0.003145
1425.000000 0.002749
1426.000000 0.001866
1427.000000 0.001122
1428.000000 0.000025
1429.000000 -0.000681
1430.000000 -0.001313
1431.000000 -0.002362
1432.000000 -0.002879
1433.000000 -0.003332
1434.000000 -0.003965
1435.000000 -0.004628
1436.000000 -0.005875
1437.000000 -0.007030
1438.000000 -0.007802
1439.000000 -0.008846
1440.000000 -0.009783
1441.000000 -0.010470
1442.000000 -0.011188
1443.000000 -0.011062
1444.000000 -0.010787
1445.000000 -0.010246
1446.000000 -0.009273
1447.000000 -0.008257
1448.000000 -0.007347
1449.000000 -0.006254
1450.000000 -0.005695
1451.000000 -0.005100
1452.000000 -0.004731
1453.000000 -0.004164
1454.000000 -0.003830
1455.000000 -0.003391
1456.000000 -0.003178
1457.000000 -0.002541
1458.000000 -0.002064
1459.000000 -0.001392
1460.000000 -0.001074
1461.000000 -0.000580
1462.000000 -0.000062
1463.000000 0.000383
1464.000000 0.000647
1465.000000 0.000920
1466.000000 0.001122
1467.000000 0.001436
1468.000000 0.001506
1469.000000 0.001630
1470.000000 0.001770
1471.000000 0.002169
1472.000000 0.002809
1473.000000 0.003661
1474.000000 0.004391
1475.000000 0.005354
1476.000000 0.006329
1477.000000 0.006876
1478.000000 0.006788
1479.000000 0.006553
1480.000000 0.005969
1481.000000 0.005630
1482.000000 0.004598
1483.000000 0.003218
1484.000000 0.001788
1485.000000 0.000598
1486.000000 -0.000754
1487.000000 -0.001723
1488.000000 -0.002568
1489.000000 -0.002851
1490.000000 -0.002780
1491.000000 -0.002662
1492.000000 -0.002496
1493.000000 -0.001983
1494.000000 -0.001623
1495.000000 -0.001297
1496.000000 -0.001597
1497.000000 -0.001986
1498.000000 -0.002210
1499.000000 -0.002331
1500.000000 -0.002034
1501.000000 -0.001363
1502.000000 -0.000688
1503.000000 0.000313
1504.000000 0.000976
1505.000000 0.001913
1506.000000 0.002786
1507.000000 0.003337
1508.000000 0.004079
1509.000000 0.004535
1510.000000 0.004346
1511.000000 0.004441
1512.000000 0.004088
1513.000000 0.003227
1514.000000 0.002660
1515.000000 0.001696
1516.000000 0.000709
1517.000000 0.000465
1518.000000 0.000116
1519.000000 -0.000236
1520.000000 -0.000492
1521.000000 -0.000624
1522.000000 -0.000419
1523.000000 -0.000196
1524.000000 -0.000298
1525.000000 -0.000496
1526.000000 -0.000665
1527.000000 -0.001019
1528.000000 -0.001233
1529.000000 -0.001857
1530.000000 -0.002442
1531.000000 -0.002772
1532.000000 -0.003021
1533.000000 -0.003280
1534.000000 -0.003467
1535.000000 -0.003490
1536.000000 -0.003109
1537.000000 -0.003093
1538.000000 -0.002978
1539.000000 -0.003020
1540.000000 -0.003149
1541.000000 -0.003719
1542.000000 -0.004683
1543.000000 -0.005549
1544.000000 -0.006397
1545.000000 -0.007129
1546.000000 -0.007487
1547.000000 -0.007365
1548.000000 -0.006640
1549.000000 -0.005408
1550.000000 -0.004156
1551.000000 -0.002919
1552.000000 -0.001910
1553.000000 -0.001190
1554.000000 -0.000770
1555.000000 -0.000457
1556.000000 -0.000706
1557.000000 -0.000653
1558.000000 -0.000495
1559.000000 -0.000310
1560.000000 0.000144
1561.000000 0.000586
1562.000000 0.000618
1563.000000 0.000621
1564.000000 0.000414
1565.000000 0.000211
1566.000000 -0.000014
1567.000000 0.000197
1568.000000 0.000420
1569.000000 0.000575
1570.000000 0.000651
1571.000000 0.000679
1572.000000 0.000565
1573.000000 0.000455
1574.000000 0.000142
1575.000000 0.000184
1576.000000 0.000468
1577.000000 0.001165
1578.000000 0.001775
1579.000000 0.002471
1580.000000 0.002990
1581.000000 0.003633
1582.000000 0.003700
1583.000000 0.003669
1584.000000 0.003336
1585.000000 0.002772
1586.000000 0.002180
1587.000000 0.001841
1588.000000 0.000980
1589.000000 0.000744
1590.000000 0.000330
1591.000000 0.000336
1592.000000 0.000390
1593.000000 0.000435
1594.000000 0.000558
1595.000000 0.001713
1596.000000 0.002064
1597.000000 0.002611
1598.000000 0.003021
1599.000000 0.003631
1600.000000 0.004348
