1.000000 0.000000
2.000000 0.000000
3.000000 0.000000
4.000000 0.000000
5.000000 0.000000
6.000000 0.000000
7.000000 0.000000
8.000000 0.000000
9.000000 -0.001702
10.000000 0.000397
11.000000 0.003665
12.000000 0.005855
13.000000 0.009109
14.000000 0.012074
15.000000 0.752070
16.000000 0.984967
17.000000 0.941809
18.000000 0.783082
19.000000 0.629002
20.000000 0.521647
21.000000 0.456520
22.000000 0.415243
23.000000 0.406143
24.000000 0.408519
25.000000 0.408803
26.000000 0.393873
27.000000 0.364706
28.000000 0.329042
29.000000 0.296339
30.000000 0.274661
31.000000 0.259820
32.000000 0.246149
33.000000 0.238627
34.000000 0.237979
35.000000 0.241366
36.000000 0.247614
37.000000 0.253068
38.000000 0.255176
39.000000 0.258868
40.000000 0.261093
41.000000 0.258969
42.000000 0.254601
43.000000 0.248981
44.000000 0.241831
45.000000 0.232986
46.000000 0.225405
47.000000 0.219322
48.000000 0.220007
49.000000 0.222825
50.000000 0.230421
51.000000 0.238297
52.000000 0.245129
53.000000 0.251976
54.000000 0.257152
55.000000 0.258907
56.000000 0.259020
57.000000 0.260523
58.000000 0.265719
59.000000 0.270843
60.000000 0.277884
61.000000 0.286384
62.000000 0.293564
63.000000 0.302909
64.000000 0.311192
65.000000 0.321351
66.000000 0.325530
67.000000 0.325697
68.000000 0.323484
69.000000 0.320649
70.000000 0.314826
71.000000 0.308845
72.000000 0.301135
73.000000 0.292320
74.000000 0.289537
75.000000 0.289764
76.000000 0.292047
77.000000 0.289960
78.000000 0.289020
79.000000 0.287347
80.000000 0.286665
81.000000 0.288553
82.000000 0.290689
83.000000 0.295914
84.000000 0.303208
85.000000 0.306003
86.000000 0.307511
87.000000 0.309231
88.000000 0.312012
89.000000 0.311356
90.000000 0.304329
91.000000 0.298682
92.000000 0.296169
93.000000 0.289914
94.000000 0.283921
95.000000 0.283326
96.000000 0.284070
97.000000 0.286992
98.000000 0.294590
99.000000 0.301679
100.000000 0.305401
101.000000 0.309064
102.000000 0.315955
103.000000 0.327583
104.000000 0.335271
105.000000 0.337848
106.000000 0.335337
107.000000 0.333877
108.000000 0.331327
109.000000 0.331260
110.000000 0.334054
111.000000 0.337499
112.000000 0.339785
113.000000 0.342604
114.000000 0.342906
115.000000 0.341069
116.000000 0.337785
117.000000 0.329884
118.000000 0.324899
119.000000 0.320254
120.000000 0.316092
121.000000 0.314368
122.000000 0.315789
123.000000 0.321947
124.000000 0.330728
125.000000 0.342573
126.000000 0.352804
127.000000 0.358547
128.000000 0.359693
129.000000 0.359813
130.000000 0.359569
131.000000 0.359723
132.000000 0.357263
133.000000 0.354249
134.000000 0.351535
135.000000 0.348217
136.000000 0.343582
137.000000 0.346466
138.000000 0.354956
139.000000 0.362531
140.000000 0.364267
141.000000 0.363631
142.000000 0.360713
143.000000 0.360321
144.000000 0.365571
145.000000 0.370973
146.000000 0.372530
147.000000 0.372999
148.000000 0.372683
149.000000 0.372368
150.000000 0.370288
151.000000 0.365956
152.000000 0.363004
153.000000 0.353669
154.000000 0.343239
155.000000 0.334939
156.000000 0.330781
157.000000 0.326479
158.000000 0.322307
159.000000 0.318155
160.000000 0.310350
161.000000 0.302986
162.000000 0.299230
163.000000 0.298838
164.000000 0.302565
165.000000 0.310811
166.000000 0.316791
167.000000 0.317159
168.000000 0.314030
169.000000 0.305760
170.000000 0.301054
171.000000 0.302112
172.000000 0.303143
173.000000 0.299107
174.000000 0.293311
175.000000 0.287578
176.000000 0.280318
177.000000 0.272590
178.000000 0.267174
179.000000 0.265332
180.000000 0.264364
181.000000 0.265087
182.000000 0.269590
183.000000 0.274240
184.000000 0.276760
185.000000 0.276570
186.000000 0.272551
187.000000 0.269022
188.000000 0.265783
189.000000 0.266343
190.000000 0.262461
191.000000 0.256838
192.000000 0.253225
193.000000 0.252907
194.000000 0.252492
195.000000 0.254234
196.000000 0.256836
197.000000 0.260876
198.000000 0.265001
199.000000 0.266251
200.000000 0.266585
201.000000 0.265996
202.000000 0.268567
203.000000 0.269354
204.000000 0.268912
205.000000 0.265559
206.000000 0.263223
207.000000 0.259939
208.000000 0.257198
209.000000 0.252444
210.000000 0.247044
211.000000 0.241300
212.000000 0.233679
213.000000 0.227713
214.000000 0.223139
215.000000 0.222124
216.000000 0.222895
217.000000 0.232036
218.000000 0.245230
219.000000 0.257162
220.000000 0.269069
221.000000 0.280036
222.000000 0.291225
223.000000 0.299809
224.000000 0.305440
225.000000 0.308344
226.000000 0.310194
227.000000 0.313924
228.000000 0.317883
229.000000 0.324785
230.000000 0.332449
231.000000 0.337104
232.000000 0.342330
233.000000 0.346089
234.000000 0.343050
235.000000 0.334420
236.000000 0.324695
237.000000 0.316933
238.000000 0.313967
239.000000 0.313307
240.000000 0.312869
241.000000 0.312919
242.000000 0.313211
243.000000 0.314587
244.000000 0.314026
245.000000 0.309799
246.000000 0.309056
247.000000 0.309126
248.000000 0.307834
249.000000 0.309262
250.000000 0.311258
251.000000 0.314065
252.000000 0.316227
253.000000 0.313775
254.000000 0.307335
255.000000 0.295522
256.000000 0.281869
257.000000 0.271043
258.000000 0.259045
259.000000 0.250436
260.000000 0.246552
261.000000 0.247265
262.000000 0.244905
263.000000 0.241843
264.000000 0.240215
265.000000 0.236806
266.000000 0.237361
267.000000 0.238505
268.000000 0.240517
269.000000 0.244935
270.000000 0.252217
271.000000 0.259548
272.000000 0.263453
273.000000 0.266418
274.000000 0.270990
275.000000 0.273121
276.000000 0.273839
277.000000 0.270479
278.000000 0.265321
279.000000 0.259991
280.000000 0.256044
281.000000 0.254295
282.000000 0.254289
283.000000 0.259049
284.000000 0.265851
285.000000 0.277212
286.000000 0.286464
287.000000 0.293566
288.000000 0.305487
289.000000 0.318683
290.000000 0.326159
291.000000 0.324623
292.000000 0.320395
293.000000 0.314285
294.000000 0.309223
295.000000 0.303050
296.000000 0.299049
297.000000 0.296329
298.000000 0.295264
299.000000 0.292514
300.000000 0.288617
301.000000 0.285519
302.000000 0.285267
303.000000 0.290031
304.000000 0.295347
305.000000 0.296888
306.000000 0.291255
307.000000 0.283089
308.000000 0.278152
309.000000 0.276116
310.000000 0.274761
311.000000 0.276641
312.000000 0.279177
313.000000 0.282743
314.000000 0.286491
315.000000 0.288905
316.000000 0.290471
317.000000 0.293115
318.000000 0.298313
319.000000 0.304835
320.000000 0.312434
321.000000 0.317176
322.000000 0.320569
323.000000 0.320956
324.000000 0.318367
325.000000 0.315802
326.000000 0.318500
327.000000 0.320592
328.000000 0.320991
329.000000 0.319506
330.000000 0.312287
331.000000 0.306934
332.000000 0.299221
333.000000 0.294286
334.000000 0.294310
335.000000 0.298780
336.000000 0.302012
337.000000 0.305632
338.000000 0.306414
339.000000 0.305429
340.000000 0.305657
341.000000 0.304538
342.000000 0.300733
343.000000 0.293515
344.000000 0.290917
345.000000 0.292809
346.000000 0.295774
347.000000 0.300922
348.000000 0.302409
349.000000 0.301897
350.000000 0.301522
351.000000 0.300747
352.000000 0.301263
353.000000 0.300366
354.000000 0.300627
355.000000 0.302013
356.000000 0.302189
357.000000 0.302969
358.000000 0.305885
359.000000 0.309668
360.000000 0.313822
361.000000 0.317402
362.000000 0.318977
363.000000 0.320793
364.000000 0.320242
365.000000 0.316872
366.000000 0.313702
367.000000 0.310363
368.000000 0.307914
369.000000 0.304828
370.000000 0.302671
371.000000 0.300126
372.000000 0.297102
373.000000 0.292995
374.000000 0.290673
375.000000 0.292823
376.000000 0.295683
377.000000 0.297273
378.000000 0.301624
379.000000 0.304173
380.000000 0.302620
381.000000 0.300864
382.000000 0.301728
383.000000 0.304899
384.000000 0.310477
385.000000 0.316709
386.000000 0.321016
387.000000 0.323369
388.000000 0.321050
389.000000 0.318636
390.000000 0.319424
391.000000 0.321646
392.000000 0.320961
393.000000 0.316033
394.000000 0.313321
395.000000 0.314115
396.000000 0.312996
397.000000 0.308538
398.000000 0.306997
399.000000 0.311003
400.000000 0.313864
401.000000 0.375257
402.000000 0.174227
403.000000 -0.140279
404.000000 -0.453513
405.000000 -0.694614
406.000000 -0.835247
407.000000 -0.891255
408.000000 -0.891931
409.000000 -0.811728
410.000000 -0.672337
411.000000 -0.510386
412.000000 -0.357464
413.000000 -0.235475
414.000000 -0.148295
415.000000 -0.092992
416.000000 -0.069346
417.000000 -0.070655
418.000000 -0.091639
419.000000 -0.120376
420.000000 -0.145607
421.000000 -0.164968
422.000000 -0.176642
423.000000 -0.182094
424.000000 -0.181465
425.000000 -0.177122
426.000000 -0.174086
427.000000 -0.174654
428.000000 -0.177909
429.000000 -0.181317
430.000000 -0.181076
431.000000 -0.178444
432.000000 -0.174503
433.000000 -0.171458
434.000000 -0.168568
435.000000 -0.166620
436.000000 -0.167822
437.000000 -0.173718
438.000000 -0.180759
439.000000 -0.183165
440.000000 -0.179582
441.000000 -0.173115
442.000000 -0.167835
443.000000 -0.165034
444.000000 -0.164247
445.000000 -0.161205
446.000000 -0.154667
447.000000 -0.150643
448.000000 -0.148273
449.000000 -0.146401
450.000000 -0.141460
451.000000 -0.137559
452.000000 -0.134812
453.000000 -0.132571
454.000000 -0.133778
455.000000 -0.134508
456.000000 -0.131899
457.000000 -0.128300
458.000000 -0.132311
459.000000 -0.138802
460.000000 -0.142604
461.000000 -0.142421
462.000000 -0.141266
463.000000 -0.142074
464.000000 -0.140668
465.000000 -0.139825
466.000000 -0.138466
467.000000 -0.139025
468.000000 -0.140692
469.000000 -0.142858
470.000000 -0.147757
471.000000 -0.152433
472.000000 -0.152015
473.000000 -0.153344
474.000000 -0.155702
475.000000 -0.158784
476.000000 -0.162505
477.000000 -0.165492
478.000000 -0.163208
479.000000 -0.159618
480.000000 -0.153933
481.000000 -0.151120
482.000000 -0.147682
483.000000 -0.147700
484.000000 -0.148059
485.000000 -0.143814
486.000000 -0.138141
487.000000 -0.136147
488.000000 -0.137224
489.000000 -0.136986
490.000000 -0.137219
491.000000 -0.131139
492.000000 -0.129607
493.000000 -0.132821
494.000000 -0.142298
495.000000 -0.148451
496.000000 -0.152790
497.000000 -0.157342
498.000000 -0.158997
499.000000 -0.157564
500.000000 -0.150043
501.000000 -0.500075
502.000000 -0.663431
503.000000 -0.721076
504.000000 -0.720883
505.000000 -0.700892
506.000000 -0.679288
507.000000 -0.657672
508.000000 -0.635033
509.000000 -0.608569
510.000000 -0.577030
511.000000 -0.540793
512.000000 -0.500738
513.000000 -0.462879
514.000000 -0.433204
515.000000 -0.411509
516.000000 -0.402402
517.000000 -0.398277
518.000000 -0.395418
519.000000 -0.399361
520.000000 -0.407488
521.000000 -0.414380
522.000000 -0.419651
523.000000 -0.422371
524.000000 -0.422342
525.000000 -0.421369
526.000000 -0.419313
527.000000 -0.413465
528.000000 -0.404357
529.000000 -0.396177
530.000000 -0.393942
531.000000 -0.396478
532.000000 -0.398236
533.000000 -0.398656
534.000000 -0.399309
535.000000 -0.397297
536.000000 -0.394137
537.000000 -0.390329
538.000000 -0.388137
539.000000 -0.388007
540.000000 -0.390429
541.000000 -0.391616
542.000000 -0.391253
543.000000 -0.388631
544.000000 -0.386125
545.000000 -0.384725
546.000000 -0.382944
547.000000 -0.386175
548.000000 -0.386722
549.000000 -0.382263
550.000000 -0.372991
551.000000 -0.364273
552.000000 -0.356401
553.000000 -0.348142
554.000000 -0.342393
555.000000 -0.336959
556.000000 -0.331217
557.000000 -0.326787
558.000000 -0.324304
559.000000 -0.321647
560.000000 -0.316446
561.000000 -0.308576
562.000000 -0.305240
563.000000 -0.303699
564.000000 -0.304055
565.000000 -0.303995
566.000000 -0.306518
567.000000 -0.310901
568.000000 -0.318860
569.000000 -0.329684
570.000000 -0.342253
571.000000 -0.355131
572.000000 -0.362158
573.000000 -0.364688
574.000000 -0.364241
575.000000 -0.365517
576.000000 -0.367433
577.000000 -0.367633
578.000000 -0.369138
579.000000 -0.368692
580.000000 -0.366710
581.000000 -0.361412
582.000000 -0.357580
583.000000 -0.354308
584.000000 -0.350465
585.000000 -0.346398
586.000000 -0.341929
587.000000 -0.338194
588.000000 -0.335533
589.000000 -0.338689
590.000000 -0.346799
591.000000 -0.355071
592.000000 -0.361490
593.000000 -0.365032
594.000000 -0.366931
595.000000 -0.370870
596.000000 -0.373245
597.000000 -0.374959
598.000000 -0.375444
599.000000 -0.374492
600.000000 -0.375910
601.000000 -0.380624
602.000000 -0.387101
603.000000 -0.390959
604.000000 -0.394516
605.000000 -0.397014
606.000000 -0.398085
607.000000 -0.397049
608.000000 -0.391891
609.000000 -0.384921
610.000000 -0.377681
611.000000 -0.375651
612.000000 -0.369911
613.000000 -0.360715
614.000000 -0.353611
615.000000 -0.344490
616.000000 -0.340670
617.000000 -0.340096
618.000000 -0.343109
619.000000 -0.346916
620.000000 -0.354750
621.000000 -0.361503
622.000000 -0.365809
623.000000 -0.368933
624.000000 -0.373336
625.000000 -0.380991
626.000000 -0.391208
627.000000 -0.398054
628.000000 -0.403374
629.000000 -0.406815
630.000000 -0.408264
631.000000 -0.410589
632.000000 -0.412393
633.000000 -0.414158
634.000000 -0.417019
635.000000 -0.419937
636.000000 -0.418225
637.000000 -0.416214
638.000000 -0.412700
639.000000 -0.408314
640.000000 -0.405336
641.000000 -0.400586
642.000000 -0.393512
643.000000 -0.387761
644.000000 -0.384163
645.000000 -0.379475
646.000000 -0.377611
647.000000 -0.377727
648.000000 -0.380381
649.000000 -0.383849
650.000000 -0.387570
651.000000 -0.390420
652.000000 -0.390185
653.000000 -0.390592
654.000000 -0.395895
655.000000 -0.401868
656.000000 -0.408492
657.000000 -0.410783
658.000000 -0.410519
659.000000 -0.410684
660.000000 -0.410649
661.000000 -0.409999
662.000000 -0.406610
663.000000 -0.399161
664.000000 -0.393026
665.000000 -0.387032
666.000000 -0.377567
667.000000 -0.367617
668.000000 -0.359932
669.000000 -0.358791
670.000000 -0.361081
671.000000 -0.361318
672.000000 -0.359185
673.000000 -0.351219
674.000000 -0.342765
675.000000 -0.338869
676.000000 -0.341075
677.000000 -0.343861
678.000000 -0.345532
679.000000 -0.349325
680.000000 -0.355533
681.000000 -0.362338
682.000000 -0.370202
683.000000 -0.377752
684.000000 -0.384293
685.000000 -0.392439
686.000000 -0.395781
687.000000 -0.391513
688.000000 -0.386768
689.000000 -0.383789
690.000000 -0.381831
691.000000 -0.381266
692.000000 -0.377573
693.000000 -0.374832
694.000000 -0.372021
695.000000 -0.372396
696.000000 -0.374753
697.000000 -0.377892
698.000000 -0.378121
699.000000 -0.375877
700.000000 -0.369254
701.000000 -0.359875
702.000000 -0.353310
703.000000 -0.347178
704.000000 -0.344986
705.000000 -0.348424
706.000000 -0.355717
707.000000 -0.359414
708.000000 -0.364439
709.000000 -0.367145
710.000000 -0.364724
711.000000 -0.358857
712.000000 -0.353938
713.000000 -0.352243
714.000000 -0.354353
715.000000 -0.357279
716.000000 -0.360951
717.000000 -0.363764
718.000000 -0.366668
719.000000 -0.368618
720.000000 -0.368451
721.000000 -0.367196
722.000000 -0.366827
723.000000 -0.371185
724.000000 -0.377425
725.000000 -0.380113
726.000000 -0.380954
727.000000 -0.381807
728.000000 -0.384221
729.000000 -0.385099
730.000000 -0.383056
731.000000 -0.382019
732.000000 -0.379133
733.000000 -0.375771
734.000000 -0.373497
735.000000 -0.374248
736.000000 -0.376775
737.000000 -0.376283
738.000000 -0.371601
739.000000 -0.367494
740.000000 -0.363146
741.000000 -0.360627
742.000000 -0.361304
743.000000 -0.364815
744.000000 -0.371874
745.000000 -0.375740
746.000000 -0.381203
747.000000 -0.383825
748.000000 -0.384654
749.000000 -0.384950
750.000000 -0.388784
751.000000 -0.394332
752.000000 -0.399102
753.000000 -0.398488
754.000000 -0.394529
755.000000 -0.392986
756.000000 -0.393167
757.000000 -0.390062
758.000000 -0.387127
759.000000 -0.386139
760.000000 -0.387163
761.000000 -0.383305
762.000000 -0.377806
763.000000 -0.373528
764.000000 -0.368267
765.000000 -0.361986
766.000000 -0.354747
767.000000 -0.344253
768.000000 -0.334830
769.000000 -0.331251
770.000000 -0.330141
771.000000 -0.329518
772.000000 -0.331061
773.000000 -0.337253
774.000000 -0.347058
775.000000 -0.352903
776.000000 -0.351107
777.000000 -0.348864
778.000000 -0.347948
779.000000 -0.346154
780.000000 -0.347487
781.000000 -0.351308
782.000000 -0.352488
783.000000 -0.355297
784.000000 -0.360335
785.000000 -0.364422
786.000000 -0.371580
787.000000 -0.374626
788.000000 -0.374762
789.000000 -0.373995
790.000000 -0.373780
791.000000 -0.369819
792.000000 -0.360635
793.000000 -0.348791
794.000000 -0.339340
795.000000 -0.333715
796.000000 -0.333123
797.000000 -0.338585
798.000000 -0.342277
799.000000 -0.344152
800.000000 -0.347564
801.000000 -0.038105
802.000000 0.286889
803.000000 0.589264
804.000000 0.825382
805.000000 0.980418
806.000000 1.062604
807.000000 1.080498
808.000000 1.054082
809.000000 0.960856
810.000000 0.817385
811.000000 0.645635
812.000000 0.477200
813.000000 0.331720
814.000000 0.221262
815.000000 0.143170
816.000000 0.095079
817.000000 0.074871
818.000000 0.079427
819.000000 0.098060
820.000000 0.118591
821.000000 0.142447
822.000000 0.164791
823.000000 0.181776
824.000000 0.193628
825.000000 0.197581
826.000000 0.196766
827.000000 0.189990
828.000000 0.181899
829.000000 0.172162
830.000000 0.166260
831.000000 0.163311
832.000000 0.161530
833.000000 0.163594
834.000000 0.169670
835.000000 0.179666
836.000000 0.179299
837.000000 0.174607
838.000000 0.170359
839.000000 0.166127
840.000000 0.163240
841.000000 0.161289
842.000000 0.163324
843.000000 0.167504
844.000000 0.173944
845.000000 0.179404
846.000000 0.184135
847.000000 0.189115
848.000000 0.194057
849.000000 0.195493
850.000000 0.193721
851.000000 0.192326
852.000000 0.190681
853.000000 0.190405
854.000000 0.191308
855.000000 0.193765
856.000000 0.196716
857.000000 0.202388
858.000000 0.209418
859.000000 0.217159
860.000000 0.225786
861.000000 0.230400
862.000000 0.231898
863.000000 0.235950
864.000000 0.241787
865.000000 0.248633
866.000000 0.251047
867.000000 0.249301
868.000000 0.242774
869.000000 0.237808
870.000000 0.234264
871.000000 0.234059
872.000000 0.231751
873.000000 0.229175
874.000000 0.224617
875.000000 0.217864
876.000000 0.212027
877.000000 0.205424
878.000000 0.199779
879.000000 0.195969
880.000000 0.196274
881.000000 0.201864
882.000000 0.205885
883.000000 0.209582
884.000000 0.218186
885.000000 0.227436
886.000000 0.236046
887.000000 0.243040
888.000000 0.248168
889.000000 0.251511
890.000000 0.257489
891.000000 0.257425
892.000000 0.258410
893.000000 0.258763
894.000000 0.257873
895.000000 0.259733
896.000000 0.263879
897.000000 0.267607
898.000000 0.269426
899.000000 0.264017
900.000000 0.254035
901.000000 0.238956
902.000000 0.227833
903.000000 0.220669
904.000000 0.218812
905.000000 0.219030
906.000000 0.221013
907.000000 0.222780
908.000000 0.224257
909.000000 0.224098
910.000000 0.221322
911.000000 0.215252
912.000000 0.209816
913.000000 0.203149
914.000000 0.200026
915.000000 0.199706
916.000000 0.199432
917.000000 0.195515
918.000000 0.191953
919.000000 0.190977
920.000000 0.188412
921.000000 0.183912
922.000000 0.178531
923.000000 0.172262
924.000000 0.163452
925.000000 0.156335
926.000000 0.151964
927.000000 0.151218
928.000000 0.152335
929.000000 0.155651
930.000000 0.161046
931.000000 0.167723
932.000000 0.175459
933.000000 0.177704
934.000000 0.175826
935.000000 0.174109
936.000000 0.175647
937.000000 0.179316
938.000000 0.180890
939.000000 0.184155
940.000000 0.189111
941.000000 0.190924
942.000000 0.189569
943.000000 0.191231
944.000000 0.196738
945.000000 0.202919
946.000000 0.208803
947.000000 0.216002
948.000000 0.221861
949.000000 0.225627
950.000000 0.226830
951.000000 0.224611
952.000000 0.223980
953.000000 0.226279
954.000000 0.226701
955.000000 0.225703
956.000000 0.225441
957.000000 0.227585
958.000000 0.228058
959.000000 0.227413
960.000000 0.225436
961.000000 0.224870
962.000000 0.220438
963.000000 0.212466
964.000000 0.204089
965.000000 0.196491
966.000000 0.189179
967.000000 0.180620
968.000000 0.176738
969.000000 0.179072
970.000000 0.184697
971.000000 0.189707
972.000000 0.192543
973.000000 0.195472
974.000000 0.201207
975.000000 0.204950
976.000000 0.207826
977.000000 0.209587
978.000000 0.209838
979.000000 0.206259
980.000000 0.206594
981.000000 0.208606
982.000000 0.210800
983.000000 0.212851
984.000000 0.213920
985.000000 0.210895
986.000000 0.209880
987.000000 0.213949
988.000000 0.217762
989.000000 0.224828
990.000000 0.231707
991.000000 0.238364
992.000000 0.238011
993.000000 0.233698
994.000000 0.228551
995.000000 0.223068
996.000000 0.221160
997.000000 0.221914
998.000000 0.224944
999.000000 0.226155
1000.000000 0.227431
1001.000000 0.228294
1002.000000 0.231495
1003.000000 0.231150
1004.000000 0.226221
1005.000000 0.223779
1006.000000 0.223526
1007.000000 0.225072
1008.000000 0.225979
1009.000000 0.225036
1010.000000 0.225956
1011.000000 0.227433
1012.000000 0.229606
1013.000000 0.228604
1014.000000 0.226513
1015.000000 0.224567
1016.000000 0.227451
1017.000000 0.229274
1018.000000 0.229579
1019.000000 0.229897
1020.000000 0.228646
1021.000000 0.224331
1022.000000 0.215424
1023.000000 0.203726
1024.000000 0.194660
1025.000000 0.186438
1026.000000 0.180559
1027.000000 0.180717
1028.000000 0.184099
1029.000000 0.190774
1030.000000 0.191891
1031.000000 0.183591
1032.000000 0.171589
1033.000000 0.164295
1034.000000 0.160028
1035.000000 0.160973
1036.000000 0.161836
1037.000000 0.161403
1038.000000 0.163080
1039.000000 0.168120
1040.000000 0.175161
1041.000000 0.181027
1042.000000 0.182009
1043.000000 0.175971
1044.000000 0.169632
1045.000000 0.167274
1046.000000 0.168867
1047.000000 0.171018
1048.000000 0.173242
1049.000000 0.180548
1050.000000 0.188049
1051.000000 0.193366
1052.000000 0.193056
1053.000000 0.190552
1054.000000 0.181065
1055.000000 0.169755
1056.000000 0.160357
1057.000000 0.154110
1058.000000 0.150041
1059.000000 0.146165
1060.000000 0.145361
1061.000000 0.146348
1062.000000 0.147613
1063.000000 0.142156
1064.000000 0.139210
1065.000000 0.138037
1066.000000 0.138047
1067.000000 0.142481
1068.000000 0.148218
1069.000000 0.156911
1070.000000 0.166628
1071.000000 0.172765
1072.000000 0.177619
1073.000000 0.180950
1074.000000 0.180151
1075.000000 0.178363
1076.000000 0.175445
1077.000000 0.172011
1078.000000 0.169549
1079.000000 0.166878
1080.000000 0.163701
1081.000000 0.161793
1082.000000 0.161032
1083.000000 0.164096
1084.000000 0.166874
1085.000000 0.174671
1086.000000 0.181736
1087.000000 0.188792
1088.000000 0.194235
1089.000000 0.198213
1090.000000 0.198301
1091.000000 0.196715
1092.000000 0.193997
1093.000000 0.192045
1094.000000 0.192124
1095.000000 0.192554
1096.000000 0.188709
1097.000000 0.179587
1098.000000 0.169720
1099.000000 0.161531
1100.000000 0.155294
1101.000000 0.155323
1102.000000 0.160755
1103.000000 0.166564
1104.000000 0.170816
1105.000000 0.171925
1106.000000 0.174748
1107.000000 0.182134
1108.000000 0.188830
1109.000000 0.195216
1110.000000 0.200815
1111.000000 0.208743
1112.000000 0.216627
1113.000000 0.224718
1114.000000 0.226100
1115.000000 0.222629
1116.000000 0.217890
1117.000000 0.217033
1118.000000 0.215728
1119.000000 0.211647
1120.000000 0.202134
1121.000000 0.188428
1122.000000 0.179831
1123.000000 0.176838
1124.000000 0.173747
1125.000000 0.171146
1126.000000 0.165457
1127.000000 0.161624
1128.000000 0.160424
1129.000000 0.159685
1130.000000 0.158749
1131.000000 0.157730
1132.000000 0.159161
1133.000000 0.165545
1134.000000 0.174085
1135.000000 0.178374
1136.000000 0.179280
1137.000000 0.178161
1138.000000 0.179369
1139.000000 0.181428
1140.000000 0.185200
1141.000000 0.191940
1142.000000 0.196474
1143.000000 0.195889
1144.000000 0.196362
1145.000000 0.196449
1146.000000 0.200568
1147.000000 0.203450
1148.000000 0.204739
1149.000000 0.204540
1150.000000 0.202799
1151.000000 0.199526
1152.000000 0.194155
1153.000000 0.188070
1154.000000 0.188288
1155.000000 0.192380
1156.000000 0.198514
1157.000000 0.203400
1158.000000 0.202938
1159.000000 0.199749
1160.000000 0.194767
1161.000000 0.194283
1162.000000 0.193788
1163.000000 0.196024
1164.000000 0.197140
1165.000000 0.195184
1166.000000 0.192431
1167.000000 0.184846
1168.000000 0.176711
1169.000000 0.172025
1170.000000 0.171220
1171.000000 0.175792
1172.000000 0.182359
1173.000000 0.185240
1174.000000 0.188303
1175.000000 0.189428
1176.000000 0.193000
1177.000000 0.197789
1178.000000 0.203191
1179.000000 0.206841
1180.000000 0.208773
1181.000000 0.209495
1182.000000 0.214523
1183.000000 0.216381
1184.000000 0.219485
1185.000000 0.220462
1186.000000 0.215621
1187.000000 0.211250
1188.000000 0.206094
1189.000000 0.199258
1190.000000 0.190381
1191.000000 0.180944
1192.000000 0.171193
1193.000000 0.160245
1194.000000 0.151791
1195.000000 0.150627
1196.000000 0.153880
1197.000000 0.157877
1198.000000 0.157830
1199.000000 0.155952
1200.000000 0.149716
1201.000000 0.117679
1202.000000 0.219176
1203.000000 0.375859
1204.000000 0.526051
1205.000000 0.641736
1206.000000 0.713597
1207.000000 0.746842
1208.000000 0.749326
1209.000000 0.711912
1210.000000 0.641373
1211.000000 0.560848
1212.000000 0.484582
1213.000000 0.425381
1214.000000 0.383030
1215.000000 0.356615
1216.000000 0.349806
1217.000000 0.356508
1218.000000 0.371802
1219.000000 0.388471
1220.000000 0.404516
1221.000000 0.415906
1222.000000 0.424294
1223.000000 0.432447
1224.000000 0.434648
1225.000000 0.439876
1226.000000 0.444036
1227.000000 0.450412
1228.000000 0.457367
1229.000000 0.460871
1230.000000 0.460266
1231.000000 0.456531
1232.000000 0.451639
1233.000000 0.443271
1234.000000 0.434122
1235.000000 0.426164
1236.000000 0.420629
1237.000000 0.416383
1238.000000 0.412896
1239.000000 0.409320
1240.000000 0.402488
1241.000000 0.393225
1242.000000 0.392954
1243.000000 0.395252
1244.000000 0.400697
1245.000000 0.405096
1246.000000 0.406900
1247.000000 0.404898
1248.000000 0.401565
1249.000000 0.401414
1250.000000 0.401376
1251.000000 0.398957
1252.000000 0.392980
1253.000000 0.387425
1254.000000 0.383328
1255.000000 0.379644
1256.000000 0.374438
1257.000000 0.367041
1258.000000 0.357494
1259.000000 0.352166
1260.000000 0.347479
1261.000000 0.343430
1262.000000 0.339237
1263.000000 0.342267
1264.000000 0.346737
1265.000000 0.350591
1266.000000 0.354084
1267.000000 0.358400
1268.000000 0.363078
1269.000000 0.366730
1270.000000 0.371631
1271.000000 0.379639
1272.000000 0.384390
1273.000000 0.388861
1274.000000 0.394010
1275.000000 0.401287
1276.000000 0.407780
1277.000000 0.412957
1278.000000 0.412524
1279.000000 0.410739
1280.000000 0.410428
1281.000000 0.415117
1282.000000 0.420772
1283.000000 0.423540
1284.000000 0.422443
1285.000000 0.419885
1286.000000 0.418008
1287.000000 0.415833
1288.000000 0.412984
1289.000000 0.412365
1290.000000 0.413981
1291.000000 0.415051
1292.000000 0.416629
1293.000000 0.418555
1294.000000 0.420515
1295.000000 0.421272
1296.000000 0.419689
1297.000000 0.416778
1298.000000 0.410425
1299.000000 0.401314
1300.000000 0.389653
1301.000000 0.737686
1302.000000 0.899902
1303.000000 0.950729
1304.000000 0.944729
1305.000000 0.925503
1306.000000 0.906181
1307.000000 0.890256
1308.000000 0.870443
1309.000000 0.844780
1310.000000 0.815285
1311.000000 0.781384
1312.000000 0.743039
1313.000000 0.707506
1314.000000 0.675477
1315.000000 0.648428
1316.000000 0.631660
1317.000000 0.624337
1318.000000 0.624495
1319.000000 0.629258
1320.000000 0.633131
1321.000000 0.635938
1322.000000 0.639033
1323.000000 0.644645
1324.000000 0.651476
1325.000000 0.655679
1326.000000 0.655247
1327.000000 0.649177
1328.000000 0.642320
1329.000000 0.635687
1330.000000 0.628019
1331.000000 0.618986
1332.000000 0.609719
1333.000000 0.600451
1334.000000 0.594382
1335.000000 0.589801
1336.000000 0.586658
1337.000000 0.587087
1338.000000 0.589960
1339.000000 0.591221
1340.000000 0.595428
1341.000000 0.601367
1342.000000 0.606681
1343.000000 0.613045
1344.000000 0.619688
1345.000000 0.625416
1346.000000 0.631729
1347.000000 0.635385
1348.000000 0.636733
1349.000000 0.641213
1350.000000 0.643425
1351.000000 0.640607
1352.000000 0.633921
1353.000000 0.626531
1354.000000 0.612934
1355.000000 0.601118
1356.000000 0.591261
1357.000000 0.583437
1358.000000 0.575992
1359.000000 0.568558
1360.000000 0.561645
1361.000000 0.558621
1362.000000 0.557597
1363.000000 0.559592
1364.000000 0.560746
1365.000000 0.565114
1366.000000 0.571885
1367.000000 0.580726
1368.000000 0.590245
1369.000000 0.599375
1370.000000 0.607467
1371.000000 0.614610
1372.000000 0.616967
1373.000000 0.616636
1374.000000 0.613071
1375.000000 0.610844
1376.000000 0.609533
1377.000000 0.609561
1378.000000 0.608070
1379.000000 0.604616
1380.000000 0.599701
1381.000000 0.596963
1382.000000 0.599961
1383.000000 0.606300
1384.000000 0.610298
1385.000000 0.607870
1386.000000 0.606117
1387.000000 0.604133
1388.000000 0.598477
1389.000000 0.598507
1390.000000 0.600587
1391.000000 0.603328
1392.000000 0.609559
1393.000000 0.614211
1394.000000 0.616467
1395.000000 0.617764
1396.000000 0.619207
1397.000000 0.622639
1398.000000 0.627611
1399.000000 0.630059
1400.000000 0.631189
1401.000000 0.632508
1402.000000 0.635527
1403.000000 0.638103
1404.000000 0.636360
1405.000000 0.634494
1406.000000 0.635675
1407.000000 0.637359
1408.000000 0.638517
1409.000000 0.640186
1410.000000 0.645447
1411.000000 0.651368
1412.000000 0.655368
1413.000000 0.660567
1414.000000 0.664686
1415.000000 0.664156
1416.000000 0.660569
1417.000000 0.654727
1418.000000 0.647028
1419.000000 0.638251
1420.000000 0.628844
1421.000000 0.624170
1422.000000 0.620475
1423.000000 0.612912
1424.000000 0.602721
1425.000000 0.594907
1426.000000 0.587735
1427.000000 0.584798
1428.000000 0.580595
1429.000000 0.581577
1430.000000 0.584237
1431.000000 0.589661
1432.000000 0.594189
1433.000000 0.598333
1434.000000 0.602710
1435.000000 0.610404
1436.000000 0.619004
1437.000000 0.623583
1438.000000 0.624137
1439.000000 0.624093
1440.000000 0.624915
1441.000000 0.624821
1442.000000 0.622552
1443.000000 0.617874
1444.000000 0.614207
1445.000000 0.616120
1446.000000 0.616773
1447.000000 0.616653
1448.000000 0.613762
1449.000000 0.607688
1450.000000 0.600406
1451.000000 0.596189
1452.000000 0.596153
1453.000000 0.596755
1454.000000 0.596519
1455.000000 0.598901
1456.000000 0.605036
1457.000000 0.614970
1458.000000 0.630364
1459.000000 0.646167
1460.000000 0.663238
1461.000000 0.675298
1462.000000 0.683533
1463.000000 0.688883
1464.000000 0.695941
1465.000000 0.699542
1466.000000 0.697506
1467.000000 0.689939
1468.000000 0.684106
1469.000000 0.681625
1470.000000 0.678448
1471.000000 0.675170
1472.000000 0.669654
1473.000000 0.662152
1474.000000 0.657123
1475.000000 0.651031
1476.000000 0.644838
1477.000000 0.641258
1478.000000 0.637681
1479.000000 0.637267
1480.000000 0.637805
1481.000000 0.640253
1482.000000 0.640968
1483.000000 0.639927
1484.000000 0.641397
1485.000000 0.646483
1486.000000 0.650067
1487.000000 0.645677
1488.000000 0.638472
1489.000000 0.629580
1490.000000 0.617293
1491.000000 0.607548
1492.000000 0.601172
1493.000000 0.598257
1494.000000 0.595799
1495.000000 0.589212
1496.000000 0.580992
1497.000000 0.575327
1498.000000 0.572995
1499.000000 0.571093
1500.000000 0.568098
1501.000000 0.566906
1502.000000 0.568877
1503.000000 0.573963
1504.000000 0.579532
1505.000000 0.583597
1506.000000 0.583076
1507.000000 0.582083
1508.000000 0.582496
1509.000000 0.579978
1510.000000 0.580491
1511.000000 0.583151
1512.000000 0.590181
1513.000000 0.599332
1514.000000 0.610704
1515.000000 0.618688
1516.000000 0.627203
1517.000000 0.635075
1518.000000 0.643427
1519.000000 0.652882
1520.000000 0.656589
1521.000000 0.660152
1522.000000 0.663740
1523.000000 0.667885
1524.000000 0.670018
1525.000000 0.673221
1526.000000 0.676408
1527.000000 0.674839
1528.000000 0.672761
1529.000000 0.668009
1530.000000 0.663447
1531.000000 0.658679
1532.000000 0.653382
1533.000000 0.653298
1534.000000 0.654571
1535.000000 0.656032
1536.000000 0.659877
1537.000000 0.662617
1538.000000 0.661405
1539.000000 0.660936
1540.000000 0.658239
1541.000000 0.656853
1542.000000 0.659178
1543.000000 0.660639
1544.000000 0.659830
1545.000000 0.655566
1546.000000 0.650964
1547.000000 0.647943
1548.000000 0.643524
1549.000000 0.641871
1550.000000 0.643572
1551.000000 0.646357
1552.000000 0.649435
1553.000000 0.651674
1554.000000 0.655438
1555.000000 0.658802
1556.000000 0.658200
1557.000000 0.658077
1558.000000 0.661833
1559.000000 0.667876
1560.000000 0.673117
1561.000000 0.676228
1562.000000 0.675097
1563.000000 0.671424
1564.000000 0.666206
1565.000000 0.658889
1566.000000 0.652106
1567.000000 0.648852
1568.000000 0.649192
1569.000000 0.650215
1570.000000 0.650084
1571.000000 0.647680
1572.000000 0.646035
1573.000000 0.646691
1574.000000 0.649210
1575.000000 0.650894
1576.000000 0.651194
1577.000000 0.648864
1578.000000 0.647574
1579.000000 0.650357
1580.000000 0.653803
1581.000000 0.658963
1582.000000 0.662375
1583.000000 0.662855
1584.000000 0.663765
1585.000000 0.664571
1586.000000 0.664796
1587.000000 0.665536
1588.000000 0.665445
1589.000000 0.664825
1590.000000 0.664344
1591.000000 0.661880
1592.000000 0.660128
1593.000000 0.656964
1594.000000 0.654078
1595.000000 0.651532
1596.000000 0.649354
1597.000000 0.646822
1598.000000 0.640152
1599.000000 0.634252
1600.000000 0.625858
