1.000000 0.009766
2.000000 -0.005664
3.000000 0.011770
4.000000 0.014735
5.000000 0.009141
6.000000 -0.014978
7.000000 -0.003385
8.000000 0.002609
9.000000 0.004347
10.000000 0.004178
11.000000 -0.027736
12.000000 0.004800
13.000000 -0.012714
14.000000 0.013174
15.000000 -0.000767
16.000000 -0.047561
17.000000 -0.004504
18.000000 -0.020096
19.000000 -0.011196
20.000000 0.017660
21.000000 0.011886
22.000000 0.012471
23.000000 0.007536
24.000000 0.001194
25.000000 0.011134
26.000000 -0.024838
27.000000 -0.017394
28.000000 -0.014345
29.000000 0.024344
30.000000 -0.003219
31.000000 -0.017170
32.000000 0.001213
33.000000 -0.018973
34.000000 -0.003730
35.000000 0.014663
36.000000 -0.009048
37.000000 -0.021453
38.000000 -0.002516
39.000000 -0.007230
40.000000 -0.017153
41.000000 -0.026220
42.000000 -0.032859
43.000000 0.007078
44.000000 0.022843
45.000000 -0.021293
46.000000 0.006425
47.000000 -0.006408
48.000000 0.004300
49.000000 0.009547
50.000000 0.021558
51.000000 0.026526
52.000000 -0.006342
53.000000 -0.018117
54.000000 -0.027855
55.000000 0.003923
56.000000 -0.023888
57.000000 0.018414
58.000000 -0.000107
59.000000 -0.002387
60.000000 -0.020441
61.000000 0.004638
62.000000 0.003143
63.000000 0.011801
64.000000 0.010232
65.000000 0.019751
66.000000 -0.011781
67.000000 0.019391
68.000000 0.011140
69.000000 -0.002636
70.000000 0.009082
71.000000 0.011108
72.000000 0.023469
73.000000 -0.001837
74.000000 -0.019819
75.000000 -0.008196
76.000000 0.000110
77.000000 0.004628
78.000000 0.010162
79.000000 -0.026074
80.000000 -0.001336
81.000000 -0.013007
82.000000 -0.008881
83.000000 0.008889
84.000000 0.001901
85.000000 -0.011505
86.000000 0.007839
87.000000 0.013067
88.000000 -0.003043
89.000000 0.010676
90.000000 -0.028383
91.000000 -0.004734
92.000000 0.012737
93.000000 -0.029900
94.000000 -0.018346
95.000000 -0.005792
96.000000 0.016687
97.000000 -0.020320
98.000000 0.013179
99.000000 -0.011521
100.000000 -0.012802
101.000000 -0.016435
102.000000 0.042962
103.000000 -0.039392
104.000000 0.012708
105.000000 0.011266
106.000000 0.014511
107.000000 -0.009163
108.000000 0.025332
109.000000 0.004928
110.000000 0.024897
111.000000 0.022417
112.000000 -0.004863
113.000000 0.008375
114.000000 0.028669
115.000000 0.024522
116.000000 0.015209
117.000000 0.012386
118.000000 0.015670
119.000000 0.012892
120.000000 0.013310
121.000000 0.031666
122.000000 0.000387
123.000000 -0.007209
124.000000 0.008605
125.000000 0.013706
126.000000 -0.022349
127.000000 -0.030349
128.000000 -0.002075
129.000000 0.001546
130.000000 0.028066
131.000000 0.020993
132.000000 0.025010
133.000000 -0.001592
134.000000 0.052526
135.000000 -0.007065
136.000000 0.007444
137.000000 0.013826
138.000000 0.012762
139.000000 0.000566
140.000000 -0.011129
141.000000 -0.005245
142.000000 0.033044
143.000000 -0.006570
144.000000 0.004292
145.000000 0.015980
146.000000 0.010503
147.000000 0.013846
148.000000 -0.012051
149.000000 0.008029
150.000000 0.020202
151.000000 0.001037
152.000000 0.006816
153.000000 -0.014414
154.000000 -0.001690
155.000000 0.031819
156.000000 -0.009079
157.000000 0.026773
158.000000 -0.011434
159.000000 -0.029578
160.000000 0.018781
161.000000 -0.008891
162.000000 0.037881
163.000000 -0.006717
164.000000 -0.012156
165.000000 0.024935
166.000000 0.019508
167.000000 -0.001992
168.000000 0.033630
169.000000 -0.017230
170.000000 0.027422
171.000000 -0.025634
172.000000 -0.001299
173.000000 0.030070
174.000000 0.010772
175.000000 -0.002614
176.000000 -0.024262
177.000000 -0.010221
178.000000 -0.023887
179.000000 -0.024152
180.000000 0.005340
181.000000 0.019552
182.000000 0.004634
183.000000 -0.004569
184.000000 -0.004977
185.000000 -0.029404
186.000000 0.005772
187.000000 -0.013764
188.000000 -0.014455
189.000000 -0.002992
190.000000 -0.005872
191.000000 0.022960
192.000000 0.008708
193.000000 0.000463
194.000000 0.023523
195.000000 -0.015609
196.000000 0.012124
197.000000 -0.030263
198.000000 -0.033192
199.000000 0.012357
200.000000 -0.011471
201.000000 0.018598
202.000000 -0.000012
203.000000 0.025974
204.000000 -0.018584
205.000000 -0.011244
206.000000 0.056351
207.000000 -0.003116
208.000000 -0.008769
209.000000 -0.024068
210.000000 -0.002564
211.000000 -0.024785
212.000000 0.028079
213.000000 0.010896
214.000000 -0.000829
215.000000 -0.017962
216.000000 -0.018749
217.000000 -0.005344
218.000000 0.013571
219.000000 -0.008585
220.000000 0.001950
221.000000 -0.008667
222.000000 -0.001002
223.000000 0.009765
224.000000 0.000851
225.000000 0.007135
226.000000 -0.012064
227.000000 0.004465
228.000000 -0.019203
229.000000 -0.014821
230.000000 -0.006679
231.000000 0.045492
232.000000 0.040664
233.000000 0.023263
234.000000 -0.007568
235.000000 -0.013188
236.000000 0.012601
237.000000 -0.019074
238.000000 -0.017249
239.000000 0.029490
240.000000 -0.007390
241.000000 -0.002482
242.000000 0.006965
243.000000 -0.027729
244.000000 -0.004092
245.000000 -0.021615
246.000000 -0.017715
247.000000 -0.001730
248.000000 0.023682
249.000000 0.011936
250.000000 -0.032814
251.000000 0.012155
252.000000 -0.004468
253.000000 0.008999
254.000000 0.001440
255.000000 0.007223
256.000000 0.001789
257.000000 -0.015250
258.000000 0.013397
259.000000 -0.043099
260.000000 0.011039
261.000000 -0.023012
262.000000 0.027551
263.000000 -0.015894
264.000000 0.001939
265.000000 -0.008628
266.000000 -0.028737
267.000000 -0.029396
268.000000 -0.037196
269.000000 -0.004244
270.000000 0.040883
271.000000 -0.017805
272.000000 -0.000344
273.000000 -0.020884
274.000000 0.001271
275.000000 0.026667
276.000000 0.006012
277.000000 0.018248
278.000000 0.021578
279.000000 0.029129
280.000000 -0.029864
281.000000 -0.000908
282.000000 0.019785
283.000000 0.000136
284.000000 0.025803
285.000000 0.015304
286.000000 -0.003708
287.000000 -0.012592
288.000000 -0.000607
289.000000 0.005780
290.000000 -0.004287
291.000000 0.025960
292.000000 0.009290
293.000000 0.006752
294.000000 0.001356
295.000000 0.001538
296.000000 -0.012718
297.000000 0.004924
298.000000 -0.012572
299.000000 0.017256
300.000000 0.029748
301.000000 0.009652
302.000000 -0.003691
303.000000 0.018862
304.000000 0.031181
305.000000 0.028277
306.000000 -0.010535
307.000000 -0.003300
308.000000 0.000790
309.000000 0.004318
310.000000 0.003998
311.000000 -0.022873
312.000000 0.010763
313.000000 0.014951
314.000000 0.014295
315.000000 0.006845
316.000000 0.002235
317.000000 -0.002136
318.000000 -0.005329
319.000000 0.020956
320.000000 -0.019385
321.000000 -0.014809
322.000000 0.019880
323.000000 -0.014979
324.000000 -0.023461
325.000000 -0.010219
326.000000 0.001314
327.000000 0.025508
328.000000 0.015909
329.000000 0.006487
330.000000 -0.015911
331.000000 -0.032854
332.000000 -0.000595
333.000000 0.004122
334.000000 0.016843
335.000000 0.008870
336.000000 0.016186
337.000000 -0.017197
338.000000 0.032853
339.000000 -0.009171
340.000000 0.003873
341.000000 -0.033272
342.000000 0.024137
343.000000 0.018060
344.000000 -0.044621
345.000000 0.005658
346.000000 0.031718
347.000000 -0.019459
348.000000 -0.011637
349.000000 -0.028077
350.000000 -0.015363
351.000000 -0.008065
352.000000 0.052924
353.000000 -0.007094
354.000000 0.011675
355.000000 -0.008732
356.000000 0.008701
357.000000 0.024836
358.000000 -0.006530
359.000000 0.010510
360.000000 0.025731
361.000000 0.020789
362.000000 -0.009908
363.000000 -0.009651
364.000000 0.011483
365.000000 0.015412
366.000000 0.000710
367.000000 0.001717
368.000000 0.016052
369.000000 0.000819
370.000000 -0.027494
371.000000 0.028406
372.000000 0.004086
373.000000 -0.021578
374.000000 0.019593
375.000000 0.004593
376.000000 0.002508
377.000000 -0.020595
378.000000 -0.011189
379.000000 0.014528
380.000000 0.019832
381.000000 -0.014777
382.000000 -0.022959
383.000000 -0.000924
384.000000 -0.006454
385.000000 -0.008591
386.000000 0.038437
387.000000 0.002396
388.000000 -0.023987
389.000000 -0.000168
390.000000 -0.012413
391.000000 -0.034617
392.000000 0.011893
393.000000 0.008156
394.000000 -0.022589
395.000000 0.012843
396.000000 -0.015738
397.000000 0.037274
398.000000 -0.018865
399.000000 0.007945
400.000000 0.003072
401.000000 0.009003
402.000000 -0.019060
403.000000 0.003167
404.000000 -0.031422
405.000000 0.004132
406.000000 -0.020570
407.000000 0.009406
408.000000 0.011674
409.000000 0.012658
410.000000 -0.008095
411.000000 0.010598
412.000000 0.013515
413.000000 -0.026208
414.000000 -0.001640
415.000000 0.005050
416.000000 -0.006759
417.000000 0.020300
418.000000 0.011223
419.000000 -0.001904
420.000000 -0.019108
421.000000 0.007463
422.000000 0.004114
423.000000 0.004018
424.000000 -0.023968
425.000000 -0.021639
426.000000 0.004240
427.000000 -0.021131
428.000000 0.019639
429.000000 0.000212
430.000000 -0.011307
431.000000 -0.009045
432.000000 0.021344
433.000000 -0.010416
434.000000 -0.003802
435.000000 -0.020101
436.000000 0.002731
437.000000 0.012667
438.000000 0.025392
439.000000 -0.008328
440.000000 0.004854
441.000000 0.013557
442.000000 -0.007374
443.000000 -0.005957
444.000000 -0.020604
445.000000 -0.024715
446.000000 0.012366
447.000000 0.013162
448.000000 -0.001152
449.000000 0.021099
450.000000 -0.005421
451.000000 0.005352
452.000000 -0.015939
453.000000 0.001392
454.000000 -0.004901
455.000000 -0.026052
456.000000 -0.014346
457.000000 0.005403
458.000000 0.003575
459.000000 -0.006052
460.000000 0.027354
461.000000 0.002791
462.000000 -0.027876
463.000000 0.042457
464.000000 0.015958
465.000000 0.024645
466.000000 -0.013328
467.000000 0.005113
468.000000 0.018325
469.000000 0.016645
470.000000 -0.009358
471.000000 -0.004618
472.000000 -0.007491
473.000000 0.000014
474.000000 0.012300
475.000000 -0.021810
476.000000 0.005232
477.000000 0.006538
478.000000 -0.012940
479.000000 0.007507
480.000000 0.000667
481.000000 0.014966
482.000000 -0.005460
483.000000 0.000950
484.000000 -0.001738
485.000000 -0.024167
486.000000 0.023098
487.000000 0.005900
488.000000 -0.012355
489.000000 0.026257
490.000000 -0.000088
491.000000 -0.014562
492.000000 0.019635
493.000000 0.016510
494.000000 0.012074
495.000000 -0.005430
496.000000 0.003668
497.000000 0.023895
498.000000 -0.014229
499.000000 0.003223
500.000000 0.013142
501.000000 0.012647
502.000000 0.037861
503.000000 -0.013024
504.000000 0.001685
505.000000 -0.015157
506.000000 0.018421
507.000000 0.009359
508.000000 0.017509
509.000000 -0.002396
510.000000 0.004009
511.000000 -0.004915
512.000000 -0.016764
513.000000 0.005728
514.000000 0.015398
515.000000 -0.012046
516.000000 -0.031387
517.000000 -0.008971
518.000000 -0.034473
519.000000 0.016987
520.000000 0.020957
521.000000 -0.013114
522.000000 0.015795
523.000000 0.019216
524.000000 0.022632
525.000000 0.060474
526.000000 -0.014222
527.000000 -0.010568
528.000000 0.005399
529.000000 0.006001
530.000000 0.000715
531.000000 -0.012568
532.000000 -0.005327
533.000000 0.013956
534.000000 0.018628
535.000000 -0.011423
536.000000 -0.022564
537.000000 0.020171
538.000000 -0.017724
539.000000 -0.018814
540.000000 0.015295
541.000000 0.013998
542.000000 -0.001511
543.000000 0.003666
544.000000 -0.014023
545.000000 0.001517
546.000000 0.016868
547.000000 -0.002294
548.000000 0.022761
549.000000 -0.033647
550.000000 0.007066
551.000000 0.005777
552.000000 0.030820
553.000000 0.016138
554.000000 -0.017323
555.000000 0.012239
556.000000 0.012511
557.000000 -0.024227
558.000000 -0.008621
559.000000 -0.001049
560.000000 0.013620
561.000000 0.017510
562.000000 0.026115
563.000000 -0.001899
564.000000 -0.019077
565.000000 -0.006547
566.000000 0.006165
567.000000 0.003172
568.000000 -0.009143
569.000000 -0.012144
570.000000 0.020264
571.000000 0.009616
572.000000 -0.010940
573.000000 0.013981
574.000000 0.013317
575.000000 0.002620
576.000000 0.017313
577.000000 -0.008237
578.000000 -0.031986
579.000000 0.037318
580.000000 0.014941
581.000000 -0.007691
582.000000 0.015448
583.000000 -0.000842
584.000000 -0.026645
585.000000 -0.008235
586.000000 -0.020881
587.000000 -0.026461
588.000000 0.014894
589.000000 0.012542
590.000000 -0.017360
591.000000 -0.005890
592.000000 0.031508
593.000000 -0.027171
594.000000 -0.017356
595.000000 -0.000331
596.000000 -0.038811
597.000000 -0.021022
598.000000 0.010737
599.000000 0.020877
600.000000 0.033241
601.000000 0.007442
602.000000 0.016844
603.000000 0.004563
604.000000 0.008490
605.000000 0.013398
606.000000 -0.000881
607.000000 0.005285
608.000000 -0.032259
609.000000 0.012666
610.000000 -0.001473
611.000000 0.002994
612.000000 0.004611
613.000000 -0.009429
614.000000 0.004466
615.000000 0.000910
616.000000 0.006720
617.000000 -0.011541
618.000000 0.021634
619.000000 -0.016583
620.000000 -0.026645
621.000000 -0.001716
622.000000 0.032498
623.000000 -0.033495
624.000000 -0.022464
625.000000 0.039345
626.000000 0.028209
627.000000 -0.009146
628.000000 -0.032667
629.000000 -0.005408
630.000000 -0.006510
631.000000 -0.006277
632.000000 -0.028518
633.000000 0.025371
634.000000 0.001627
635.000000 -0.000447
636.000000 0.022331
637.000000 0.034985
638.000000 -0.012974
639.000000 0.029139
640.000000 0.013117
641.000000 0.021367
642.000000 0.026458
643.000000 -0.026569
644.000000 0.012299
645.000000 0.004347
646.000000 0.007893
647.000000 -0.047431
648.000000 0.013219
649.000000 -0.019111
650.000000 0.007052
651.000000 -0.010047
652.000000 -0.000004
653.000000 0.018618
654.000000 0.027718
655.000000 -0.014705
656.000000 -0.000497
657.000000 0.017164
658.000000 -0.005517
659.000000 -0.003132
660.000000 -0.008253
661.000000 -0.022054
662.000000 0.003916
663.000000 0.000042
664.000000 0.023060
665.000000 0.014749
666.000000 0.009680
667.000000 -0.023965
668.000000 -0.016264
669.000000 0.008333
670.000000 0.006333
671.000000 -0.006724
672.000000 -0.004771
673.000000 0.035723
674.000000 -0.018309
675.000000 -0.006435
676.000000 -0.006275
677.000000 0.002235
678.000000 0.017974
679.000000 -0.011830
680.000000 0.013017
681.000000 -0.025617
682.000000 -0.021009
683.000000 -0.007010
684.000000 -0.015871
685.000000 0.005777
686.000000 0.006801
687.000000 -0.010008
688.000000 -0.038344
689.000000 0.001113
690.000000 -0.018147
691.000000 0.001197
692.000000 -0.023776
693.000000 0.028614
694.000000 0.024944
695.000000 -0.009384
696.000000 0.001372
697.000000 0.001039
698.000000 -0.012942
699.000000 0.025553
700.000000 -0.018981
701.000000 -0.007468
702.000000 0.011060
703.000000 0.006665
704.000000 0.023958
705.000000 0.000150
706.000000 -0.030214
707.000000 -0.004554
708.000000 -0.004512
709.000000 0.030566
710.000000 -0.006172
711.000000 0.016473
712.000000 -0.011756
713.000000 -0.038010
714.000000 -0.030957
715.000000 0.021983
716.000000 -0.002874
717.000000 0.002300
718.000000 0.001732
719.000000 -0.022648
720.000000 -0.010464
721.000000 0.025509
722.000000 0.020874
723.000000 -0.030084
724.000000 -0.007728
725.000000 0.002083
726.000000 -0.007426
727.000000 0.006096
728.000000 -0.038371
729.000000 0.012553
730.000000 -0.003471
731.000000 0.010018
732.000000 0.028198
733.000000 0.008620
734.000000 0.011855
735.000000 0.021125
736.000000 0.020458
737.000000 -0.005960
738.000000 -0.005433
739.000000 0.002085
740.000000 0.001164
741.000000 0.016528
742.000000 -0.007963
743.000000 -0.003193
744.000000 0.004257
745.000000 0.016925
746.000000 -0.016060
747.000000 -0.005563
748.000000 0.008081
749.000000 0.007121
750.000000 -0.000341
751.000000 -0.011145
752.000000 -0.023175
753.000000 -0.047926
754.000000 0.005243
755.000000 -0.013442
756.000000 -0.000278
757.000000 -0.014460
758.000000 -0.026535
759.000000 0.005539
760.000000 -0.016640
761.000000 -0.024224
762.000000 -0.012429
763.000000 0.004179
764.000000 0.002888
765.000000 0.007388
766.000000 0.021527
767.000000 -0.000575
768.000000 0.019357
769.000000 0.017238
770.000000 0.007395
771.000000 0.015029
772.000000 -0.007528
773.000000 -0.004110
774.000000 -0.008840
775.000000 0.001459
776.000000 -0.014861
777.000000 0.010614
778.000000 -0.015465
779.000000 -0.048689
780.000000 0.000948
781.000000 -0.001751
782.000000 -0.027386
783.000000 0.033317
784.000000 -0.039334
785.000000 -0.001283
786.000000 -0.020503
787.000000 0.013869
788.000000 0.016081
789.000000 0.018783
790.000000 -0.002433
791.000000 -0.005001
792.000000 0.010161
793.000000 0.001204
794.000000 0.001053
795.000000 -0.000481
796.000000 -0.011053
797.000000 0.019908
798.000000 0.032113
799.000000 -0.020416
800.000000 0.011601
801.000000 0.021024
802.000000 -0.000802
803.000000 -0.001431
804.000000 -0.007801
805.000000 0.022826
806.000000 -0.009095
807.000000 0.007403
808.000000 0.004830
809.000000 -0.013695
810.000000 -0.002272
811.000000 -0.024092
812.000000 0.015193
813.000000 -0.014784
814.000000 -0.008037
815.000000 -0.011774
816.000000 0.026052
817.000000 -0.030719
818.000000 0.007509
819.000000 -0.003550
820.000000 -0.000538
821.000000 -0.024506
822.000000 -0.021090
823.000000 -0.024633
824.000000 -0.007155
825.000000 0.021179
826.000000 -0.018885
827.000000 -0.003850
828.000000 -0.025842
829.000000 -0.013850
830.000000 -0.013285
831.000000 -0.006276
832.000000 -0.020908
833.000000 0.012115
834.000000 0.031403
835.000000 0.019433
836.000000 0.010382
837.000000 0.009336
838.000000 0.009398
839.000000 0.020657
840.000000 0.002161
841.000000 -0.006733
842.000000 0.004150
843.000000 -0.007456
844.000000 0.020286
845.000000 -0.003160
846.000000 0.015499
847.000000 0.001470
848.000000 0.031295
849.000000 0.012321
850.000000 0.024252
851.000000 0.044145
852.000000 -0.026599
853.000000 0.016523
854.000000 -0.018198
855.000000 -0.012700
856.000000 0.017421
857.000000 0.017048
858.000000 0.018557
859.000000 -0.016933
860.000000 0.023826
861.000000 0.011082
862.000000 -0.028977
863.000000 -0.005525
864.000000 -0.009194
865.000000 0.016969
866.000000 0.011516
867.000000 -0.022815
868.000000 -0.015408
869.000000 0.028763
870.000000 -0.013311
871.000000 0.026875
872.000000 -0.024215
873.000000 0.007598
874.000000 -0.005101
875.000000 0.011813
876.000000 0.041449
877.000000 -0.005159
878.000000 -0.022112
879.000000 -0.007420
880.000000 0.023734
881.000000 0.026204
882.000000 -0.000349
883.000000 -0.005226
884.000000 -0.000055
885.000000 -0.006099
886.000000 0.004837
887.000000 -0.011847
888.000000 0.004624
889.000000 -0.018798
890.000000 0.002530
891.000000 0.025124
892.000000 -0.002132
893.000000 0.021274
894.000000 -0.003378
895.000000 0.006317
896.000000 -0.006450
897.000000 -0.016340
898.000000 0.003007
899.000000 -0.030136
900.000000 0.007926
901.000000 0.038565
902.000000 -0.016124
903.000000 -0.002221
904.000000 0.003028
905.000000 -0.030158
906.000000 0.042676
907.000000 0.015511
908.000000 -0.008465
909.000000 -0.020411
910.000000 -0.010157
911.000000 0.008912
912.000000 -0.033183
913.000000 0.008501
914.000000 -0.033126
915.000000 0.022947
916.000000 0.004948
917.000000 0.012732
918.000000 -0.026667
919.000000 0.010731
920.000000 0.018978
921.000000 -0.026743
922.000000 0.002882
923.000000 -0.012314
924.000000 -0.007467
925.000000 0.023657
926.000000 0.001205
927.000000 0.006804
928.000000 0.009702
929.000000 0.007257
930.000000 0.024305
931.000000 -0.014032
932.000000 0.013593
933.000000 -0.019583
934.000000 -0.004639
935.000000 0.003260
936.000000 -0.029339
937.000000 -0.010120
938.000000 -0.012063
939.000000 -0.025090
940.000000 -0.034862
941.000000 0.022627
942.000000 0.002417
943.000000 0.019133
944.000000 0.018139
945.000000 -0.002601
946.000000 -0.001697
947.000000 -0.001512
948.000000 -0.045431
949.000000 -0.032559
950.000000 0.004602
951.000000 -0.017376
952.000000 0.015761
953.000000 0.005960
954.000000 -0.006922
955.000000 0.001444
956.000000 0.000482
957.000000 -0.034043
958.000000 0.018943
959.000000 0.006229
960.000000 -0.012454
961.000000 -0.000119
962.000000 0.009412
963.000000 0.000804
964.000000 0.009242
965.000000 -0.005428
966.000000 0.009422
967.000000 -0.013538
968.000000 -0.016169
969.000000 -0.019060
970.000000 -0.007519
971.000000 0.008269
972.000000 0.010568
973.000000 0.012316
974.000000 0.012101
975.000000 -0.031249
976.000000 -0.002029
977.000000 -0.019138
978.000000 -0.008965
979.000000 0.005836
980.000000 -0.023574
981.000000 -0.002975
982.000000 -0.003530
983.000000 0.017852
984.000000 0.005784
985.000000 -0.011172
986.000000 0.004587
987.000000 -0.039113
988.000000 -0.005337
989.000000 0.010902
990.000000 0.004913
991.000000 -0.045852
992.000000 0.010564
993.000000 0.010753
994.000000 0.004831
995.000000 -0.017577
996.000000 0.009985
997.000000 -0.021904
998.000000 -0.019664
999.000000 -0.011022
1000.000000 -0.004513
1001.000000 -0.007528
1002.000000 -0.007868
1003.000000 -0.019942
1004.000000 0.019018
1005.000000 -0.004127
1006.000000 0.018023
1007.000000 -0.038395
1008.000000 0.000222
1009.000000 -0.007149
1010.000000 0.032260
1011.000000 0.007630
1012.000000 0.010272
1013.000000 0.010895
1014.000000 0.026195
1015.000000 -0.003765
1016.000000 0.026485
1017.000000 0.014034
1018.000000 0.002611
1019.000000 -0.001036
1020.000000 0.014766
1021.000000 0.021546
1022.000000 0.017140
1023.000000 0.007661
1024.000000 0.007539
1025.000000 -0.012945
1026.000000 0.027532
1027.000000 -0.011413
1028.000000 0.005376
1029.000000 -0.009586
1030.000000 -0.046581
1031.000000 0.008942
1032.000000 -0.028381
1033.000000 0.009746
1034.000000 0.005686
1035.000000 -0.030462
1036.000000 0.004335
1037.000000 0.023434
1038.000000 -0.013942
1039.000000 -0.018660
1040.000000 -0.031210
1041.000000 -0.009120
1042.000000 0.003470
1043.000000 0.019313
1044.000000 -0.013461
1045.000000 0.003416
1046.000000 -0.000618
1047.000000 -0.000532
1048.000000 -0.021804
1049.000000 -0.007217
1050.000000 -0.001666
1051.000000 -0.003859
1052.000000 -0.005808
1053.000000 0.015547
1054.000000 -0.002704
1055.000000 0.004045
1056.000000 0.016169
1057.000000 -0.011254
1058.000000 0.000284
1059.000000 0.029051
1060.000000 -0.027351
1061.000000 0.003346
1062.000000 0.018383
1063.000000 0.003672
1064.000000 -0.000384
1065.000000 0.017412
1066.000000 0.016390
1067.000000 -0.016393
1068.000000 -0.020207
1069.000000 0.003503
1070.000000 -0.014699
1071.000000 -0.001781
1072.000000 -0.043086
1073.000000 0.019954
1074.000000 0.016780
1075.000000 0.009127
1076.000000 -0.015268
1077.000000 0.009509
1078.000000 0.008946
1079.000000 0.024509
1080.000000 -0.007806
1081.000000 0.006668
1082.000000 0.029798
1083.000000 -0.002719
1084.000000 0.022442
1085.000000 -0.016655
1086.000000 -0.009784
1087.000000 -0.016014
1088.000000 -0.004469
1089.000000 -0.025821
1090.000000 -0.024770
1091.000000 -0.025695
1092.000000 0.033871
1093.000000 0.014384
1094.000000 0.001533
1095.000000 0.037050
1096.000000 -0.018474
1097.000000 0.026778
1098.000000 -0.007289
1099.000000 -0.021720
1100.000000 0.007626
1101.000000 0.041703
1102.000000 0.006913
1103.000000 0.012132
1104.000000 -0.030191
1105.000000 0.005599
1106.000000 0.020022
1107.000000 0.023231
1108.000000 -0.043998
1109.000000 -0.034905
1110.000000 -0.012423
1111.000000 -0.012393
1112.000000 -0.020557
1113.000000 -0.010478
1114.000000 0.012970
1115.000000 -0.022060
1116.000000 0.024714
1117.000000 0.007601
1118.000000 -0.003771
1119.000000 0.016828
1120.000000 -0.016370
1121.000000 -0.004618
1122.000000 0.009501
1123.000000 0.013384
1124.000000 0.003708
1125.000000 -0.013149
1126.000000 -0.040905
1127.000000 0.032925
1128.000000 0.009910
1129.000000 0.000393
1130.000000 0.020336
1131.000000 0.006872
1132.000000 -0.000786
1133.000000 -0.047776
1134.000000 0.029823
1135.000000 0.057084
1136.000000 -0.024880
1137.000000 0.015129
1138.000000 -0.018130
1139.000000 0.015146
1140.000000 0.015172
1141.000000 -0.007417
1142.000000 0.000510
1143.000000 -0.030276
1144.000000 -0.019799
1145.000000 0.005202
1146.000000 0.007407
1147.000000 -0.017471
1148.000000 -0.035719
1149.000000 0.019704
1150.000000 -0.009754
1151.000000 -0.001994
1152.000000 -0.003830
1153.000000 0.021534
1154.000000 -0.010926
1155.000000 -0.010999
1156.000000 -0.013053
1157.000000 0.003230
1158.000000 0.015488
1159.000000 -0.028705
1160.000000 -0.011324
1161.000000 -0.020901
1162.000000 0.021359
1163.000000 0.010051
1164.000000 -0.004146
1165.000000 -0.042218
1166.000000 0.020446
1167.000000 -0.043346
1168.000000 0.023179
1169.000000 -0.013271
1170.000000 -0.014362
1171.000000 -0.001985
1172.000000 0.001724
1173.000000 0.011297
1174.000000 -0.000898
1175.000000 -0.023047
1176.000000 -0.017097
1177.000000 0.013550
1178.000000 -0.000323
1179.000000 0.016581
1180.000000 -0.006207
1181.000000 0.022520
1182.000000 0.009922
1183.000000 0.002114
1184.000000 0.019923
1185.000000 -0.016918
1186.000000 0.021681
1187.000000 -0.009281
1188.000000 0.008497
1189.000000 -0.005878
1190.000000 -0.006827
1191.000000 -0.040678
1192.000000 0.015061
1193.000000 0.026753
1194.000000 -0.003788
1195.000000 0.038930
1196.000000 -0.013537
1197.000000 -0.001067
1198.000000 0.005795
1199.000000 0.007155
1200.000000 0.005829
1201.000000 -0.006252
1202.000000 0.007713
1203.000000 0.007079
1204.000000 0.001418
1205.000000 -0.010820
1206.000000 -0.014040
1207.000000 -0.012354
1208.000000 -0.040166
1209.000000 -0.012100
1210.000000 0.022600
1211.000000 -0.008937
1212.000000 -0.002359
1213.000000 0.018343
1214.000000 -0.013844
1215.000000 0.002039
1216.000000 -0.017699
1217.000000 0.018557
1218.000000 -0.012302
1219.000000 0.039932
1220.000000 -0.015864
1221.000000 0.030348
1222.000000 -0.015474
1223.000000 0.027229
1224.000000 -0.028510
1225.000000 -0.014196
1226.000000 0.013926
1227.000000 0.017426
1228.000000 0.013247
1229.000000 0.010438
1230.000000 0.031779
1231.000000 0.017609
1232.000000 0.008551
1233.000000 -0.009657
1234.000000 -0.025290
1235.000000 -0.001366
1236.000000 0.018500
1237.000000 -0.008535
1238.000000 -0.023268
1239.000000 -0.019582
1240.000000 0.009581
1241.000000 0.005287
1242.000000 -0.007655
1243.000000 -0.002039
1244.000000 -0.006275
1245.000000 -0.036248
1246.000000 -0.012251
1247.000000 -0.027179
1248.000000 -0.017094
1249.000000 -0.017769
1250.000000 -0.008353
1251.000000 0.034643
1252.000000 0.009041
1253.000000 0.008196
1254.000000 -0.013565
1255.000000 0.013629
1256.000000 -0.024148
1257.000000 -0.016313
1258.000000 -0.029416
1259.000000 -0.041776
1260.000000 -0.048869
1261.000000 -0.005699
1262.000000 0.015212
1263.000000 -0.007988
1264.000000 0.013849
1265.000000 -0.016812
1266.000000 0.011385
1267.000000 0.016973
1268.000000 0.002854
1269.000000 0.018834
1270.000000 0.024109
1271.000000 0.023394
1272.000000 0.001362
1273.000000 0.006140
1274.000000 0.037838
1275.000000 0.000802
1276.000000 0.015461
1277.000000 -0.001338
1278.000000 0.016581
1279.000000 -0.005798
1280.000000 0.038406
1281.000000 0.007889
1282.000000 -0.004650
1283.000000 -0.017330
1284.000000 -0.013436
1285.000000 0.018222
1286.000000 0.022528
1287.000000 0.022173
1288.000000 -0.006609
1289.000000 -0.009142
1290.000000 0.013510
1291.000000 0.008515
1292.000000 -0.009553
1293.000000 -0.003259
1294.000000 0.017560
1295.000000 0.009088
1296.000000 0.002789
1297.000000 0.004378
1298.000000 -0.003146
1299.000000 -0.000998
1300.000000 0.041736
1301.000000 0.001880
1302.000000 -0.009922
1303.000000 -0.007876
1304.000000 0.018121
1305.000000 0.007722
1306.000000 0.011132
1307.000000 -0.001810
1308.000000 0.026538
1309.000000 0.003404
1310.000000 0.000917
1311.000000 0.010284
1312.000000 0.015408
1313.000000 -0.009431
1314.000000 -0.044794
1315.000000 0.014472
1316.000000 0.017835
1317.000000 -0.011262
1318.000000 0.029302
1319.000000 -0.012183
1320.000000 0.005710
1321.000000 0.000508
1322.000000 0.006712
1323.000000 0.012744
1324.000000 -0.004595
1325.000000 -0.015966
1326.000000 -0.007060
1327.000000 -0.021478
1328.000000 0.012284
1329.000000 0.006224
1330.000000 -0.004464
1331.000000 -0.032261
1332.000000 -0.040911
1333.000000 0.003873
1334.000000 0.015720
1335.000000 0.026113
1336.000000 0.008263
1337.000000 -0.010469
1338.000000 -0.011130
1339.000000 0.011494
1340.000000 -0.022243
1341.000000 0.017152
1342.000000 0.003773
1343.000000 0.006858
1344.000000 -0.002840
1345.000000 -0.025678
1346.000000 -0.009875
1347.000000 0.017960
1348.000000 -0.001748
1349.000000 0.009059
1350.000000 0.016910
1351.000000 -0.032668
1352.000000 -0.004419
1353.000000 -0.005474
1354.000000 0.016306
1355.000000 0.001620
1356.000000 0.018503
1357.000000 0.016855
1358.000000 0.025384
1359.000000 0.010648
1360.000000 0.002425
1361.000000 0.014241
1362.000000 -0.005478
1363.000000 -0.002541
1364.000000 -0.006979
1365.000000 -0.017070
1366.000000 0.010843
1367.000000 0.029582
1368.000000 -0.027406
1369.000000 -0.008072
1370.000000 0.010527
1371.000000 0.019891
1372.000000 0.025439
1373.000000 -0.001785
1374.000000 0.018747
1375.000000 0.002475
1376.000000 0.007581
1377.000000 -0.006187
1378.000000 0.021695
1379.000000 -0.000713
1380.000000 -0.017815
1381.000000 -0.004594
1382.000000 -0.023772
1383.000000 0.014021
1384.000000 0.005913
1385.000000 -0.029267
1386.000000 -0.012923
1387.000000 -0.001442
1388.000000 -0.032974
1389.000000 0.019892
1390.000000 -0.050715
1391.000000 -0.021659
1392.000000 -0.037672
1393.000000 0.012242
1394.000000 0.005690
1395.000000 -0.020351
1396.000000 -0.025804
1397.000000 -0.011187
1398.000000 0.033291
1399.000000 0.003268
1400.000000 0.002193
1401.000000 -0.013216
1402.000000 0.003396
1403.000000 0.009263
1404.000000 -0.029004
1405.000000 0.020779
1406.000000 -0.016770
1407.000000 0.000418
1408.000000 -0.000702
1409.000000 0.025548
1410.000000 0.021882
1411.000000 -0.022704
1412.000000 -0.015364
1413.000000 0.013868
1414.000000 -0.000061
1415.000000 0.014068
1416.000000 0.022673
1417.000000 -0.016816
1418.000000 0.011688
1419.000000 -0.011963
1420.000000 -0.025570
1421.000000 -0.005108
1422.000000 0.001387
1423.000000 0.012091
1424.000000 -0.012833
1425.000000 0.019106
1426.000000 0.020894
1427.000000 0.015813
1428.000000 0.013612
1429.000000 -0.029435
1430.000000 -0.049949
1431.000000 0.013860
1432.000000 -0.000247
1433.000000 0.023822
1434.000000 -0.006296
1435.000000 0.029828
1436.000000 -0.022293
1437.000000 0.005435
1438.000000 -0.005945
1439.000000 0.003605
1440.000000 0.007322
1441.000000 0.004106
1442.000000 -0.018677
1443.000000 0.014946
1444.000000 -0.002452
1445.000000 -0.039364
1446.000000 0.012357
1447.000000 -0.015080
1448.000000 0.033662
1449.000000 0.004379
1450.000000 -0.031092
1451.000000 0.002956
1452.000000 -0.006513
1453.000000 0.012787
1454.000000 -0.007237
1455.000000 -0.020759
1456.000000 0.010691
1457.000000 0.004871
1458.000000 0.020131
1459.000000 -0.006820
1460.000000 0.010628
1461.000000 -0.000035
1462.000000 0.034648
1463.000000 0.004534
1464.000000 0.007004
1465.000000 0.028562
1466.000000 -0.004470
1467.000000 -0.025699
1468.000000 -0.041072
1469.000000 0.004559
1470.000000 -0.012232
1471.000000 0.010631
1472.000000 -0.033093
1473.000000 0.006329
1474.000000 -0.002895
1475.000000 -0.013259
1476.000000 -0.019604
1477.000000 -0.005425
1478.000000 0.013615
1479.000000 -0.021493
1480.000000 0.012573
1481.000000 0.014547
1482.000000 0.000188
1483.000000 0.038431
1484.000000 -0.004696
1485.000000 0.016599
1486.000000 0.004014
1487.000000 0.009370
1488.000000 0.004153
1489.000000 -0.002470
1490.000000 0.026209
1491.000000 0.018497
1492.000000 -0.025887
1493.000000 0.000309
1494.000000 -0.000356
1495.000000 0.001509
1496.000000 0.026566
1497.000000 0.010028
1498.000000 -0.010541
1499.000000 -0.006450
1500.000000 0.014772
1501.000000 -0.027745
1502.000000 0.012802
1503.000000 -0.004483
1504.000000 -0.026481
1505.000000 0.014222
1506.000000 -0.011038
1507.000000 0.010988
1508.000000 -0.011742
1509.000000 -0.018553
1510.000000 -0.002637
1511.000000 0.018022
1512.000000 0.000441
1513.000000 0.010787
1514.000000 -0.008911
1515.000000 -0.005638
1516.000000 -0.022647
1517.000000 0.022421
1518.000000 0.004042
1519.000000 0.013607
1520.000000 -0.006874
1521.000000 -0.022240
1522.000000 -0.020724
1523.000000 0.018628
1524.000000 -0.025010
1525.000000 0.042386
1526.000000 0.033856
1527.000000 -0.026554
1528.000000 0.053335
1529.000000 0.000705
1530.000000 0.017794
1531.000000 0.026660
1532.000000 -0.024538
1533.000000 -0.008775
1534.000000 0.016733
1535.000000 0.003510
1536.000000 -0.015705
1537.000000 0.021569
1538.000000 -0.027092
1539.000000 0.024039
1540.000000 0.023949
1541.000000 0.002739
1542.000000 -0.010431
1543.000000 0.000423
1544.000000 0.005508
1545.000000 -0.012916
1546.000000 0.000925
1547.000000 -0.013240
1548.000000 -0.007948
1549.000000 0.000128
1550.000000 -0.042907
1551.000000 -0.003653
1552.000000 -0.018219
1553.000000 -0.010406
1554.000000 0.011625
1555.000000 0.023560
1556.000000 0.011206
1557.000000 -0.009928
1558.000000 -0.024668
1559.000000 -0.015488
1560.000000 0.001145
1561.000000 0.024801
1562.000000 -0.016163
1563.000000 0.024058
1564.000000 -0.015288
1565.000000 0.005420
1566.000000 -0.011534
1567.000000 0.015467
1568.000000 -0.005782
1569.000000 0.006023
1570.000000 -0.002855
1571.000000 -0.000356
1572.000000 -0.042907
1573.000000 -0.001853
1574.000000 0.036954
1575.000000 -0.006517
1576.000000 0.012903
1577.000000 -0.007918
1578.000000 0.024253
1579.000000 -0.025385
1580.000000 -0.005429
1581.000000 0.010215
1582.000000 0.008058
1583.000000 -0.030537
1584.000000 -0.001456
1585.000000 0.015725
1586.000000 0.011719
1587.000000 0.014674
1588.000000 -0.002361
1589.000000 0.016425
1590.000000 -0.007257
1591.000000 -0.027310
1592.000000 0.010819
1593.000000 0.003985
1594.000000 -0.004645
1595.000000 -0.001940
1596.000000 0.032664
1597.000000 0.019958
1598.000000 -0.028753
1599.000000 0.003264
1600.000000 -0.023116
