1.000000 0.000000
2.000000 0.000000
3.000000 0.000000
4.000000 0.000000
5.000000 0.000000
6.000000 0.000000
7.000000 0.000000
8.000000 0.000000
9.000000 0.000092
10.000000 0.000049
11.000000 -0.000013
12.000000 0.000027
13.000000 -0.000025
14.000000 0.000079
15.000000 0.000225
16.000000 0.000321
17.000000 0.000274
18.000000 0.000478
19.000000 0.063977
20.000000 0.115247
21.000000 0.129952
22.000000 0.140890
23.000000 0.155884
24.000000 0.168411
25.000000 0.181698
26.000000 0.191980
27.000000 0.206028
28.000000 0.220289
29.000000 0.234999
30.000000 0.249523
31.000000 0.264382
32.000000 0.279177
33.000000 0.293932
34.000000 0.308634
35.000000 0.323167
36.000000 0.337458
37.000000 0.351548
38.000000 0.365257
39.000000 0.378932
40.000000 0.392385
41.000000 0.405323
42.000000 0.418142
43.000000 0.430963
44.000000 0.443864
45.000000 0.456706
46.000000 0.469481
47.000000 0.481871
48.000000 0.493981
49.000000 0.506141
50.000000 0.517905
51.000000 0.529367
52.000000 0.540523
53.000000 0.551380
54.000000 0.562220
55.000000 0.572960
56.000000 0.583381
57.000000 0.593331
58.000000 0.602656
59.000000 0.611572
60.000000 0.620102
61.000000 0.628454
62.000000 0.636630
63.000000 0.644604
64.000000 0.652289
65.000000 0.659652
66.000000 0.667003
67.000000 0.674483
68.000000 0.681453
69.000000 0.688303
70.000000 0.695338
71.000000 0.702452
72.000000 0.709470
73.000000 0.716038
74.000000 0.722508
75.000000 0.728778
76.000000 0.734602
77.000000 0.740142
78.000000 0.745496
79.000000 0.750527
80.000000 0.755478
81.000000 0.760527
82.000000 0.765352
83.000000 0.770015
84.000000 0.774345
85.000000 0.778400
86.000000 0.782611
87.000000 0.786552
88.000000 0.790331
89.000000 0.793892
90.000000 0.797019
91.000000 0.799851
92.000000 0.802695
93.000000 0.805302
94.000000 0.807816
95.000000 0.810389
96.000000 0.812854
97.000000 0.815071
98.000000 0.816932
99.000000 0.818803
100.000000 0.820851
101.000000 0.822526
102.000000 0.824194
103.000000 0.825522
104.000000 0.826839
105.000000 0.828327
106.000000 0.829696
107.000000 0.831102
108.000000 0.832547
109.000000 0.833753
110.000000 0.834891
111.000000 0.835904
112.000000 0.836824
113.000000 0.837444
114.000000 0.838446
115.000000 0.839346
116.000000 0.840014
117.000000 0.840329
118.000000 0.840503
119.000000 0.840939
120.000000 0.841192
121.000000 0.841003
122.000000 0.840862
123.000000 0.840813
124.000000 0.840812
125.000000 0.841011
126.000000 0.840881
127.000000 0.840648
128.000000 0.840385
129.000000 0.839895
130.000000 0.839306
131.000000 0.838757
132.000000 0.838525
133.000000 0.838000
134.000000 0.837374
135.000000 0.836864
136.000000 0.836453
137.000000 0.836258
138.000000 0.835727
139.000000 0.834966
140.000000 0.834173
141.000000 0.833504
142.000000 0.832784
143.000000 0.832303
144.000000 0.831707
145.000000 0.831032
146.000000 0.830380
147.000000 0.829948
148.000000 0.829172
149.000000 0.828334
150.000000 0.827418
151.000000 0.826301
152.000000 0.825131
153.000000 0.823976
154.000000 0.822857
155.000000 0.821579
156.000000 0.820373
157.000000 0.819047
158.000000 0.817514
159.000000 0.816266
160.000000 0.815003
161.000000 0.813822
162.000000 0.812546
163.000000 0.810929
164.000000 0.809557
165.000000 0.807912
166.000000 0.806456
167.000000 0.804998
168.000000 0.803657
169.000000 0.802445
170.000000 0.801164
171.000000 0.799766
172.000000 0.798434
173.000000 0.797085
174.000000 0.795556
175.000000 0.794129
176.000000 0.793078
177.000000 0.791930
178.000000 0.790891
179.000000 0.789985
180.000000 0.789274
181.000000 0.788202
182.000000 0.787253
183.000000 0.786235
184.000000 0.785219
185.000000 0.784296
186.000000 0.783466
187.000000 0.782467
188.000000 0.781597
189.000000 0.780376
190.000000 0.779028
191.000000 0.777948
192.000000 0.777131
193.000000 0.776116
194.000000 0.775345
195.000000 0.774593
196.000000 0.773641
197.000000 0.772486
198.000000 0.771025
199.000000 0.769606
200.000000 0.768073
201.000000 0.766341
202.000000 0.764549
203.000000 0.762350
204.000000 0.760210
205.000000 0.757933
206.000000 0.756096
207.000000 0.754099
208.000000 0.752467
209.000000 0.750854
210.000000 0.749290
211.000000 0.747898
212.000000 0.746561
213.000000 0.745275
214.000000 0.743480
215.000000 0.741727
216.000000 0.739839
217.000000 0.738005
218.000000 0.735923
219.000000 0.733602
220.000000 0.731482
221.000000 0.729238
222.000000 0.726829
223.000000 0.724622
224.000000 0.722185
225.000000 0.719669
226.000000 0.717231
227.000000 0.715124
228.000000 0.712761
229.000000 0.710439
230.000000 0.708060
231.000000 0.705649
232.000000 0.703252
233.000000 0.700860
234.000000 0.698269
235.000000 0.695432
236.000000 0.692504
237.000000 0.689570
238.000000 0.686586
239.000000 0.683769
240.000000 0.681029
241.000000 0.678457
242.000000 0.675731
243.000000 0.673022
244.000000 0.670461
245.000000 0.667887
246.000000 0.665350
247.000000 0.662569
248.000000 0.659637
249.000000 0.656929
250.000000 0.654165
251.000000 0.651354
252.000000 0.648429
253.000000 0.645583
254.000000 0.642651
255.000000 0.639587
256.000000 0.636764
257.000000 0.633863
258.000000 0.631049
259.000000 0.628405
260.000000 0.625755
261.000000 0.623062
262.000000 0.620302
263.000000 0.617489
264.000000 0.614396
265.000000 0.611331
266.000000 0.608475
267.000000 0.605475
268.000000 0.602324
269.000000 0.599090
270.000000 0.595876
271.000000 0.592774
272.000000 0.589755
273.000000 0.586773
274.000000 0.583991
275.000000 0.580911
276.000000 0.577834
277.000000 0.574528
278.000000 0.571289
279.000000 0.567912
280.000000 0.564363
281.000000 0.560979
282.000000 0.557812
283.000000 0.554700
284.000000 0.551681
285.000000 0.548614
286.000000 0.545566
287.000000 0.542397
288.000000 0.539222
289.000000 0.536179
290.000000 0.533054
291.000000 0.529928
292.000000 0.527048
293.000000 0.524025
294.000000 0.520831
295.000000 0.517697
296.000000 0.514182
297.000000 0.510810
298.000000 0.507395
299.000000 0.503408
300.000000 0.499348
301.000000 0.495307
302.000000 0.491154
303.000000 0.486842
304.000000 0.482492
305.000000 0.478379
306.000000 0.474207
307.000000 0.470338
308.000000 0.466311
309.000000 0.462489
310.000000 0.458836
311.000000 0.455356
312.000000 0.451395
313.000000 0.447404
314.000000 0.443118
315.000000 0.438798
316.000000 0.434218
317.000000 0.429435
318.000000 0.424430
319.000000 0.419308
320.000000 0.414433
321.000000 0.409679
322.000000 0.404802
323.000000 0.399904
324.000000 0.394806
325.000000 0.389754
326.000000 0.385040
327.000000 0.380444
328.000000 0.375970
329.000000 0.371486
330.000000 0.366923
331.000000 0.362391
332.000000 0.357931
333.000000 0.353173
334.000000 0.348337
335.000000 0.343575
336.000000 0.338481
337.000000 0.333547
338.000000 0.328506
339.000000 0.323457
340.000000 0.318539
341.000000 0.313540
342.000000 0.308579
343.000000 0.303253
344.000000 0.297932
345.000000 0.292235
346.000000 0.286551
347.000000 0.280995
348.000000 0.275310
349.000000 0.269517
350.000000 0.264228
351.000000 0.258942
352.000000 0.253563
353.000000 0.248490
354.000000 0.243430
355.000000 0.238626
356.000000 0.233463
357.000000 0.228426
358.000000 0.223331
359.000000 0.218009
360.000000 0.212561
361.000000 0.206849
362.000000 0.201011
363.000000 0.195484
364.000000 0.189644
365.000000 0.183707
366.000000 0.177591
367.000000 0.171531
368.000000 0.165251
369.000000 0.158929
370.000000 0.152365
371.000000 0.145615
372.000000 0.138816
373.000000 0.132145
374.000000 0.125353
375.000000 0.118379
376.000000 0.111628
377.000000 0.104921
378.000000 0.098357
379.000000 0.091916
380.000000 0.085456
381.000000 0.078626
382.000000 0.071488
383.000000 0.064116
384.000000 0.056627
385.000000 0.048875
386.000000 0.041005
387.000000 0.033734
388.000000 0.026436
389.000000 0.018912
390.000000 0.011329
391.000000 0.003704
392.000000 -0.003779
393.000000 -0.011453
394.000000 -0.018934
395.000000 -0.026328
396.000000 -0.033804
397.000000 -0.041241
398.000000 -0.048848
399.000000 -0.056644
400.000000 -0.064359
401.000000 -0.072238
402.000000 -0.079720
403.000000 -0.087327
404.000000 -0.094705
405.000000 0.023786
406.000000 0.007060
407.000000 0.010210
408.000000 0.005623
409.000000 0.009774
410.000000 0.008988
411.000000 0.014774
412.000000 0.022241
413.000000 0.029258
414.000000 0.036498
415.000000 0.044283
416.000000 0.052832
417.000000 0.060968
418.000000 0.069579
419.000000 0.078233
420.000000 0.087356
421.000000 0.096570
422.000000 0.105836
423.000000 0.115352
424.000000 0.124809
425.000000 0.134225
426.000000 0.143453
427.000000 0.152452
428.000000 0.161532
429.000000 0.170704
430.000000 0.179883
431.000000 0.189216
432.000000 0.198631
433.000000 0.207942
434.000000 0.217503
435.000000 0.226948
436.000000 0.236442
437.000000 0.245674
438.000000 0.254944
439.000000 0.263972
440.000000 0.273030
441.000000 0.282246
442.000000 0.291129
443.000000 0.299859
444.000000 0.308237
445.000000 0.316668
446.000000 0.324777
447.000000 0.332858
448.000000 0.340633
449.000000 0.348435
450.000000 0.356247
451.000000 0.363919
452.000000 0.371342
453.000000 0.378875
454.000000 0.386292
455.000000 0.393671
456.000000 0.400823
457.000000 0.407803
458.000000 0.414323
459.000000 0.420546
460.000000 0.426319
461.000000 0.431943
462.000000 0.437356
463.000000 0.442715
464.000000 0.448104
465.000000 0.453530
466.000000 0.458779
467.000000 0.463958
468.000000 0.468825
469.000000 0.473919
470.000000 0.479257
471.000000 0.484638
472.000000 0.489590
473.000000 0.494063
474.000000 0.498241
475.000000 0.502396
476.000000 0.506220
477.000000 0.509997
478.000000 0.513632
479.000000 0.517341
480.000000 0.521117
481.000000 0.525114
482.000000 0.529353
483.000000 0.533296
484.000000 0.537058
485.000000 0.540894
486.000000 0.544827
487.000000 0.548665
488.000000 0.552225
489.000000 0.555944
490.000000 0.558922
491.000000 0.561899
492.000000 0.564763
493.000000 0.567290
494.000000 0.569730
495.000000 0.572190
496.000000 0.574443
497.000000 0.576513
498.000000 0.578672
499.000000 0.580951
500.000000 0.583107
501.000000 0.585164
502.000000 0.587024
503.000000 0.588860
504.000000 0.590743
505.000000 0.592481
506.000000 0.594064
507.000000 0.595549
508.000000 0.597137
509.000000 0.598445
510.000000 0.600057
511.000000 0.601594
512.000000 0.603078
513.000000 0.604469
514.000000 0.606053
515.000000 0.607445
516.000000 0.608852
517.000000 0.610378
518.000000 0.611961
519.000000 0.613651
520.000000 0.615387
521.000000 0.617178
522.000000 0.618522
523.000000 0.619893
524.000000 0.621056
525.000000 0.622361
526.000000 0.623575
527.000000 0.624937
528.000000 0.626345
529.000000 0.627871
530.000000 0.629258
531.000000 0.630793
532.000000 0.632012
533.000000 0.633532
534.000000 0.635121
535.000000 0.636682
536.000000 0.638438
537.000000 0.640399
538.000000 0.641996
539.000000 0.643281
540.000000 0.644477
541.000000 0.645407
542.000000 0.646314
543.000000 0.647486
544.000000 0.648633
545.000000 0.649958
546.000000 0.651395
547.000000 0.652742
548.000000 0.653939
549.000000 0.655470
550.000000 0.657122
551.000000 0.658611
552.000000 0.660089
553.000000 0.661714
554.000000 0.663332
555.000000 0.664818
556.000000 0.666248
557.000000 0.667546
558.000000 0.669183
559.000000 0.670917
560.000000 0.672802
561.000000 0.674563
562.000000 0.676173
563.000000 0.678128
564.000000 0.680151
565.000000 0.682394
566.000000 0.684575
567.000000 0.686687
568.000000 0.688516
569.000000 0.690370
570.000000 0.691828
571.000000 0.693033
572.000000 0.694334
573.000000 0.695447
574.000000 0.696867
575.000000 0.698221
576.000000 0.699560
577.000000 0.700882
578.000000 0.702129
579.000000 0.703216
580.000000 0.704766
581.000000 0.706764
582.000000 0.708416
583.000000 0.710199
584.000000 0.712135
585.000000 0.713898
586.000000 0.715585
587.000000 0.717226
588.000000 0.719104
589.000000 0.720911
590.000000 0.722620
591.000000 0.724305
592.000000 0.726374
593.000000 0.728580
594.000000 0.730934
595.000000 0.733002
596.000000 0.735064
597.000000 0.737088
598.000000 0.739112
599.000000 0.740903
600.000000 0.742745
601.000000 0.744578
602.000000 0.746218
603.000000 0.747832
604.000000 0.749588
605.000000 0.751389
606.000000 0.753213
607.000000 0.755024
608.000000 0.756773
609.000000 0.758781
610.000000 0.760873
611.000000 0.763085
612.000000 0.765376
613.000000 0.767390
614.000000 0.769256
615.000000 0.771228
616.000000 0.773106
617.000000 0.774841
618.000000 0.776750
619.000000 0.778538
620.000000 0.780356
621.000000 0.782352
622.000000 0.784704
623.000000 0.786948
624.000000 0.789156
625.000000 0.791120
626.000000 0.793178
627.000000 0.795411
628.000000 0.797788
629.000000 0.800275
630.000000 0.802910
631.000000 0.806085
632.000000 0.809160
633.000000 0.812054
634.000000 0.814970
635.000000 0.817740
636.000000 0.820550
637.000000 0.823493
638.000000 0.826344
639.000000 0.828841
640.000000 0.831527
641.000000 0.834211
642.000000 0.836693
643.000000 0.839423
644.000000 0.842292
645.000000 0.844911
646.000000 0.847711
647.000000 0.850748
648.000000 0.854006
649.000000 0.857081
650.000000 0.860191
651.000000 0.863310
652.000000 0.866419
653.000000 0.869314
654.000000 0.872403
655.000000 0.875312
656.000000 0.878273
657.000000 0.880925
658.000000 0.883849
659.000000 0.886963
660.000000 0.890050
661.000000 0.893238
662.000000 0.896377
663.000000 0.899294
664.000000 0.902362
665.000000 0.905466
666.000000 0.908633
667.000000 0.912078
668.000000 0.915213
669.000000 0.918455
670.000000 0.921436
671.000000 0.924099
672.000000 0.926585
673.000000 0.929453
674.000000 0.932504
675.000000 0.935615
676.000000 0.938488
677.000000 0.941411
678.000000 0.944031
679.000000 0.946620
680.000000 0.949298
681.000000 0.952145
682.000000 0.955047
683.000000 0.958071
684.000000 0.961239
685.000000 0.964154
686.000000 0.966993
687.000000 0.969707
688.000000 0.972372
689.000000 0.974973
690.000000 0.977789
691.000000 0.980879
692.000000 0.984002
693.000000 0.987313
694.000000 0.990722
695.000000 0.994436
696.000000 0.998212
697.000000 1.001982
698.000000 1.005832
699.000000 1.010029
700.000000 1.013976
701.000000 1.017973
702.000000 1.021877
703.000000 1.025736
704.000000 1.029768
705.000000 1.033855
706.000000 1.038045
707.000000 1.042292
708.000000 1.046589
709.000000 1.051019
710.000000 1.055581
711.000000 1.059998
712.000000 1.064243
713.000000 1.068267
714.000000 1.072083
715.000000 1.075841
716.000000 1.080050
717.000000 1.084399
718.000000 1.088704
719.000000 1.093368
720.000000 1.097692
721.000000 1.101744
722.000000 1.105807
723.000000 1.109937
724.000000 1.114059
725.000000 1.118344
726.000000 1.122609
727.000000 1.127145
728.000000 1.131866
729.000000 1.136480
730.000000 1.141319
731.000000 1.146137
732.000000 1.150789
733.000000 1.155361
734.000000 1.160078
735.000000 1.164718
736.000000 1.169591
737.000000 1.174667
738.000000 1.179717
739.000000 1.184580
740.000000 1.189639
741.000000 1.194733
742.000000 1.200056
743.000000 1.205248
744.000000 1.210485
745.000000 1.216025
746.000000 1.221597
747.000000 1.227299
748.000000 1.232895
749.000000 1.238785
750.000000 1.244611
751.000000 1.250540
752.000000 1.256351
753.000000 1.262209
754.000000 1.267894
755.000000 1.273721
756.000000 1.279883
757.000000 1.286011
758.000000 1.292573
759.000000 1.298768
760.000000 1.305158
761.000000 1.311585
762.000000 1.317821
763.000000 1.323929
764.000000 1.330137
765.000000 1.336268
766.000000 1.342570
767.000000 1.348839
768.000000 1.355165
769.000000 1.361588
770.000000 1.368013
771.000000 1.374855
772.000000 1.381223
773.000000 1.387573
774.000000 1.394173
775.000000 1.400850
776.000000 1.407867
777.000000 1.414776
778.000000 1.421933
779.000000 1.429545
780.000000 1.437230
781.000000 1.445046
782.000000 1.452930
783.000000 1.460830
784.000000 1.468934
785.000000 1.477131
786.000000 1.485490
787.000000 1.493805
788.000000 1.502009
789.000000 1.510094
790.000000 1.518048
791.000000 1.526269
792.000000 1.534383
793.000000 1.542411
794.000000 1.550535
795.000000 1.558453
796.000000 1.566280
797.000000 1.574044
798.000000 1.581995
799.000000 1.589954
800.000000 1.597945
801.000000 1.605555
802.000000 1.613529
803.000000 1.621802
804.000000 1.630003
805.000000 1.543633
806.000000 1.564021
807.000000 1.564848
808.000000 1.571648
809.000000 1.571729
810.000000 1.575314
811.000000 1.573983
812.000000 1.571175
813.000000 1.569649
814.000000 1.568064
815.000000 1.565990
816.000000 1.563150
817.000000 1.560574
818.000000 1.557630
819.000000 1.554421
820.000000 1.550941
821.000000 1.547181
822.000000 1.542851
823.000000 1.538632
824.000000 1.533990
825.000000 1.529000
826.000000 1.524194
827.000000 1.519606
828.000000 1.514983
829.000000 1.510479
830.000000 1.505979
831.000000 1.501608
832.000000 1.497055
833.000000 1.492506
834.000000 1.488052
835.000000 1.483701
836.000000 1.479228
837.000000 1.474962
838.000000 1.471012
839.000000 1.467143
840.000000 1.463408
841.000000 1.459709
842.000000 1.456035
843.000000 1.452442
844.000000 1.448800
845.000000 1.445179
846.000000 1.441616
847.000000 1.438232
848.000000 1.434939
849.000000 1.431883
850.000000 1.429001
851.000000 1.426203
852.000000 1.423632
853.000000 1.421221
854.000000 1.419062
855.000000 1.417079
856.000000 1.415281
857.000000 1.413784
858.000000 1.412732
859.000000 1.411957
860.000000 1.411026
861.000000 1.410306
862.000000 1.409814
863.000000 1.409284
864.000000 1.408668
865.000000 1.407936
866.000000 1.407022
867.000000 1.406468
868.000000 1.405628
869.000000 1.405002
870.000000 1.404500
871.000000 1.404376
872.000000 1.404570
873.000000 1.404919
874.000000 1.405330
875.000000 1.405654
876.000000 1.405556
877.000000 1.405598
878.000000 1.405711
879.000000 1.405750
880.000000 1.405754
881.000000 1.405977
882.000000 1.406241
883.000000 1.406690
884.000000 1.407178
885.000000 1.407523
886.000000 1.408211
887.000000 1.408926
888.000000 1.409694
889.000000 1.410359
890.000000 1.411208
891.000000 1.411924
892.000000 1.412744
893.000000 1.413549
894.000000 1.414489
895.000000 1.415768
896.000000 1.417171
897.000000 1.418605
898.000000 1.420105
899.000000 1.421753
900.000000 1.423488
901.000000 1.425269
902.000000 1.427156
903.000000 1.429193
904.000000 1.431497
905.000000 1.434204
906.000000 1.436926
907.000000 1.439463
908.000000 1.442189
909.000000 1.444943
910.000000 1.447898
911.000000 1.450719
912.000000 1.453266
913.000000 1.455945
914.000000 1.458852
915.000000 1.462005
916.000000 1.465476
917.000000 1.468900
918.000000 1.472203
919.000000 1.475931
920.000000 1.479760
921.000000 1.483411
922.000000 1.486806
923.000000 1.490158
924.000000 1.493496
925.000000 1.496677
926.000000 1.500090
927.000000 1.503739
928.000000 1.507652
929.000000 1.511287
930.000000 1.514873
931.000000 1.518501
932.000000 1.522055
933.000000 1.525633
934.000000 1.528999
935.000000 1.532197
936.000000 1.535618
937.000000 1.539002
938.000000 1.542250
939.000000 1.545790
940.000000 1.549619
941.000000 1.553409
942.000000 1.557282
943.000000 1.561647
944.000000 1.565869
945.000000 1.570075
946.000000 1.574318
947.000000 1.578469
948.000000 1.582705
949.000000 1.586784
950.000000 1.590815
951.000000 1.594983
952.000000 1.598806
953.000000 1.602805
954.000000 1.606846
955.000000 1.610731
956.000000 1.614604
957.000000 1.618441
958.000000 1.622523
959.000000 1.626847
960.000000 1.631415
961.000000 1.636079
962.000000 1.640864
963.000000 1.645917
964.000000 1.650832
965.000000 1.655994
966.000000 1.661121
967.000000 1.666379
968.000000 1.671504
969.000000 1.676443
970.000000 1.681527
971.000000 1.686597
972.000000 1.691660
973.000000 1.696818
974.000000 1.702217
975.000000 1.707322
976.000000 1.712475
977.000000 1.717355
978.000000 1.722766
979.000000 1.728113
980.000000 1.733564
981.000000 1.739368
982.000000 1.745050
983.000000 1.751047
984.000000 1.757095
985.000000 1.763172
986.000000 1.769345
987.000000 1.775397
988.000000 1.781754
989.000000 1.787970
990.000000 1.794098
991.000000 1.800512
992.000000 1.806663
993.000000 1.812785
994.000000 1.819114
995.000000 1.825101
996.000000 1.831000
997.000000 1.837009
998.000000 1.843072
999.000000 1.849073
1000.000000 1.855534
1001.000000 1.862029
1002.000000 1.868613
1003.000000 1.875310
1004.000000 1.882221
1005.000000 1.889283
1006.000000 1.896396
1007.000000 1.903692
1008.000000 1.911057
1009.000000 1.918297
1010.000000 1.925458
1011.000000 1.932491
1012.000000 1.939908
1013.000000 1.947293
1014.000000 1.954640
1015.000000 1.961940
1016.000000 1.969324
1017.000000 1.976774
1018.000000 1.984600
1019.000000 1.992313
1020.000000 1.999954
1021.000000 2.007743
1022.000000 2.015386
1023.000000 2.023103
1024.000000 2.030745
1025.000000 2.038546
1026.000000 2.046854
1027.000000 2.055054
1028.000000 2.063296
1029.000000 2.071674
1030.000000 2.080074
1031.000000 2.088167
1032.000000 2.096036
1033.000000 2.104026
1034.000000 2.111928
1035.000000 2.119869
1036.000000 2.127894
1037.000000 2.136408
1038.000000 2.145452
1039.000000 2.154346
1040.000000 2.162869
1041.000000 2.171687
1042.000000 2.180125
1043.000000 2.188467
1044.000000 2.196987
1045.000000 2.205351
1046.000000 2.214071
1047.000000 2.222679
1048.000000 2.231447
1049.000000 2.240415
1050.000000 2.249060
1051.000000 2.257641
1052.000000 2.266174
1053.000000 2.274880
1054.000000 2.283747
1055.000000 2.292643
1056.000000 2.301719
1057.000000 2.310691
1058.000000 2.319812
1059.000000 2.329248
1060.000000 2.339062
1061.000000 2.348967
1062.000000 2.359292
1063.000000 2.369666
1064.000000 2.380298
1065.000000 2.391031
1066.000000 2.401799
1067.000000 2.412790
1068.000000 2.423900
1069.000000 2.435234
1070.000000 2.446922
1071.000000 2.458279
1072.000000 2.469973
1073.000000 2.481675
1074.000000 2.493433
1075.000000 2.505059
1076.000000 2.516669
1077.000000 2.528455
1078.000000 2.540207
1079.000000 2.551989
1080.000000 2.563869
1081.000000 2.575427
1082.000000 2.587313
1083.000000 2.599422
1084.000000 2.611422
1085.000000 2.623064
1086.000000 2.635033
1087.000000 2.646955
1088.000000 2.658980
1089.000000 2.671122
1090.000000 2.683127
1091.000000 2.695330
1092.000000 2.707712
1093.000000 2.720415
1094.000000 2.733227
1095.000000 2.746140
1096.000000 2.759175
1097.000000 2.772255
1098.000000 2.785585
1099.000000 2.799057
1100.000000 2.812582
1101.000000 2.826662
1102.000000 2.840885
1103.000000 2.855125
1104.000000 2.869528
1105.000000 2.884307
1106.000000 2.898910
1107.000000 2.913253
1108.000000 2.927876
1109.000000 2.942495
1110.000000 2.957411
1111.000000 2.972171
1112.000000 2.987007
1113.000000 3.002120
1114.000000 3.017242
1115.000000 3.032389
1116.000000 3.047633
1117.000000 3.063221
1118.000000 3.078844
1119.000000 3.094484
1120.000000 3.110226
1121.000000 3.126125
1122.000000 3.142152
1123.000000 3.158463
1124.000000 3.174871
1125.000000 3.191425
1126.000000 3.208055
1127.000000 3.224992
1128.000000 3.242229
1129.000000 3.259767
1130.000000 3.277254
1131.000000 3.294759
1132.000000 3.312708
1133.000000 3.330559
1134.000000 3.348241
1135.000000 3.365982
1136.000000 3.384010
1137.000000 3.401881
1138.000000 3.419938
1139.000000 3.438031
1140.000000 3.456498
1141.000000 3.474959
1142.000000 3.493310
1143.000000 3.512011
1144.000000 3.531210
1145.000000 3.550411
1146.000000 3.569602
1147.000000 3.589205
1148.000000 3.608643
1149.000000 3.628443
1150.000000 3.648171
1151.000000 3.668517
1152.000000 3.688667
1153.000000 3.709007
1154.000000 3.729425
1155.000000 3.749918
1156.000000 3.770495
1157.000000 3.791400
1158.000000 3.812359
1159.000000 3.833614
1160.000000 3.855250
1161.000000 3.877004
1162.000000 3.898883
1163.000000 3.920747
1164.000000 3.942790
1165.000000 3.964780
1166.000000 3.987128
1167.000000 4.009453
1168.000000 4.031814
1169.000000 4.054478
1170.000000 4.077318
1171.000000 4.100287
1172.000000 4.123470
1173.000000 4.146857
1174.000000 4.170228
1175.000000 4.194085
1176.000000 4.217834
1177.000000 4.241901
1178.000000 4.266280
1179.000000 4.290832
1180.000000 4.315514
1181.000000 4.340286
1182.000000 4.364757
1183.000000 4.389774
1184.000000 4.415108
1185.000000 4.440820
1186.000000 4.466581
1187.000000 4.492951
1188.000000 4.519683
1189.000000 4.546777
1190.000000 4.573977
1191.000000 4.601272
1192.000000 4.628820
1193.000000 4.656427
1194.000000 4.684145
1195.000000 4.711867
1196.000000 4.739625
1197.000000 4.767438
1198.000000 4.795565
1199.000000 4.824084
1200.000000 4.852913
1201.000000 4.882033
1202.000000 4.911129
1203.000000 4.940572
1204.000000 4.970258
1205.000000 4.937311
1206.000000 4.982763
1207.000000 5.009569
1208.000000 5.040652
1209.000000 5.067594
1210.000000 5.096929
1211.000000 5.122889
1212.000000 5.147300
1213.000000 5.172765
1214.000000 5.198219
1215.000000 5.223822
1216.000000 5.248902
1217.000000 5.274516
1218.000000 5.300033
1219.000000 5.325895
1220.000000 5.351549
1221.000000 5.377362
1222.000000 5.403145
1223.000000 5.428537
1224.000000 5.454035
1225.000000 5.479726
1226.000000 5.505616
1227.000000 5.531675
1228.000000 5.557882
1229.000000 5.584246
1230.000000 5.610823
1231.000000 5.637524
1232.000000 5.664523
1233.000000 5.691650
1234.000000 5.719014
1235.000000 5.746729
1236.000000 5.774504
1237.000000 5.802558
1238.000000 5.830426
1239.000000 5.858560
1240.000000 5.886922
1241.000000 5.915626
1242.000000 5.944583
1243.000000 5.973864
1244.000000 6.003439
1245.000000 6.033368
1246.000000 6.064048
1247.000000 6.094986
1248.000000 6.126419
1249.000000 6.157971
1250.000000 6.190049
1251.000000 6.222217
1252.000000 6.254879
1253.000000 6.287704
1254.000000 6.320826
1255.000000 6.354276
1256.000000 6.388084
1257.000000 6.421982
1258.000000 6.456350
1259.000000 6.491278
1260.000000 6.526415
1261.000000 6.561798
1262.000000 6.597692
1263.000000 6.633990
1264.000000 6.670569
1265.000000 6.707470
1266.000000 6.745037
1267.000000 6.782764
1268.000000 6.820832
1269.000000 6.859286
1270.000000 6.898187
1271.000000 6.937641
1272.000000 6.977281
1273.000000 7.017145
1274.000000 7.057105
1275.000000 7.097199
1276.000000 7.137478
1277.000000 7.178088
1278.000000 7.219098
1279.000000 7.260716
1280.000000 7.302489
1281.000000 7.344821
1282.000000 7.387717
1283.000000 7.430978
1284.000000 7.474536
1285.000000 7.518686
1286.000000 7.563079
1287.000000 7.607973
1288.000000 7.653183
1289.000000 7.698725
1290.000000 7.744562
1291.000000 7.790571
1292.000000 7.837028
1293.000000 7.884068
1294.000000 7.931644
1295.000000 7.979574
1296.000000 8.028100
1297.000000 8.076544
1298.000000 8.125342
1299.000000 8.174485
1300.000000 8.224410
1301.000000 8.274746
1302.000000 8.325259
1303.000000 8.376268
1304.000000 8.427768
1305.000000 8.479523
1306.000000 8.531887
1307.000000 8.584666
1308.000000 8.637953
1309.000000 8.691605
1310.000000 8.745872
1311.000000 8.800550
1312.000000 8.855534
1313.000000 8.910825
1314.000000 8.966578
1315.000000 9.022809
1316.000000 9.079185
1317.000000 9.136076
1318.000000 9.193390
1319.000000 9.251255
1320.000000 9.309504
1321.000000 9.368325
1322.000000 9.427655
1323.000000 9.487557
1324.000000 9.547762
1325.000000 9.608708
1326.000000 9.669816
1327.000000 9.731581
1328.000000 9.793921
1329.000000 9.856621
1330.000000 9.919567
1331.000000 9.983087
1332.000000 10.046586
1333.000000 10.110790
1334.000000 10.175513
1335.000000 10.240426
1336.000000 10.305903
1337.000000 10.372104
1338.000000 10.438358
1339.000000 10.505196
1340.000000 10.572467
1341.000000 10.640321
1342.000000 10.708783
1343.000000 10.777680
1344.000000 10.847054
1345.000000 10.916908
1346.000000 10.987140
1347.000000 11.058186
1348.000000 11.129375
1349.000000 11.201031
1350.000000 11.273273
1351.000000 11.346385
1352.000000 11.420080
1353.000000 11.494442
1354.000000 11.569464
1355.000000 11.644970
1356.000000 11.721152
1357.000000 11.798114
1358.000000 11.875726
1359.000000 11.953580
1360.000000 12.032049
1361.000000 12.111085
1362.000000 12.190910
1363.000000 12.271258
1364.000000 12.352302
1365.000000 12.433909
1366.000000 12.515929
1367.000000 12.598660
1368.000000 12.682261
1369.000000 12.766602
1370.000000 12.851560
1371.000000 12.937093
1372.000000 13.022913
1373.000000 13.109536
1374.000000 13.196785
1375.000000 13.284511
1376.000000 13.373001
1377.000000 13.462281
1378.000000 13.552616
1379.000000 13.643395
1380.000000 13.735035
1381.000000 13.827424
1382.000000 13.920626
1383.000000 14.014653
1384.000000 14.109638
1385.000000 14.204952
1386.000000 14.300742
1387.000000 14.397171
1388.000000 14.494109
1389.000000 14.591491
1390.000000 14.689796
1391.000000 14.789177
1392.000000 14.889406
1393.000000 14.990063
1394.000000 15.091412
1395.000000 15.193604
1396.000000 15.296361
1397.000000 15.400253
1398.000000 15.505074
1399.000000 15.610787
1400.000000 15.717297
1401.000000 15.824787
1402.000000 15.933161
1403.000000 16.042224
1404.000000 16.152042
1405.000000 16.263096
1406.000000 16.374751
1407.000000 16.487352
1408.000000 16.601107
1409.000000 16.715564
1410.000000 16.830930
1411.000000 16.947533
1412.000000 17.064653
1413.000000 17.182427
1414.000000 17.301306
1415.000000 17.421232
1416.000000 17.541881
1417.000000 17.663300
1418.000000 17.785280
1419.000000 17.908285
1420.000000 18.032441
1421.000000 18.157479
1422.000000 18.283222
1423.000000 18.409851
1424.000000 18.537248
1425.000000 18.665562
1426.000000 18.794837
1427.000000 18.925199
1428.000000 19.056220
1429.000000 19.188493
1430.000000 19.321718
1431.000000 19.455814
1432.000000 19.590970
1433.000000 19.727033
1434.000000 19.864056
1435.000000 20.002060
1436.000000 20.140896
1437.000000 20.280773
1438.000000 20.421972
1439.000000 20.564591
1440.000000 20.708274
1441.000000 20.853185
1442.000000 20.999182
1443.000000 21.145970
1444.000000 21.293861
1445.000000 21.443142
1446.000000 21.593582
1447.000000 21.745226
1448.000000 21.897852
1449.000000 22.051345
1450.000000 22.206027
1451.000000 22.361868
1452.000000 22.518671
1453.000000 22.676436
1454.000000 22.835400
1455.000000 22.995744
1456.000000 23.157439
1457.000000 23.320617
1458.000000 23.484877
1459.000000 23.650409
1460.000000 23.816992
1461.000000 23.984889
1462.000000 24.153831
1463.000000 24.324418
1464.000000 24.496284
1465.000000 24.669465
1466.000000 24.844170
1467.000000 25.020117
1468.000000 25.197387
1469.000000 25.375977
1470.000000 25.555989
1471.000000 25.737366
1472.000000 25.920549
1473.000000 26.105061
1474.000000 26.290982
1475.000000 26.478402
1476.000000 26.667133
1477.000000 26.857488
1478.000000 27.049124
1479.000000 27.241758
1480.000000 27.435878
1481.000000 27.631425
1482.000000 27.828435
1483.000000 28.027298
1484.000000 28.227791
1485.000000 28.429741
1486.000000 28.633420
1487.000000 28.838467
1488.000000 29.045052
1489.000000 29.253105
1490.000000 29.463062
1491.000000 29.674588
1492.000000 29.887621
1493.000000 30.101902
1494.000000 30.317681
1495.000000 30.534823
1496.000000 30.753758
1497.000000 30.974246
1498.000000 31.196079
1499.000000 31.419435
1500.000000 31.644630
1501.000000 31.871465
1502.000000 32.100110
1503.000000 32.330858
1504.000000 32.563476
1505.000000 32.798123
1506.000000 33.034371
1507.000000 33.272409
1508.000000 33.511991
1509.000000 33.753315
1510.000000 33.996440
1511.000000 34.241322
1512.000000 34.488238
1513.000000 34.737234
1514.000000 34.988102
1515.000000 35.240704
1516.000000 35.495138
1517.000000 35.751256
1518.000000 36.009228
1519.000000 36.269074
1520.000000 36.531106
1521.000000 36.795011
1522.000000 37.060869
1523.000000 37.329013
1524.000000 37.598885
1525.000000 37.870729
1526.000000 38.144672
1527.000000 38.420584
1528.000000 38.698797
1529.000000 38.978984
1530.000000 39.261261
1531.000000 39.545370
1532.000000 39.831660
1533.000000 40.120383
1534.000000 40.411271
1535.000000 40.704687
1536.000000 41.000266
1537.000000 41.297742
1538.000000 41.597533
1539.000000 41.899727
1540.000000 42.204223
1541.000000 42.511004
1542.000000 42.820083
1543.000000 43.131751
1544.000000 43.445741
1545.000000 43.762053
1546.000000 44.081052
1547.000000 44.402209
1548.000000 44.725459
1549.000000 45.051295
1550.000000 45.379574
1551.000000 45.710359
1552.000000 46.043669
1553.000000 46.379480
1554.000000 46.717793
1555.000000 47.058287
1556.000000 47.401146
1557.000000 47.746736
1558.000000 48.095232
1559.000000 48.446155
1560.000000 48.799519
1561.000000 49.155812
1562.000000 49.514832
1563.000000 49.876531
1564.000000 50.241016
1565.000000 50.608479
1566.000000 50.978663
1567.000000 51.351468
1568.000000 51.727408
1569.000000 52.106091
1570.000000 52.487422
1571.000000 52.871608
1572.000000 53.258864
1573.000000 53.648886
1574.000000 54.041886
1575.000000 54.437914
1576.000000 54.837003
1577.000000 55.238947
1578.000000 55.643901
1579.000000 56.051823
1580.000000 56.462875
1581.000000 56.877373
1582.000000 57.295182
1583.000000 57.716523
1584.000000 58.140988
1585.000000 58.568579
1586.000000 58.999229
1587.000000 59.432993
1588.000000 59.869983
1589.000000 60.310259
1590.000000 60.753714
1591.000000 61.200528
1592.000000 61.650758
1593.000000 62.104399
1594.000000 62.561392
1595.000000 63.021987
1596.000000 63.486009
1597.000000 63.953467
1598.000000 64.424120
1599.000000 64.898278
1600.000000 65.376373
