1.000000 0.000000
2.000000 0.000000
3.000000 0.000000
4.000000 0.000000
5.000000 0.000000
6.000000 0.000000
7.000000 0.000000
8.000000 0.000000
9.000000 0.000000
10.000000 0.000000
11.000000 0.000000
12.000000 0.000000
13.000000 0.000000
14.000000 0.000000
15.000000 0.000000
16.000000 0.000000
17.000000 0.000000
18.000000 0.466347
19.000000 0.599309
20.000000 0.726142
21.000000 0.847535
22.000000 1.378799
23.000000 1.358827
24.000000 1.399721
25.000000 1.129170
26.000000 1.122538
27.000000 1.126092
28.000000 1.117346
29.000000 0.873324
30.000000 0.922417
31.000000 0.879475
32.000000 1.026972
33.000000 0.992695
34.000000 0.951843
35.000000 0.930382
36.000000 1.044124
37.000000 0.998021
38.000000 1.031827
39.000000 0.941045
40.000000 0.970077
41.000000 1.000035
42.000000 1.012269
43.000000 0.951835
44.000000 0.980410
45.000000 0.951611
46.000000 1.007670
47.000000 0.985288
48.000000 0.966386
49.000000 0.961253
50.000000 0.992981
51.000000 0.976152
52.000000 0.997819
53.000000 0.962151
54.000000 0.978962
55.000000 0.990449
56.000000 0.992759
57.000000 0.977982
58.000000 0.988841
59.000000 0.975321
60.000000 1.000157
61.000000 0.989565
62.000000 0.985006
63.000000 0.986023
64.000000 0.994065
65.000000 0.989443
66.000000 0.999515
67.000000 0.984344
68.000000 0.993159
69.000000 0.995983
70.000000 0.995762
71.000000 0.993195
72.000000 0.996119
73.000000 0.990593
74.000000 1.001253
75.000000 0.995610
76.000000 0.995306
77.000000 0.996244
78.000000 0.997461
79.000000 0.996796
80.000000 1.000570
81.000000 0.994134
82.000000 0.998630
83.000000 0.998556
84.000000 0.998280
85.000000 0.998357
86.000000 0.998546
87.000000 0.996632
88.000000 1.000926
89.000000 0.997926
90.000000 0.998596
91.000000 0.998844
92.000000 0.998634
93.000000 0.998981
94.000000 1.000081
95.000000 0.997513
96.000000 0.999714
97.000000 0.999054
98.000000 0.999082
99.000000 0.999431
100.000000 0.999047
101.000000 0.998594
102.000000 1.000199
103.000000 0.998737
104.000000 0.999416
105.000000 0.999332
106.000000 0.999091
107.000000 0.999514
108.000000 0.999693
109.000000 0.998788
110.000000 0.999805
111.000000 0.999265
112.000000 0.999444
113.000000 0.999641
114.000000 0.999320
115.000000 0.999343
116.000000 0.999876
117.000000 0.999239
118.000000 0.999699
119.000000 0.999540
120.000000 0.999453
121.000000 0.999729
122.000000 0.999668
123.000000 0.999413
124.000000 0.999845
125.000000 0.999523
126.000000 0.999705
127.000000 0.999765
128.000000 0.999592
129.000000 0.999702
130.000000 0.999840
131.000000 0.999596
132.000000 0.999852
133.000000 0.999718
134.000000 0.999720
135.000000 0.999856
136.000000 0.999774
137.000000 0.999738
138.000000 0.999898
139.000000 0.999736
140.000000 0.999864
141.000000 0.999859
142.000000 0.999787
143.000000 0.999872
144.000000 0.999884
145.000000 0.999807
146.000000 0.999929
147.000000 0.999842
148.000000 0.999871
149.000000 0.999924
150.000000 0.999870
151.000000 0.999889
152.000000 0.999936
153.000000 0.999866
154.000000 0.999940
155.000000 0.999918
156.000000 0.999897
157.000000 0.999943
158.000000 0.999927
159.000000 0.999912
160.000000 0.999962
161.000000 0.999915
162.000000 0.999942
163.000000 0.999956
164.000000 0.999930
165.000000 0.999952
166.000000 0.999959
167.000000 0.999934
168.000000 0.999971
169.000000 0.999952
170.000000 0.999951
171.000000 0.999971
172.000000 0.999957
173.000000 0.999960
174.000000 0.999977
175.000000 0.999955
176.000000 0.999973
177.000000 0.999973
178.000000 0.999963
179.000000 0.999977
180.000000 0.999974
181.000000 0.999968
182.000000 0.999984
183.000000 0.999972
184.000000 0.999976
185.000000 0.999983
186.000000 0.999975
187.000000 0.999981
188.000000 0.999985
189.000000 0.999976
190.000000 0.999987
191.000000 0.999984
192.000000 0.999981
193.000000 0.999988
194.000000 0.999984
195.000000 0.999984
196.000000 0.999991
197.000000 0.999984
198.000000 0.999989
199.000000 0.999990
200.000000 0.999987
201.000000 0.999991
202.000000 0.999991
203.000000 0.999988
204.000000 0.999993
205.000000 0.999990
206.000000 0.999991
207.000000 0.999994
208.000000 0.999991
209.000000 0.999992
210.000000 0.999994
211.000000 0.999992
212.000000 0.999994
213.000000 0.999994
214.000000 0.999993
215.000000 0.999995
216.000000 0.999995
217.000000 0.999994
218.000000 0.999996
219.000000 0.999995
220.000000 0.999995
221.000000 0.999996
222.000000 0.999995
223.000000 0.999996
224.000000 0.999997
225.000000 0.999996
226.000000 0.999997
227.000000 0.999997
228.000000 0.999996
229.000000 0.999998
230.000000 0.999997
231.000000 0.999997
232.000000 0.999998
233.000000 0.999997
234.000000 0.999998
235.000000 0.999998
236.000000 0.999997
237.000000 0.999998
238.000000 0.999998
239.000000 0.999998
240.000000 0.999999
241.000000 0.999998
242.000000 0.999998
243.000000 0.999999
244.000000 0.999998
245.000000 0.999999
246.000000 0.999999
247.000000 0.999998
248.000000 0.999999
249.000000 0.999999
250.000000 0.999999
251.000000 0.999999
252.000000 0.999999
253.000000 0.999999
254.000000 0.999999
255.000000 0.999999
256.000000 0.999999
257.000000 0.999999
258.000000 0.999999
259.000000 0.999999
260.000000 0.999999
261.000000 0.999999
262.000000 0.999999
263.000000 0.999999
264.000000 0.999999
265.000000 0.999999
266.000000 0.999999
267.000000 0.999999
268.000000 1.000000
269.000000 0.999999
270.000000 1.000000
271.000000 1.000000
272.000000 1.000000
273.000000 1.000000
274.000000 1.000000
275.000000 1.000000
276.000000 1.000000
277.000000 1.000000
278.000000 1.000000
279.000000 1.000000
280.000000 1.000000
281.000000 1.000000
282.000000 1.000000
283.000000 1.000000
284.000000 1.000000
285.000000 1.000000
286.000000 1.000000
287.000000 1.000000
288.000000 1.000000
289.000000 1.000000
290.000000 1.000000
291.000000 1.000000
292.000000 1.000000
293.000000 1.000000
294.000000 1.000000
295.000000 1.000000
296.000000 1.000000
297.000000 1.000000
298.000000 1.000000
299.000000 1.000000
300.000000 1.000000
301.000000 1.000000
302.000000 1.000000
303.000000 1.000000
304.000000 1.000000
305.000000 1.000000
306.000000 1.000000
307.000000 1.000000
308.000000 1.000000
309.000000 1.000000
310.000000 1.000000
311.000000 1.000000
312.000000 1.000000
313.000000 1.000000
314.000000 1.000000
315.000000 1.000000
316.000000 1.000000
317.000000 1.000000
318.000000 1.000000
319.000000 1.000000
320.000000 1.000000
321.000000 1.000000
322.000000 1.000000
323.000000 1.000000
324.000000 1.000000
325.000000 1.000000
326.000000 1.000000
327.000000 1.000000
328.000000 1.000000
329.000000 1.000000
330.000000 1.000000
331.000000 1.000000
332.000000 1.000000
333.000000 1.000000
334.000000 1.000000
335.000000 1.000000
336.000000 1.000000
337.000000 1.000000
338.000000 1.000000
339.000000 1.000000
340.000000 1.000000
341.000000 1.000000
342.000000 1.000000
343.000000 1.000000
344.000000 1.000000
345.000000 1.000000
346.000000 1.000000
347.000000 1.000000
348.000000 1.000000
349.000000 1.000000
350.000000 1.000000
351.000000 1.000000
352.000000 1.000000
353.000000 1.000000
354.000000 1.000000
355.000000 1.000000
356.000000 1.000000
357.000000 1.000000
358.000000 1.000000
359.000000 1.000000
360.000000 1.000000
361.000000 1.000000
362.000000 1.000000
363.000000 1.000000
364.000000 1.000000
365.000000 1.000000
366.000000 1.000000
367.000000 1.000000
368.000000 1.000000
369.000000 1.000000
370.000000 1.000000
371.000000 1.000000
372.000000 1.000000
373.000000 1.000000
374.000000 1.000000
375.000000 1.000000
376.000000 1.000000
377.000000 1.000000
378.000000 1.000000
379.000000 1.000000
380.000000 1.000000
381.000000 1.000000
382.000000 1.000000
383.000000 1.000000
384.000000 1.000000
385.000000 1.000000
386.000000 1.000000
387.000000 1.000000
388.000000 1.000000
389.000000 1.000000
390.000000 1.000000
391.000000 1.000000
392.000000 1.000000
393.000000 1.000000
394.000000 1.000000
395.000000 1.000000
396.000000 1.000000
397.000000 1.000000
398.000000 1.000000
399.000000 1.000000
400.000000 1.000000
401.000000 1.000000
402.000000 1.000000
403.000000 1.000000
404.000000 1.000000
405.000000 1.000000
406.000000 1.000000
407.000000 1.000000
408.000000 2.218205
409.000000 2.193990
410.000000 2.329898
411.000000 2.447203
412.000000 2.547076
413.000000 2.771759
414.000000 2.959960
415.000000 2.422039
416.000000 2.673828
417.000000 2.691727
418.000000 2.747335
419.000000 2.809373
420.000000 2.704053
421.000000 2.654723
422.000000 3.012945
423.000000 2.858776
424.000000 2.920397
425.000000 2.911200
426.000000 2.893218
427.000000 3.016498
428.000000 3.063279
429.000000 2.884139
430.000000 3.024651
431.000000 2.982562
432.000000 3.017658
433.000000 3.049895
434.000000 2.971275
435.000000 2.966055
436.000000 3.073562
437.000000 2.982178
438.000000 3.028977
439.000000 2.999201
440.000000 2.978681
441.000000 3.035223
442.000000 3.026251
443.000000 2.966611
444.000000 3.025336
445.000000 2.983187
446.000000 3.007504
447.000000 3.016717
448.000000 2.975081
449.000000 2.986289
450.000000 3.014156
451.000000 2.974369
452.000000 3.004903
453.000000 2.981475
454.000000 2.975832
455.000000 3.001578
456.000000 2.987435
457.000000 2.973689
458.000000 2.996507
459.000000 2.972502
460.000000 2.990389
461.000000 2.990705
462.000000 2.973531
463.000000 2.985244
464.000000 2.989642
465.000000 2.976351
466.000000 2.993233
467.000000 2.979234
468.000000 2.981347
469.000000 2.992141
470.000000 2.983221
471.000000 2.983674
472.000000 2.991281
473.000000 2.980477
474.000000 2.991756
475.000000 2.989417
476.000000 2.983922
477.000000 2.991328
478.000000 2.989943
479.000000 2.987073
480.000000 2.994845
481.000000 2.987408
482.000000 2.990920
483.000000 2.994497
484.000000 2.990081
485.000000 2.992889
486.000000 2.994468
487.000000 2.990354
488.000000 2.996328
489.000000 2.993847
490.000000 2.992791
491.000000 2.996331
492.000000 2.994369
493.000000 2.994619
494.000000 2.997499
495.000000 2.993897
496.000000 2.996531
497.000000 2.997139
498.000000 2.995316
499.000000 2.997380
500.000000 2.997068
501.000000 2.995836
502.000000 2.998556
503.000000 2.996795
504.000000 2.763898
505.000000 2.698744
506.000000 2.634026
507.000000 2.574113
508.000000 2.613797
509.000000 2.616188
510.000000 2.631260
511.000000 2.795582
512.000000 2.823304
513.000000 2.878792
514.000000 2.929630
515.000000 2.916999
516.000000 2.956474
517.000000 2.981426
518.000000 2.922067
519.000000 2.955066
520.000000 2.948526
521.000000 2.947537
522.000000 2.980268
523.000000 2.964232
524.000000 2.963514
525.000000 3.006241
526.000000 2.987174
527.000000 3.003492
528.000000 3.008660
529.000000 2.994231
530.000000 3.015424
531.000000 3.018833
532.000000 2.999951
533.000000 3.019214
534.000000 3.008772
535.000000 3.010392
536.000000 3.021290
537.000000 3.006729
538.000000 3.007942
539.000000 3.018085
540.000000 3.004638
541.000000 3.013198
542.000000 3.009587
543.000000 3.002222
544.000000 3.011552
545.000000 3.007592
546.000000 3.001473
547.000000 3.009007
548.000000 3.000822
549.000000 3.003289
550.000000 3.006132
551.000000 2.998503
552.000000 3.001234
553.000000 3.002831
554.000000 2.997105
555.000000 3.002169
556.000000 2.998654
557.000000 2.996606
558.000000 3.000842
559.000000 2.997549
560.000000 2.996800
561.000000 2.999642
562.000000 2.995508
563.000000 2.998038
564.000000 2.998467
565.000000 2.995512
566.000000 2.997885
567.000000 2.997545
568.000000 2.995887
569.000000 2.998619
570.000000 2.996499
571.000000 2.996629
572.000000 2.998415
573.000000 2.996664
574.000000 2.997383
575.000000 2.998263
576.000000 2.996574
577.000000 2.998324
578.000000 2.998054
579.000000 2.997191
580.000000 2.998589
581.000000 2.997993
582.000000 2.997805
583.000000 2.999017
584.000000 2.997895
585.000000 2.998448
586.000000 2.999019
587.000000 2.998223
588.000000 2.998930
589.000000 2.999023
590.000000 2.998436
591.000000 2.999367
592.000000 2.998986
593.000000 2.998853
594.000000 2.999481
595.000000 2.999028
596.000000 2.999194
597.000000 2.999606
598.000000 2.999065
599.000000 2.999492
600.000000 2.999565
601.000000 2.999253
602.000000 2.999671
603.000000 2.999542
604.000000 2.999391
605.000000 2.999801
606.000000 2.999516
607.000000 2.999582
608.000000 2.999800
609.000000 2.999543
610.000000 2.999719
611.000000 2.999805
612.000000 2.999577
613.000000 2.999824
614.000000 2.999760
615.000000 2.999669
616.000000 2.999869
617.000000 2.999740
618.000000 2.999739
619.000000 2.999892
620.000000 2.999732
621.000000 2.999821
622.000000 2.999871
623.000000 2.999755
624.000000 2.999872
625.000000 2.999859
626.000000 2.999784
627.000000 2.999906
628.000000 2.999838
629.000000 2.999833
630.000000 2.999915
631.000000 2.999836
632.000000 2.999871
633.000000 2.999916
634.000000 2.999843
635.000000 2.999907
636.000000 2.999904
637.000000 2.999864
638.000000 2.999927
639.000000 2.999900
640.000000 2.999886
641.000000 2.999939
642.000000 2.999896
643.000000 2.999914
644.000000 2.999941
645.000000 2.999903
646.000000 2.999934
647.000000 2.999940
648.000000 2.999913
649.000000 2.999950
650.000000 2.999937
651.000000 2.999929
652.000000 2.999958
653.000000 2.999938
654.000000 2.999943
655.000000 2.999962
656.000000 2.999941
657.000000 2.999957
658.000000 2.999962
659.000000 2.999948
660.000000 2.999967
661.000000 2.999963
662.000000 2.999956
663.000000 2.999973
664.000000 2.999963
665.000000 2.999965
666.000000 2.999976
667.000000 2.999965
668.000000 2.999973
669.000000 2.999978
670.000000 2.999969
671.000000 2.999979
672.000000 2.999978
673.000000 2.999973
674.000000 2.999983
675.000000 2.999978
676.000000 2.999978
677.000000 2.999985
678.000000 2.999979
679.000000 2.999983
680.000000 2.999986
681.000000 2.999981
682.000000 2.999987
683.000000 2.999987
684.000000 2.999984
685.000000 2.999989
686.000000 2.999987
687.000000 2.999987
688.000000 2.999991
689.000000 2.999988
690.000000 2.999989
691.000000 2.999992
692.000000 2.999989
693.000000 2.999992
694.000000 2.999992
695.000000 2.999990
696.000000 2.999993
697.000000 2.999992
698.000000 2.999992
699.000000 2.999994
700.000000 2.999993
701.000000 2.999993
702.000000 2.999995
703.000000 2.999993
704.000000 2.999995
705.000000 2.999995
706.000000 2.999994
707.000000 2.999996
708.000000 2.999995
709.000000 2.999995
710.000000 2.999996
711.000000 2.999996
712.000000 2.999996
713.000000 2.999997
714.000000 2.999996
715.000000 2.999997
716.000000 2.999997
717.000000 2.999996
718.000000 2.999997
719.000000 2.999997
720.000000 2.999997
721.000000 2.999998
722.000000 2.999997
723.000000 2.999997
724.000000 2.999998
725.000000 2.999998
726.000000 2.999998
727.000000 2.999998
728.000000 2.999998
729.000000 2.999998
730.000000 2.999998
731.000000 2.999998
732.000000 2.999999
733.000000 2.999998
734.000000 2.999998
735.000000 2.999999
736.000000 2.999998
737.000000 2.999999
738.000000 2.999999
739.000000 2.999999
740.000000 2.999999
741.000000 2.999999
742.000000 2.999999
743.000000 2.999999
744.000000 2.999999
745.000000 2.999999
746.000000 2.999999
747.000000 2.999999
748.000000 2.999999
749.000000 2.999999
750.000000 2.999999
751.000000 2.999999
752.000000 2.999999
753.000000 2.999999
754.000000 2.999999
755.000000 2.999999
756.000000 2.999999
757.000000 3.000000
758.000000 2.999999
759.000000 2.999999
760.000000 3.000000
761.000000 3.000000
762.000000 3.000000
763.000000 3.000000
764.000000 3.000000
765.000000 3.000000
766.000000 3.000000
767.000000 3.000000
768.000000 3.000000
769.000000 3.000000
770.000000 3.000000
771.000000 3.000000
772.000000 3.000000
773.000000 3.000000
774.000000 3.000000
775.000000 3.000000
776.000000 3.000000
777.000000 3.000000
778.000000 3.000000
779.000000 3.000000
780.000000 3.000000
781.000000 3.000000
782.000000 3.000000
783.000000 3.000000
784.000000 3.000000
785.000000 3.000000
786.000000 3.000000
787.000000 3.000000
788.000000 3.000000
789.000000 3.000000
790.000000 3.000000
791.000000 3.000000
792.000000 3.000000
793.000000 3.000000
794.000000 3.000000
795.000000 3.000000
796.000000 3.000000
797.000000 3.000000
798.000000 3.000000
799.000000 3.000000
800.000000 3.000000
801.000000 3.000000
802.000000 3.000000
803.000000 3.000000
804.000000 3.233173
805.000000 3.299654
806.000000 3.363071
807.000000 3.423767
808.000000 2.471194
809.000000 2.485424
810.000000 2.369963
811.000000 2.117381
812.000000 2.014193
813.000000 1.791287
814.000000 1.598713
815.000000 2.014623
816.000000 1.787380
817.000000 1.748010
818.000000 1.766151
819.000000 1.686974
820.000000 1.771868
821.000000 1.810467
822.000000 1.509116
823.000000 1.640234
824.000000 1.595517
825.000000 1.559322
826.000000 1.591820
827.000000 1.483519
828.000000 1.442856
829.000000 1.591779
830.000000 1.465554
831.000000 1.493243
832.000000 1.486177
833.000000 1.442749
834.000000 1.511918
835.000000 1.514571
836.000000 1.422928
837.000000 1.505897
838.000000 1.469933
839.000000 1.481875
840.000000 1.510800
841.000000 1.460002
842.000000 1.470128
843.000000 1.522380
844.000000 1.469085
845.000000 1.504473
846.000000 1.492574
847.000000 1.478065
848.000000 1.517423
849.000000 1.506722
850.000000 1.482877
851.000000 1.520353
852.000000 1.494854
853.000000 1.510697
854.000000 1.520748
855.000000 1.496414
856.000000 1.510446
857.000000 1.522909
858.000000 1.501552
859.000000 1.522795
860.000000 1.510237
861.000000 1.507100
862.000000 1.524122
863.000000 1.512878
864.000000 1.509089
865.000000 1.522047
866.000000 1.507051
867.000000 1.517833
868.000000 1.517968
869.000000 1.507137
870.000000 1.515918
871.000000 1.515505
872.000000 1.507992
873.000000 1.517839
874.000000 1.508707
875.000000 1.509546
876.000000 1.515376
877.000000 1.508095
878.000000 1.509374
879.000000 1.512417
880.000000 1.505195
881.000000 1.511349
882.000000 1.508937
883.000000 1.505030
884.000000 1.509460
885.000000 1.506827
886.000000 1.505056
887.000000 1.508943
888.000000 1.503772
889.000000 1.505521
890.000000 1.506917
891.000000 1.503335
892.000000 1.505177
893.000000 1.505139
894.000000 1.502347
895.000000 1.505497
896.000000 1.503372
897.000000 1.502494
898.000000 1.504406
899.000000 1.502440
900.000000 1.502592
901.000000 1.503836
902.000000 1.501382
903.000000 1.502824
904.000000 1.502778
905.000000 1.501371
906.000000 1.502629
907.000000 1.501984
908.000000 1.501188
909.000000 1.502603
910.000000 1.501277
911.000000 1.501396
912.000000 1.502048
913.000000 1.500984
914.000000 1.501483
915.000000 1.501699
916.000000 1.500695
917.000000 1.501566
918.000000 1.501207
919.000000 1.500788
920.000000 1.501426
921.000000 1.500881
922.000000 1.500794
923.000000 1.501321
924.000000 1.500620
925.000000 1.500905
926.000000 1.501024
927.000000 1.500544
928.000000 1.500919
929.000000 1.500822
930.000000 1.500476
931.000000 1.500905
932.000000 1.500593
933.000000 1.500537
934.000000 1.500789
935.000000 1.500458
936.000000 1.500545
937.000000 1.500684
938.000000 1.500360
939.000000 1.500573
940.000000 1.500521
941.000000 1.500342
942.000000 1.500545
943.000000 1.500410
944.000000 1.500325
945.000000 1.500500
946.000000 1.500305
947.000000 1.500347
948.000000 1.500416
949.000000 1.500250
950.000000 1.500340
951.000000 1.500343
952.000000 1.500214
953.000000 1.500333
954.000000 1.500259
955.000000 1.500210
956.000000 1.500299
957.000000 1.500204
958.000000 1.500203
959.000000 1.500259
960.000000 1.500159
961.000000 1.500206
962.000000 1.500208
963.000000 1.500138
964.000000 1.500195
965.000000 1.500167
966.000000 1.500126
967.000000 1.500180
968.000000 1.500127
969.000000 1.500124
970.000000 1.500155
971.000000 1.500103
972.000000 1.500120
973.000000 1.500129
974.000000 1.500085
975.000000 1.500117
976.000000 1.500102
977.000000 1.500078
978.000000 1.500106
979.000000 1.500081
980.000000 1.500074
981.000000 1.500094
982.000000 1.500064
983.000000 1.500072
984.000000 1.500078
985.000000 1.500054
986.000000 1.500068
987.000000 1.500064
988.000000 1.500048
989.000000 1.500064
990.000000 1.500051
991.000000 1.500045
992.000000 1.500056
993.000000 1.500041
994.000000 1.500043
995.000000 1.500048
996.000000 1.500034
997.000000 1.500041
998.000000 1.500040
999.000000 1.500030
1000.000000 1.500038
1001.000000 1.500032
1002.000000 1.500027
1003.000000 1.500034
1004.000000 1.500026
1005.000000 1.500026
1006.000000 1.500029
1007.000000 1.500022
1008.000000 1.500025
1009.000000 1.500025
1010.000000 1.500019
1011.000000 1.500023
1012.000000 1.500020
1013.000000 1.500017
1014.000000 1.500021
1015.000000 1.500016
1016.000000 1.500016
1017.000000 1.500018
1018.000000 1.500014
1019.000000 1.500015
1020.000000 1.500015
1021.000000 1.500012
1022.000000 1.500014
1023.000000 1.500013
1024.000000 1.500010
1025.000000 1.500013
1026.000000 1.500010
1027.000000 1.500010
1028.000000 1.500011
1029.000000 1.500009
1030.000000 1.500009
1031.000000 1.500009
1032.000000 1.500007
1033.000000 1.500008
1034.000000 1.500008
1035.000000 1.500007
1036.000000 1.500008
1037.000000 1.500006
1038.000000 1.500006
1039.000000 1.500007
1040.000000 1.500005
1041.000000 1.500006
1042.000000 1.500006
1043.000000 1.500005
1044.000000 1.500005
1045.000000 1.500005
1046.000000 1.500004
1047.000000 1.500005
1048.000000 1.500004
1049.000000 1.500004
1050.000000 1.500004
1051.000000 1.500003
1052.000000 1.500003
1053.000000 1.500004
1054.000000 1.500003
1055.000000 1.500003
1056.000000 1.500003
1057.000000 1.500002
1058.000000 1.500003
1059.000000 1.500003
1060.000000 1.500002
1061.000000 1.500002
1062.000000 1.500002
1063.000000 1.500002
1064.000000 1.500002
1065.000000 1.500002
1066.000000 1.500002
1067.000000 1.500002
1068.000000 1.500002
1069.000000 1.500002
1070.000000 1.500002
1071.000000 1.500001
1072.000000 1.500002
1073.000000 1.500001
1074.000000 1.500001
1075.000000 1.500001
1076.000000 1.500001
1077.000000 1.500001
1078.000000 1.500001
1079.000000 1.500001
1080.000000 1.500001
1081.000000 1.500001
1082.000000 1.500001
1083.000000 1.500001
1084.000000 1.500001
1085.000000 1.500001
1086.000000 1.500001
1087.000000 1.500001
1088.000000 1.500001
1089.000000 1.500001
1090.000000 1.500001
1091.000000 1.500001
1092.000000 1.500001
1093.000000 1.500001
1094.000000 1.500001
1095.000000 1.500001
1096.000000 1.500000
1097.000000 1.500000
1098.000000 1.500000
1099.000000 1.500000
1100.000000 1.500000
1101.000000 1.500000
1102.000000 1.500000
1103.000000 1.500000
1104.000000 1.500000
1105.000000 1.500000
1106.000000 1.500000
1107.000000 1.500000
1108.000000 1.500000
1109.000000 1.500000
1110.000000 1.500000
1111.000000 1.500000
1112.000000 1.500000
1113.000000 1.500000
1114.000000 1.500000
1115.000000 1.500000
1116.000000 1.500000
1117.000000 1.500000
1118.000000 1.500000
1119.000000 1.500000
1120.000000 1.500000
1121.000000 1.500000
1122.000000 1.500000
1123.000000 1.500000
1124.000000 1.500000
1125.000000 1.500000
1126.000000 1.500000
1127.000000 1.500000
1128.000000 1.500000
1129.000000 1.500000
1130.000000 1.500000
1131.000000 1.500000
1132.000000 1.500000
1133.000000 1.500000
1134.000000 1.500000
1135.000000 1.500000
1136.000000 1.500000
1137.000000 1.500000
1138.000000 1.500000
1139.000000 1.500000
1140.000000 1.500000
1141.000000 1.500000
1142.000000 1.500000
1143.000000 1.500000
1144.000000 1.500000
1145.000000 1.500000
1146.000000 1.500000
1147.000000 1.500000
1148.000000 1.500000
1149.000000 1.500000
1150.000000 1.500000
1151.000000 1.500000
1152.000000 1.500000
1153.000000 1.500000
1154.000000 1.500000
1155.000000 1.500000
1156.000000 1.500000
1157.000000 1.500000
1158.000000 1.500000
1159.000000 1.500000
1160.000000 1.500000
1161.000000 1.500000
1162.000000 1.500000
1163.000000 1.500000
1164.000000 1.500000
1165.000000 1.500000
1166.000000 1.500000
1167.000000 1.500000
1168.000000 1.500000
1169.000000 1.500000
1170.000000 1.500000
1171.000000 1.500000
1172.000000 1.500000
1173.000000 1.500000
1174.000000 1.500000
1175.000000 1.500000
1176.000000 1.500000
1177.000000 1.500000
1178.000000 1.500000
1179.000000 1.500000
1180.000000 1.500000
1181.000000 1.500000
1182.000000 1.500000
1183.000000 1.500000
1184.000000 1.500000
1185.000000 1.500000
1186.000000 1.500000
1187.000000 1.500000
1188.000000 1.500000
1189.000000 1.500000
1190.000000 1.500000
1191.000000 1.500000
1192.000000 1.500000
1193.000000 1.500000
1194.000000 1.500000
1195.000000 1.500000
1196.000000 1.500000
1197.000000 1.500000
1198.000000 1.500000
1199.000000 1.500000
1200.000000 1.500000
1201.000000 1.500000
1202.000000 1.500000
1203.000000 1.500000
1204.000000 1.500000
1205.000000 1.500000
1206.000000 1.500000
1207.000000 1.500000
1208.000000 0.890897
1209.000000 0.903005
1210.000000 0.835051
1211.000000 0.776398
1212.000000 0.726462
1213.000000 0.614121
1214.000000 0.520020
1215.000000 0.788980
1216.000000 0.663086
1217.000000 0.654136
1218.000000 0.626332
1219.000000 0.595314
1220.000000 0.647973
1221.000000 0.672638
1222.000000 0.493527
1223.000000 0.570612
1224.000000 0.539802
1225.000000 0.544400
1226.000000 0.553391
1227.000000 0.491751
1228.000000 0.468361
1229.000000 0.557931
1230.000000 0.487675
1231.000000 0.508719
1232.000000 0.491171
1233.000000 0.475053
1234.000000 0.514362
1235.000000 0.516972
1236.000000 0.463219
1237.000000 0.508911
1238.000000 0.485511
1239.000000 0.500400
1240.000000 0.510660
1241.000000 0.482389
1242.000000 0.486874
1243.000000 0.516695
1244.000000 0.487332
1245.000000 0.508407
1246.000000 0.496248
1247.000000 0.491641
1248.000000 0.512460
1249.000000 0.506856
1250.000000 0.492922
1251.000000 0.512816
1252.000000 0.497548
1253.000000 0.509262
1254.000000 0.512084
1255.000000 0.499211
1256.000000 0.506283
1257.000000 0.513156
1258.000000 0.501746
1259.000000 0.513749
1260.000000 0.504805
1261.000000 0.504647
1262.000000 0.513235
1263.000000 0.507378
1264.000000 0.505179
1265.000000 0.511824
1266.000000 0.503383
1267.000000 0.510383
1268.000000 0.509327
1269.000000 0.503929
1270.000000 0.508389
1271.000000 0.508163
1272.000000 0.504360
1273.000000 0.509762
1274.000000 0.504122
1275.000000 0.505292
1276.000000 0.508039
1277.000000 0.504336
1278.000000 0.505029
1279.000000 0.506463
1280.000000 0.502577
1281.000000 0.506296
1282.000000 0.504540
1283.000000 0.502751
1284.000000 0.504959
1285.000000 0.503556
1286.000000 0.502766
1287.000000 0.504823
1288.000000 0.501836
1289.000000 0.503077
1290.000000 0.503604
1291.000000 0.501835
1292.000000 0.502816
1293.000000 0.502691
1294.000000 0.501250
1295.000000 0.503051
1296.000000 0.501734
1297.000000 0.501431
1298.000000 0.502342
1299.000000 0.501310
1300.000000 0.501466
1301.000000 0.502082
1302.000000 0.500722
1303.000000 0.501602
1304.000000 0.734638
1305.000000 0.800455
1306.000000 0.864522
1307.000000 0.924827
1308.000000 0.885525
1309.000000 0.882364
1310.000000 0.868063
1311.000000 0.703601
1312.000000 0.675598
1313.000000 0.620657
1314.000000 0.569527
1315.000000 0.582076
1316.000000 0.543138
1317.000000 0.517690
1318.000000 0.577293
1319.000000 0.544469
1320.000000 0.550691
1321.000000 0.551987
1322.000000 0.519279
1323.000000 0.535042
1324.000000 0.536150
1325.000000 0.493241
1326.000000 0.512280
1327.000000 0.496200
1328.000000 0.490827
1329.000000 0.505326
1330.000000 0.484309
1331.000000 0.480666
1332.000000 0.499735
1333.000000 0.480478
1334.000000 0.490801
1335.000000 0.489360
1336.000000 0.478405
1337.000000 0.492901
1338.000000 0.491862
1339.000000 0.481595
1340.000000 0.495086
1341.000000 0.486610
1342.000000 0.490115
1343.000000 0.497558
1344.000000 0.488267
1345.000000 0.492136
1346.000000 0.498365
1347.000000 0.490798
1348.000000 0.498956
1349.000000 0.496575
1350.000000 0.493681
1351.000000 0.501313
1352.000000 0.498649
1353.000000 0.496986
1354.000000 0.502758
1355.000000 0.497714
1356.000000 0.501184
1357.000000 0.503284
1358.000000 0.499045
1359.000000 0.502311
1360.000000 0.503115
1361.000000 0.500243
1362.000000 0.504381
1363.000000 0.501887
1364.000000 0.501426
1365.000000 0.504399
1366.000000 0.502046
1367.000000 0.502357
1368.000000 0.504045
1369.000000 0.501312
1370.000000 0.503418
1371.000000 0.503315
1372.000000 0.501519
1373.000000 0.503266
1374.000000 0.502570
1375.000000 0.501673
1376.000000 0.503372
1377.000000 0.501633
1378.000000 0.501889
1379.000000 0.502766
1380.000000 0.501370
1381.000000 0.501956
1382.000000 0.502161
1383.000000 0.500943
1384.000000 0.502063
1385.000000 0.501523
1386.000000 0.500944
1387.000000 0.501743
1388.000000 0.501044
1389.000000 0.500942
1390.000000 0.501537
1391.000000 0.500608
1392.000000 0.500984
1393.000000 0.501125
1394.000000 0.500495
1395.000000 0.500946
1396.000000 0.500788
1397.000000 0.500371
1398.000000 0.500914
1399.000000 0.500492
1400.000000 0.500414
1401.000000 0.500730
1402.000000 0.500314
1403.000000 0.500439
1404.000000 0.500596
1405.000000 0.500185
1406.000000 0.500468
1407.000000 0.500406
1408.000000 0.500186
1409.000000 0.500444
1410.000000 0.500271
1411.000000 0.500183
1412.000000 0.500412
1413.000000 0.500167
1414.000000 0.500229
1415.000000 0.500322
1416.000000 0.500122
1417.000000 0.500250
1418.000000 0.500253
1419.000000 0.500099
1420.000000 0.500260
1421.000000 0.500173
1422.000000 0.500121
1423.000000 0.500239
1424.000000 0.500122
1425.000000 0.500134
1426.000000 0.500210
1427.000000 0.500089
1428.000000 0.500156
1429.000000 0.500162
1430.000000 0.500081
1431.000000 0.500159
1432.000000 0.500125
1433.000000 0.500080
1434.000000 0.500153
1435.000000 0.500089
1436.000000 0.500092
1437.000000 0.500133
1438.000000 0.500069
1439.000000 0.500097
1440.000000 0.500111
1441.000000 0.500058
1442.000000 0.500101
1443.000000 0.500084
1444.000000 0.500057
1445.000000 0.500095
1446.000000 0.500064
1447.000000 0.500057
1448.000000 0.500085
1449.000000 0.500048
1450.000000 0.500061
1451.000000 0.500069
1452.000000 0.500040
1453.000000 0.500060
1454.000000 0.500055
1455.000000 0.500036
1456.000000 0.500058
1457.000000 0.500041
1458.000000 0.500036
1459.000000 0.500051
1460.000000 0.500032
1461.000000 0.500036
1462.000000 0.500043
1463.000000 0.500026
1464.000000 0.500036
1465.000000 0.500034
1466.000000 0.500023
1467.000000 0.500034
1468.000000 0.500027
1469.000000 0.500022
1470.000000 0.500031
1471.000000 0.500020
1472.000000 0.500021
1473.000000 0.500026
1474.000000 0.500016
1475.000000 0.500021
1476.000000 0.500021
1477.000000 0.500014
1478.000000 0.500020
1479.000000 0.500016
1480.000000 0.500013
1481.000000 0.500018
1482.000000 0.500013
1483.000000 0.500013
1484.000000 0.500016
1485.000000 0.500010
1486.000000 0.500012
1487.000000 0.500013
1488.000000 0.500009
1489.000000 0.500012
1490.000000 0.500010
1491.000000 0.500008
1492.000000 0.500011
1493.000000 0.500008
1494.000000 0.500008
1495.000000 0.500010
1496.000000 0.500007
1497.000000 0.500007
1498.000000 0.500008
1499.000000 0.500006
1500.000000 0.500007
1501.000000 0.500006
1502.000000 0.500005
1503.000000 0.500007
1504.000000 0.500005
1505.000000 0.500005
1506.000000 0.500006
1507.000000 0.500004
1508.000000 0.500005
1509.000000 0.500005
1510.000000 0.500004
1511.000000 0.500004
1512.000000 0.500004
1513.000000 0.500003
1514.000000 0.500004
1515.000000 0.500003
1516.000000 0.500003
1517.000000 0.500004
1518.000000 0.500003
1519.000000 0.500003
1520.000000 0.500003
1521.000000 0.500002
1522.000000 0.500003
1523.000000 0.500003
1524.000000 0.500002
1525.000000 0.500002
1526.000000 0.500002
1527.000000 0.500002
1528.000000 0.500002
1529.000000 0.500002
1530.000000 0.500002
1531.000000 0.500002
1532.000000 0.500001
1533.000000 0.500002
1534.000000 0.500002
1535.000000 0.500001
1536.000000 0.500001
1537.000000 0.500001
1538.000000 0.500001
1539.000000 0.500001
1540.000000 0.500001
1541.000000 0.500001
1542.000000 0.500001
1543.000000 0.500001
1544.000000 0.500001
1545.000000 0.500001
1546.000000 0.500001
1547.000000 0.500001
1548.000000 0.500001
1549.000000 0.500001
1550.000000 0.500001
1551.000000 0.500001
1552.000000 0.500001
1553.000000 0.500001
1554.000000 0.500001
1555.000000 0.500001
1556.000000 0.500001
1557.000000 0.500000
1558.000000 0.500001
1559.000000 0.500001
1560.000000 0.500000
1561.000000 0.500000
1562.000000 0.500000
1563.000000 0.500000
1564.000000 0.500000
1565.000000 0.500000
1566.000000 0.500000
1567.000000 0.500000
1568.000000 0.500000
1569.000000 0.500000
1570.000000 0.500000
1571.000000 0.500000
1572.000000 0.500000
1573.000000 0.500000
1574.000000 0.500000
1575.000000 0.500000
1576.000000 0.500000
1577.000000 0.500000
1578.000000 0.500000
1579.000000 0.500000
1580.000000 0.500000
1581.000000 0.500000
1582.000000 0.500000
1583.000000 0.500000
1584.000000 0.500000
1585.000000 0.500000
1586.000000 0.500000
1587.000000 0.500000
1588.000000 0.500000
1589.000000 0.500000
1590.000000 0.500000
1591.000000 0.500000
1592.000000 0.500000
1593.000000 0.500000
1594.000000 0.500000
1595.000000 0.500000
1596.000000 0.500000
1597.000000 0.500000
1598.000000 0.500000
1599.000000 0.500000
1600.000000 0.500000
