1.000000 0.000000
2.000000 0.000000
3.000000 0.000000
4.000000 0.000000
5.000000 0.000000
6.000000 0.000000
7.000000 0.000000
8.000000 0.000000
9.000000 -0.000603
10.000000 -0.001458
11.000000 -0.001258
12.000000 0.000041
13.000000 0.001757
14.000000 0.003695
15.000000 0.781404
16.000000 0.999944
17.000000 0.908446
18.000000 0.539059
19.000000 0.207379
20.000000 0.019262
21.000000 -0.031023
22.000000 -0.113844
23.000000 -0.128784
24.000000 -0.067743
25.000000 0.061141
26.000000 0.198877
27.000000 0.300961
28.000000 0.351410
29.000000 0.377908
30.000000 0.383254
31.000000 0.366685
32.000000 0.331123
33.000000 0.286354
34.000000 0.243746
35.000000 0.212873
36.000000 0.190565
37.000000 0.175699
38.000000 0.169737
39.000000 0.170758
40.000000 0.178214
41.000000 0.188669
42.000000 0.196452
43.000000 0.200516
44.000000 0.200466
45.000000 0.197828
46.000000 0.194671
47.000000 0.190889
48.000000 0.189238
49.000000 0.188936
50.000000 0.190292
51.000000 0.192260
52.000000 0.193419
53.000000 0.192755
54.000000 0.192127
55.000000 0.192502
56.000000 0.193629
57.000000 0.194065
58.000000 0.193934
59.000000 0.193585
60.000000 0.192937
61.000000 0.192921
62.000000 0.192349
63.000000 0.191183
64.000000 0.190358
65.000000 0.188794
66.000000 0.189156
67.000000 0.189343
68.000000 0.189832
69.000000 0.191405
70.000000 0.193143
71.000000 0.195543
72.000000 0.195692
73.000000 0.194145
74.000000 0.193673
75.000000 0.194645
76.000000 0.196031
77.000000 0.197253
78.000000 0.197172
79.000000 0.198102
80.000000 0.198396
81.000000 0.199414
82.000000 0.200675
83.000000 0.202000
84.000000 0.200510
85.000000 0.198294
86.000000 0.194838
87.000000 0.192955
88.000000 0.192350
89.000000 0.191474
90.000000 0.191146
91.000000 0.190972
92.000000 0.190831
93.000000 0.190864
94.000000 0.191975
95.000000 0.193743
96.000000 0.195188
97.000000 0.196349
98.000000 0.197305
99.000000 0.196416
100.000000 0.194382
101.000000 0.191954
102.000000 0.190953
103.000000 0.190692
104.000000 0.192345
105.000000 0.193655
106.000000 0.194212
107.000000 0.194106
108.000000 0.192706
109.000000 0.191858
110.000000 0.190196
111.000000 0.188853
112.000000 0.188596
113.000000 0.188108
114.000000 0.189524
115.000000 0.192567
116.000000 0.195779
117.000000 0.197118
118.000000 0.196601
119.000000 0.194828
120.000000 0.193583
121.000000 0.195324
122.000000 0.198897
123.000000 0.201856
124.000000 0.203108
125.000000 0.201827
126.000000 0.199178
127.000000 0.195828
128.000000 0.192530
129.000000 0.190320
130.000000 0.189072
131.000000 0.188515
132.000000 0.189236
133.000000 0.190579
134.000000 0.191651
135.000000 0.192877
136.000000 0.194665
137.000000 0.194894
138.000000 0.195137
139.000000 0.192800
140.000000 0.190184
141.000000 0.188962
142.000000 0.189706
143.000000 0.191974
144.000000 0.194160
145.000000 0.195792
146.000000 0.197169
147.000000 0.198188
148.000000 0.197952
149.000000 0.196122
150.000000 0.194706
151.000000 0.194891
152.000000 0.196636
153.000000 0.198984
154.000000 0.200975
155.000000 0.202870
156.000000 0.204413
157.000000 0.204644
158.000000 0.203036
159.000000 0.200392
160.000000 0.197228
161.000000 0.195401
162.000000 0.195077
163.000000 0.195835
164.000000 0.197480
165.000000 0.199379
166.000000 0.200982
167.000000 0.202795
168.000000 0.202417
169.000000 0.199844
170.000000 0.195601
171.000000 0.191218
172.000000 0.188980
173.000000 0.188459
174.000000 0.189108
175.000000 0.190103
176.000000 0.190264
177.000000 0.191073
178.000000 0.191576
179.000000 0.191732
180.000000 0.191386
181.000000 0.191256
182.000000 0.192512
183.000000 0.194649
184.000000 0.197192
185.000000 0.199191
186.000000 0.198705
187.000000 0.198225
188.000000 0.198097
189.000000 0.197269
190.000000 0.196893
191.000000 0.195417
192.000000 0.193305
193.000000 0.190809
194.000000 0.187778
195.000000 0.184994
196.000000 0.185193
197.000000 0.187165
198.000000 0.189447
199.000000 0.193720
200.000000 0.198367
201.000000 0.202258
202.000000 0.204380
203.000000 0.203383
204.000000 0.201095
205.000000 0.198893
206.000000 0.197280
207.000000 0.196222
208.000000 0.196862
209.000000 0.197220
210.000000 0.197461
211.000000 0.197133
212.000000 0.196642
213.000000 0.196686
214.000000 0.196875
215.000000 0.195373
216.000000 0.193226
217.000000 0.191502
218.000000 0.189816
219.000000 0.188480
220.000000 0.188126
221.000000 0.189186
222.000000 0.191760
223.000000 0.195071
224.000000 0.199166
225.000000 0.202638
226.000000 0.205301
227.000000 0.203199
228.000000 0.200255
229.000000 0.197260
230.000000 0.195774
231.000000 0.195092
232.000000 0.194471
233.000000 0.192781
234.000000 0.190452
235.000000 0.189388
236.000000 0.189542
237.000000 0.191021
238.000000 0.193438
239.000000 0.194746
240.000000 0.194361
241.000000 0.193614
242.000000 0.193075
243.000000 0.193615
244.000000 0.194070
245.000000 0.195035
246.000000 0.197219
247.000000 0.198578
248.000000 0.198681
249.000000 0.197728
250.000000 0.195667
251.000000 0.193854
252.000000 0.193451
253.000000 0.192708
254.000000 0.193856
255.000000 0.195345
256.000000 0.195037
257.000000 0.195070
258.000000 0.195178
259.000000 0.195974
260.000000 0.195560
261.000000 0.194550
262.000000 0.193038
263.000000 0.192514
264.000000 0.192867
265.000000 0.192082
266.000000 0.190352
267.000000 0.187620
268.000000 0.185915
269.000000 0.185738
270.000000 0.186172
271.000000 0.186712
272.000000 0.188230
273.000000 0.191010
274.000000 0.194150
275.000000 0.196273
276.000000 0.196828
277.000000 0.196099
278.000000 0.193579
279.000000 0.189659
280.000000 0.185217
281.000000 0.182224
282.000000 0.180735
283.000000 0.182595
284.000000 0.185561
285.000000 0.189701
286.000000 0.194440
287.000000 0.198823
288.000000 0.200199
289.000000 0.198278
290.000000 0.194507
291.000000 0.189447
292.000000 0.184951
293.000000 0.182658
294.000000 0.182398
295.000000 0.183927
296.000000 0.186559
297.000000 0.188463
298.000000 0.189944
299.000000 0.192487
300.000000 0.193520
301.000000 0.193277
302.000000 0.191059
303.000000 0.188445
304.000000 0.186595
305.000000 0.184761
306.000000 0.184953
307.000000 0.186980
308.000000 0.189476
309.000000 0.193068
310.000000 0.195850
311.000000 0.197046
312.000000 0.197203
313.000000 0.196819
314.000000 0.196853
315.000000 0.197237
316.000000 0.196797
317.000000 0.195500
318.000000 0.194877
319.000000 0.194422
320.000000 0.194620
321.000000 0.195826
322.000000 0.198032
323.000000 0.200759
324.000000 0.202315
325.000000 0.203575
326.000000 0.204636
327.000000 0.205048
328.000000 0.206205
329.000000 0.207099
330.000000 0.205381
331.000000 0.202225
332.000000 0.198372
333.000000 0.194234
334.000000 0.193622
335.000000 0.195586
336.000000 0.199926
337.000000 0.202655
338.000000 0.204333
339.000000 0.204709
340.000000 0.204699
341.000000 0.204398
342.000000 0.203543
343.000000 0.201296
344.000000 0.199023
345.000000 0.197349
346.000000 0.197586
347.000000 0.197787
348.000000 0.195763
349.000000 0.193765
350.000000 0.192184
351.000000 0.190180
352.000000 0.187780
353.000000 0.185710
354.000000 0.183889
355.000000 0.185279
356.000000 0.188254
357.000000 0.190364
358.000000 0.192427
359.000000 0.195036
360.000000 0.198170
361.000000 0.201321
362.000000 0.202631
363.000000 0.202382
364.000000 0.200761
365.000000 0.198964
366.000000 0.196607
367.000000 0.194701
368.000000 0.192896
369.000000 0.191392
370.000000 0.191602
371.000000 0.192148
372.000000 0.192708
373.000000 0.192288
374.000000 0.190974
375.000000 0.188565
376.000000 0.186473
377.000000 0.184615
378.000000 0.184604
379.000000 0.184997
380.000000 0.184987
381.000000 0.185851
382.000000 0.187853
383.000000 0.189003
384.000000 0.189635
385.000000 0.191680
386.000000 0.192202
387.000000 0.192750
388.000000 0.191345
389.000000 0.189851
390.000000 0.188440
391.000000 0.186517
392.000000 0.184988
393.000000 0.186339
394.000000 0.189013
395.000000 0.191929
396.000000 0.193771
397.000000 0.194373
398.000000 0.194201
399.000000 0.193972
400.000000 0.194050
401.000000 2.219533
402.000000 3.205539
403.000000 3.506805
404.000000 3.404989
405.000000 3.169006
406.000000 2.922707
407.000000 2.699935
408.000000 2.192565
409.000000 1.720634
410.000000 1.400725
411.000000 1.240174
412.000000 1.178920
413.000000 1.160421
414.000000 1.154669
415.000000 1.199809
416.000000 1.268025
417.000000 1.327021
418.000000 1.357858
419.000000 1.365024
420.000000 1.358931
421.000000 1.350485
422.000000 1.335715
423.000000 1.317898
424.000000 1.301518
425.000000 1.291695
426.000000 1.288059
427.000000 1.287829
428.000000 1.289635
429.000000 1.293195
430.000000 1.295532
431.000000 1.296236
432.000000 1.295093
433.000000 1.294556
434.000000 1.295232
435.000000 1.295675
436.000000 1.295561
437.000000 1.294052
438.000000 1.291009
439.000000 1.290369
440.000000 1.290229
441.000000 1.290867
442.000000 1.292110
443.000000 1.292555
444.000000 1.293744
445.000000 1.295130
446.000000 1.295505
447.000000 1.293922
448.000000 1.291242
449.000000 1.289523
450.000000 1.287728
451.000000 1.286390
452.000000 1.285448
453.000000 1.285128
454.000000 1.286912
455.000000 1.289282
456.000000 1.290012
457.000000 1.289072
458.000000 1.288144
459.000000 1.288440
460.000000 1.291174
461.000000 1.293388
462.000000 1.295005
463.000000 1.296327
464.000000 1.296646
465.000000 1.295965
466.000000 1.294584
467.000000 1.292213
468.000000 1.289554
469.000000 1.288340
470.000000 1.289277
471.000000 1.291322
472.000000 1.292269
473.000000 1.292126
474.000000 1.292419
475.000000 1.293414
476.000000 1.296359
477.000000 1.299268
478.000000 1.302092
479.000000 1.303771
480.000000 1.304803
481.000000 1.304702
482.000000 1.304602
483.000000 1.303766
484.000000 1.302301
485.000000 1.300386
486.000000 1.299191
487.000000 1.298845
488.000000 1.298178
489.000000 1.297016
490.000000 1.296794
491.000000 1.297510
492.000000 1.298294
493.000000 1.298574
494.000000 1.296443
495.000000 1.294952
496.000000 1.293429
497.000000 1.293295
498.000000 1.292776
499.000000 1.291329
500.000000 1.290030
501.000000 1.407642
502.000000 1.545534
503.000000 1.666355
504.000000 1.824825
505.000000 1.931304
506.000000 1.964714
507.000000 1.935233
508.000000 1.850603
509.000000 1.740858
510.000000 1.632739
511.000000 1.528939
512.000000 1.445242
513.000000 1.388850
514.000000 1.361353
515.000000 1.358743
516.000000 1.373038
517.000000 1.396492
518.000000 1.423456
519.000000 1.449649
520.000000 1.471156
521.000000 1.485256
522.000000 1.492237
523.000000 1.493948
524.000000 1.493242
525.000000 1.490486
526.000000 1.484975
527.000000 1.477431
528.000000 1.470673
529.000000 1.465861
530.000000 1.463805
531.000000 1.464187
532.000000 1.465628
533.000000 1.467859
534.000000 1.469759
535.000000 1.470643
536.000000 1.472363
537.000000 1.474294
538.000000 1.476522
539.000000 1.477643
540.000000 1.477324
541.000000 1.475650
542.000000 1.472435
543.000000 1.468268
544.000000 1.465188
545.000000 1.463185
546.000000 1.462161
547.000000 1.461543
548.000000 1.461760
549.000000 1.462227
550.000000 1.463286
551.000000 1.465053
552.000000 1.466161
553.000000 1.467903
554.000000 1.470546
555.000000 1.472626
556.000000 1.473911
557.000000 1.473811
558.000000 1.472726
559.000000 1.469854
560.000000 1.467993
561.000000 1.467832
562.000000 1.467255
563.000000 1.467063
564.000000 1.467423
565.000000 1.468186
566.000000 1.468844
567.000000 1.469816
568.000000 1.470452
569.000000 1.472217
570.000000 1.473610
571.000000 1.474732
572.000000 1.474994
573.000000 1.474718
574.000000 1.473315
575.000000 1.470473
576.000000 1.466486
577.000000 1.463841
578.000000 1.462242
579.000000 1.462616
580.000000 1.463997
581.000000 1.467264
582.000000 1.470971
583.000000 1.474536
584.000000 1.476395
585.000000 1.476997
586.000000 1.476042
587.000000 1.473591
588.000000 1.469991
589.000000 1.466585
590.000000 1.463913
591.000000 1.463347
592.000000 1.464785
593.000000 1.468269
594.000000 1.471573
595.000000 1.473989
596.000000 1.475449
597.000000 1.475913
598.000000 1.476082
599.000000 1.476711
600.000000 1.476203
601.000000 1.474746
602.000000 1.473060
603.000000 1.471074
604.000000 1.471108
605.000000 1.471628
606.000000 1.472159
607.000000 1.472478
608.000000 1.472207
609.000000 1.470479
610.000000 1.468193
611.000000 1.465375
612.000000 1.464580
613.000000 1.465006
614.000000 1.466291
615.000000 1.467878
616.000000 1.469733
617.000000 1.471024
618.000000 1.471399
619.000000 1.470686
620.000000 1.469150
621.000000 1.467542
622.000000 1.466797
623.000000 1.467018
624.000000 1.467789
625.000000 1.469453
626.000000 1.471272
627.000000 1.472491
628.000000 1.472847
629.000000 1.472731
630.000000 1.472192
631.000000 1.471883
632.000000 1.471866
633.000000 1.471831
634.000000 1.471533
635.000000 1.471307
636.000000 1.471225
637.000000 1.471482
638.000000 1.472789
639.000000 1.472621
640.000000 1.472078
641.000000 1.470976
642.000000 1.469883
643.000000 1.468702
644.000000 1.467728
645.000000 1.466745
646.000000 1.466119
647.000000 1.466193
648.000000 1.468014
649.000000 1.471118
650.000000 1.474176
651.000000 1.474868
652.000000 1.473412
653.000000 1.470889
654.000000 1.468651
655.000000 1.466780
656.000000 1.465423
657.000000 1.464201
658.000000 1.465426
659.000000 1.468252
660.000000 1.471037
661.000000 1.473151
662.000000 1.473942
663.000000 1.472866
664.000000 1.471890
665.000000 1.469946
666.000000 1.467642
667.000000 1.465938
668.000000 1.465365
669.000000 1.467469
670.000000 1.469797
671.000000 1.470424
672.000000 1.469351
673.000000 1.468875
674.000000 1.469478
675.000000 1.471344
676.000000 1.473955
677.000000 1.476334
678.000000 1.476834
679.000000 1.475949
680.000000 1.474574
681.000000 1.472269
682.000000 1.470520
683.000000 1.468502
684.000000 1.467613
685.000000 1.467450
686.000000 1.467426
687.000000 1.468148
688.000000 1.468397
689.000000 1.467653
690.000000 1.466412
691.000000 1.465955
692.000000 1.466128
693.000000 1.465830
694.000000 1.465539
695.000000 1.466713
696.000000 1.468742
697.000000 1.471599
698.000000 1.473164
699.000000 1.473459
700.000000 1.474102
701.000000 1.474780
702.000000 1.473896
703.000000 1.471464
704.000000 1.468179
705.000000 1.466891
706.000000 1.467610
707.000000 1.468270
708.000000 1.468128
709.000000 1.467839
710.000000 1.467524
711.000000 1.467459
712.000000 1.468376
713.000000 1.469764
714.000000 1.472798
715.000000 1.474393
716.000000 1.475749
717.000000 1.476633
718.000000 1.476571
719.000000 1.476274
720.000000 1.475444
721.000000 1.474692
722.000000 1.473854
723.000000 1.473018
724.000000 1.471214
725.000000 1.470185
726.000000 1.468844
727.000000 1.468217
728.000000 1.467188
729.000000 1.466842
730.000000 1.465818
731.000000 1.465431
732.000000 1.465554
733.000000 1.467587
734.000000 1.469956
735.000000 1.472748
736.000000 1.474131
737.000000 1.474455
738.000000 1.474337
739.000000 1.472697
740.000000 1.470752
741.000000 1.469578
742.000000 1.469147
743.000000 1.469092
744.000000 1.469746
745.000000 1.471265
746.000000 1.473971
747.000000 1.476377
748.000000 1.478222
749.000000 1.478970
750.000000 1.478384
751.000000 1.476053
752.000000 1.472255
753.000000 1.468630
754.000000 1.465706
755.000000 1.465661
756.000000 1.466754
757.000000 1.468214
758.000000 1.469837
759.000000 1.470791
760.000000 1.472178
761.000000 1.473031
762.000000 1.473567
763.000000 1.474974
764.000000 1.475640
765.000000 1.475479
766.000000 1.475557
767.000000 1.475533
768.000000 1.475304
769.000000 1.474789
770.000000 1.473186
771.000000 1.471828
772.000000 1.470010
773.000000 1.467854
774.000000 1.466885
775.000000 1.466941
776.000000 1.467823
777.000000 1.469685
778.000000 1.471588
779.000000 1.473270
780.000000 1.475436
781.000000 1.475151
782.000000 1.473390
783.000000 1.471048
784.000000 1.468396
785.000000 1.468001
786.000000 1.467288
787.000000 1.469144
788.000000 1.472222
789.000000 1.475265
790.000000 1.478509
791.000000 1.481096
792.000000 1.480958
793.000000 1.479081
794.000000 1.475779
795.000000 1.472381
796.000000 1.469163
797.000000 1.467021
798.000000 1.467067
799.000000 1.467890
800.000000 1.469745
801.000000 -0.163640
802.000000 -1.036840
803.000000 -1.380798
804.000000 -1.461898
805.000000 -1.392992
806.000000 -1.242191
807.000000 -1.046296
808.000000 -0.582304
809.000000 -0.118967
810.000000 0.230972
811.000000 0.455297
812.000000 0.582253
813.000000 0.647734
814.000000 0.675493
815.000000 0.642047
816.000000 0.576129
817.000000 0.509398
818.000000 0.460139
819.000000 0.431585
820.000000 0.417864
821.000000 0.413222
822.000000 0.419285
823.000000 0.433036
824.000000 0.450449
825.000000 0.464080
826.000000 0.471740
827.000000 0.474853
828.000000 0.476213
829.000000 0.475823
830.000000 0.472306
831.000000 0.467300
832.000000 0.464025
833.000000 0.461847
834.000000 0.462022
835.000000 0.463939
836.000000 0.466712
837.000000 0.469839
838.000000 0.472727
839.000000 0.475057
840.000000 0.477355
841.000000 0.478141
842.000000 0.477241
843.000000 0.475570
844.000000 0.472929
845.000000 0.468409
846.000000 0.464335
847.000000 0.462608
848.000000 0.462820
849.000000 0.463182
850.000000 0.462498
851.000000 0.461706
852.000000 0.462143
853.000000 0.465367
854.000000 0.467600
855.000000 0.468756
856.000000 0.469256
857.000000 0.469581
858.000000 0.468986
859.000000 0.468112
860.000000 0.466701
861.000000 0.464748
862.000000 0.464164
863.000000 0.464963
864.000000 0.466445
865.000000 0.467306
866.000000 0.467868
867.000000 0.469215
868.000000 0.469800
869.000000 0.470357
870.000000 0.470730
871.000000 0.469908
872.000000 0.468018
873.000000 0.465969
874.000000 0.464519
875.000000 0.465464
876.000000 0.467969
877.000000 0.470626
878.000000 0.472466
879.000000 0.473118
880.000000 0.473035
881.000000 0.472708
882.000000 0.472041
883.000000 0.471848
884.000000 0.471797
885.000000 0.472487
886.000000 0.472776
887.000000 0.472540
888.000000 0.472903
889.000000 0.473773
890.000000 0.473629
891.000000 0.473559
892.000000 0.471790
893.000000 0.469384
894.000000 0.468402
895.000000 0.467229
896.000000 0.468066
897.000000 0.468870
898.000000 0.469296
899.000000 0.469179
900.000000 0.467629
901.000000 0.466666
902.000000 0.466251
903.000000 0.466482
904.000000 0.467536
905.000000 0.470142
906.000000 0.471855
907.000000 0.472424
908.000000 0.471531
909.000000 0.469371
910.000000 0.467502
911.000000 0.466053
912.000000 0.464636
913.000000 0.463644
914.000000 0.462303
915.000000 0.462708
916.000000 0.463963
917.000000 0.466506
918.000000 0.469902
919.000000 0.473457
920.000000 0.475310
921.000000 0.476592
922.000000 0.475754
923.000000 0.473759
924.000000 0.471915
925.000000 0.469530
926.000000 0.467881
927.000000 0.467269
928.000000 0.467123
929.000000 0.467519
930.000000 0.466890
931.000000 0.466601
932.000000 0.465699
933.000000 0.464891
934.000000 0.464123
935.000000 0.464303
936.000000 0.463235
937.000000 0.462443
938.000000 0.462221
939.000000 0.463275
940.000000 0.464215
941.000000 0.466235
942.000000 0.468771
943.000000 0.470851
944.000000 0.471668
945.000000 0.471680
946.000000 0.471707
947.000000 0.472975
948.000000 0.471296
949.000000 0.469132
950.000000 0.467132
951.000000 0.466852
952.000000 0.467403
953.000000 0.468273
954.000000 0.470071
955.000000 0.473265
956.000000 0.476592
957.000000 0.477457
958.000000 0.476659
959.000000 0.474385
960.000000 0.471535
961.000000 0.468091
962.000000 0.464564
963.000000 0.461611
964.000000 0.459962
965.000000 0.459862
966.000000 0.459378
967.000000 0.459128
968.000000 0.459955
969.000000 0.462250
970.000000 0.464176
971.000000 0.465113
972.000000 0.465863
973.000000 0.466927
974.000000 0.468876
975.000000 0.470881
976.000000 0.471873
977.000000 0.472327
978.000000 0.472630
979.000000 0.473365
980.000000 0.473372
981.000000 0.472688
982.000000 0.472511
983.000000 0.472045
984.000000 0.470757
985.000000 0.470206
986.000000 0.470676
987.000000 0.472128
988.000000 0.475750
989.000000 0.478689
990.000000 0.479577
991.000000 0.477712
992.000000 0.473351
993.000000 0.469630
994.000000 0.468388
995.000000 0.469125
996.000000 0.469508
997.000000 0.469296
998.000000 0.469590
999.000000 0.471820
1000.000000 0.473800
1001.000000 0.475055
1002.000000 0.475953
1003.000000 0.476062
1004.000000 0.476061
1005.000000 0.475252
1006.000000 0.474498
1007.000000 0.472800
1008.000000 0.471744
1009.000000 0.470935
1010.000000 0.471004
1011.000000 0.470628
1012.000000 0.470565
1013.000000 0.469504
1014.000000 0.469418
1015.000000 0.468694
1016.000000 0.467979
1017.000000 0.467108
1018.000000 0.467589
1019.000000 0.468441
1020.000000 0.468166
1021.000000 0.466632
1022.000000 0.465517
1023.000000 0.464777
1024.000000 0.465418
1025.000000 0.466644
1026.000000 0.467069
1027.000000 0.467173
1028.000000 0.466659
1029.000000 0.466583
1030.000000 0.467296
1031.000000 0.467180
1032.000000 0.467125
1033.000000 0.467153
1034.000000 0.467075
1035.000000 0.467359
1036.000000 0.468422
1037.000000 0.470181
1038.000000 0.472962
1039.000000 0.475255
1040.000000 0.476661
1041.000000 0.477092
1042.000000 0.476416
1043.000000 0.474810
1044.000000 0.472482
1045.000000 0.471990
1046.000000 0.472941
1047.000000 0.474004
1048.000000 0.473144
1049.000000 0.470617
1050.000000 0.468074
1051.000000 0.467380
1052.000000 0.467103
1053.000000 0.466987
1054.000000 0.466139
1055.000000 0.465773
1056.000000 0.466593
1057.000000 0.467967
1058.000000 0.469481
1059.000000 0.468986
1060.000000 0.468057
1061.000000 0.467777
1062.000000 0.469152
1063.000000 0.470759
1064.000000 0.473173
1065.000000 0.473661
1066.000000 0.472329
1067.000000 0.470358
1068.000000 0.469409
1069.000000 0.468107
1070.000000 0.467663
1071.000000 0.467308
1072.000000 0.467262
1073.000000 0.468040
1074.000000 0.469471
1075.000000 0.470089
1076.000000 0.470043
1077.000000 0.468649
1078.000000 0.467001
1079.000000 0.467301
1080.000000 0.469520
1081.000000 0.472019
1082.000000 0.472776
1083.000000 0.471686
1084.000000 0.470868
1085.000000 0.470602
1086.000000 0.471436
1087.000000 0.472828
1088.000000 0.473470
1089.000000 0.473793
1090.000000 0.474353
1091.000000 0.475684
1092.000000 0.474786
1093.000000 0.473032
1094.000000 0.470321
1095.000000 0.467908
1096.000000 0.465221
1097.000000 0.462659
1098.000000 0.460995
1099.000000 0.461758
1100.000000 0.462901
1101.000000 0.463894
1102.000000 0.465974
1103.000000 0.469434
1104.000000 0.472450
1105.000000 0.474498
1106.000000 0.476086
1107.000000 0.476410
1108.000000 0.476484
1109.000000 0.476346
1110.000000 0.475877
1111.000000 0.476366
1112.000000 0.476701
1113.000000 0.477209
1114.000000 0.476670
1115.000000 0.475185
1116.000000 0.473161
1117.000000 0.471230
1118.000000 0.469820
1119.000000 0.469217
1120.000000 0.469668
1121.000000 0.469314
1122.000000 0.467930
1123.000000 0.465607
1124.000000 0.463701
1125.000000 0.463855
1126.000000 0.465840
1127.000000 0.468420
1128.000000 0.470569
1129.000000 0.471756
1130.000000 0.472956
1131.000000 0.473570
1132.000000 0.474015
1133.000000 0.473971
1134.000000 0.472581
1135.000000 0.470371
1136.000000 0.468500
1137.000000 0.468766
1138.000000 0.470307
1139.000000 0.472399
1140.000000 0.474108
1141.000000 0.474607
1142.000000 0.473623
1143.000000 0.473876
1144.000000 0.472884
1145.000000 0.470965
1146.000000 0.470034
1147.000000 0.469471
1148.000000 0.468727
1149.000000 0.467302
1150.000000 0.465770
1151.000000 0.464921
1152.000000 0.464545
1153.000000 0.462372
1154.000000 0.460666
1155.000000 0.459733
1156.000000 0.462144
1157.000000 0.465157
1158.000000 0.467562
1159.000000 0.469050
1160.000000 0.469279
1161.000000 0.469192
1162.000000 0.467314
1163.000000 0.465043
1164.000000 0.463168
1165.000000 0.463506
1166.000000 0.465354
1167.000000 0.467077
1168.000000 0.469182
1169.000000 0.471150
1170.000000 0.472014
1171.000000 0.471984
1172.000000 0.472327
1173.000000 0.472150
1174.000000 0.472453
1175.000000 0.472976
1176.000000 0.473854
1177.000000 0.474267
1178.000000 0.473859
1179.000000 0.474124
1180.000000 0.475520
1181.000000 0.477029
1182.000000 0.478749
1183.000000 0.477910
1184.000000 0.475075
1185.000000 0.471987
1186.000000 0.470422
1187.000000 0.469980
1188.000000 0.469325
1189.000000 0.468398
1190.000000 0.467474
1191.000000 0.467453
1192.000000 0.467858
1193.000000 0.468927
1194.000000 0.472064
1195.000000 0.475348
1196.000000 0.479013
1197.000000 0.478940
1198.000000 0.476151
1199.000000 0.472134
1200.000000 0.469134
1201.000000 -0.545868
1202.000000 -1.040838
1203.000000 -1.193827
1204.000000 -1.143449
1205.000000 -1.024367
1206.000000 -0.899336
1207.000000 -0.787293
1208.000000 -0.533703
1209.000000 -0.297899
1210.000000 -0.137768
1211.000000 -0.057389
1212.000000 -0.026636
1213.000000 -0.018180
1214.000000 -0.016989
1215.000000 -0.041823
1216.000000 -0.077774
1217.000000 -0.107711
1218.000000 -0.123579
1219.000000 -0.126230
1220.000000 -0.121363
1221.000000 -0.113926
1222.000000 -0.104857
1223.000000 -0.095672
1224.000000 -0.087858
1225.000000 -0.082482
1226.000000 -0.080326
1227.000000 -0.079803
1228.000000 -0.079827
1229.000000 -0.080059
1230.000000 -0.080221
1231.000000 -0.079988
1232.000000 -0.080798
1233.000000 -0.082942
1234.000000 -0.083366
1235.000000 -0.083034
1236.000000 -0.081793
1237.000000 -0.079352
1238.000000 -0.077011
1239.000000 -0.074543
1240.000000 -0.072925
1241.000000 -0.072725
1242.000000 -0.074043
1243.000000 -0.077459
1244.000000 -0.080132
1245.000000 -0.081983
1246.000000 -0.084418
1247.000000 -0.087769
1248.000000 -0.090021
1249.000000 -0.089636
1250.000000 -0.088375
1251.000000 -0.086505
1252.000000 -0.084472
1253.000000 -0.082121
1254.000000 -0.079222
1255.000000 -0.076823
1256.000000 -0.074693
1257.000000 -0.072799
1258.000000 -0.071388
1259.000000 -0.071766
1260.000000 -0.073157
1261.000000 -0.075300
1262.000000 -0.077885
1263.000000 -0.079087
1264.000000 -0.079279
1265.000000 -0.079482
1266.000000 -0.080207
1267.000000 -0.080131
1268.000000 -0.079535
1269.000000 -0.078918
1270.000000 -0.079963
1271.000000 -0.081918
1272.000000 -0.084048
1273.000000 -0.085213
1274.000000 -0.083196
1275.000000 -0.079523
1276.000000 -0.077926
1277.000000 -0.077657
1278.000000 -0.079375
1279.000000 -0.082473
1280.000000 -0.085619
1281.000000 -0.088461
1282.000000 -0.091837
1283.000000 -0.094077
1284.000000 -0.094838
1285.000000 -0.093278
1286.000000 -0.089876
1287.000000 -0.085291
1288.000000 -0.080942
1289.000000 -0.078975
1290.000000 -0.078173
1291.000000 -0.079358
1292.000000 -0.080467
1293.000000 -0.080942
1294.000000 -0.081136
1295.000000 -0.082519
1296.000000 -0.083143
1297.000000 -0.081408
1298.000000 -0.078433
1299.000000 -0.075793
1300.000000 -0.073658
1301.000000 -0.190176
1302.000000 -0.326588
1303.000000 -0.448420
1304.000000 -0.608707
1305.000000 -0.718698
1306.000000 -0.753670
1307.000000 -0.724620
1308.000000 -0.638026
1309.000000 -0.525263
1310.000000 -0.412794
1311.000000 -0.306304
1312.000000 -0.221305
1313.000000 -0.166680
1314.000000 -0.142062
1315.000000 -0.143539
1316.000000 -0.162021
1317.000000 -0.187803
1318.000000 -0.215638
1319.000000 -0.240665
1320.000000 -0.260464
1321.000000 -0.273748
1322.000000 -0.279223
1323.000000 -0.277822
1324.000000 -0.272336
1325.000000 -0.265145
1326.000000 -0.257645
1327.000000 -0.250902
1328.000000 -0.247879
1329.000000 -0.248896
1330.000000 -0.252580
1331.000000 -0.255833
1332.000000 -0.258278
1333.000000 -0.258981
1334.000000 -0.258983
1335.000000 -0.259477
1336.000000 -0.259581
1337.000000 -0.259381
1338.000000 -0.259233
1339.000000 -0.259238
1340.000000 -0.258423
1341.000000 -0.257535
1342.000000 -0.257058
1343.000000 -0.257484
1344.000000 -0.257517
1345.000000 -0.256732
1346.000000 -0.255310
1347.000000 -0.255290
1348.000000 -0.255851
1349.000000 -0.258152
1350.000000 -0.260936
1351.000000 -0.262605
1352.000000 -0.262512
1353.000000 -0.261899
1354.000000 -0.262068
1355.000000 -0.261166
1356.000000 -0.260247
1357.000000 -0.258008
1358.000000 -0.255961
1359.000000 -0.255254
1360.000000 -0.254873
1361.000000 -0.252947
1362.000000 -0.251742
1363.000000 -0.249874
1364.000000 -0.249757
1365.000000 -0.250255
1366.000000 -0.251236
1367.000000 -0.251722
1368.000000 -0.253270
1369.000000 -0.253894
1370.000000 -0.254344
1371.000000 -0.256562
1372.000000 -0.258624
1373.000000 -0.259670
1374.000000 -0.260733
1375.000000 -0.262322
1376.000000 -0.262563
1377.000000 -0.261760
1378.000000 -0.260258
1379.000000 -0.258316
1380.000000 -0.256206
1381.000000 -0.253159
1382.000000 -0.250761
1383.000000 -0.250512
1384.000000 -0.252094
1385.000000 -0.254609
1386.000000 -0.258466
1387.000000 -0.261343
1388.000000 -0.262209
1389.000000 -0.261571
1390.000000 -0.259002
1391.000000 -0.255821
1392.000000 -0.254446
1393.000000 -0.253624
1394.000000 -0.251752
1395.000000 -0.249191
1396.000000 -0.246343
1397.000000 -0.245344
1398.000000 -0.246276
1399.000000 -0.248335
1400.000000 -0.251178
1401.000000 -0.255136
1402.000000 -0.258096
1403.000000 -0.260708
1404.000000 -0.262357
1405.000000 -0.262281
1406.000000 -0.261514
1407.000000 -0.261332
1408.000000 -0.262367
1409.000000 -0.262408
1410.000000 -0.260258
1411.000000 -0.256754
1412.000000 -0.253174
1413.000000 -0.250306
1414.000000 -0.248138
1415.000000 -0.246676
1416.000000 -0.248067
1417.000000 -0.251377
1418.000000 -0.254488
1419.000000 -0.257578
1420.000000 -0.260347
1421.000000 -0.262743
1422.000000 -0.264184
1423.000000 -0.263799
1424.000000 -0.261674
1425.000000 -0.258322
1426.000000 -0.254570
1427.000000 -0.249969
1428.000000 -0.247024
1429.000000 -0.245422
1430.000000 -0.245842
1431.000000 -0.247094
1432.000000 -0.249111
1433.000000 -0.251959
1434.000000 -0.255235
1435.000000 -0.257768
1436.000000 -0.257885
1437.000000 -0.256604
1438.000000 -0.255174
1439.000000 -0.253682
1440.000000 -0.251619
1441.000000 -0.249891
1442.000000 -0.250420
1443.000000 -0.251868
1444.000000 -0.255295
1445.000000 -0.258662
1446.000000 -0.260758
1447.000000 -0.261148
1448.000000 -0.260092
1449.000000 -0.258366
1450.000000 -0.255570
1451.000000 -0.252168
1452.000000 -0.248432
1453.000000 -0.245940
1454.000000 -0.245263
1455.000000 -0.246673
1456.000000 -0.248930
1457.000000 -0.251207
1458.000000 -0.251741
1459.000000 -0.252914
1460.000000 -0.252684
1461.000000 -0.254017
1462.000000 -0.254933
1463.000000 -0.254723
1464.000000 -0.254290
1465.000000 -0.255093
1466.000000 -0.256979
1467.000000 -0.259226
1468.000000 -0.260364
1469.000000 -0.259687
1470.000000 -0.258132
1471.000000 -0.256471
1472.000000 -0.255143
1473.000000 -0.254837
1474.000000 -0.254463
1475.000000 -0.255097
1476.000000 -0.256171
1477.000000 -0.256248
1478.000000 -0.256324
1479.000000 -0.257064
1480.000000 -0.256868
1481.000000 -0.256259
1482.000000 -0.256086
1483.000000 -0.255672
1484.000000 -0.255507
1485.000000 -0.254947
1486.000000 -0.253475
1487.000000 -0.252161
1488.000000 -0.250278
1489.000000 -0.248754
1490.000000 -0.248206
1491.000000 -0.248664
1492.000000 -0.250202
1493.000000 -0.251621
1494.000000 -0.253901
1495.000000 -0.256279
1496.000000 -0.259439
1497.000000 -0.260070
1498.000000 -0.258398
1499.000000 -0.255845
1500.000000 -0.252900
1501.000000 -0.251376
1502.000000 -0.248969
1503.000000 -0.246322
1504.000000 -0.245563
1505.000000 -0.245813
1506.000000 -0.247479
1507.000000 -0.250472
1508.000000 -0.254703
1509.000000 -0.258300
1510.000000 -0.262386
1511.000000 -0.264550
1512.000000 -0.266144
1513.000000 -0.264817
1514.000000 -0.261064
1515.000000 -0.255340
1516.000000 -0.248594
1517.000000 -0.243868
1518.000000 -0.242366
1519.000000 -0.243682
1520.000000 -0.246806
1521.000000 -0.248959
1522.000000 -0.251703
1523.000000 -0.253804
1524.000000 -0.255869
1525.000000 -0.257626
1526.000000 -0.258779
1527.000000 -0.259604
1528.000000 -0.260011
1529.000000 -0.260110
1530.000000 -0.259075
1531.000000 -0.256556
1532.000000 -0.253492
1533.000000 -0.250357
1534.000000 -0.248716
1535.000000 -0.248245
1536.000000 -0.248994
1537.000000 -0.250770
1538.000000 -0.253426
1539.000000 -0.256100
1540.000000 -0.258040
1541.000000 -0.258534
1542.000000 -0.256843
1543.000000 -0.254545
1544.000000 -0.252243
1545.000000 -0.251120
1546.000000 -0.251441
1547.000000 -0.252089
1548.000000 -0.252003
1549.000000 -0.252275
1550.000000 -0.252721
1551.000000 -0.254581
1552.000000 -0.257253
1553.000000 -0.259308
1554.000000 -0.258887
1555.000000 -0.257518
1556.000000 -0.255418
1557.000000 -0.253463
1558.000000 -0.251577
1559.000000 -0.249576
1560.000000 -0.247323
1561.000000 -0.246221
1562.000000 -0.246358
1563.000000 -0.248915
1564.000000 -0.251736
1565.000000 -0.253627
1566.000000 -0.254789
1567.000000 -0.256215
1568.000000 -0.258476
1569.000000 -0.259937
1570.000000 -0.259838
1571.000000 -0.258812
1572.000000 -0.257502
1573.000000 -0.255949
1574.000000 -0.255057
1575.000000 -0.254527
1576.000000 -0.254987
1577.000000 -0.255635
1578.000000 -0.256821
1579.000000 -0.258352
1580.000000 -0.259394
1581.000000 -0.258693
1582.000000 -0.257590
1583.000000 -0.256403
1584.000000 -0.256610
1585.000000 -0.257072
1586.000000 -0.257717
1587.000000 -0.257990
1588.000000 -0.257690
1589.000000 -0.257192
1590.000000 -0.257134
1591.000000 -0.256984
1592.000000 -0.256433
1593.000000 -0.256289
1594.000000 -0.255703
1595.000000 -0.254215
1596.000000 -0.252913
1597.000000 -0.251321
1598.000000 -0.249313
1599.000000 -0.248179
1600.000000 -0.248605
