1.000000 0.000000
2.000000 0.000000
3.000000 0.000000
4.000000 0.000000
5.000000 0.000000
6.000000 0.000000
7.000000 0.000000
8.000000 0.000000
9.000000 -0.001779
10.000000 0.000541
11.000000 0.003959
12.000000 0.006321
13.000000 0.008969
14.000000 0.010440
15.000000 0.782044
16.000000 0.991292
17.000000 0.891661
18.000000 0.521457
19.000000 0.193023
20.000000 0.011734
21.000000 -0.032853
22.000000 -0.109018
23.000000 -0.113267
24.000000 -0.046852
25.000000 0.082971
26.000000 0.215315
27.000000 0.309809
28.000000 0.354884
29.000000 0.378350
30.000000 0.386241
31.000000 0.372654
32.000000 0.331970
33.000000 0.279341
34.000000 0.229842
35.000000 0.192594
36.000000 0.168378
37.000000 0.152852
38.000000 0.143901
39.000000 0.147540
40.000000 0.158579
41.000000 0.170440
42.000000 0.180520
43.000000 0.187283
44.000000 0.190158
45.000000 0.188879
46.000000 0.185664
47.000000 0.181134
48.000000 0.182171
49.000000 0.184250
50.000000 0.190635
51.000000 0.195740
52.000000 0.198852
53.000000 0.200808
54.000000 0.200569
55.000000 0.196167
56.000000 0.190059
57.000000 0.185686
58.000000 0.186609
59.000000 0.188995
60.000000 0.194215
61.000000 0.200833
62.000000 0.206342
63.000000 0.213976
64.000000 0.219513
65.000000 0.225725
66.000000 0.223981
67.000000 0.217145
68.000000 0.207272
69.000000 0.198501
70.000000 0.188769
71.000000 0.181605
72.000000 0.174707
73.000000 0.170011
74.000000 0.174583
75.000000 0.184338
76.000000 0.196712
77.000000 0.202742
78.000000 0.207412
79.000000 0.208815
80.000000 0.210078
81.000000 0.211526
82.000000 0.210906
83.000000 0.211550
84.000000 0.213558
85.000000 0.210550
86.000000 0.206306
87.000000 0.202417
88.000000 0.201007
89.000000 0.197621
90.000000 0.188704
91.000000 0.182173
92.000000 0.181255
93.000000 0.179281
94.000000 0.179060
95.000000 0.184232
96.000000 0.191132
97.000000 0.200689
98.000000 0.213210
99.000000 0.222050
100.000000 0.224633
101.000000 0.224224
102.000000 0.224832
103.000000 0.229434
104.000000 0.228817
105.000000 0.221455
106.000000 0.208265
107.000000 0.198678
108.000000 0.191705
109.000000 0.191057
110.000000 0.194928
111.000000 0.201118
112.000000 0.207192
113.000000 0.214397
114.000000 0.218186
115.000000 0.218845
116.000000 0.216304
117.000000 0.207809
118.000000 0.202217
119.000000 0.197360
120.000000 0.194194
121.000000 0.194292
122.000000 0.198382
123.000000 0.207889
124.000000 0.220142
125.000000 0.233819
126.000000 0.242869
127.000000 0.244275
128.000000 0.238122
129.000000 0.229557
130.000000 0.220592
131.000000 0.213242
132.000000 0.204458
133.000000 0.197311
134.000000 0.193383
135.000000 0.192508
136.000000 0.193022
137.000000 0.202978
138.000000 0.218805
139.000000 0.233019
140.000000 0.238062
141.000000 0.236878
142.000000 0.230823
143.000000 0.227240
144.000000 0.228719
145.000000 0.229305
146.000000 0.225004
147.000000 0.219680
148.000000 0.214974
149.000000 0.213074
150.000000 0.211372
151.000000 0.207939
152.000000 0.206539
153.000000 0.199745
154.000000 0.193612
155.000000 0.190716
156.000000 0.193644
157.000000 0.197031
158.000000 0.200359
159.000000 0.202088
160.000000 0.199576
161.000000 0.197190
162.000000 0.197833
163.000000 0.201144
164.000000 0.207699
165.000000 0.217090
166.000000 0.221908
167.000000 0.219150
168.000000 0.211150
169.000000 0.197486
170.000000 0.189107
171.000000 0.188431
172.000000 0.189377
173.000000 0.185966
174.000000 0.181545
175.000000 0.178761
176.000000 0.177306
177.000000 0.176735
178.000000 0.178128
179.000000 0.182705
180.000000 0.188057
181.000000 0.194291
182.000000 0.202461
183.000000 0.208581
184.000000 0.210295
185.000000 0.206777
186.000000 0.197623
187.000000 0.188986
188.000000 0.181656
189.000000 0.179902
190.000000 0.174789
191.000000 0.169648
192.000000 0.168038
193.000000 0.172511
194.000000 0.178405
195.000000 0.186453
196.000000 0.193244
197.000000 0.200226
198.000000 0.205589
199.000000 0.205896
200.000000 0.202862
201.000000 0.197410
202.000000 0.195045
203.000000 0.191231
204.000000 0.186917
205.000000 0.180011
206.000000 0.176082
207.000000 0.173336
208.000000 0.173616
209.000000 0.172572
210.000000 0.171728
211.000000 0.170946
212.000000 0.169133
213.000000 0.169267
214.000000 0.170633
215.000000 0.175218
216.000000 0.180715
217.000000 0.193591
218.000000 0.208198
219.000000 0.218886
220.000000 0.225522
221.000000 0.227551
222.000000 0.227578
223.000000 0.223721
224.000000 0.215819
225.000000 0.205044
226.000000 0.195264
227.000000 0.190818
228.000000 0.190371
229.000000 0.196018
230.000000 0.204234
231.000000 0.210523
232.000000 0.217698
233.000000 0.222781
234.000000 0.219944
235.000000 0.210258
236.000000 0.198749
237.000000 0.190408
238.000000 0.189455
239.000000 0.192270
240.000000 0.195702
241.000000 0.199733
242.000000 0.204274
243.000000 0.209986
244.000000 0.212711
245.000000 0.209679
246.000000 0.208490
247.000000 0.207297
248.000000 0.204854
249.000000 0.204745
250.000000 0.204570
251.000000 0.205614
252.000000 0.206503
253.000000 0.202560
254.000000 0.194651
255.000000 0.182109
256.000000 0.169618
257.000000 0.162739
258.000000 0.157343
259.000000 0.157634
260.000000 0.163962
261.000000 0.175877
262.000000 0.184047
263.000000 0.189561
264.000000 0.193153
265.000000 0.192807
266.000000 0.194594
267.000000 0.194362
268.000000 0.192985
269.000000 0.192747
270.000000 0.195061
271.000000 0.197292
272.000000 0.196065
273.000000 0.193421
274.000000 0.192863
275.000000 0.191074
276.000000 0.188953
277.000000 0.182835
278.000000 0.176001
279.000000 0.170927
280.000000 0.169782
281.000000 0.172466
282.000000 0.177803
283.000000 0.187928
284.000000 0.199428
285.000000 0.214216
286.000000 0.223732
287.000000 0.227672
288.000000 0.233037
289.000000 0.237345
290.000000 0.233932
291.000000 0.219438
292.000000 0.201653
293.000000 0.184865
294.000000 0.174824
295.000000 0.168088
296.000000 0.167294
297.000000 0.170919
298.000000 0.179630
299.000000 0.187958
300.000000 0.194833
301.000000 0.200402
302.000000 0.206861
303.000000 0.215977
304.000000 0.222486
305.000000 0.221318
306.000000 0.209550
307.000000 0.194204
308.000000 0.183631
309.000000 0.178904
310.000000 0.177017
311.000000 0.179667
312.000000 0.184070
313.000000 0.191390
314.000000 0.199494
315.000000 0.205277
316.000000 0.208212
317.000000 0.210438
318.000000 0.213668
319.000000 0.216978
320.000000 0.219843
321.000000 0.218078
322.000000 0.214294
323.000000 0.207635
324.000000 0.199338
325.000000 0.192766
326.000000 0.193797
327.000000 0.196048
328.000000 0.198243
329.000000 0.198640
330.000000 0.193665
331.000000 0.191903
332.000000 0.188507
333.000000 0.188634
334.000000 0.193486
335.000000 0.202639
336.000000 0.209251
337.000000 0.214851
338.000000 0.214908
339.000000 0.212088
340.000000 0.209542
341.000000 0.205036
342.000000 0.197448
343.000000 0.186778
344.000000 0.182366
345.000000 0.185072
346.000000 0.191281
347.000000 0.199882
348.000000 0.203564
349.000000 0.204578
350.000000 0.205360
351.000000 0.205269
352.000000 0.205593
353.000000 0.203253
354.000000 0.201271
355.000000 0.200504
356.000000 0.199248
357.000000 0.199045
358.000000 0.201278
359.000000 0.204609
360.000000 0.208554
361.000000 0.211379
362.000000 0.211346
363.000000 0.211189
364.000000 0.208355
365.000000 0.202752
366.000000 0.197645
367.000000 0.193217
368.000000 0.191216
369.000000 0.189897
370.000000 0.190458
371.000000 0.191251
372.000000 0.192341
373.000000 0.192372
374.000000 0.194188
375.000000 0.200108
376.000000 0.206015
377.000000 0.209076
378.000000 0.212965
379.000000 0.213270
380.000000 0.208735
381.000000 0.203239
382.000000 0.200182
383.000000 0.200395
384.000000 0.204143
385.000000 0.208396
386.000000 0.210445
387.000000 0.210596
388.000000 0.206103
389.000000 0.202106
390.000000 0.201996
391.000000 0.204094
392.000000 0.203380
393.000000 0.198118
394.000000 0.195442
395.000000 0.197943
396.000000 0.199914
397.000000 0.198125
398.000000 0.198248
399.000000 0.204120
400.000000 0.209616
401.000000 2.237725
402.000000 3.226944
403.000000 3.529455
404.000000 3.424036
405.000000 3.178970
406.000000 2.927270
407.000000 2.699797
408.000000 2.191310
409.000000 1.719765
410.000000 1.400933
411.000000 1.241962
412.000000 1.184531
413.000000 1.167768
414.000000 1.162724
415.000000 1.204876
416.000000 1.267723
417.000000 1.321741
418.000000 1.346588
419.000000 1.347673
420.000000 1.340702
421.000000 1.334039
422.000000 1.325792
423.000000 1.313985
424.000000 1.302644
425.000000 1.294832
426.000000 1.288335
427.000000 1.280485
428.000000 1.271429
429.000000 1.264590
430.000000 1.264911
431.000000 1.270346
432.000000 1.278017
433.000000 1.283942
434.000000 1.288641
435.000000 1.291394
436.000000 1.290033
437.000000 1.282417
438.000000 1.272748
439.000000 1.268275
440.000000 1.271650
441.000000 1.279142
442.000000 1.284977
443.000000 1.287115
444.000000 1.286815
445.000000 1.289354
446.000000 1.295476
447.000000 1.297835
448.000000 1.296675
449.000000 1.293599
450.000000 1.294219
451.000000 1.294775
452.000000 1.294549
453.000000 1.293038
454.000000 1.288403
455.000000 1.285712
456.000000 1.287970
457.000000 1.292150
458.000000 1.288569
459.000000 1.282258
460.000000 1.279002
461.000000 1.282122
462.000000 1.287488
463.000000 1.289853
464.000000 1.292653
465.000000 1.294369
466.000000 1.297010
467.000000 1.296805
468.000000 1.294141
469.000000 1.289875
470.000000 1.283168
471.000000 1.277542
472.000000 1.278321
473.000000 1.278201
474.000000 1.277955
475.000000 1.276854
476.000000 1.275648
477.000000 1.276133
478.000000 1.282561
479.000000 1.289273
480.000000 1.297023
481.000000 1.299522
482.000000 1.301098
483.000000 1.297655
484.000000 1.293675
485.000000 1.293724
486.000000 1.295455
487.000000 1.293377
488.000000 1.288253
489.000000 1.284926
490.000000 1.283117
491.000000 1.290023
492.000000 1.292153
493.000000 1.289132
494.000000 1.278960
495.000000 1.273911
496.000000 1.272610
497.000000 1.273180
498.000000 1.275918
499.000000 1.281303
500.000000 1.293013
501.000000 1.421094
502.000000 1.567890
503.000000 1.690137
504.000000 1.844011
505.000000 1.945926
506.000000 1.972866
507.000000 1.937078
508.000000 1.845613
509.000000 1.727649
510.000000 1.610035
511.000000 1.500494
512.000000 1.414487
513.000000 1.357613
514.000000 1.327275
515.000000 1.322903
516.000000 1.333736
517.000000 1.359549
518.000000 1.396099
519.000000 1.429900
520.000000 1.456346
521.000000 1.476320
522.000000 1.488731
523.000000 1.495196
524.000000 1.495785
525.000000 1.489648
526.000000 1.480014
527.000000 1.472663
528.000000 1.469075
529.000000 1.466146
530.000000 1.458702
531.000000 1.448422
532.000000 1.442417
533.000000 1.442182
534.000000 1.445097
535.000000 1.451983
536.000000 1.461148
537.000000 1.471136
538.000000 1.478294
539.000000 1.480986
540.000000 1.478277
541.000000 1.475125
542.000000 1.472461
543.000000 1.471571
544.000000 1.469868
545.000000 1.466944
546.000000 1.464966
547.000000 1.459194
548.000000 1.457952
549.000000 1.462938
550.000000 1.474013
551.000000 1.484059
552.000000 1.491592
553.000000 1.497068
554.000000 1.498854
555.000000 1.499241
556.000000 1.498421
557.000000 1.495093
558.000000 1.489613
559.000000 1.485063
560.000000 1.484625
561.000000 1.488939
562.000000 1.489734
563.000000 1.489207
564.000000 1.486991
565.000000 1.486825
566.000000 1.485169
567.000000 1.482175
568.000000 1.475128
569.000000 1.466249
570.000000 1.457214
571.000000 1.450176
572.000000 1.451097
573.000000 1.457965
574.000000 1.468217
575.000000 1.475359
576.000000 1.479811
577.000000 1.483840
578.000000 1.484831
579.000000 1.485694
580.000000 1.485497
581.000000 1.486913
582.000000 1.485680
583.000000 1.483522
584.000000 1.481479
585.000000 1.480438
586.000000 1.480692
587.000000 1.480925
588.000000 1.480381
589.000000 1.474461
590.000000 1.464618
591.000000 1.456253
592.000000 1.452301
593.000000 1.453765
594.000000 1.458161
595.000000 1.460454
596.000000 1.464330
597.000000 1.468692
598.000000 1.473999
599.000000 1.479163
600.000000 1.479474
601.000000 1.474141
602.000000 1.465945
603.000000 1.460586
604.000000 1.456446
605.000000 1.454407
606.000000 1.454042
607.000000 1.456635
608.000000 1.464435
609.000000 1.474322
610.000000 1.483215
611.000000 1.484407
612.000000 1.487519
613.000000 1.492601
614.000000 1.494908
615.000000 1.497518
616.000000 1.492488
617.000000 1.483961
618.000000 1.473100
619.000000 1.463957
620.000000 1.453190
621.000000 1.446982
622.000000 1.445832
623.000000 1.449287
624.000000 1.453386
625.000000 1.454723
626.000000 1.453018
627.000000 1.454955
628.000000 1.458082
629.000000 1.462197
630.000000 1.465907
631.000000 1.466322
632.000000 1.465715
633.000000 1.464196
634.000000 1.460674
635.000000 1.456519
636.000000 1.457141
637.000000 1.458210
638.000000 1.461384
639.000000 1.464891
640.000000 1.466502
641.000000 1.469690
642.000000 1.474919
643.000000 1.477876
644.000000 1.477577
645.000000 1.477218
646.000000 1.473550
647.000000 1.468732
648.000000 1.461834
649.000000 1.455261
650.000000 1.450330
651.000000 1.448770
652.000000 1.452164
653.000000 1.456162
654.000000 1.455505
655.000000 1.454100
656.000000 1.452001
657.000000 1.455125
658.000000 1.460538
659.000000 1.464151
660.000000 1.465837
661.000000 1.466838
662.000000 1.470001
663.000000 1.476833
664.000000 1.480660
665.000000 1.482353
666.000000 1.485950
667.000000 1.489485
668.000000 1.490473
669.000000 1.483727
670.000000 1.472952
671.000000 1.465817
672.000000 1.464244
673.000000 1.471237
674.000000 1.479414
675.000000 1.482726
676.000000 1.479498
677.000000 1.476391
678.000000 1.475471
679.000000 1.473348
680.000000 1.468234
681.000000 1.461996
682.000000 1.455711
683.000000 1.452085
684.000000 1.451091
685.000000 1.449131
686.000000 1.452659
687.000000 1.464158
688.000000 1.475697
689.000000 1.483351
690.000000 1.486277
691.000000 1.484859
692.000000 1.485573
693.000000 1.483988
694.000000 1.481014
695.000000 1.473478
696.000000 1.464534
697.000000 1.456575
698.000000 1.454651
699.000000 1.457395
700.000000 1.466331
701.000000 1.478195
702.000000 1.486626
703.000000 1.493242
704.000000 1.493891
705.000000 1.487305
706.000000 1.475772
707.000000 1.468062
708.000000 1.460081
709.000000 1.456944
710.000000 1.460289
711.000000 1.468762
712.000000 1.477213
713.000000 1.482108
714.000000 1.481430
715.000000 1.479220
716.000000 1.475853
717.000000 1.473111
718.000000 1.469582
719.000000 1.466918
720.000000 1.466826
721.000000 1.468883
722.000000 1.470537
723.000000 1.467236
724.000000 1.461902
725.000000 1.460823
726.000000 1.462775
727.000000 1.465179
728.000000 1.464984
729.000000 1.465454
730.000000 1.469022
731.000000 1.471911
732.000000 1.475873
733.000000 1.478512
734.000000 1.478908
735.000000 1.475524
736.000000 1.470035
737.000000 1.467729
738.000000 1.470670
739.000000 1.473574
740.000000 1.476577
741.000000 1.476961
742.000000 1.474350
743.000000 1.469533
744.000000 1.461739
745.000000 1.458101
746.000000 1.453948
747.000000 1.454355
748.000000 1.457161
749.000000 1.461313
750.000000 1.461650
751.000000 1.460129
752.000000 1.458668
753.000000 1.463100
754.000000 1.470411
755.000000 1.473749
756.000000 1.472923
757.000000 1.474045
758.000000 1.474784
759.000000 1.473753
760.000000 1.469435
761.000000 1.469470
762.000000 1.471745
763.000000 1.474050
764.000000 1.476929
765.000000 1.480258
766.000000 1.484641
767.000000 1.492610
768.000000 1.498370
769.000000 1.496682
770.000000 1.491280
771.000000 1.485312
772.000000 1.478644
773.000000 1.468931
774.000000 1.456794
775.000000 1.451097
776.000000 1.456998
777.000000 1.466273
778.000000 1.474551
779.000000 1.481935
780.000000 1.484720
781.000000 1.484486
782.000000 1.485571
783.000000 1.482779
784.000000 1.476414
785.000000 1.470220
786.000000 1.461079
787.000000 1.458079
788.000000 1.459578
789.000000 1.463190
790.000000 1.466420
791.000000 1.473419
792.000000 1.485112
793.000000 1.498921
794.000000 1.507402
795.000000 1.508098
796.000000 1.500544
797.000000 1.486076
798.000000 1.474433
799.000000 1.466387
800.000000 1.459221
801.000000 -0.180652
802.000000 -1.056074
803.000000 -1.395875
804.000000 -1.469404
805.000000 -1.395789
806.000000 -1.239672
807.000000 -1.040153
808.000000 -0.574475
809.000000 -0.112439
810.000000 0.235211
811.000000 0.450780
812.000000 0.571438
813.000000 0.632705
814.000000 0.662883
815.000000 0.634135
816.000000 0.569746
817.000000 0.502195
818.000000 0.455419
819.000000 0.430521
820.000000 0.417326
821.000000 0.415244
822.000000 0.423489
823.000000 0.439102
824.000000 0.457238
825.000000 0.468818
826.000000 0.473999
827.000000 0.471148
828.000000 0.465894
829.000000 0.457833
830.000000 0.453470
831.000000 0.451839
832.000000 0.452347
833.000000 0.457410
834.000000 0.467124
835.000000 0.480666
836.000000 0.481991
837.000000 0.476707
838.000000 0.469771
839.000000 0.463715
840.000000 0.460116
841.000000 0.457500
842.000000 0.458586
843.000000 0.462991
844.000000 0.470951
845.000000 0.477620
846.000000 0.482498
847.000000 0.485985
848.000000 0.488340
849.000000 0.485917
850.000000 0.479213
851.000000 0.472342
852.000000 0.466229
853.000000 0.463506
854.000000 0.463526
855.000000 0.466322
856.000000 0.470593
857.000000 0.478440
858.000000 0.487379
859.000000 0.496127
860.000000 0.503699
861.000000 0.504722
862.000000 0.500594
863.000000 0.497975
864.000000 0.497034
865.000000 0.497674
866.000000 0.493619
867.000000 0.485463
868.000000 0.473890
869.000000 0.467409
870.000000 0.465515
871.000000 0.469749
872.000000 0.472430
873.000000 0.475355
874.000000 0.476129
875.000000 0.475309
876.000000 0.475078
877.000000 0.473326
878.000000 0.471578
879.000000 0.471048
880.000000 0.474355
881.000000 0.482649
882.000000 0.488229
883.000000 0.491617
884.000000 0.498017
885.000000 0.503786
886.000000 0.507801
887.000000 0.507892
888.000000 0.504064
889.000000 0.498190
890.000000 0.496234
891.000000 0.488930
892.000000 0.484497
893.000000 0.480604
894.000000 0.478296
895.000000 0.481201
896.000000 0.488150
897.000000 0.494897
898.000000 0.499575
899.000000 0.495483
900.000000 0.486145
901.000000 0.471838
902.000000 0.463323
903.000000 0.460481
904.000000 0.465038
905.000000 0.471818
906.000000 0.480353
907.000000 0.487656
908.000000 0.493850
909.000000 0.496229
910.000000 0.493641
911.000000 0.485381
912.000000 0.476928
913.000000 0.467406
914.000000 0.463138
915.000000 0.462969
916.000000 0.464346
917.000000 0.462776
918.000000 0.462517
919.000000 0.465536
920.000000 0.467868
921.000000 0.467743
922.000000 0.465238
923.000000 0.461052
924.000000 0.454718
925.000000 0.450749
926.000000 0.449790
927.000000 0.453205
928.000000 0.458583
929.000000 0.465652
930.000000 0.473560
931.000000 0.481452
932.000000 0.488419
933.000000 0.487224
934.000000 0.479635
935.000000 0.471076
936.000000 0.465602
937.000000 0.463750
938.000000 0.461107
939.000000 0.461099
940.000000 0.464379
941.000000 0.466661
942.000000 0.466895
943.000000 0.470502
944.000000 0.478104
945.000000 0.486547
946.000000 0.493165
947.000000 0.498525
948.000000 0.500540
949.000000 0.499501
950.000000 0.494657
951.000000 0.485639
952.000000 0.478885
953.000000 0.476806
954.000000 0.474796
955.000000 0.472929
956.000000 0.472849
957.000000 0.476847
958.000000 0.480664
959.000000 0.483553
960.000000 0.483791
961.000000 0.484960
962.000000 0.481769
963.000000 0.474845
964.000000 0.466939
965.000000 0.460646
966.000000 0.456209
967.000000 0.451997
968.000000 0.453421
969.000000 0.462052
970.000000 0.474623
971.000000 0.485178
972.000000 0.490473
973.000000 0.492819
974.000000 0.496224
975.000000 0.495858
976.000000 0.492656
977.000000 0.486304
978.000000 0.478426
979.000000 0.468198
980.000000 0.464569
981.000000 0.464658
982.000000 0.467528
983.000000 0.471345
984.000000 0.474734
985.000000 0.474215
986.000000 0.476448
987.000000 0.483392
988.000000 0.489412
989.000000 0.497210
990.000000 0.502127
991.000000 0.505054
992.000000 0.499430
993.000000 0.489132
994.000000 0.477751
995.000000 0.468184
996.000000 0.464809
997.000000 0.466438
998.000000 0.472009
999.000000 0.476776
1000.000000 0.482163
1001.000000 0.486798
1002.000000 0.493460
1003.000000 0.494749
1004.000000 0.489498
1005.000000 0.485038
1006.000000 0.482764
1007.000000 0.483228
1008.000000 0.483104
1009.000000 0.480405
1010.000000 0.479898
1011.000000 0.481260
1012.000000 0.484361
1013.000000 0.483902
1014.000000 0.481730
1015.000000 0.479432
1016.000000 0.483148
1017.000000 0.485939
1018.000000 0.486802
1019.000000 0.486202
1020.000000 0.483833
1021.000000 0.478923
1022.000000 0.469963
1023.000000 0.458534
1024.000000 0.451480
1025.000000 0.447739
1026.000000 0.448743
1027.000000 0.456898
1028.000000 0.468379
1029.000000 0.482531
1030.000000 0.488571
1031.000000 0.481763
1032.000000 0.468582
1033.000000 0.459969
1034.000000 0.455498
1035.000000 0.457464
1036.000000 0.458357
1037.000000 0.457818
1038.000000 0.460367
1039.000000 0.467825
1040.000000 0.477417
1041.000000 0.484241
1042.000000 0.483088
1043.000000 0.472808
1044.000000 0.462350
1045.000000 0.457331
1046.000000 0.458173
1047.000000 0.460297
1048.000000 0.462406
1049.000000 0.470052
1050.000000 0.478808
1051.000000 0.485439
1052.000000 0.484185
1053.000000 0.478728
1054.000000 0.465434
1055.000000 0.451924
1056.000000 0.441835
1057.000000 0.437600
1058.000000 0.437942
1059.000000 0.440452
1060.000000 0.447064
1061.000000 0.456213
1062.000000 0.465360
1063.000000 0.465508
1064.000000 0.465813
1065.000000 0.465536
1066.000000 0.465944
1067.000000 0.469437
1068.000000 0.472352
1069.000000 0.476823
1070.000000 0.481694
1071.000000 0.482065
1072.000000 0.480408
1073.000000 0.476788
1074.000000 0.469365
1075.000000 0.462245
1076.000000 0.455404
1077.000000 0.450190
1078.000000 0.448506
1079.000000 0.448731
1080.000000 0.450043
1081.000000 0.453845
1082.000000 0.459177
1083.000000 0.468283
1084.000000 0.475716
1085.000000 0.486264
1086.000000 0.492926
1087.000000 0.497209
1088.000000 0.496810
1089.000000 0.493161
1090.000000 0.484260
1091.000000 0.474224
1092.000000 0.464012
1093.000000 0.457330
1094.000000 0.455608
1095.000000 0.457033
1096.000000 0.455948
1097.000000 0.450998
1098.000000 0.446639
1099.000000 0.445840
1100.000000 0.448507
1101.000000 0.457546
1102.000000 0.470416
1103.000000 0.481499
1104.000000 0.488159
1105.000000 0.488259
1106.000000 0.487625
1107.000000 0.490100
1108.000000 0.490450
1109.000000 0.488876
1110.000000 0.485150
1111.000000 0.484328
1112.000000 0.485067
1113.000000 0.487525
1114.000000 0.483076
1115.000000 0.474513
1116.000000 0.466164
1117.000000 0.465055
1118.000000 0.465979
1119.000000 0.465442
1120.000000 0.459023
1121.000000 0.449491
1122.000000 0.447649
1123.000000 0.453932
1124.000000 0.460553
1125.000000 0.465946
1126.000000 0.465544
1127.000000 0.466261
1128.000000 0.469351
1129.000000 0.471855
1130.000000 0.471683
1131.000000 0.469279
1132.000000 0.468357
1133.000000 0.472909
1134.000000 0.479523
1135.000000 0.480468
1136.000000 0.476394
1137.000000 0.469722
1138.000000 0.466960
1139.000000 0.466721
1140.000000 0.468986
1141.000000 0.473936
1142.000000 0.476731
1143.000000 0.474640
1144.000000 0.474011
1145.000000 0.473149
1146.000000 0.477348
1147.000000 0.479880
1148.000000 0.480085
1149.000000 0.477848
1150.000000 0.474598
1151.000000 0.470459
1152.000000 0.465148
1153.000000 0.459582
1154.000000 0.461698
1155.000000 0.468979
1156.000000 0.479029
1157.000000 0.486377
1158.000000 0.486212
1159.000000 0.481885
1160.000000 0.475471
1161.000000 0.473980
1162.000000 0.472385
1163.000000 0.473617
1164.000000 0.473022
1165.000000 0.470008
1166.000000 0.466970
1167.000000 0.460119
1168.000000 0.453813
1169.000000 0.452247
1170.000000 0.455912
1171.000000 0.465882
1172.000000 0.477241
1173.000000 0.482799
1174.000000 0.486550
1175.000000 0.486373
1176.000000 0.487734
1177.000000 0.488872
1178.000000 0.489208
1179.000000 0.486220
1180.000000 0.481492
1181.000000 0.476170
1182.000000 0.477194
1183.000000 0.476182
1184.000000 0.477770
1185.000000 0.477142
1186.000000 0.471701
1187.000000 0.467951
1188.000000 0.464795
1189.000000 0.461106
1190.000000 0.456315
1191.000000 0.451478
1192.000000 0.447379
1193.000000 0.443805
1194.000000 0.443762
1195.000000 0.451561
1196.000000 0.463602
1197.000000 0.474873
1198.000000 0.478701
1199.000000 0.477418
1200.000000 0.469474
1201.000000 -0.546997
1202.000000 -1.043749
1203.000000 -1.199546
1204.000000 -1.157928
1205.000000 -1.043802
1206.000000 -0.917815
1207.000000 -0.796797
1208.000000 -0.537623
1209.000000 -0.297341
1210.000000 -0.138345
1211.000000 -0.056980
1212.000000 -0.026684
1213.000000 -0.015694
1214.000000 -0.013040
1215.000000 -0.034760
1216.000000 -0.063537
1217.000000 -0.086539
1218.000000 -0.096555
1219.000000 -0.098220
1220.000000 -0.095371
1221.000000 -0.094153
1222.000000 -0.090184
1223.000000 -0.081392
1224.000000 -0.075839
1225.000000 -0.066726
1226.000000 -0.060304
1227.000000 -0.052438
1228.000000 -0.045476
1229.000000 -0.043697
1230.000000 -0.048411
1231.000000 -0.057070
1232.000000 -0.066625
1233.000000 -0.077860
1234.000000 -0.087643
1235.000000 -0.093964
1236.000000 -0.094745
1237.000000 -0.091412
1238.000000 -0.085681
1239.000000 -0.080000
1240.000000 -0.078291
1241.000000 -0.080136
1242.000000 -0.073806
1243.000000 -0.066451
1244.000000 -0.057568
1245.000000 -0.053695
1246.000000 -0.055635
1247.000000 -0.063265
1248.000000 -0.071958
1249.000000 -0.077123
1250.000000 -0.081073
1251.000000 -0.086450
1252.000000 -0.094367
1253.000000 -0.099709
1254.000000 -0.100586
1255.000000 -0.098368
1256.000000 -0.096946
1257.000000 -0.098012
1258.000000 -0.101408
1259.000000 -0.099739
1260.000000 -0.097314
1261.000000 -0.094752
1262.000000 -0.094335
1263.000000 -0.087787
1264.000000 -0.080965
1265.000000 -0.075605
1266.000000 -0.073591
1267.000000 -0.072968
1268.000000 -0.073158
1269.000000 -0.074589
1270.000000 -0.075587
1271.000000 -0.073762
1272.000000 -0.075116
1273.000000 -0.076031
1274.000000 -0.075940
1275.000000 -0.072483
1276.000000 -0.068968
1277.000000 -0.066529
1278.000000 -0.070609
1279.000000 -0.075460
1280.000000 -0.077818
1281.000000 -0.073250
1282.000000 -0.067203
1283.000000 -0.064570
1284.000000 -0.067179
1285.000000 -0.071078
1286.000000 -0.073175
1287.000000 -0.074422
1288.000000 -0.076374
1289.000000 -0.076319
1290.000000 -0.073695
1291.000000 -0.070837
1292.000000 -0.067411
1293.000000 -0.064557
1294.000000 -0.062449
1295.000000 -0.062210
1296.000000 -0.065141
1297.000000 -0.070071
1298.000000 -0.078458
1299.000000 -0.088720
1300.000000 -0.100090
1301.000000 -0.223638
1302.000000 -0.364782
1303.000000 -0.488474
1304.000000 -0.643828
1305.000000 -0.741087
1306.000000 -0.761684
1307.000000 -0.717358
1308.000000 -0.623722
1309.000000 -0.508278
1310.000000 -0.392857
1311.000000 -0.284964
1312.000000 -0.201363
1313.000000 -0.146536
1314.000000 -0.123445
1315.000000 -0.127970
1316.000000 -0.147977
1317.000000 -0.175480
1318.000000 -0.204979
1319.000000 -0.232641
1320.000000 -0.258756
1321.000000 -0.279070
1322.000000 -0.289742
1323.000000 -0.288295
1324.000000 -0.278065
1325.000000 -0.266064
1326.000000 -0.257461
1327.000000 -0.254808
1328.000000 -0.253552
1329.000000 -0.253201
1330.000000 -0.255576
1331.000000 -0.261660
1332.000000 -0.269589
1333.000000 -0.277551
1334.000000 -0.280750
1335.000000 -0.281278
1336.000000 -0.280226
1337.000000 -0.275551
1338.000000 -0.268349
1339.000000 -0.263227
1340.000000 -0.256207
1341.000000 -0.249714
1342.000000 -0.245713
1343.000000 -0.242608
1344.000000 -0.241373
1345.000000 -0.242599
1346.000000 -0.243795
1347.000000 -0.248188
1348.000000 -0.254467
1349.000000 -0.256291
1350.000000 -0.258860
1351.000000 -0.264605
1352.000000 -0.272879
1353.000000 -0.279930
1354.000000 -0.290417
1355.000000 -0.295551
1356.000000 -0.296988
1357.000000 -0.294185
1358.000000 -0.290125
1359.000000 -0.286139
1360.000000 -0.282817
1361.000000 -0.276269
1362.000000 -0.269644
1363.000000 -0.262387
1364.000000 -0.259582
1365.000000 -0.256408
1366.000000 -0.253359
1367.000000 -0.249578
1368.000000 -0.247131
1369.000000 -0.246724
1370.000000 -0.248609
1371.000000 -0.251236
1372.000000 -0.258164
1373.000000 -0.266448
1374.000000 -0.276367
1375.000000 -0.281860
1376.000000 -0.283319
1377.000000 -0.280416
1378.000000 -0.277682
1379.000000 -0.275914
1380.000000 -0.275284
1381.000000 -0.271783
1382.000000 -0.262604
1383.000000 -0.251240
1384.000000 -0.245056
1385.000000 -0.248796
1386.000000 -0.254030
1387.000000 -0.259904
1388.000000 -0.268593
1389.000000 -0.271094
1390.000000 -0.271514
1391.000000 -0.269749
1392.000000 -0.263177
1393.000000 -0.258088
1394.000000 -0.255622
1395.000000 -0.254567
1396.000000 -0.254186
1397.000000 -0.252054
1398.000000 -0.248764
1399.000000 -0.249290
1400.000000 -0.251969
1401.000000 -0.254600
1402.000000 -0.254587
1403.000000 -0.254086
1404.000000 -0.257756
1405.000000 -0.261529
1406.000000 -0.261217
1407.000000 -0.258694
1408.000000 -0.255828
1409.000000 -0.253064
1410.000000 -0.247307
1411.000000 -0.241012
1412.000000 -0.237256
1413.000000 -0.234045
1414.000000 -0.233675
1415.000000 -0.238795
1416.000000 -0.247262
1417.000000 -0.257784
1418.000000 -0.268520
1419.000000 -0.277694
1420.000000 -0.284859
1421.000000 -0.284350
1422.000000 -0.280399
1423.000000 -0.278821
1424.000000 -0.279877
1425.000000 -0.278703
1426.000000 -0.276846
1427.000000 -0.270724
1428.000000 -0.268320
1429.000000 -0.262940
1430.000000 -0.258369
1431.000000 -0.252177
1432.000000 -0.249445
1433.000000 -0.249145
1434.000000 -0.250883
1435.000000 -0.249539
1436.000000 -0.247906
1437.000000 -0.250611
1438.000000 -0.257972
1439.000000 -0.265172
1440.000000 -0.269132
1441.000000 -0.271077
1442.000000 -0.273534
1443.000000 -0.277413
1444.000000 -0.278500
1445.000000 -0.271601
1446.000000 -0.264835
1447.000000 -0.259344
1448.000000 -0.258930
1449.000000 -0.262984
1450.000000 -0.268495
1451.000000 -0.270576
1452.000000 -0.268745
1453.000000 -0.266567
1454.000000 -0.266102
1455.000000 -0.263558
1456.000000 -0.257136
1457.000000 -0.246756
1458.000000 -0.232271
1459.000000 -0.220449
1460.000000 -0.210485
1461.000000 -0.208865
1462.000000 -0.213181
1463.000000 -0.221840
1464.000000 -0.228186
1465.000000 -0.236975
1466.000000 -0.249111
1467.000000 -0.264511
1468.000000 -0.273517
1469.000000 -0.273668
1470.000000 -0.269620
1471.000000 -0.263731
1472.000000 -0.259900
1473.000000 -0.257806
1474.000000 -0.252831
1475.000000 -0.249923
1476.000000 -0.249085
1477.000000 -0.248205
1478.000000 -0.249371
1479.000000 -0.248277
1480.000000 -0.247321
1481.000000 -0.245582
1482.000000 -0.246851
1483.000000 -0.250404
1484.000000 -0.251674
1485.000000 -0.248588
1486.000000 -0.246815
1487.000000 -0.253668
1488.000000 -0.263862
1489.000000 -0.274632
1490.000000 -0.285613
1491.000000 -0.291038
1492.000000 -0.291347
1493.000000 -0.286419
1494.000000 -0.279826
1495.000000 -0.277589
1496.000000 -0.277953
1497.000000 -0.276422
1498.000000 -0.272199
1499.000000 -0.268929
1500.000000 -0.269299
1501.000000 -0.270300
1502.000000 -0.269001
1503.000000 -0.264551
1504.000000 -0.260526
1505.000000 -0.259791
1506.000000 -0.265256
1507.000000 -0.271079
1508.000000 -0.274443
1509.000000 -0.279364
1510.000000 -0.280131
1511.000000 -0.278223
1512.000000 -0.270498
1513.000000 -0.259956
1514.000000 -0.247665
1515.000000 -0.241154
1516.000000 -0.235860
1517.000000 -0.233550
1518.000000 -0.231815
1519.000000 -0.230473
1520.000000 -0.236261
1521.000000 -0.242590
1522.000000 -0.247929
1523.000000 -0.250227
1524.000000 -0.252354
1525.000000 -0.251603
1526.000000 -0.249827
1527.000000 -0.250995
1528.000000 -0.251446
1529.000000 -0.254101
1530.000000 -0.255597
1531.000000 -0.256731
1532.000000 -0.258059
1533.000000 -0.254026
1534.000000 -0.248667
1535.000000 -0.243636
1536.000000 -0.237575
1537.000000 -0.234456
1538.000000 -0.236828
1539.000000 -0.239503
1540.000000 -0.245557
1541.000000 -0.249862
1542.000000 -0.249902
1543.000000 -0.250315
1544.000000 -0.252513
1545.000000 -0.257691
1546.000000 -0.262214
1547.000000 -0.263256
1548.000000 -0.264206
1549.000000 -0.261879
1550.000000 -0.256380
1551.000000 -0.249876
1552.000000 -0.243732
1553.000000 -0.240040
1554.000000 -0.236653
1555.000000 -0.235122
1556.000000 -0.238946
1557.000000 -0.243426
1558.000000 -0.244296
1559.000000 -0.242101
1560.000000 -0.240108
1561.000000 -0.240646
1562.000000 -0.245785
1563.000000 -0.252251
1564.000000 -0.258493
1565.000000 -0.265071
1566.000000 -0.269539
1567.000000 -0.268904
1568.000000 -0.263096
1569.000000 -0.255683
1570.000000 -0.250022
1571.000000 -0.248260
1572.000000 -0.246909
1573.000000 -0.244155
1574.000000 -0.240630
1575.000000 -0.239887
1576.000000 -0.242495
1577.000000 -0.248920
1578.000000 -0.253685
1579.000000 -0.253156
1580.000000 -0.250984
1581.000000 -0.246815
1582.000000 -0.244955
1583.000000 -0.246075
1584.000000 -0.246284
1585.000000 -0.246132
1586.000000 -0.246444
1587.000000 -0.246424
1588.000000 -0.247675
1589.000000 -0.249180
1590.000000 -0.249923
1591.000000 -0.252279
1592.000000 -0.253403
1593.000000 -0.255647
1594.000000 -0.256927
1595.000000 -0.257400
1596.000000 -0.256946
1597.000000 -0.256814
1598.000000 -0.260908
1599.000000 -0.264178
1600.000000 -0.269755
