1.000000 0.000000
2.000000 0.000000
3.000000 0.000000
4.000000 0.000000
5.000000 0.000000
6.000000 0.000000
7.000000 0.000000
8.000000 0.000000
9.000000 -0.005768
10.000000 0.005237
11.000000 0.010487
12.000000 0.015812
13.000000 0.012031
14.000000 0.014031
15.000000 2.319296
16.000000 0.929100
17.000000 0.970760
18.000000 1.008064
19.000000 0.098828
20.000000 -0.442710
21.000000 -0.236345
22.000000 -0.435089
23.000000 0.154962
24.000000 0.303348
25.000000 0.346061
26.000000 0.523902
27.000000 0.763371
28.000000 0.513975
29.000000 0.564430
30.000000 0.279420
31.000000 0.254681
32.000000 0.309824
33.000000 0.267604
34.000000 0.152776
35.000000 0.290496
36.000000 0.215785
37.000000 0.361241
38.000000 0.352340
39.000000 0.297070
40.000000 0.322907
41.000000 0.388994
42.000000 0.318509
43.000000 0.388325
44.000000 0.287599
45.000000 0.302942
46.000000 0.336321
47.000000 0.308337
48.000000 0.280367
49.000000 0.317205
50.000000 0.260570
51.000000 0.321392
52.000000 0.299103
53.000000 0.275567
54.000000 0.285010
55.000000 0.285880
56.000000 0.241040
57.000000 0.258673
58.000000 0.218497
59.000000 0.235243
60.000000 0.258593
61.000000 0.260331
62.000000 0.277390
63.000000 0.300423
64.000000 0.280729
65.000000 0.312814
66.000000 0.309878
67.000000 0.305057
68.000000 0.333215
69.000000 0.331651
70.000000 0.335737
71.000000 0.362506
72.000000 0.344616
73.000000 0.353857
74.000000 0.360480
75.000000 0.333827
76.000000 0.335894
77.000000 0.329430
78.000000 0.305453
79.000000 0.322765
80.000000 0.322753
81.000000 0.334731
82.000000 0.356140
83.000000 0.351502
84.000000 0.348991
85.000000 0.356298
86.000000 0.339910
87.000000 0.346521
88.000000 0.340330
89.000000 0.336776
90.000000 0.344348
91.000000 0.350411
92.000000 0.346244
93.000000 0.359352
94.000000 0.349766
95.000000 0.351250
96.000000 0.352087
97.000000 0.341327
98.000000 0.344199
99.000000 0.344039
100.000000 0.345324
101.000000 0.362041
102.000000 0.369752
103.000000 0.367164
104.000000 0.365985
105.000000 0.345193
106.000000 0.327524
107.000000 0.315756
108.000000 0.296197
109.000000 0.290967
110.000000 0.283222
111.000000 0.279732
112.000000 0.281058
113.000000 0.283056
114.000000 0.281040
115.000000 0.290193
116.000000 0.284264
117.000000 0.292864
118.000000 0.292666
119.000000 0.283969
120.000000 0.293695
121.000000 0.286935
122.000000 0.301176
123.000000 0.304593
124.000000 0.296575
125.000000 0.306235
126.000000 0.315130
127.000000 0.324966
128.000000 0.337667
129.000000 0.337364
130.000000 0.326890
131.000000 0.327406
132.000000 0.311406
133.000000 0.307194
134.000000 0.315078
135.000000 0.319789
136.000000 0.329368
137.000000 0.319924
138.000000 0.312694
139.000000 0.314654
140.000000 0.310555
141.000000 0.312700
142.000000 0.311791
143.000000 0.312514
144.000000 0.299195
145.000000 0.296640
146.000000 0.295316
147.000000 0.296409
148.000000 0.304671
149.000000 0.310058
150.000000 0.305067
151.000000 0.297578
152.000000 0.269328
153.000000 0.255494
154.000000 0.248067
155.000000 0.251093
156.000000 0.264112
157.000000 0.264382
158.000000 0.270541
159.000000 0.276954
160.000000 0.280181
161.000000 0.284093
162.000000 0.281679
163.000000 0.279316
164.000000 0.274713
165.000000 0.270227
166.000000 0.260551
167.000000 0.246198
168.000000 0.236367
169.000000 0.240252
170.000000 0.252955
171.000000 0.254910
172.000000 0.274377
173.000000 0.289016
174.000000 0.307005
175.000000 0.321295
176.000000 0.313240
177.000000 0.314710
178.000000 0.306029
179.000000 0.299338
180.000000 0.304352
181.000000 0.306232
182.000000 0.306569
183.000000 0.300232
184.000000 0.298221
185.000000 0.308722
186.000000 0.320503
187.000000 0.316131
188.000000 0.309230
189.000000 0.315219
190.000000 0.301632
191.000000 0.305117
192.000000 0.300528
193.000000 0.291486
194.000000 0.294646
195.000000 0.294667
196.000000 0.282662
197.000000 0.281675
198.000000 0.282335
199.000000 0.284460
200.000000 0.282320
201.000000 0.281026
202.000000 0.270067
203.000000 0.258367
204.000000 0.251841
205.000000 0.255043
206.000000 0.263204
207.000000 0.257852
208.000000 0.256925
209.000000 0.261465
210.000000 0.245206
211.000000 0.241110
212.000000 0.241216
213.000000 0.234577
214.000000 0.256026
215.000000 0.258574
216.000000 0.273829
217.000000 0.293644
218.000000 0.281761
219.000000 0.280351
220.000000 0.283879
221.000000 0.286934
222.000000 0.301870
223.000000 0.296851
224.000000 0.288391
225.000000 0.293410
226.000000 0.288631
227.000000 0.305719
228.000000 0.307934
229.000000 0.300958
230.000000 0.294433
231.000000 0.290301
232.000000 0.287909
233.000000 0.293145
234.000000 0.303682
235.000000 0.290621
236.000000 0.300069
237.000000 0.305994
238.000000 0.320013
239.000000 0.318260
240.000000 0.301851
241.000000 0.312908
242.000000 0.314527
243.000000 0.315839
244.000000 0.325179
245.000000 0.310211
246.000000 0.307368
247.000000 0.310232
248.000000 0.305497
249.000000 0.299385
250.000000 0.291848
251.000000 0.272558
252.000000 0.253856
253.000000 0.237587
254.000000 0.242869
255.000000 0.246026
256.000000 0.249442
257.000000 0.246790
258.000000 0.232779
259.000000 0.219287
260.000000 0.217750
261.000000 0.202397
262.000000 0.193834
263.000000 0.193688
264.000000 0.194042
265.000000 0.198344
266.000000 0.198789
267.000000 0.195671
268.000000 0.186439
269.000000 0.187741
270.000000 0.183217
271.000000 0.174085
272.000000 0.172328
273.000000 0.167135
274.000000 0.159775
275.000000 0.155125
276.000000 0.160384
277.000000 0.170694
278.000000 0.182679
279.000000 0.184663
280.000000 0.195440
281.000000 0.186878
282.000000 0.183747
283.000000 0.171040
284.000000 0.168839
285.000000 0.182665
286.000000 0.194648
287.000000 0.206659
288.000000 0.231777
289.000000 0.237915
290.000000 0.245507
291.000000 0.248371
292.000000 0.238541
293.000000 0.236883
294.000000 0.242337
295.000000 0.241065
296.000000 0.240482
297.000000 0.255539
298.000000 0.262783
299.000000 0.268242
300.000000 0.301159
301.000000 0.300770
302.000000 0.299967
303.000000 0.304768
304.000000 0.292318
305.000000 0.279358
306.000000 0.272396
307.000000 0.272055
308.000000 0.273588
309.000000 0.278698
310.000000 0.275016
311.000000 0.283155
312.000000 0.278049
313.000000 0.269961
314.000000 0.280953
315.000000 0.275273
316.000000 0.275157
317.000000 0.270277
318.000000 0.251668
319.000000 0.254330
320.000000 0.264130
321.000000 0.265217
322.000000 0.281548
323.000000 0.278793
324.000000 0.287399
325.000000 0.299898
326.000000 0.298609
327.000000 0.295722
328.000000 0.300905
329.000000 0.296632
330.000000 0.300762
331.000000 0.291973
332.000000 0.286155
333.000000 0.293406
334.000000 0.278578
335.000000 0.269882
336.000000 0.264800
337.000000 0.241509
338.000000 0.239674
339.000000 0.242392
340.000000 0.231670
341.000000 0.248968
342.000000 0.250863
343.000000 0.250931
344.000000 0.260158
345.000000 0.254548
346.000000 0.249812
347.000000 0.263509
348.000000 0.251109
349.000000 0.250430
350.000000 0.249215
351.000000 0.247279
352.000000 0.260689
353.000000 0.265617
354.000000 0.268803
355.000000 0.275445
356.000000 0.267910
357.000000 0.264213
358.000000 0.265322
359.000000 0.252878
360.000000 0.256850
361.000000 0.261571
362.000000 0.260086
363.000000 0.269605
364.000000 0.276645
365.000000 0.274234
366.000000 0.283292
367.000000 0.271852
368.000000 0.269265
369.000000 0.265758
370.000000 0.271953
371.000000 0.279262
372.000000 0.279707
373.000000 0.269683
374.000000 0.270658
375.000000 0.271930
376.000000 0.270812
377.000000 0.270566
378.000000 0.253148
379.000000 0.239062
380.000000 0.237521
381.000000 0.220563
382.000000 0.214456
383.000000 0.227165
384.000000 0.219877
385.000000 0.226430
386.000000 0.210173
387.000000 0.196672
388.000000 0.187080
389.000000 0.168171
390.000000 0.156520
391.000000 0.143863
392.000000 0.136538
393.000000 0.139960
394.000000 0.150512
395.000000 0.152855
396.000000 0.168170
397.000000 0.179950
398.000000 0.194638
399.000000 0.208118
400.000000 0.204307
401.000000 0.221178
402.000000 0.230631
403.000000 0.236661
404.000000 0.257769
405.000000 0.260774
406.000000 -1.408962
407.000000 -0.776806
408.000000 -0.951692
409.000000 -1.125440
410.000000 -0.602284
411.000000 -0.823815
412.000000 -0.793741
413.000000 0.271784
414.000000 -0.356439
415.000000 -0.105626
416.000000 0.001769
417.000000 -0.330841
418.000000 0.005745
419.000000 -0.006240
420.000000 -0.573303
421.000000 -0.043816
422.000000 -0.255833
423.000000 -0.245932
424.000000 -0.008508
425.000000 -0.287284
426.000000 -0.226178
427.000000 0.090573
428.000000 -0.257171
429.000000 -0.053551
430.000000 -0.096063
431.000000 -0.214448
432.000000 0.013359
433.000000 -0.067896
434.000000 -0.226721
435.000000 0.010371
436.000000 -0.164248
437.000000 -0.101181
438.000000 -0.029508
439.000000 -0.183036
440.000000 -0.090135
441.000000 -0.016667
442.000000 -0.159377
443.000000 -0.037075
444.000000 -0.108681
445.000000 -0.148489
446.000000 -0.056400
447.000000 -0.129334
448.000000 -0.161932
449.000000 -0.075126
450.000000 -0.165844
451.000000 -0.100701
452.000000 -0.081883
453.000000 -0.142119
454.000000 -0.078551
455.000000 -0.078421
456.000000 -0.133872
457.000000 -0.070307
458.000000 -0.131121
459.000000 -0.144903
460.000000 -0.120215
461.000000 -0.163338
462.000000 -0.154348
463.000000 -0.124427
464.000000 -0.164362
465.000000 -0.132089
466.000000 -0.145935
467.000000 -0.162156
468.000000 -0.132369
469.000000 -0.150836
470.000000 -0.160344
471.000000 -0.139626
472.000000 -0.169809
473.000000 -0.159731
474.000000 -0.146646
475.000000 -0.154577
476.000000 -0.138864
477.000000 -0.125975
478.000000 -0.139115
479.000000 -0.122941
480.000000 -0.138735
481.000000 -0.136337
482.000000 -0.121985
483.000000 -0.130291
484.000000 -0.121220
485.000000 -0.110504
486.000000 -0.112906
487.000000 -0.088801
488.000000 -0.080574
489.000000 -0.079288
490.000000 -0.086786
491.000000 -0.079200
492.000000 -0.095578
493.000000 -0.094795
494.000000 -0.098893
495.000000 -0.109035
496.000000 -0.095641
497.000000 -0.096797
498.000000 -0.078514
499.000000 -0.066977
500.000000 -0.083501
501.000000 -1.245342
502.000000 -0.563560
503.000000 -0.605160
504.000000 -0.635595
505.000000 -0.186564
506.000000 -0.331053
507.000000 -0.273448
508.000000 -0.230060
509.000000 -0.576347
510.000000 -0.524666
511.000000 -0.603911
512.000000 -0.688962
513.000000 -0.550927
514.000000 -0.607003
515.000000 -0.582369
516.000000 -0.423713
517.000000 -0.503412
518.000000 -0.451763
519.000000 -0.447434
520.000000 -0.529048
521.000000 -0.463964
522.000000 -0.484137
523.000000 -0.544077
524.000000 -0.457920
525.000000 -0.488835
526.000000 -0.471843
527.000000 -0.407107
528.000000 -0.446598
529.000000 -0.422238
530.000000 -0.400978
531.000000 -0.459814
532.000000 -0.420093
533.000000 -0.427554
534.000000 -0.450748
535.000000 -0.415133
536.000000 -0.442206
537.000000 -0.463554
538.000000 -0.441690
539.000000 -0.456921
540.000000 -0.441181
541.000000 -0.425806
542.000000 -0.451741
543.000000 -0.414006
544.000000 -0.406138
545.000000 -0.421558
546.000000 -0.392243
547.000000 -0.387335
548.000000 -0.380074
549.000000 -0.353201
550.000000 -0.376285
551.000000 -0.369533
552.000000 -0.360529
553.000000 -0.374956
554.000000 -0.348714
555.000000 -0.351382
556.000000 -0.347572
557.000000 -0.321114
558.000000 -0.340622
559.000000 -0.343635
560.000000 -0.338846
561.000000 -0.371321
562.000000 -0.371707
563.000000 -0.376337
564.000000 -0.407223
565.000000 -0.395184
566.000000 -0.391604
567.000000 -0.382542
568.000000 -0.365331
569.000000 -0.379259
570.000000 -0.380928
571.000000 -0.377346
572.000000 -0.383604
573.000000 -0.378102
574.000000 -0.372354
575.000000 -0.363869
576.000000 -0.358423
577.000000 -0.366117
578.000000 -0.371776
579.000000 -0.353281
580.000000 -0.346541
581.000000 -0.346835
582.000000 -0.344477
583.000000 -0.365282
584.000000 -0.367778
585.000000 -0.362005
586.000000 -0.363309
587.000000 -0.355098
588.000000 -0.347377
589.000000 -0.348477
590.000000 -0.339596
591.000000 -0.347315
592.000000 -0.356794
593.000000 -0.377470
594.000000 -0.400641
595.000000 -0.407926
596.000000 -0.410965
597.000000 -0.411540
598.000000 -0.386407
599.000000 -0.384804
600.000000 -0.379688
601.000000 -0.389087
602.000000 -0.404675
603.000000 -0.401957
604.000000 -0.409912
605.000000 -0.424378
606.000000 -0.427337
607.000000 -0.425617
608.000000 -0.424688
609.000000 -0.427503
610.000000 -0.429800
611.000000 -0.426622
612.000000 -0.414322
613.000000 -0.408495
614.000000 -0.407199
615.000000 -0.391351
616.000000 -0.390375
617.000000 -0.388455
618.000000 -0.389356
619.000000 -0.385532
620.000000 -0.400487
621.000000 -0.406653
622.000000 -0.419902
623.000000 -0.405678
624.000000 -0.399505
625.000000 -0.385515
626.000000 -0.377150
627.000000 -0.368517
628.000000 -0.353057
629.000000 -0.354793
630.000000 -0.372724
631.000000 -0.374055
632.000000 -0.369295
633.000000 -0.370780
634.000000 -0.358146
635.000000 -0.343983
636.000000 -0.356380
637.000000 -0.347545
638.000000 -0.348449
639.000000 -0.355080
640.000000 -0.332503
641.000000 -0.332691
642.000000 -0.327232
643.000000 -0.309168
644.000000 -0.307014
645.000000 -0.295586
646.000000 -0.279380
647.000000 -0.285924
648.000000 -0.268105
649.000000 -0.268972
650.000000 -0.270243
651.000000 -0.268287
652.000000 -0.259900
653.000000 -0.249203
654.000000 -0.250867
655.000000 -0.269194
656.000000 -0.262840
657.000000 -0.271058
658.000000 -0.294914
659.000000 -0.292745
660.000000 -0.306468
661.000000 -0.311670
662.000000 -0.308159
663.000000 -0.320555
664.000000 -0.329796
665.000000 -0.333471
666.000000 -0.347793
667.000000 -0.359877
668.000000 -0.362385
669.000000 -0.373198
670.000000 -0.371110
671.000000 -0.369494
672.000000 -0.370723
673.000000 -0.377151
674.000000 -0.382921
675.000000 -0.377593
676.000000 -0.383718
677.000000 -0.379421
678.000000 -0.382655
679.000000 -0.383822
680.000000 -0.398049
681.000000 -0.407740
682.000000 -0.410430
683.000000 -0.412095
684.000000 -0.413978
685.000000 -0.411390
686.000000 -0.410330
687.000000 -0.408348
688.000000 -0.413791
689.000000 -0.425549
690.000000 -0.432504
691.000000 -0.431659
692.000000 -0.419797
693.000000 -0.405052
694.000000 -0.396775
695.000000 -0.381421
696.000000 -0.386127
697.000000 -0.386192
698.000000 -0.392421
699.000000 -0.396910
700.000000 -0.422572
701.000000 -0.426930
702.000000 -0.423733
703.000000 -0.416046
704.000000 -0.419948
705.000000 -0.393173
706.000000 -0.393203
707.000000 -0.392771
708.000000 -0.399544
709.000000 -0.412410
710.000000 -0.417127
711.000000 -0.416412
712.000000 -0.415193
713.000000 -0.397684
714.000000 -0.398284
715.000000 -0.384270
716.000000 -0.364502
717.000000 -0.356732
718.000000 -0.350646
719.000000 -0.343211
720.000000 -0.355047
721.000000 -0.356968
722.000000 -0.360716
723.000000 -0.378593
724.000000 -0.381115
725.000000 -0.385326
726.000000 -0.378339
727.000000 -0.363492
728.000000 -0.366554
729.000000 -0.375311
730.000000 -0.365604
731.000000 -0.361409
732.000000 -0.362403
733.000000 -0.361589
734.000000 -0.377228
735.000000 -0.364093
736.000000 -0.367913
737.000000 -0.380514
738.000000 -0.381399
739.000000 -0.383657
740.000000 -0.389463
741.000000 -0.381045
742.000000 -0.383602
743.000000 -0.380277
744.000000 -0.373182
745.000000 -0.370360
746.000000 -0.363158
747.000000 -0.361574
748.000000 -0.346485
749.000000 -0.331275
750.000000 -0.324214
751.000000 -0.321115
752.000000 -0.327599
753.000000 -0.328397
754.000000 -0.330576
755.000000 -0.342293
756.000000 -0.341649
757.000000 -0.371970
758.000000 -0.383619
759.000000 -0.386608
760.000000 -0.399048
761.000000 -0.384645
762.000000 -0.373816
763.000000 -0.367998
764.000000 -0.352513
765.000000 -0.353885
766.000000 -0.355437
767.000000 -0.355435
768.000000 -0.356500
769.000000 -0.360867
770.000000 -0.363278
771.000000 -0.355601
772.000000 -0.341422
773.000000 -0.332736
774.000000 -0.320390
775.000000 -0.314785
776.000000 -0.328587
777.000000 -0.340347
778.000000 -0.357957
779.000000 -0.365173
780.000000 -0.375105
781.000000 -0.379207
782.000000 -0.373877
783.000000 -0.365638
784.000000 -0.361745
785.000000 -0.378880
786.000000 -0.391204
787.000000 -0.401589
788.000000 -0.401788
789.000000 -0.389171
790.000000 -0.385561
791.000000 -0.392440
792.000000 -0.395895
793.000000 -0.409195
794.000000 -0.405670
795.000000 -0.407126
796.000000 -0.410442
797.000000 -0.414564
798.000000 -0.400946
799.000000 -0.403827
800.000000 -0.398121
801.000000 0.757497
802.000000 0.055736
803.000000 0.082915
804.000000 0.101519
805.000000 -0.366946
806.000000 1.044494
807.000000 0.516667
808.000000 0.594542
809.000000 1.068982
810.000000 0.618239
811.000000 0.838192
812.000000 0.907859
813.000000 -0.050452
814.000000 0.457215
815.000000 0.247679
816.000000 0.000055
817.000000 0.331322
818.000000 0.044586
819.000000 0.026051
820.000000 0.542212
821.000000 0.100683
822.000000 0.276315
823.000000 0.339246
824.000000 0.078507
825.000000 0.317650
826.000000 0.269893
827.000000 -0.021270
828.000000 0.275802
829.000000 0.106107
830.000000 0.088238
831.000000 0.233254
832.000000 0.040392
833.000000 0.098967
834.000000 0.256729
835.000000 0.057508
836.000000 0.199907
837.000000 0.176558
838.000000 0.094365
839.000000 0.231574
840.000000 0.164201
841.000000 0.094528
842.000000 0.228713
843.000000 0.134086
844.000000 0.175080
845.000000 0.219048
846.000000 0.127008
847.000000 0.188311
848.000000 0.219284
849.000000 0.142060
850.000000 0.226932
851.000000 0.193000
852.000000 0.178436
853.000000 0.249062
854.000000 0.219989
855.000000 0.220858
856.000000 0.270899
857.000000 0.231933
858.000000 0.265006
859.000000 0.263549
860.000000 0.226305
861.000000 0.276113
862.000000 0.273667
863.000000 0.240069
864.000000 0.264345
865.000000 0.236535
866.000000 0.243401
867.000000 0.283906
868.000000 0.267543
869.000000 0.273997
870.000000 0.285071
871.000000 0.244056
872.000000 0.246432
873.000000 0.228140
874.000000 0.203911
875.000000 0.222283
876.000000 0.212618
877.000000 0.209539
878.000000 0.213925
879.000000 0.181934
880.000000 0.176794
881.000000 0.188217
882.000000 0.175097
883.000000 0.180312
884.000000 0.196425
885.000000 0.182370
886.000000 0.179127
887.000000 0.165347
888.000000 0.140915
889.000000 0.145206
890.000000 0.137293
891.000000 0.119946
892.000000 0.126020
893.000000 0.127927
894.000000 0.138293
895.000000 0.155195
896.000000 0.153170
897.000000 0.154047
898.000000 0.152028
899.000000 0.126197
900.000000 0.114051
901.000000 0.101701
902.000000 0.097535
903.000000 0.099434
904.000000 0.093675
905.000000 0.099402
906.000000 0.104755
907.000000 0.101006
908.000000 0.114667
909.000000 0.099974
910.000000 0.097739
911.000000 0.105384
912.000000 0.099663
913.000000 0.098884
914.000000 0.106452
915.000000 0.109997
916.000000 0.121859
917.000000 0.123351
918.000000 0.115800
919.000000 0.125131
920.000000 0.127142
921.000000 0.131842
922.000000 0.136929
923.000000 0.137839
924.000000 0.152338
925.000000 0.151728
926.000000 0.168912
927.000000 0.177271
928.000000 0.177276
929.000000 0.175572
930.000000 0.168691
931.000000 0.158680
932.000000 0.154697
933.000000 0.135646
934.000000 0.129984
935.000000 0.136701
936.000000 0.129850
937.000000 0.146562
938.000000 0.146432
939.000000 0.142325
940.000000 0.153589
941.000000 0.144319
942.000000 0.139833
943.000000 0.149548
944.000000 0.147824
945.000000 0.146566
946.000000 0.149955
947.000000 0.146244
948.000000 0.149554
949.000000 0.152233
950.000000 0.145321
951.000000 0.136586
952.000000 0.138256
953.000000 0.141698
954.000000 0.156488
955.000000 0.165281
956.000000 0.182910
957.000000 0.181949
958.000000 0.180167
959.000000 0.183101
960.000000 0.170862
961.000000 0.173989
962.000000 0.187863
963.000000 0.202956
964.000000 0.220317
965.000000 0.229485
966.000000 0.237122
967.000000 0.243235
968.000000 0.243490
969.000000 0.260712
970.000000 0.265432
971.000000 0.258830
972.000000 0.270881
973.000000 0.260368
974.000000 0.258335
975.000000 0.263136
976.000000 0.250014
977.000000 0.253419
978.000000 0.253110
979.000000 0.248324
980.000000 0.258286
981.000000 0.255670
982.000000 0.245874
983.000000 0.251609
984.000000 0.251360
985.000000 0.248080
986.000000 0.241451
987.000000 0.224549
988.000000 0.222158
989.000000 0.221305
990.000000 0.212404
991.000000 0.212016
992.000000 0.207917
993.000000 0.200881
994.000000 0.195176
995.000000 0.186581
996.000000 0.177872
997.000000 0.171717
998.000000 0.143097
999.000000 0.137660
1000.000000 0.134229
1001.000000 0.138110
1002.000000 0.143231
1003.000000 0.137828
1004.000000 0.142863
1005.000000 0.147123
1006.000000 0.139867
1007.000000 0.156431
1008.000000 0.148671
1009.000000 0.141065
1010.000000 0.161711
1011.000000 0.169059
1012.000000 0.180760
1013.000000 0.194486
1014.000000 0.197425
1015.000000 0.211428
1016.000000 0.227677
1017.000000 0.217990
1018.000000 0.232735
1019.000000 0.239380
1020.000000 0.235578
1021.000000 0.231615
1022.000000 0.219905
1023.000000 0.204425
1024.000000 0.189850
1025.000000 0.181927
1026.000000 0.178472
1027.000000 0.174191
1028.000000 0.169165
1029.000000 0.184167
1030.000000 0.193637
1031.000000 0.188448
1032.000000 0.194569
1033.000000 0.187847
1034.000000 0.178178
1035.000000 0.180174
1036.000000 0.172359
1037.000000 0.166330
1038.000000 0.169117
1039.000000 0.153981
1040.000000 0.157793
1041.000000 0.153744
1042.000000 0.148008
1043.000000 0.156154
1044.000000 0.157633
1045.000000 0.155117
1046.000000 0.160065
1047.000000 0.146681
1048.000000 0.157137
1049.000000 0.165884
1050.000000 0.172617
1051.000000 0.190934
1052.000000 0.210356
1053.000000 0.203656
1054.000000 0.225926
1055.000000 0.219834
1056.000000 0.230106
1057.000000 0.241414
1058.000000 0.232545
1059.000000 0.232801
1060.000000 0.243410
1061.000000 0.235597
1062.000000 0.251725
1063.000000 0.240900
1064.000000 0.241195
1065.000000 0.260103
1066.000000 0.260871
1067.000000 0.269996
1068.000000 0.267489
1069.000000 0.250074
1070.000000 0.253876
1071.000000 0.253772
1072.000000 0.252625
1073.000000 0.270986
1074.000000 0.268192
1075.000000 0.265728
1076.000000 0.261309
1077.000000 0.236282
1078.000000 0.236397
1079.000000 0.232189
1080.000000 0.218945
1081.000000 0.220475
1082.000000 0.221480
1083.000000 0.213650
1084.000000 0.207943
1085.000000 0.197197
1086.000000 0.195419
1087.000000 0.190871
1088.000000 0.182877
1089.000000 0.176540
1090.000000 0.178732
1091.000000 0.172955
1092.000000 0.169288
1093.000000 0.161862
1094.000000 0.148134
1095.000000 0.140311
1096.000000 0.136519
1097.000000 0.136509
1098.000000 0.144786
1099.000000 0.150070
1100.000000 0.159436
1101.000000 0.161530
1102.000000 0.150395
1103.000000 0.151645
1104.000000 0.151724
1105.000000 0.146782
1106.000000 0.147572
1107.000000 0.142882
1108.000000 0.144205
1109.000000 0.136581
1110.000000 0.132241
1111.000000 0.127612
1112.000000 0.123550
1113.000000 0.131658
1114.000000 0.138220
1115.000000 0.147397
1116.000000 0.155485
1117.000000 0.152060
1118.000000 0.151337
1119.000000 0.154977
1120.000000 0.142966
1121.000000 0.145287
1122.000000 0.150646
1123.000000 0.145332
1124.000000 0.158467
1125.000000 0.155722
1126.000000 0.153391
1127.000000 0.142880
1128.000000 0.146578
1129.000000 0.154453
1130.000000 0.168555
1131.000000 0.179059
1132.000000 0.191819
1133.000000 0.194781
1134.000000 0.193622
1135.000000 0.191304
1136.000000 0.183335
1137.000000 0.182723
1138.000000 0.184434
1139.000000 0.182378
1140.000000 0.192016
1141.000000 0.202326
1142.000000 0.202655
1143.000000 0.212556
1144.000000 0.202404
1145.000000 0.200209
1146.000000 0.204645
1147.000000 0.195717
1148.000000 0.202576
1149.000000 0.198733
1150.000000 0.178223
1151.000000 0.185163
1152.000000 0.194378
1153.000000 0.202834
1154.000000 0.223618
1155.000000 0.240561
1156.000000 0.265760
1157.000000 0.277320
1158.000000 0.275858
1159.000000 0.283868
1160.000000 0.265751
1161.000000 0.266437
1162.000000 0.275028
1163.000000 0.261283
1164.000000 0.257366
1165.000000 0.259226
1166.000000 0.249583
1167.000000 0.256972
1168.000000 0.252261
1169.000000 0.243044
1170.000000 0.231929
1171.000000 0.212321
1172.000000 0.204481
1173.000000 0.186431
1174.000000 0.180178
1175.000000 0.179499
1176.000000 0.181085
1177.000000 0.186430
1178.000000 0.185418
1179.000000 0.186355
1180.000000 0.194097
1181.000000 0.196634
1182.000000 0.173862
1183.000000 0.174626
1184.000000 0.171913
1185.000000 0.167924
1186.000000 0.173482
1187.000000 0.179138
1188.000000 0.177646
1189.000000 0.182865
1190.000000 0.189196
1191.000000 0.179525
1192.000000 0.191140
1193.000000 0.200966
1194.000000 0.195642
1195.000000 0.207750
1196.000000 0.206753
1197.000000 0.195114
1198.000000 0.217400
1199.000000 0.223342
1200.000000 0.250127
1201.000000 0.267584
1202.000000 0.269780
1203.000000 0.285144
1204.000000 0.269576
1205.000000 0.258046
1206.000000 1.093270
1207.000000 0.772254
1208.000000 0.855762
1209.000000 0.960299
1210.000000 0.705319
1211.000000 0.821277
1212.000000 0.818557
1213.000000 0.279585
1214.000000 0.606757
1215.000000 0.484962
1216.000000 0.432829
1217.000000 0.609778
1218.000000 0.424588
1219.000000 0.422827
1220.000000 0.698406
1221.000000 0.425915
1222.000000 0.536041
1223.000000 0.539224
1224.000000 0.441423
1225.000000 0.586336
1226.000000 0.553392
1227.000000 0.394183
1228.000000 0.561959
1229.000000 0.464069
1230.000000 0.468599
1231.000000 0.525944
1232.000000 0.411113
1233.000000 0.448655
1234.000000 0.516954
1235.000000 0.387895
1236.000000 0.458898
1237.000000 0.403190
1238.000000 0.342604
1239.000000 0.404012
1240.000000 0.352260
1241.000000 0.320107
1242.000000 0.396919
1243.000000 0.323576
1244.000000 0.361013
1245.000000 0.381140
1246.000000 0.327629
1247.000000 0.362336
1248.000000 0.368078
1249.000000 0.313303
1250.000000 0.371121
1251.000000 0.341241
1252.000000 0.355476
1253.000000 0.417050
1254.000000 0.401111
1255.000000 0.415149
1256.000000 0.453320
1257.000000 0.430960
1258.000000 0.462184
1259.000000 0.471786
1260.000000 0.465246
1261.000000 0.496621
1262.000000 0.500321
1263.000000 0.496157
1264.000000 0.527410
1265.000000 0.508575
1266.000000 0.519478
1267.000000 0.535447
1268.000000 0.526214
1269.000000 0.537820
1270.000000 0.553271
1271.000000 0.550100
1272.000000 0.555444
1273.000000 0.539590
1274.000000 0.521853
1275.000000 0.519690
1276.000000 0.504670
1277.000000 0.501519
1278.000000 0.502124
1279.000000 0.488482
1280.000000 0.483415
1281.000000 0.471216
1282.000000 0.448159
1283.000000 0.435677
1284.000000 0.412406
1285.000000 0.392564
1286.000000 0.389630
1287.000000 0.378118
1288.000000 0.372109
1289.000000 0.385373
1290.000000 0.367152
1291.000000 0.352130
1292.000000 0.351170
1293.000000 0.335889
1294.000000 0.331031
1295.000000 0.337500
1296.000000 0.328364
1297.000000 0.322860
1298.000000 0.308012
1299.000000 0.307728
1300.000000 0.303292
1301.000000 1.465322
1302.000000 0.780292
1303.000000 0.805243
1304.000000 0.838845
1305.000000 0.383292
1306.000000 0.532271
1307.000000 0.484456
1308.000000 0.427999
1309.000000 0.767320
1310.000000 0.709713
1311.000000 0.778082
1312.000000 0.864869
1313.000000 0.714729
1314.000000 0.756264
1315.000000 0.738071
1316.000000 0.575349
1317.000000 0.653863
1318.000000 0.589463
1319.000000 0.550957
1320.000000 0.629742
1321.000000 0.557612
1322.000000 0.574419
1323.000000 0.649486
1324.000000 0.567168
1325.000000 0.604560
1326.000000 0.586214
1327.000000 0.506870
1328.000000 0.544524
1329.000000 0.525352
1330.000000 0.506516
1331.000000 0.553157
1332.000000 0.508540
1333.000000 0.511034
1334.000000 0.524842
1335.000000 0.476365
1336.000000 0.478035
1337.000000 0.485619
1338.000000 0.447812
1339.000000 0.466671
1340.000000 0.462825
1341.000000 0.443608
1342.000000 0.465913
1343.000000 0.455105
1344.000000 0.441527
1345.000000 0.457856
1346.000000 0.429076
1347.000000 0.434961
1348.000000 0.454191
1349.000000 0.440352
1350.000000 0.462258
1351.000000 0.479289
1352.000000 0.479490
1353.000000 0.491969
1354.000000 0.487285
1355.000000 0.471746
1356.000000 0.490488
1357.000000 0.494082
1358.000000 0.498370
1359.000000 0.522847
1360.000000 0.528164
1361.000000 0.545805
1362.000000 0.567463
1363.000000 0.561675
1364.000000 0.580378
1365.000000 0.581196
1366.000000 0.580669
1367.000000 0.592208
1368.000000 0.596359
1369.000000 0.595044
1370.000000 0.607231
1371.000000 0.597149
1372.000000 0.601196
1373.000000 0.617466
1374.000000 0.613835
1375.000000 0.615271
1376.000000 0.621433
1377.000000 0.612964
1378.000000 0.615490
1379.000000 0.614515
1380.000000 0.601341
1381.000000 0.603722
1382.000000 0.600730
1383.000000 0.606346
1384.000000 0.627355
1385.000000 0.621032
1386.000000 0.620455
1387.000000 0.621131
1388.000000 0.620888
1389.000000 0.626205
1390.000000 0.644408
1391.000000 0.665647
1392.000000 0.670314
1393.000000 0.670892
1394.000000 0.673636
1395.000000 0.670344
1396.000000 0.672881
1397.000000 0.671162
1398.000000 0.664456
1399.000000 0.666929
1400.000000 0.654629
1401.000000 0.639096
1402.000000 0.641518
1403.000000 0.628747
1404.000000 0.624849
1405.000000 0.621250
1406.000000 0.619396
1407.000000 0.627771
1408.000000 0.624933
1409.000000 0.625729
1410.000000 0.619643
1411.000000 0.617049
1412.000000 0.616092
1413.000000 0.615001
1414.000000 0.614571
1415.000000 0.608233
1416.000000 0.611384
1417.000000 0.598669
1418.000000 0.596284
1419.000000 0.605839
1420.000000 0.617293
1421.000000 0.622206
1422.000000 0.628001
1423.000000 0.635190
1424.000000 0.648934
1425.000000 0.649012
1426.000000 0.669320
1427.000000 0.664883
1428.000000 0.663607
1429.000000 0.665679
1430.000000 0.675257
1431.000000 0.672399
1432.000000 0.670589
1433.000000 0.675146
1434.000000 0.688821
1435.000000 0.693310
1436.000000 0.701242
1437.000000 0.709672
1438.000000 0.709941
1439.000000 0.709577
1440.000000 0.704136
1441.000000 0.703319
1442.000000 0.703239
1443.000000 0.697069
1444.000000 0.686917
1445.000000 0.675998
1446.000000 0.669813
1447.000000 0.676410
1448.000000 0.672740
1449.000000 0.688215
1450.000000 0.700478
1451.000000 0.713002
1452.000000 0.725629
1453.000000 0.712451
1454.000000 0.714071
1455.000000 0.698710
1456.000000 0.674232
1457.000000 0.670834
1458.000000 0.660481
1459.000000 0.653483
1460.000000 0.665644
1461.000000 0.667156
1462.000000 0.677077
1463.000000 0.692611
1464.000000 0.694544
1465.000000 0.695468
1466.000000 0.691610
1467.000000 0.679920
1468.000000 0.677333
1469.000000 0.676697
1470.000000 0.677108
1471.000000 0.692422
1472.000000 0.707404
1473.000000 0.712062
1474.000000 0.729098
1475.000000 0.727147
1476.000000 0.734467
1477.000000 0.726084
1478.000000 0.723798
1479.000000 0.734790
1480.000000 0.735568
1481.000000 0.733416
1482.000000 0.735237
1483.000000 0.725713
1484.000000 0.723711
1485.000000 0.717559
1486.000000 0.715864
1487.000000 0.720245
1488.000000 0.718145
1489.000000 0.725462
1490.000000 0.728568
1491.000000 0.733173
1492.000000 0.736847
1493.000000 0.729073
1494.000000 0.722805
1495.000000 0.722487
1496.000000 0.727407
1497.000000 0.726122
1498.000000 0.728455
1499.000000 0.730221
1500.000000 0.717110
1501.000000 0.703118
1502.000000 0.698173
1503.000000 0.690148
1504.000000 0.686194
1505.000000 0.675628
1506.000000 0.679507
1507.000000 0.681782
1508.000000 0.690186
1509.000000 0.698432
1510.000000 0.697749
1511.000000 0.697065
1512.000000 0.708897
1513.000000 0.699311
1514.000000 0.680099
1515.000000 0.670788
1516.000000 0.665427
1517.000000 0.664087
1518.000000 0.664867
1519.000000 0.658598
1520.000000 0.666944
1521.000000 0.670584
1522.000000 0.663415
1523.000000 0.671268
1524.000000 0.663352
1525.000000 0.653905
1526.000000 0.653950
1527.000000 0.639042
1528.000000 0.633740
1529.000000 0.622932
1530.000000 0.623688
1531.000000 0.628531
1532.000000 0.624693
1533.000000 0.628005
1534.000000 0.638460
1535.000000 0.641017
1536.000000 0.647397
1537.000000 0.637780
1538.000000 0.627422
1539.000000 0.632029
1540.000000 0.630052
1541.000000 0.637014
1542.000000 0.659861
1543.000000 0.660766
1544.000000 0.664464
1545.000000 0.672997
1546.000000 0.671630
1547.000000 0.671980
1548.000000 0.677535
1549.000000 0.665777
1550.000000 0.660546
1551.000000 0.648555
1552.000000 0.643026
1553.000000 0.627204
1554.000000 0.618683
1555.000000 0.625962
1556.000000 0.625292
1557.000000 0.628611
1558.000000 0.628430
1559.000000 0.627538
1560.000000 0.616714
1561.000000 0.614830
1562.000000 0.607265
1563.000000 0.599481
1564.000000 0.593707
1565.000000 0.595066
1566.000000 0.606627
1567.000000 0.631064
1568.000000 0.648925
1569.000000 0.658240
1570.000000 0.657647
1571.000000 0.654556
1572.000000 0.649764
1573.000000 0.648385
1574.000000 0.661692
1575.000000 0.672249
1576.000000 0.669315
1577.000000 0.670661
1578.000000 0.671541
1579.000000 0.672111
1580.000000 0.673146
1581.000000 0.672697
1582.000000 0.677838
1583.000000 0.693393
1584.000000 0.705272
1585.000000 0.696148
1586.000000 0.702158
1587.000000 0.694677
1588.000000 0.688017
1589.000000 0.697224
1590.000000 0.705027
1591.000000 0.697314
1592.000000 0.701623
1593.000000 0.689289
1594.000000 0.690416
1595.000000 0.688729
1596.000000 0.691323
1597.000000 0.689103
1598.000000 0.683511
1599.000000 0.658578
1600.000000 0.644069
