1.000000 0.000000
2.000000 0.000000
3.000000 0.000000
4.000000 0.000000
5.000000 0.000000
6.000000 0.000000
7.000000 0.000000
8.000000 0.000000
9.000000 -0.000577
10.000000 -0.001435
11.000000 -0.001356
12.000000 -0.000349
13.000000 0.001016
14.000000 0.002849
15.000000 0.747219
16.000000 0.988083
17.000000 0.952213
18.000000 0.795480
19.000000 0.641433
20.000000 0.531467
21.000000 0.463968
22.000000 0.418943
23.000000 0.401481
24.000000 0.399358
25.000000 0.397155
26.000000 0.382984
27.000000 0.355624
28.000000 0.320059
29.000000 0.286319
30.000000 0.258822
31.000000 0.238366
32.000000 0.227572
33.000000 0.226479
34.000000 0.232780
35.000000 0.245216
36.000000 0.258460
37.000000 0.270291
38.000000 0.281519
39.000000 0.289999
40.000000 0.296555
41.000000 0.301120
42.000000 0.301583
43.000000 0.298718
44.000000 0.292996
45.000000 0.286043
46.000000 0.279743
47.000000 0.273952
48.000000 0.271049
49.000000 0.269813
50.000000 0.270064
51.000000 0.270962
52.000000 0.271206
53.000000 0.270033
54.000000 0.269063
55.000000 0.269284
56.000000 0.270314
57.000000 0.271071
58.000000 0.271839
59.000000 0.272741
60.000000 0.273197
61.000000 0.274072
62.000000 0.274430
63.000000 0.274169
64.000000 0.274084
65.000000 0.272951
66.000000 0.273183
67.000000 0.272985
68.000000 0.272804
69.000000 0.273720
70.000000 0.274777
71.000000 0.276611
72.000000 0.276634
73.000000 0.275517
74.000000 0.275749
75.000000 0.277241
76.000000 0.279050
77.000000 0.281005
78.000000 0.282278
79.000000 0.284559
80.000000 0.286069
81.000000 0.288144
82.000000 0.290793
83.000000 0.293658
84.000000 0.294038
85.000000 0.293610
86.000000 0.291935
87.000000 0.290925
88.000000 0.290470
89.000000 0.289124
90.000000 0.288017
91.000000 0.286617
92.000000 0.284726
93.000000 0.282591
94.000000 0.281460
95.000000 0.281174
96.000000 0.280804
97.000000 0.280705
98.000000 0.281039
99.000000 0.280063
100.000000 0.278291
101.000000 0.276444
102.000000 0.275855
103.000000 0.275678
104.000000 0.277087
105.000000 0.278339
106.000000 0.278849
107.000000 0.278852
108.000000 0.277574
109.000000 0.276742
110.000000 0.275049
111.000000 0.273534
112.000000 0.272968
113.000000 0.271871
114.000000 0.272328
115.000000 0.274299
116.000000 0.276576
117.000000 0.277517
118.000000 0.277341
119.000000 0.276517
120.000000 0.276125
121.000000 0.278520
122.000000 0.282852
123.000000 0.287013
124.000000 0.290175
125.000000 0.291396
126.000000 0.291209
127.000000 0.289933
128.000000 0.288244
129.000000 0.287091
130.000000 0.286141
131.000000 0.285038
132.000000 0.284395
133.000000 0.283803
134.000000 0.282606
135.000000 0.281546
136.000000 0.281308
137.000000 0.279946
138.000000 0.278997
139.000000 0.276236
140.000000 0.273364
141.000000 0.271861
142.000000 0.271918
143.000000 0.273382
144.000000 0.274946
145.000000 0.276506
146.000000 0.278124
147.000000 0.279608
148.000000 0.280226
149.000000 0.279752
150.000000 0.279720
151.000000 0.281160
152.000000 0.283876
153.000000 0.287299
154.000000 0.290764
155.000000 0.294417
156.000000 0.297781
157.000000 0.300008
158.000000 0.300697
159.000000 0.300480
160.000000 0.299435
161.000000 0.298894
162.000000 0.299036
163.000000 0.299565
164.000000 0.300533
165.000000 0.301493
166.000000 0.302082
167.000000 0.302945
168.000000 0.302078
169.000000 0.299453
170.000000 0.295505
171.000000 0.291164
172.000000 0.288213
173.000000 0.286157
174.000000 0.284758
175.000000 0.283475
176.000000 0.281239
177.000000 0.279468
178.000000 0.277424
179.000000 0.275263
180.000000 0.273159
181.000000 0.271746
182.000000 0.272035
183.000000 0.273419
184.000000 0.275709
185.000000 0.278220
186.000000 0.279044
187.000000 0.280290
188.000000 0.282120
189.000000 0.283229
190.000000 0.284824
191.000000 0.285490
192.000000 0.285249
193.000000 0.284017
194.000000 0.281520
195.000000 0.278470
196.000000 0.277355
197.000000 0.277275
198.000000 0.276996
199.000000 0.278782
200.000000 0.281486
201.000000 0.283996
202.000000 0.285797
203.000000 0.285913
204.000000 0.285707
205.000000 0.285893
206.000000 0.286634
207.000000 0.287771
208.000000 0.290322
209.000000 0.292333
210.000000 0.293653
211.000000 0.294110
212.000000 0.294048
213.000000 0.294165
214.000000 0.294131
215.000000 0.292454
216.000000 0.290054
217.000000 0.287852
218.000000 0.285110
219.000000 0.282139
220.000000 0.279863
221.000000 0.278770
222.000000 0.278885
223.000000 0.279825
224.000000 0.282117
225.000000 0.284696
226.000000 0.287453
227.000000 0.286760
228.000000 0.285993
229.000000 0.285669
230.000000 0.286325
231.000000 0.287449
232.000000 0.288369
233.000000 0.288093
234.000000 0.286366
235.000000 0.284992
236.000000 0.283961
237.000000 0.283656
238.000000 0.284230
239.000000 0.283998
240.000000 0.282390
241.000000 0.280661
242.000000 0.279286
243.000000 0.278956
244.000000 0.278802
245.000000 0.279548
246.000000 0.281841
247.000000 0.283509
248.000000 0.284236
249.000000 0.284396
250.000000 0.283702
251.000000 0.283020
252.000000 0.283389
253.000000 0.283232
254.000000 0.284587
255.000000 0.286186
256.000000 0.285830
257.000000 0.285729
258.000000 0.285739
259.000000 0.286256
260.000000 0.285588
261.000000 0.284585
262.000000 0.283348
263.000000 0.282654
264.000000 0.282527
265.000000 0.281153
266.000000 0.278937
267.000000 0.275659
268.000000 0.272839
269.000000 0.270887
270.000000 0.269144
271.000000 0.267574
272.000000 0.267087
273.000000 0.267957
274.000000 0.269369
275.000000 0.270482
276.000000 0.271106
277.000000 0.271327
278.000000 0.270230
279.000000 0.267887
280.000000 0.264944
281.000000 0.262852
282.000000 0.261331
283.000000 0.262078
284.000000 0.263442
285.000000 0.265694
286.000000 0.268864
287.000000 0.272219
288.000000 0.273622
289.000000 0.272847
290.000000 0.271242
291.000000 0.268519
292.000000 0.265834
293.000000 0.264620
294.000000 0.264593
295.000000 0.265404
296.000000 0.266652
297.000000 0.266944
298.000000 0.266749
299.000000 0.267773
300.000000 0.267783
301.000000 0.267095
302.000000 0.265327
303.000000 0.263516
304.000000 0.262276
305.000000 0.260604
306.000000 0.260635
307.000000 0.262226
308.000000 0.264018
309.000000 0.266890
310.000000 0.269448
311.000000 0.271036
312.000000 0.272197
313.000000 0.273376
314.000000 0.275297
315.000000 0.277718
316.000000 0.279586
317.000000 0.280716
318.000000 0.282269
319.000000 0.283504
320.000000 0.284767
321.000000 0.286740
322.000000 0.289546
323.000000 0.292775
324.000000 0.294980
325.000000 0.297254
326.000000 0.299698
327.000000 0.301666
328.000000 0.304567
329.000000 0.307567
330.000000 0.308267
331.000000 0.307550
332.000000 0.305882
333.000000 0.303037
334.000000 0.302402
335.000000 0.303459
336.000000 0.306217
337.000000 0.307445
338.000000 0.307945
339.000000 0.307706
340.000000 0.307101
341.000000 0.306590
342.000000 0.306014
343.000000 0.304633
344.000000 0.303227
345.000000 0.302116
346.000000 0.302244
347.000000 0.301951
348.000000 0.299322
349.000000 0.296619
350.000000 0.293899
351.000000 0.290015
352.000000 0.285286
353.000000 0.280788
354.000000 0.276230
355.000000 0.274084
356.000000 0.273312
357.000000 0.271941
358.000000 0.271261
359.000000 0.271946
360.000000 0.273782
361.000000 0.276404
362.000000 0.278620
363.000000 0.280646
364.000000 0.282107
365.000000 0.283580
366.000000 0.284471
367.000000 0.285492
368.000000 0.286236
369.000000 0.286483
370.000000 0.287537
371.000000 0.288131
372.000000 0.288128
373.000000 0.286906
374.000000 0.284599
375.000000 0.280950
376.000000 0.277131
377.000000 0.273235
378.000000 0.270697
379.000000 0.268384
380.000000 0.265550
381.000000 0.263687
382.000000 0.263031
383.000000 0.261772
384.000000 0.260482
385.000000 0.261406
386.000000 0.261519
387.000000 0.262015
388.000000 0.261443
389.000000 0.261159
390.000000 0.261032
391.000000 0.260072
392.000000 0.259375
393.000000 0.261079
394.000000 0.263751
395.000000 0.266382
396.000000 0.268390
397.000000 0.269710
398.000000 0.270496
399.000000 0.271234
400.000000 0.272493
401.000000 0.334410
402.000000 0.131069
403.000000 -0.185266
404.000000 -0.495844
405.000000 -0.729777
406.000000 -0.867354
407.000000 -0.920158
408.000000 -0.919036
409.000000 -0.838088
410.000000 -0.698124
411.000000 -0.535452
412.000000 -0.383110
413.000000 -0.259986
414.000000 -0.171038
415.000000 -0.111482
416.000000 -0.081681
417.000000 -0.077158
418.000000 -0.090705
419.000000 -0.111204
420.000000 -0.132273
421.000000 -0.149138
422.000000 -0.161870
423.000000 -0.168248
424.000000 -0.168608
425.000000 -0.163842
426.000000 -0.156715
427.000000 -0.149793
428.000000 -0.142834
429.000000 -0.136068
430.000000 -0.132211
431.000000 -0.130932
432.000000 -0.131321
433.000000 -0.130939
434.000000 -0.129357
435.000000 -0.127980
436.000000 -0.126734
437.000000 -0.126551
438.000000 -0.128080
439.000000 -0.127971
440.000000 -0.127942
441.000000 -0.127693
442.000000 -0.126857
443.000000 -0.126791
444.000000 -0.126151
445.000000 -0.125425
446.000000 -0.125461
447.000000 -0.127038
448.000000 -0.129431
449.000000 -0.130962
450.000000 -0.133069
451.000000 -0.135179
452.000000 -0.137024
453.000000 -0.138602
454.000000 -0.138617
455.000000 -0.138290
456.000000 -0.139310
457.000000 -0.141447
458.000000 -0.143179
459.000000 -0.143717
460.000000 -0.141970
461.000000 -0.140172
462.000000 -0.138171
463.000000 -0.135695
464.000000 -0.133905
465.000000 -0.132919
466.000000 -0.132357
467.000000 -0.132523
468.000000 -0.133250
469.000000 -0.133134
470.000000 -0.131561
471.000000 -0.129502
472.000000 -0.128724
473.000000 -0.128935
474.000000 -0.128771
475.000000 -0.128231
476.000000 -0.125927
477.000000 -0.123146
478.000000 -0.119736
479.000000 -0.116650
480.000000 -0.113727
481.000000 -0.111432
482.000000 -0.108901
483.000000 -0.106759
484.000000 -0.105272
485.000000 -0.104375
486.000000 -0.103299
487.000000 -0.102061
488.000000 -0.101859
489.000000 -0.102622
490.000000 -0.102944
491.000000 -0.102933
492.000000 -0.103382
493.000000 -0.104374
494.000000 -0.107473
495.000000 -0.110063
496.000000 -0.112930
497.000000 -0.114914
498.000000 -0.117226
499.000000 -0.120403
500.000000 -0.123346
501.000000 -0.482142
502.000000 -0.655090
503.000000 -0.718679
504.000000 -0.720441
505.000000 -0.703572
506.000000 -0.683363
507.000000 -0.662903
508.000000 -0.640059
509.000000 -0.610447
510.000000 -0.571855
511.000000 -0.528774
512.000000 -0.482241
513.000000 -0.436846
514.000000 -0.395871
515.000000 -0.363032
516.000000 -0.340432
517.000000 -0.327148
518.000000 -0.322401
519.000000 -0.323787
520.000000 -0.329343
521.000000 -0.337686
522.000000 -0.346428
523.000000 -0.353601
524.000000 -0.357545
525.000000 -0.359170
526.000000 -0.360457
527.000000 -0.362084
528.000000 -0.362995
529.000000 -0.363443
530.000000 -0.363282
531.000000 -0.362433
532.000000 -0.361812
533.000000 -0.361429
534.000000 -0.362014
535.000000 -0.363797
536.000000 -0.365811
537.000000 -0.367343
538.000000 -0.367710
539.000000 -0.368002
540.000000 -0.368530
541.000000 -0.369420
542.000000 -0.371415
543.000000 -0.374038
544.000000 -0.375739
545.000000 -0.376900
546.000000 -0.377912
547.000000 -0.379172
548.000000 -0.380190
549.000000 -0.381494
550.000000 -0.382734
551.000000 -0.383337
552.000000 -0.384351
553.000000 -0.384359
554.000000 -0.382912
555.000000 -0.381404
556.000000 -0.379932
557.000000 -0.378917
558.000000 -0.378244
559.000000 -0.379120
560.000000 -0.379163
561.000000 -0.377740
562.000000 -0.377223
563.000000 -0.376688
564.000000 -0.375795
565.000000 -0.374945
566.000000 -0.374682
567.000000 -0.374194
568.000000 -0.373787
569.000000 -0.372279
570.000000 -0.370902
571.000000 -0.369510
572.000000 -0.368449
573.000000 -0.367648
574.000000 -0.367763
575.000000 -0.369382
576.000000 -0.372263
577.000000 -0.374429
578.000000 -0.376394
579.000000 -0.377381
580.000000 -0.377826
581.000000 -0.376715
582.000000 -0.375101
583.000000 -0.373384
584.000000 -0.372445
585.000000 -0.371838
586.000000 -0.371859
587.000000 -0.372861
588.000000 -0.374650
589.000000 -0.376347
590.000000 -0.377811
591.000000 -0.378091
592.000000 -0.377143
593.000000 -0.374741
594.000000 -0.372593
595.000000 -0.371102
596.000000 -0.369987
597.000000 -0.369376
598.000000 -0.368596
599.000000 -0.366887
600.000000 -0.365745
601.000000 -0.365247
602.000000 -0.364880
603.000000 -0.365129
604.000000 -0.364072
605.000000 -0.363010
606.000000 -0.362276
607.000000 -0.361847
608.000000 -0.362176
609.000000 -0.364141
610.000000 -0.367000
611.000000 -0.370559
612.000000 -0.372660
613.000000 -0.374013
614.000000 -0.374867
615.000000 -0.375287
616.000000 -0.375272
617.000000 -0.375518
618.000000 -0.376359
619.000000 -0.377663
620.000000 -0.379298
621.000000 -0.380787
622.000000 -0.381434
623.000000 -0.381193
624.000000 -0.380473
625.000000 -0.378854
626.000000 -0.376955
627.000000 -0.375500
628.000000 -0.374603
629.000000 -0.373843
630.000000 -0.373286
631.000000 -0.372485
632.000000 -0.371332
633.000000 -0.370200
634.000000 -0.369392
635.000000 -0.368671
636.000000 -0.368195
637.000000 -0.367744
638.000000 -0.366446
639.000000 -0.366588
640.000000 -0.367111
641.000000 -0.368038
642.000000 -0.369166
643.000000 -0.370572
644.000000 -0.371956
645.000000 -0.373374
646.000000 -0.374750
647.000000 -0.375702
648.000000 -0.375193
649.000000 -0.373442
650.000000 -0.371463
651.000000 -0.371103
652.000000 -0.372162
653.000000 -0.373870
654.000000 -0.375447
655.000000 -0.376907
656.000000 -0.378052
657.000000 -0.379211
658.000000 -0.378479
659.000000 -0.376627
660.000000 -0.375047
661.000000 -0.373702
662.000000 -0.372996
663.000000 -0.373651
664.000000 -0.374067
665.000000 -0.375160
666.000000 -0.376608
667.000000 -0.377577
668.000000 -0.377834
669.000000 -0.376033
670.000000 -0.374353
671.000000 -0.374242
672.000000 -0.375455
673.000000 -0.376068
674.000000 -0.375864
675.000000 -0.374621
676.000000 -0.372146
677.000000 -0.369221
678.000000 -0.367601
679.000000 -0.367037
680.000000 -0.366720
681.000000 -0.367380
682.000000 -0.367765
683.000000 -0.368620
684.000000 -0.368880
685.000000 -0.368999
686.000000 -0.369621
687.000000 -0.369873
688.000000 -0.370828
689.000000 -0.372877
690.000000 -0.375472
691.000000 -0.377364
692.000000 -0.378744
693.000000 -0.380640
694.000000 -0.382297
695.000000 -0.382333
696.000000 -0.381529
697.000000 -0.379793
698.000000 -0.378603
699.000000 -0.377881
700.000000 -0.376265
701.000000 -0.374359
702.000000 -0.373681
703.000000 -0.374142
704.000000 -0.375237
705.000000 -0.374962
706.000000 -0.373584
707.000000 -0.372814
708.000000 -0.372875
709.000000 -0.373157
710.000000 -0.373874
711.000000 -0.374906
712.000000 -0.375091
713.000000 -0.374591
714.000000 -0.372322
715.000000 -0.371045
716.000000 -0.369578
717.000000 -0.367898
718.000000 -0.366844
719.000000 -0.365712
720.000000 -0.364843
721.000000 -0.363728
722.000000 -0.362850
723.000000 -0.362244
724.000000 -0.362841
725.000000 -0.363191
726.000000 -0.364301
727.000000 -0.365406
728.000000 -0.367273
729.000000 -0.368913
730.000000 -0.371433
731.000000 -0.373782
732.000000 -0.375713
733.000000 -0.375988
734.000000 -0.375710
735.000000 -0.374663
736.000000 -0.374121
737.000000 -0.373974
738.000000 -0.373618
739.000000 -0.374370
740.000000 -0.375135
741.000000 -0.375026
742.000000 -0.374352
743.000000 -0.373652
744.000000 -0.372493
745.000000 -0.370584
746.000000 -0.367737
747.000000 -0.365126
748.000000 -0.362682
749.000000 -0.360714
750.000000 -0.359675
751.000000 -0.360117
752.000000 -0.362006
753.000000 -0.364028
754.000000 -0.366099
755.000000 -0.366373
756.000000 -0.366282
757.000000 -0.366392
758.000000 -0.366477
759.000000 -0.367293
760.000000 -0.367692
761.000000 -0.368367
762.000000 -0.368853
763.000000 -0.367885
764.000000 -0.367116
765.000000 -0.366726
766.000000 -0.365687
767.000000 -0.364476
768.000000 -0.363475
769.000000 -0.362729
770.000000 -0.362933
771.000000 -0.363130
772.000000 -0.364177
773.000000 -0.366084
774.000000 -0.367330
775.000000 -0.368109
776.000000 -0.368586
777.000000 -0.368363
778.000000 -0.367975
779.000000 -0.367591
780.000000 -0.366407
781.000000 -0.367018
782.000000 -0.368590
783.000000 -0.370272
784.000000 -0.372310
785.000000 -0.372545
786.000000 -0.373335
787.000000 -0.371869
788.000000 -0.369205
789.000000 -0.366703
790.000000 -0.363592
791.000000 -0.360510
792.000000 -0.359288
793.000000 -0.359279
794.000000 -0.360174
795.000000 -0.361301
796.000000 -0.362803
797.000000 -0.363961
798.000000 -0.363704
799.000000 -0.363549
800.000000 -0.363058
801.000000 -0.049990
802.000000 0.276935
803.000000 0.578277
804.000000 0.812788
805.000000 0.969719
806.000000 1.052416
807.000000 1.071411
808.000000 1.047330
809.000000 0.957842
810.000000 0.817356
811.000000 0.653503
812.000000 0.490980
813.000000 0.349662
814.000000 0.238507
815.000000 0.158081
816.000000 0.110799
817.000000 0.092871
818.000000 0.096720
819.000000 0.113715
820.000000 0.135486
821.000000 0.157061
822.000000 0.175812
823.000000 0.189378
824.000000 0.198432
825.000000 0.201301
826.000000 0.199334
827.000000 0.195233
828.000000 0.191265
829.000000 0.187638
830.000000 0.183157
831.000000 0.179103
832.000000 0.177262
833.000000 0.175747
834.000000 0.175414
835.000000 0.176326
836.000000 0.177759
837.000000 0.179313
838.000000 0.180722
839.000000 0.182153
840.000000 0.184211
841.000000 0.185664
842.000000 0.186292
843.000000 0.186825
844.000000 0.186629
845.000000 0.184366
846.000000 0.181952
847.000000 0.181037
848.000000 0.180831
849.000000 0.179828
850.000000 0.177460
851.000000 0.174743
852.000000 0.172641
853.000000 0.172761
854.000000 0.172209
855.000000 0.171373
856.000000 0.170944
857.000000 0.170782
858.000000 0.169978
859.000000 0.169274
860.000000 0.168680
861.000000 0.167607
862.000000 0.167609
863.000000 0.168686
864.000000 0.170181
865.000000 0.171082
866.000000 0.171874
867.000000 0.173533
868.000000 0.174401
869.000000 0.175365
870.000000 0.176602
871.000000 0.176913
872.000000 0.176183
873.000000 0.175156
874.000000 0.174409
875.000000 0.175384
876.000000 0.177518
877.000000 0.179771
878.000000 0.181531
879.000000 0.182482
880.000000 0.182933
881.000000 0.183232
882.000000 0.183402
883.000000 0.184224
884.000000 0.185286
885.000000 0.186967
886.000000 0.188191
887.000000 0.188789
888.000000 0.189919
889.000000 0.191375
890.000000 0.191741
891.000000 0.192185
892.000000 0.191162
893.000000 0.189236
894.000000 0.188294
895.000000 0.186716
896.000000 0.186631
897.000000 0.186405
898.000000 0.185709
899.000000 0.184529
900.000000 0.181899
901.000000 0.179817
902.000000 0.178141
903.000000 0.177039
904.000000 0.176874
905.000000 0.178425
906.000000 0.179488
907.000000 0.179753
908.000000 0.179224
909.000000 0.177762
910.000000 0.176541
911.000000 0.175554
912.000000 0.174452
913.000000 0.173511
914.000000 0.171920
915.000000 0.171498
916.000000 0.171487
917.000000 0.172464
918.000000 0.174568
919.000000 0.177313
920.000000 0.179179
921.000000 0.181198
922.000000 0.182023
923.000000 0.182096
924.000000 0.182576
925.000000 0.182445
926.000000 0.182653
927.000000 0.183347
928.000000 0.183912
929.000000 0.184372
930.000000 0.183402
931.000000 0.182416
932.000000 0.180537
933.000000 0.178353
934.000000 0.176106
935.000000 0.174616
936.000000 0.173009
937.000000 0.171716
938.000000 0.170861
939.000000 0.170885
940.000000 0.170642
941.000000 0.171416
942.000000 0.173073
943.000000 0.174295
944.000000 0.174630
945.000000 0.174727
946.000000 0.175323
947.000000 0.177278
948.000000 0.176744
949.000000 0.175991
950.000000 0.175651
951.000000 0.176349
952.000000 0.177299
953.000000 0.178309
954.000000 0.180450
955.000000 0.183799
956.000000 0.187294
957.000000 0.188828
958.000000 0.189455
959.000000 0.189138
960.000000 0.188049
961.000000 0.186022
962.000000 0.183489
963.000000 0.180923
964.000000 0.178580
965.000000 0.176709
966.000000 0.173689
967.000000 0.170397
968.000000 0.167908
969.000000 0.166598
970.000000 0.165069
971.000000 0.163207
972.000000 0.162121
973.000000 0.161945
974.000000 0.163073
975.000000 0.164984
976.000000 0.166870
977.000000 0.169043
978.000000 0.171549
979.000000 0.174670
980.000000 0.177279
981.000000 0.179423
982.000000 0.182157
983.000000 0.184343
984.000000 0.185281
985.000000 0.186567
986.000000 0.188480
987.000000 0.190759
988.000000 0.194781
989.000000 0.198329
990.000000 0.200172
991.000000 0.199749
992.000000 0.197007
993.000000 0.194448
994.000000 0.193510
995.000000 0.193849
996.000000 0.193511
997.000000 0.192467
998.000000 0.191692
999.000000 0.192212
1000.000000 0.192280
1001.000000 0.192068
1002.000000 0.192406
1003.000000 0.192493
1004.000000 0.192667
1005.000000 0.192370
1006.000000 0.192479
1007.000000 0.191845
1008.000000 0.191609
1009.000000 0.191439
1010.000000 0.191689
1011.000000 0.191314
1012.000000 0.190978
1013.000000 0.189612
1014.000000 0.188813
1015.000000 0.187298
1016.000000 0.185534
1017.000000 0.183689
1018.000000 0.182966
1019.000000 0.182574
1020.000000 0.181017
1021.000000 0.178558
1022.000000 0.176594
1023.000000 0.174805
1024.000000 0.174024
1025.000000 0.173986
1026.000000 0.173486
1027.000000 0.172942
1028.000000 0.171952
1029.000000 0.171407
1030.000000 0.171685
1031.000000 0.171373
1032.000000 0.171396
1033.000000 0.171714
1034.000000 0.171893
1035.000000 0.172350
1036.000000 0.173631
1037.000000 0.175757
1038.000000 0.178992
1039.000000 0.182140
1040.000000 0.184920
1041.000000 0.187274
1042.000000 0.188864
1043.000000 0.189667
1044.000000 0.189698
1045.000000 0.191237
1046.000000 0.193736
1047.000000 0.195835
1048.000000 0.195948
1049.000000 0.194295
1050.000000 0.192131
1051.000000 0.190804
1052.000000 0.189225
1053.000000 0.187537
1054.000000 0.185223
1055.000000 0.183107
1056.000000 0.181761
1057.000000 0.180722
1058.000000 0.180127
1059.000000 0.178165
1060.000000 0.176215
1061.000000 0.175130
1062.000000 0.175613
1063.000000 0.176604
1064.000000 0.178893
1065.000000 0.180132
1066.000000 0.179909
1067.000000 0.179301
1068.000000 0.179539
1069.000000 0.179234
1070.000000 0.179475
1071.000000 0.179872
1072.000000 0.180192
1073.000000 0.180898
1074.000000 0.181951
1075.000000 0.182254
1076.000000 0.181981
1077.000000 0.180631
1078.000000 0.178949
1079.000000 0.178930
1080.000000 0.180591
1081.000000 0.182615
1082.000000 0.183384
1083.000000 0.182886
1084.000000 0.182739
1085.000000 0.182844
1086.000000 0.183835
1087.000000 0.185652
1088.000000 0.187095
1089.000000 0.188382
1090.000000 0.189869
1091.000000 0.192037
1092.000000 0.192135
1093.000000 0.191531
1094.000000 0.190166
1095.000000 0.188502
1096.000000 0.185898
1097.000000 0.182738
1098.000000 0.179957
1099.000000 0.178681
1100.000000 0.177164
1101.000000 0.175197
1102.000000 0.174535
1103.000000 0.175480
1104.000000 0.176378
1105.000000 0.177170
1106.000000 0.178814
1107.000000 0.180190
1108.000000 0.181853
1109.000000 0.183918
1110.000000 0.186115
1111.000000 0.189402
1112.000000 0.192545
1113.000000 0.195734
1114.000000 0.197812
1115.000000 0.198712
1116.000000 0.198727
1117.000000 0.198161
1118.000000 0.197438
1119.000000 0.196803
1120.000000 0.196648
1121.000000 0.195276
1122.000000 0.192527
1123.000000 0.188607
1124.000000 0.184621
1125.000000 0.182109
1126.000000 0.181062
1127.000000 0.180776
1128.000000 0.180607
1129.000000 0.180165
1130.000000 0.180252
1131.000000 0.180280
1132.000000 0.180732
1133.000000 0.181472
1134.000000 0.181446
1135.000000 0.180859
1136.000000 0.180487
1137.000000 0.181805
1138.000000 0.183937
1139.000000 0.186420
1140.000000 0.188765
1141.000000 0.190103
1142.000000 0.190032
1143.000000 0.191054
1144.000000 0.190935
1145.000000 0.189776
1146.000000 0.189629
1147.000000 0.189564
1148.000000 0.188755
1149.000000 0.186887
1150.000000 0.184772
1151.000000 0.182848
1152.000000 0.180755
1153.000000 0.176679
1154.000000 0.172897
1155.000000 0.169693
1156.000000 0.169155
1157.000000 0.169166
1158.000000 0.169029
1159.000000 0.169050
1160.000000 0.168477
1161.000000 0.168031
1162.000000 0.166281
1163.000000 0.164635
1164.000000 0.163652
1165.000000 0.164522
1166.000000 0.166600
1167.000000 0.168452
1168.000000 0.170969
1169.000000 0.173601
1170.000000 0.175282
1171.000000 0.176333
1172.000000 0.178150
1173.000000 0.179732
1174.000000 0.181738
1175.000000 0.184106
1176.000000 0.186823
1177.000000 0.189023
1178.000000 0.190291
1179.000000 0.192141
1180.000000 0.194839
1181.000000 0.197432
1182.000000 0.200284
1183.000000 0.200997
1184.000000 0.199789
1185.000000 0.198057
1186.000000 0.197104
1187.000000 0.196532
1188.000000 0.195255
1189.000000 0.193580
1190.000000 0.191526
1191.000000 0.189675
1192.000000 0.187774
1193.000000 0.186456
1194.000000 0.187428
1195.000000 0.188968
1196.000000 0.191443
1197.000000 0.191373
1198.000000 0.189526
1199.000000 0.187061
1200.000000 0.185271
1201.000000 0.153532
1202.000000 0.254308
1203.000000 0.411002
1204.000000 0.565748
1205.000000 0.682739
1206.000000 0.751485
1207.000000 0.776626
1208.000000 0.774316
1209.000000 0.732228
1210.000000 0.660830
1211.000000 0.578156
1212.000000 0.501068
1213.000000 0.438164
1214.000000 0.391598
1215.000000 0.359133
1216.000000 0.341718
1217.000000 0.337976
1218.000000 0.342971
1219.000000 0.352624
1220.000000 0.363503
1221.000000 0.373619
1222.000000 0.380568
1223.000000 0.383533
1224.000000 0.383651
1225.000000 0.382251
1226.000000 0.379758
1227.000000 0.377713
1228.000000 0.376661
1229.000000 0.376509
1230.000000 0.377292
1231.000000 0.379038
1232.000000 0.380006
1233.000000 0.379478
1234.000000 0.380240
1235.000000 0.381244
1236.000000 0.382502
1237.000000 0.384850
1238.000000 0.387309
1239.000000 0.390035
1240.000000 0.392181
1241.000000 0.393429
1242.000000 0.393636
1243.000000 0.391991
1244.000000 0.390914
1245.000000 0.390179
1246.000000 0.388174
1247.000000 0.384705
1248.000000 0.381619
1249.000000 0.380113
1250.000000 0.378396
1251.000000 0.376933
1252.000000 0.376037
1253.000000 0.375777
1254.000000 0.376376
1255.000000 0.377193
1256.000000 0.378844
1257.000000 0.381375
1258.000000 0.384355
1259.000000 0.386404
1260.000000 0.388070
1261.000000 0.389373
1262.000000 0.390006
1263.000000 0.391457
1264.000000 0.393329
1265.000000 0.394583
1266.000000 0.394794
1267.000000 0.395277
1268.000000 0.395714
1269.000000 0.395596
1270.000000 0.393820
1271.000000 0.391206
1272.000000 0.388264
1273.000000 0.385684
1274.000000 0.385760
1275.000000 0.387415
1276.000000 0.387434
1277.000000 0.386780
1278.000000 0.384801
1279.000000 0.381414
1280.000000 0.377771
1281.000000 0.374341
1282.000000 0.370212
1283.000000 0.366577
1284.000000 0.363792
1285.000000 0.362498
1286.000000 0.362592
1287.000000 0.364012
1288.000000 0.365973
1289.000000 0.366598
1290.000000 0.367195
1291.000000 0.366905
1292.000000 0.367276
1293.000000 0.368788
1294.000000 0.370837
1295.000000 0.371944
1296.000000 0.373617
1297.000000 0.377283
1298.000000 0.381554
1299.000000 0.385353
1300.000000 0.389106
1301.000000 0.749081
1302.000000 0.923363
1303.000000 0.985983
1304.000000 0.986552
1305.000000 0.967257
1306.000000 0.945899
1307.000000 0.924865
1308.000000 0.903219
1309.000000 0.875952
1310.000000 0.841011
1311.000000 0.800489
1312.000000 0.755578
1313.000000 0.709653
1314.000000 0.667354
1315.000000 0.632163
1316.000000 0.606674
1317.000000 0.591809
1318.000000 0.586064
1319.000000 0.587582
1320.000000 0.593210
1321.000000 0.600489
1322.000000 0.608758
1323.000000 0.617056
1324.000000 0.624033
1325.000000 0.629195
1326.000000 0.633039
1327.000000 0.635911
1328.000000 0.635951
1329.000000 0.633561
1330.000000 0.630238
1331.000000 0.628198
1332.000000 0.627133
1333.000000 0.627634
1334.000000 0.628882
1335.000000 0.629369
1336.000000 0.630310
1337.000000 0.631051
1338.000000 0.631124
1339.000000 0.630723
1340.000000 0.631041
1341.000000 0.631404
1342.000000 0.631256
1343.000000 0.630306
1344.000000 0.629805
1345.000000 0.630089
1346.000000 0.630933
1347.000000 0.630741
1348.000000 0.630357
1349.000000 0.628565
1350.000000 0.626019
1351.000000 0.624233
1352.000000 0.623731
1353.000000 0.623467
1354.000000 0.622304
1355.000000 0.622233
1356.000000 0.622109
1357.000000 0.623026
1358.000000 0.624144
1359.000000 0.624577
1360.000000 0.625374
1361.000000 0.628013
1362.000000 0.630309
1363.000000 0.633547
1364.000000 0.635905
1365.000000 0.637992
1366.000000 0.639700
1367.000000 0.641574
1368.000000 0.642311
1369.000000 0.643517
1370.000000 0.644681
1371.000000 0.643492
1372.000000 0.641863
1373.000000 0.640648
1374.000000 0.638651
1375.000000 0.635418
1376.000000 0.633187
1377.000000 0.631733
1378.000000 0.630461
1379.000000 0.629693
1380.000000 0.629619
1381.000000 0.630995
1382.000000 0.632350
1383.000000 0.632490
1384.000000 0.631822
1385.000000 0.630823
1386.000000 0.628551
1387.000000 0.626840
1388.000000 0.626724
1389.000000 0.627476
1390.000000 0.629568
1391.000000 0.632129
1392.000000 0.633084
1393.000000 0.633682
1394.000000 0.635635
1395.000000 0.638541
1396.000000 0.642178
1397.000000 0.644992
1398.000000 0.646797
1399.000000 0.647796
1400.000000 0.647771
1401.000000 0.646224
1402.000000 0.645002
1403.000000 0.643388
1404.000000 0.641540
1405.000000 0.640346
1406.000000 0.639016
1407.000000 0.636572
1408.000000 0.632656
1409.000000 0.629620
1410.000000 0.628584
1411.000000 0.628886
1412.000000 0.630003
1413.000000 0.631657
1414.000000 0.633767
1415.000000 0.636004
1416.000000 0.636294
1417.000000 0.635471
1418.000000 0.635245
1419.000000 0.634705
1420.000000 0.633721
1421.000000 0.632446
1422.000000 0.631356
1423.000000 0.630990
1424.000000 0.631367
1425.000000 0.632558
1426.000000 0.634277
1427.000000 0.637327
1428.000000 0.639611
1429.000000 0.641496
1430.000000 0.642572
1431.000000 0.643575
1432.000000 0.644274
1433.000000 0.644176
1434.000000 0.643548
1435.000000 0.643032
1436.000000 0.644108
1437.000000 0.645637
1438.000000 0.646678
1439.000000 0.647652
1440.000000 0.649102
1441.000000 0.650110
1442.000000 0.649026
1443.000000 0.647455
1444.000000 0.644267
1445.000000 0.640740
1446.000000 0.637963
1447.000000 0.636261
1448.000000 0.635565
1449.000000 0.635257
1450.000000 0.636064
1451.000000 0.637648
1452.000000 0.639983
1453.000000 0.642021
1454.000000 0.643384
1455.000000 0.643755
1456.000000 0.643834
1457.000000 0.644055
1458.000000 0.645754
1459.000000 0.646655
1460.000000 0.648499
1461.000000 0.648604
1462.000000 0.648354
1463.000000 0.648694
1464.000000 0.648611
1465.000000 0.647149
1466.000000 0.644511
1467.000000 0.641469
1468.000000 0.638887
1469.000000 0.637507
1470.000000 0.636844
1471.000000 0.636493
1472.000000 0.636166
1473.000000 0.635176
1474.000000 0.634493
1475.000000 0.633207
1476.000000 0.631830
1477.000000 0.631752
1478.000000 0.631816
1479.000000 0.631264
1480.000000 0.631670
1481.000000 0.632556
1482.000000 0.632837
1483.000000 0.633336
1484.000000 0.633825
1485.000000 0.634708
1486.000000 0.636437
1487.000000 0.638197
1488.000000 0.640793
1489.000000 0.643408
1490.000000 0.645388
1491.000000 0.646685
1492.000000 0.647087
1493.000000 0.647547
1494.000000 0.646874
1495.000000 0.645652
1496.000000 0.643209
1497.000000 0.642347
1498.000000 0.642934
1499.000000 0.643655
1500.000000 0.644813
1501.000000 0.645012
1502.000000 0.646409
1503.000000 0.648401
1504.000000 0.649144
1505.000000 0.649842
1506.000000 0.649972
1507.000000 0.649006
1508.000000 0.646544
1509.000000 0.644234
1510.000000 0.640795
1511.000000 0.638002
1512.000000 0.634832
1513.000000 0.633426
1514.000000 0.633814
1515.000000 0.635819
1516.000000 0.639469
1517.000000 0.642317
1518.000000 0.643617
1519.000000 0.643621
1520.000000 0.642890
1521.000000 0.643525
1522.000000 0.643748
1523.000000 0.644471
1524.000000 0.644972
1525.000000 0.644893
1526.000000 0.644388
1527.000000 0.643172
1528.000000 0.641681
1529.000000 0.639894
1530.000000 0.638813
1531.000000 0.638994
1532.000000 0.639807
1533.000000 0.641208
1534.000000 0.642012
1535.000000 0.642492
1536.000000 0.642477
1537.000000 0.641879
1538.000000 0.640708
1539.000000 0.639495
1540.000000 0.638703
1541.000000 0.638685
1542.000000 0.640181
1543.000000 0.641919
1544.000000 0.643571
1545.000000 0.644320
1546.000000 0.643904
1547.000000 0.643349
1548.000000 0.643596
1549.000000 0.643666
1550.000000 0.643717
1551.000000 0.642640
1552.000000 0.640598
1553.000000 0.638665
1554.000000 0.638435
1555.000000 0.638687
1556.000000 0.639456
1557.000000 0.640423
1558.000000 0.641551
1559.000000 0.643023
1560.000000 0.645116
1561.000000 0.646843
1562.000000 0.648069
1563.000000 0.647578
1564.000000 0.646905
1565.000000 0.646862
1566.000000 0.646914
1567.000000 0.646252
1568.000000 0.644364
1569.000000 0.642673
1570.000000 0.641584
1571.000000 0.640598
1572.000000 0.639670
1573.000000 0.639191
1574.000000 0.638345
1575.000000 0.637303
1576.000000 0.635678
1577.000000 0.634252
1578.000000 0.632646
1579.000000 0.630808
1580.000000 0.629510
1581.000000 0.629768
1582.000000 0.630321
1583.000000 0.630930
1584.000000 0.630528
1585.000000 0.630022
1586.000000 0.629355
1587.000000 0.628880
1588.000000 0.629065
1589.000000 0.629563
1590.000000 0.629793
1591.000000 0.630128
1592.000000 0.630875
1593.000000 0.631193
1594.000000 0.631965
1595.000000 0.633803
1596.000000 0.635612
1597.000000 0.637860
1598.000000 0.640885
1599.000000 0.643434
1600.000000 0.644742
