1.000000 0.000000
2.000000 0.000000
3.000000 0.000000
4.000000 0.000000
5.000000 0.000000
6.000000 0.000000
7.000000 0.000000
8.000000 0.000000
9.000000 0.005687
10.000000 0.016216
11.000000 0.030838
12.000000 0.048888
13.000000 0.069776
14.000000 0.092983
15.000000 0.118052
16.000000 0.144579
17.000000 0.172211
18.000000 0.200641
19.000000 0.229599
20.000000 0.258852
21.000000 0.288199
22.000000 0.317467
23.000000 0.346508
24.000000 0.375196
25.000000 0.403426
26.000000 0.431110
27.000000 0.458175
28.000000 0.484563
29.000000 0.510227
30.000000 0.535130
31.000000 0.559247
32.000000 0.582558
33.000000 0.605053
34.000000 0.626724
35.000000 0.647573
36.000000 0.667604
37.000000 0.686824
38.000000 0.705245
39.000000 0.722882
40.000000 0.739750
41.000000 0.755867
42.000000 0.771254
43.000000 0.785931
44.000000 0.799920
45.000000 0.813243
46.000000 0.825923
47.000000 0.837983
48.000000 0.849446
49.000000 0.860335
50.000000 0.870673
51.000000 0.880483
52.000000 0.889786
53.000000 0.898605
54.000000 0.906961
55.000000 0.914875
56.000000 0.922367
57.000000 0.929456
58.000000 0.936162
59.000000 0.942502
60.000000 0.948496
61.000000 0.954159
62.000000 0.959509
63.000000 0.964560
64.000000 0.969328
65.000000 0.973829
66.000000 0.978074
67.000000 0.982079
68.000000 0.985855
69.000000 0.989415
70.000000 0.992770
71.000000 0.995932
72.000000 0.998910
73.000000 1.001716
74.000000 1.004357
75.000000 1.006844
76.000000 1.009185
77.000000 1.011388
78.000000 1.013461
79.000000 1.015411
80.000000 1.017246
81.000000 1.018971
82.000000 1.020593
83.000000 1.022118
84.000000 1.023552
85.000000 1.024899
86.000000 1.026165
87.000000 1.027355
88.000000 1.028472
89.000000 1.029522
90.000000 1.030508
91.000000 1.031434
92.000000 1.032304
93.000000 1.033120
94.000000 1.033887
95.000000 1.034606
96.000000 1.035282
97.000000 1.035915
98.000000 1.036510
99.000000 1.037068
100.000000 1.037592
101.000000 1.038083
102.000000 1.038543
103.000000 1.038976
104.000000 1.039381
105.000000 1.039761
106.000000 1.040117
107.000000 1.040451
108.000000 1.040765
109.000000 1.041058
110.000000 1.041334
111.000000 1.041592
112.000000 1.041834
113.000000 1.042061
114.000000 1.042273
115.000000 1.042472
116.000000 1.042659
117.000000 1.042834
118.000000 1.042997
119.000000 1.043151
120.000000 1.043295
121.000000 1.043429
122.000000 1.043555
123.000000 1.043674
124.000000 1.043784
125.000000 1.043888
126.000000 1.043985
127.000000 1.044076
128.000000 1.044161
129.000000 1.044241
130.000000 1.044315
131.000000 1.044385
132.000000 1.044451
133.000000 1.044512
134.000000 1.044569
135.000000 1.044623
136.000000 1.044673
137.000000 1.044720
138.000000 1.044764
139.000000 1.044806
140.000000 1.044844
141.000000 1.044880
142.000000 1.044914
143.000000 1.044946
144.000000 1.044975
145.000000 1.045003
146.000000 1.045029
147.000000 1.045053
148.000000 1.045076
149.000000 1.045097
150.000000 1.045117
151.000000 1.045136
152.000000 1.045153
153.000000 1.045169
154.000000 1.045184
155.000000 1.045199
156.000000 1.045212
157.000000 1.045224
158.000000 1.045236
159.000000 1.045247
160.000000 1.045257
161.000000 1.045267
162.000000 1.045276
163.000000 1.045284
164.000000 1.045292
165.000000 1.045299
166.000000 1.045306
167.000000 1.045312
168.000000 1.045318
169.000000 1.045324
170.000000 1.045329
171.000000 1.045334
172.000000 1.045339
173.000000 1.045343
174.000000 1.045347
175.000000 1.045351
176.000000 1.045354
177.000000 1.045357
178.000000 1.045361
179.000000 1.045363
180.000000 1.045366
181.000000 1.045369
182.000000 1.045371
183.000000 1.045373
184.000000 1.045375
185.000000 1.045377
186.000000 1.045379
187.000000 1.045380
188.000000 1.045382
189.000000 1.045383
190.000000 1.045385
191.000000 1.045386
192.000000 1.045387
193.000000 1.045388
194.000000 1.045389
195.000000 1.045390
196.000000 1.045391
197.000000 1.045392
198.000000 1.045393
199.000000 1.045394
200.000000 1.045394
201.000000 1.045395
202.000000 1.045396
203.000000 1.045396
204.000000 1.045397
205.000000 1.045397
206.000000 1.045398
207.000000 1.045398
208.000000 1.045399
209.000000 1.045399
210.000000 1.045399
211.000000 1.045400
212.000000 1.045400
213.000000 1.045400
214.000000 1.045401
215.000000 1.045401
216.000000 1.045401
217.000000 1.045401
218.000000 1.045401
219.000000 1.045402
220.000000 1.045402
221.000000 1.045402
222.000000 1.045402
223.000000 1.045402
224.000000 1.045402
225.000000 1.045403
226.000000 1.045403
227.000000 1.045403
228.000000 1.045403
229.000000 1.045403
230.000000 1.045403
231.000000 1.045403
232.000000 1.045403
233.000000 1.045403
234.000000 1.045403
235.000000 1.045403
236.000000 1.045404
237.000000 1.045404
238.000000 1.045404
239.000000 1.045404
240.000000 1.045404
241.000000 1.045404
242.000000 1.045404
243.000000 1.045404
244.000000 1.045404
245.000000 1.045404
246.000000 1.045404
247.000000 1.045404
248.000000 1.045404
249.000000 1.045404
250.000000 1.045404
251.000000 1.045404
252.000000 1.045404
253.000000 1.045404
254.000000 1.045404
255.000000 1.045404
256.000000 1.045404
257.000000 1.045404
258.000000 1.045404
259.000000 1.045404
260.000000 1.045404
261.000000 1.045404
262.000000 1.045404
263.000000 1.045404
264.000000 1.045404
265.000000 1.045404
266.000000 1.045404
267.000000 1.045404
268.000000 1.045404
269.000000 1.045404
270.000000 1.045404
271.000000 1.045404
272.000000 1.045404
273.000000 1.045404
274.000000 1.045404
275.000000 1.045404
276.000000 1.045404
277.000000 1.045404
278.000000 1.045404
279.000000 1.045404
280.000000 1.045404
281.000000 1.045404
282.000000 1.045404
283.000000 1.045404
284.000000 1.045404
285.000000 1.045404
286.000000 1.045404
287.000000 1.045404
288.000000 1.045404
289.000000 1.045404
290.000000 1.045404
291.000000 1.045404
292.000000 1.045404
293.000000 1.045404
294.000000 1.045404
295.000000 1.045404
296.000000 1.045404
297.000000 1.045404
298.000000 1.045404
299.000000 1.045404
300.000000 1.045404
301.000000 1.045404
302.000000 1.045404
303.000000 1.045404
304.000000 1.045404
305.000000 1.045404
306.000000 1.045404
307.000000 1.045404
308.000000 1.045404
309.000000 1.045404
310.000000 1.045404
311.000000 1.045404
312.000000 1.045404
313.000000 1.045404
314.000000 1.045404
315.000000 1.045404
316.000000 1.045404
317.000000 1.045404
318.000000 1.045404
319.000000 1.045404
320.000000 1.045404
321.000000 1.045404
322.000000 1.045404
323.000000 1.045404
324.000000 1.045404
325.000000 1.045404
326.000000 1.045404
327.000000 1.045404
328.000000 1.045404
329.000000 1.045404
330.000000 1.045404
331.000000 1.045404
332.000000 1.045404
333.000000 1.045404
334.000000 1.045404
335.000000 1.045404
336.000000 1.045404
337.000000 1.045404
338.000000 1.045404
339.000000 1.045404
340.000000 1.045404
341.000000 1.045404
342.000000 1.045404
343.000000 1.045404
344.000000 1.045404
345.000000 1.045404
346.000000 1.045404
347.000000 1.045404
348.000000 1.045404
349.000000 1.045404
350.000000 1.045404
351.000000 1.045404
352.000000 1.045404
353.000000 1.045404
354.000000 1.045404
355.000000 1.045404
356.000000 1.045404
357.000000 1.045404
358.000000 1.045404
359.000000 1.045404
360.000000 1.045404
361.000000 1.045404
362.000000 1.045404
363.000000 1.045404
364.000000 1.045404
365.000000 1.045404
366.000000 1.045404
367.000000 1.045404
368.000000 1.045404
369.000000 1.045404
370.000000 1.045404
371.000000 1.045404
372.000000 1.045404
373.000000 1.045404
374.000000 1.045404
375.000000 1.045404
376.000000 1.045404
377.000000 1.045404
378.000000 1.045404
379.000000 1.045404
380.000000 1.045404
381.000000 1.045404
382.000000 1.045404
383.000000 1.045404
384.000000 1.045404
385.000000 1.045404
386.000000 1.045404
387.000000 1.045404
388.000000 1.045404
389.000000 1.045404
390.000000 1.045404
391.000000 1.045404
392.000000 1.045404
393.000000 1.045404
394.000000 1.045404
395.000000 1.045404
396.000000 1.045404
397.000000 1.045404
398.000000 1.045404
399.000000 1.045404
400.000000 1.045404
401.000000 1.045404
402.000000 1.045404
403.000000 1.045404
404.000000 1.045404
405.000000 1.045404
406.000000 1.045404
407.000000 1.045404
408.000000 1.045404
409.000000 1.045404
410.000000 1.045404
411.000000 1.045404
412.000000 1.045404
413.000000 1.045404
414.000000 1.045404
415.000000 1.045404
416.000000 1.045404
417.000000 1.045404
418.000000 1.045404
419.000000 1.045404
420.000000 1.045404
421.000000 1.045404
422.000000 1.045404
423.000000 1.045404
424.000000 1.045404
425.000000 1.045404
426.000000 1.045404
427.000000 1.045404
428.000000 1.045404
429.000000 1.045404
430.000000 1.045404
431.000000 1.045404
432.000000 1.045404
433.000000 1.045404
434.000000 1.045404
435.000000 1.045404
436.000000 1.045404
437.000000 1.045404
438.000000 1.045404
439.000000 1.045404
440.000000 1.045404
441.000000 1.045404
442.000000 1.045404
443.000000 1.045404
444.000000 1.045404
445.000000 1.045404
446.000000 1.045404
447.000000 1.045404
448.000000 1.045404
449.000000 1.045404
450.000000 1.045404
451.000000 1.045404
452.000000 1.045404
453.000000 1.045404
454.000000 1.045404
455.000000 1.045404
456.000000 1.045404
457.000000 1.045404
458.000000 1.045404
459.000000 1.045404
460.000000 1.045404
461.000000 1.045404
462.000000 1.045404
463.000000 1.045404
464.000000 1.045404
465.000000 1.045404
466.000000 1.045404
467.000000 1.045404
468.000000 1.045404
469.000000 1.045404
470.000000 1.045404
471.000000 1.045404
472.000000 1.045404
473.000000 1.045404
474.000000 1.045404
475.000000 1.045404
476.000000 1.045404
477.000000 1.045404
478.000000 1.045404
479.000000 1.045404
480.000000 1.045404
481.000000 1.045404
482.000000 1.045404
483.000000 1.045404
484.000000 1.045404
485.000000 1.045404
486.000000 1.045404
487.000000 1.045404
488.000000 1.045404
489.000000 1.045404
490.000000 1.045404
491.000000 1.045404
492.000000 1.045404
493.000000 1.045404
494.000000 1.045404
495.000000 1.045404
496.000000 1.045404
497.000000 1.045404
498.000000 1.045404
499.000000 1.045404
500.000000 1.045404
