1.000000 0.000000
2.000000 0.000000
3.000000 0.000000
4.000000 0.000000
5.000000 0.000000
6.000000 0.000000
7.000000 0.000000
8.000000 0.000000
9.000000 0.000000
10.000000 0.000000
11.000000 0.000000
12.000000 0.000000
13.000000 0.000000
14.000000 0.000000
15.000000 0.000000
16.000000 0.000000
17.000000 0.000000
18.000000 0.000000
19.000000 0.063105
20.000000 0.114004
21.000000 0.128507
22.000000 0.139261
23.000000 0.154380
24.000000 0.167205
25.000000 0.180888
26.000000 0.191317
27.000000 0.205500
28.000000 0.219582
29.000000 0.234154
30.000000 0.248791
31.000000 0.263603
32.000000 0.278130
33.000000 0.292615
34.000000 0.307042
35.000000 0.321388
36.000000 0.335632
37.000000 0.349751
38.000000 0.363747
39.000000 0.377592
40.000000 0.391276
41.000000 0.404783
42.000000 0.418103
43.000000 0.431224
44.000000 0.444138
45.000000 0.456837
46.000000 0.469315
47.000000 0.481564
48.000000 0.493582
49.000000 0.505362
50.000000 0.516901
51.000000 0.528197
52.000000 0.539247
53.000000 0.550050
54.000000 0.560605
55.000000 0.570910
56.000000 0.580967
57.000000 0.590775
58.000000 0.600335
59.000000 0.609648
60.000000 0.618716
61.000000 0.627540
62.000000 0.636123
63.000000 0.644467
64.000000 0.652574
65.000000 0.660448
66.000000 0.668090
67.000000 0.675505
68.000000 0.682696
69.000000 0.689665
70.000000 0.696417
71.000000 0.702955
72.000000 0.709283
73.000000 0.715404
74.000000 0.721322
75.000000 0.727042
76.000000 0.732566
77.000000 0.737900
78.000000 0.743046
79.000000 0.748010
80.000000 0.752794
81.000000 0.757403
82.000000 0.761840
83.000000 0.766110
84.000000 0.770217
85.000000 0.774164
86.000000 0.777955
87.000000 0.781593
88.000000 0.785084
89.000000 0.788430
90.000000 0.791635
91.000000 0.794702
92.000000 0.797635
93.000000 0.800438
94.000000 0.803114
95.000000 0.805666
96.000000 0.808098
97.000000 0.810412
98.000000 0.812613
99.000000 0.814703
100.000000 0.816685
101.000000 0.818562
102.000000 0.820337
103.000000 0.822013
104.000000 0.823593
105.000000 0.825079
106.000000 0.826474
107.000000 0.827780
108.000000 0.829001
109.000000 0.830139
110.000000 0.831195
111.000000 0.832173
112.000000 0.833075
113.000000 0.833902
114.000000 0.834657
115.000000 0.835342
116.000000 0.835960
117.000000 0.836511
118.000000 0.836999
119.000000 0.837424
120.000000 0.837789
121.000000 0.838095
122.000000 0.838344
123.000000 0.838539
124.000000 0.838679
125.000000 0.838767
126.000000 0.838805
127.000000 0.838794
128.000000 0.838735
129.000000 0.838629
130.000000 0.838478
131.000000 0.838284
132.000000 0.838047
133.000000 0.837768
134.000000 0.837450
135.000000 0.837092
136.000000 0.836696
137.000000 0.836263
138.000000 0.835794
139.000000 0.835290
140.000000 0.834752
141.000000 0.834180
142.000000 0.833577
143.000000 0.832941
144.000000 0.832275
145.000000 0.831579
146.000000 0.830854
147.000000 0.830100
148.000000 0.829318
149.000000 0.828509
150.000000 0.827673
151.000000 0.826812
152.000000 0.825925
153.000000 0.825013
154.000000 0.824077
155.000000 0.823117
156.000000 0.822134
157.000000 0.821128
158.000000 0.820100
159.000000 0.819050
160.000000 0.817978
161.000000 0.816885
162.000000 0.815771
163.000000 0.814637
164.000000 0.813483
165.000000 0.812309
166.000000 0.811116
167.000000 0.809904
168.000000 0.808673
169.000000 0.807423
170.000000 0.806155
171.000000 0.804869
172.000000 0.803565
173.000000 0.802243
174.000000 0.800904
175.000000 0.799548
176.000000 0.798174
177.000000 0.796784
178.000000 0.795377
179.000000 0.793953
180.000000 0.792513
181.000000 0.791057
182.000000 0.789584
183.000000 0.788095
184.000000 0.786590
185.000000 0.785069
186.000000 0.783533
187.000000 0.781981
188.000000 0.780413
189.000000 0.778829
190.000000 0.777230
191.000000 0.775615
192.000000 0.773985
193.000000 0.772339
194.000000 0.770678
195.000000 0.769002
196.000000 0.767310
197.000000 0.765602
198.000000 0.763880
199.000000 0.762142
200.000000 0.760389
201.000000 0.758620
202.000000 0.756836
203.000000 0.755037
204.000000 0.753222
205.000000 0.751392
206.000000 0.749546
207.000000 0.747685
208.000000 0.745808
209.000000 0.743915
210.000000 0.742007
211.000000 0.740084
212.000000 0.738144
213.000000 0.736189
214.000000 0.734218
215.000000 0.732231
216.000000 0.730228
217.000000 0.728209
218.000000 0.726173
219.000000 0.724122
220.000000 0.722054
221.000000 0.719970
222.000000 0.717870
223.000000 0.715753
224.000000 0.713619
225.000000 0.711469
226.000000 0.709302
227.000000 0.707118
228.000000 0.704917
229.000000 0.702699
230.000000 0.700463
231.000000 0.698211
232.000000 0.695941
233.000000 0.693653
234.000000 0.691348
235.000000 0.689026
236.000000 0.686685
237.000000 0.684326
238.000000 0.681950
239.000000 0.679555
240.000000 0.677142
241.000000 0.674710
242.000000 0.672260
243.000000 0.669791
244.000000 0.667304
245.000000 0.664797
246.000000 0.662271
247.000000 0.659727
248.000000 0.657163
249.000000 0.654579
250.000000 0.651976
251.000000 0.649353
252.000000 0.646710
253.000000 0.644047
254.000000 0.641364
255.000000 0.638661
256.000000 0.635937
257.000000 0.633192
258.000000 0.630427
259.000000 0.627641
260.000000 0.624834
261.000000 0.622005
262.000000 0.619156
263.000000 0.616284
264.000000 0.613391
265.000000 0.610477
266.000000 0.607540
267.000000 0.604581
268.000000 0.601600
269.000000 0.598596
270.000000 0.595569
271.000000 0.592520
272.000000 0.589448
273.000000 0.586352
274.000000 0.583233
275.000000 0.580091
276.000000 0.576925
277.000000 0.573735
278.000000 0.570521
279.000000 0.567283
280.000000 0.564020
281.000000 0.560733
282.000000 0.557421
283.000000 0.554084
284.000000 0.550722
285.000000 0.547335
286.000000 0.543922
287.000000 0.540483
288.000000 0.537018
289.000000 0.533528
290.000000 0.530011
291.000000 0.526467
292.000000 0.522897
293.000000 0.519300
294.000000 0.515676
295.000000 0.512024
296.000000 0.508345
297.000000 0.504638
298.000000 0.500904
299.000000 0.497141
300.000000 0.493350
301.000000 0.489530
302.000000 0.485681
303.000000 0.481804
304.000000 0.477897
305.000000 0.473961
306.000000 0.469995
307.000000 0.465999
308.000000 0.461973
309.000000 0.457917
310.000000 0.453830
311.000000 0.449713
312.000000 0.445564
313.000000 0.441384
314.000000 0.437173
315.000000 0.432930
316.000000 0.428655
317.000000 0.424348
318.000000 0.420008
319.000000 0.415636
320.000000 0.411230
321.000000 0.406792
322.000000 0.402320
323.000000 0.397814
324.000000 0.393274
325.000000 0.388700
326.000000 0.384092
327.000000 0.379449
328.000000 0.374771
329.000000 0.370057
330.000000 0.365308
331.000000 0.360524
332.000000 0.355703
333.000000 0.350846
334.000000 0.345952
335.000000 0.341022
336.000000 0.336054
337.000000 0.331049
338.000000 0.326006
339.000000 0.320925
340.000000 0.315806
341.000000 0.310648
342.000000 0.305452
343.000000 0.300216
344.000000 0.294941
345.000000 0.289626
346.000000 0.284271
347.000000 0.278875
348.000000 0.273439
349.000000 0.267962
350.000000 0.262444
351.000000 0.256884
352.000000 0.251282
353.000000 0.245638
354.000000 0.239951
355.000000 0.234222
356.000000 0.228449
357.000000 0.222633
358.000000 0.216773
359.000000 0.210869
360.000000 0.204920
361.000000 0.198926
362.000000 0.192888
363.000000 0.186803
364.000000 0.180673
365.000000 0.174497
366.000000 0.168274
367.000000 0.162004
368.000000 0.155687
369.000000 0.149323
370.000000 0.142910
371.000000 0.136449
372.000000 0.129940
373.000000 0.123381
374.000000 0.116773
375.000000 0.110115
376.000000 0.103407
377.000000 0.096648
378.000000 0.089838
379.000000 0.082977
380.000000 0.076065
381.000000 0.069100
382.000000 0.062082
383.000000 0.055012
384.000000 0.047889
385.000000 0.040711
386.000000 0.033480
387.000000 0.026194
388.000000 0.018854
389.000000 0.011458
390.000000 0.004006
391.000000 -0.003502
392.000000 -0.011067
393.000000 -0.018688
394.000000 -0.026368
395.000000 -0.034104
396.000000 -0.041900
397.000000 -0.049754
398.000000 -0.057667
399.000000 -0.065640
400.000000 -0.073673
401.000000 -0.081766
402.000000 -0.089921
403.000000 -0.098137
404.000000 -0.106415
405.000000 0.011454
406.000000 -0.005352
407.000000 -0.002265
408.000000 -0.006860
409.000000 -0.002901
410.000000 -0.003697
411.000000 0.001923
412.000000 0.009231
413.000000 0.015768
414.000000 0.022501
415.000000 0.029814
416.000000 0.038020
417.000000 0.046077
418.000000 0.054598
419.000000 0.063342
420.000000 0.072397
421.000000 0.081617
422.000000 0.091065
423.000000 0.100659
424.000000 0.110374
425.000000 0.120175
426.000000 0.130045
427.000000 0.139958
428.000000 0.149892
429.000000 0.159827
430.000000 0.169745
431.000000 0.179629
432.000000 0.189465
433.000000 0.199238
434.000000 0.208935
435.000000 0.218546
436.000000 0.228060
437.000000 0.237468
438.000000 0.246761
439.000000 0.255932
440.000000 0.264975
441.000000 0.273884
442.000000 0.282654
443.000000 0.291281
444.000000 0.299762
445.000000 0.308093
446.000000 0.316272
447.000000 0.324297
448.000000 0.332167
449.000000 0.339880
450.000000 0.347437
451.000000 0.354836
452.000000 0.362078
453.000000 0.369164
454.000000 0.376094
455.000000 0.382869
456.000000 0.389489
457.000000 0.395958
458.000000 0.402276
459.000000 0.408444
460.000000 0.414465
461.000000 0.420342
462.000000 0.426075
463.000000 0.431668
464.000000 0.437122
465.000000 0.442440
466.000000 0.447626
467.000000 0.452680
468.000000 0.457606
469.000000 0.462407
470.000000 0.467085
471.000000 0.471643
472.000000 0.476084
473.000000 0.480410
474.000000 0.484624
475.000000 0.488730
476.000000 0.492729
477.000000 0.496624
478.000000 0.500419
479.000000 0.504116
480.000000 0.507717
481.000000 0.511225
482.000000 0.514643
483.000000 0.517973
484.000000 0.521219
485.000000 0.524381
486.000000 0.527464
487.000000 0.530469
488.000000 0.533399
489.000000 0.536256
490.000000 0.539042
491.000000 0.541760
492.000000 0.544412
493.000000 0.547000
494.000000 0.549526
495.000000 0.551993
496.000000 0.554402
497.000000 0.556755
498.000000 0.559055
499.000000 0.561303
500.000000 0.563501
501.000000 0.565651
502.000000 0.567754
503.000000 0.569813
504.000000 0.571829
505.000000 0.573804
506.000000 0.575739
507.000000 0.577637
508.000000 0.579497
509.000000 0.581323
510.000000 0.583114
511.000000 0.584874
512.000000 0.586603
513.000000 0.588302
514.000000 0.589972
515.000000 0.591616
516.000000 0.593234
517.000000 0.594827
518.000000 0.596397
519.000000 0.597944
520.000000 0.599471
521.000000 0.600976
522.000000 0.602463
523.000000 0.603931
524.000000 0.605382
525.000000 0.606817
526.000000 0.608236
527.000000 0.609640
528.000000 0.611031
529.000000 0.612408
530.000000 0.613774
531.000000 0.615128
532.000000 0.616472
533.000000 0.617805
534.000000 0.619129
535.000000 0.620445
536.000000 0.621753
537.000000 0.623054
538.000000 0.624348
539.000000 0.625636
540.000000 0.626918
541.000000 0.628196
542.000000 0.629469
543.000000 0.630739
544.000000 0.632005
545.000000 0.633268
546.000000 0.634529
547.000000 0.635788
548.000000 0.637046
549.000000 0.638303
550.000000 0.639559
551.000000 0.640815
552.000000 0.642071
553.000000 0.643328
554.000000 0.644586
555.000000 0.645845
556.000000 0.647106
557.000000 0.648369
558.000000 0.649634
559.000000 0.650902
560.000000 0.652173
561.000000 0.653447
562.000000 0.654725
563.000000 0.656007
564.000000 0.657293
565.000000 0.658583
566.000000 0.659879
567.000000 0.661179
568.000000 0.662484
569.000000 0.663795
570.000000 0.665111
571.000000 0.666433
572.000000 0.667762
573.000000 0.669097
574.000000 0.670438
575.000000 0.671786
576.000000 0.673141
577.000000 0.674504
578.000000 0.675873
579.000000 0.677250
580.000000 0.678635
581.000000 0.680028
582.000000 0.681429
583.000000 0.682838
584.000000 0.684256
585.000000 0.685682
586.000000 0.687117
587.000000 0.688561
588.000000 0.690014
589.000000 0.691476
590.000000 0.692948
591.000000 0.694429
592.000000 0.695920
593.000000 0.697421
594.000000 0.698931
595.000000 0.700452
596.000000 0.701983
597.000000 0.703524
598.000000 0.705076
599.000000 0.706639
600.000000 0.708212
601.000000 0.709796
602.000000 0.711392
603.000000 0.712998
604.000000 0.714616
605.000000 0.716245
606.000000 0.717886
607.000000 0.719539
608.000000 0.721203
609.000000 0.722879
610.000000 0.724568
611.000000 0.726268
612.000000 0.727981
613.000000 0.729706
614.000000 0.731444
615.000000 0.733194
616.000000 0.734957
617.000000 0.736733
618.000000 0.738523
619.000000 0.740325
620.000000 0.742140
621.000000 0.743969
622.000000 0.745811
623.000000 0.747667
624.000000 0.749537
625.000000 0.751421
626.000000 0.753318
627.000000 0.755230
628.000000 0.757156
629.000000 0.759096
630.000000 0.761050
631.000000 0.763020
632.000000 0.765003
633.000000 0.767002
634.000000 0.769016
635.000000 0.771044
636.000000 0.773088
637.000000 0.775147
638.000000 0.777222
639.000000 0.779312
640.000000 0.781418
641.000000 0.783539
642.000000 0.785677
643.000000 0.787830
644.000000 0.790000
645.000000 0.792186
646.000000 0.794388
647.000000 0.796607
648.000000 0.798843
649.000000 0.801095
650.000000 0.803364
651.000000 0.805651
652.000000 0.807954
653.000000 0.810275
654.000000 0.812614
655.000000 0.814970
656.000000 0.817344
657.000000 0.819735
658.000000 0.822145
659.000000 0.824573
660.000000 0.827019
661.000000 0.829484
662.000000 0.831967
663.000000 0.834469
664.000000 0.836989
665.000000 0.839529
666.000000 0.842088
667.000000 0.844666
668.000000 0.847263
669.000000 0.849881
670.000000 0.852517
671.000000 0.855174
672.000000 0.857851
673.000000 0.860548
674.000000 0.863265
675.000000 0.866003
676.000000 0.868761
677.000000 0.871541
678.000000 0.874341
679.000000 0.877162
680.000000 0.880005
681.000000 0.882869
682.000000 0.885754
683.000000 0.888662
684.000000 0.891591
685.000000 0.894542
686.000000 0.897516
687.000000 0.900512
688.000000 0.903531
689.000000 0.906572
690.000000 0.909637
691.000000 0.912724
692.000000 0.915835
693.000000 0.918969
694.000000 0.922127
695.000000 0.925309
696.000000 0.928514
697.000000 0.931744
698.000000 0.934998
699.000000 0.938277
700.000000 0.941581
701.000000 0.944909
702.000000 0.948262
703.000000 0.951641
704.000000 0.955045
705.000000 0.958475
706.000000 0.961931
707.000000 0.965413
708.000000 0.968921
709.000000 0.972455
710.000000 0.976017
711.000000 0.979605
712.000000 0.983220
713.000000 0.986862
714.000000 0.990532
715.000000 0.994229
716.000000 0.997955
717.000000 1.001708
718.000000 1.005490
719.000000 1.009300
720.000000 1.013139
721.000000 1.017007
722.000000 1.020904
723.000000 1.024831
724.000000 1.028787
725.000000 1.032773
726.000000 1.036789
727.000000 1.040835
728.000000 1.044912
729.000000 1.049019
730.000000 1.053158
731.000000 1.057327
732.000000 1.061528
733.000000 1.065761
734.000000 1.070026
735.000000 1.074323
736.000000 1.078652
737.000000 1.083014
738.000000 1.087409
739.000000 1.091836
740.000000 1.096298
741.000000 1.100793
742.000000 1.105321
743.000000 1.109884
744.000000 1.114482
745.000000 1.119114
746.000000 1.123780
747.000000 1.128483
748.000000 1.133220
749.000000 1.137993
750.000000 1.142803
751.000000 1.147648
752.000000 1.152530
753.000000 1.157449
754.000000 1.162405
755.000000 1.167398
756.000000 1.172429
757.000000 1.177498
758.000000 1.182605
759.000000 1.187750
760.000000 1.192935
761.000000 1.198158
762.000000 1.203421
763.000000 1.208723
764.000000 1.214066
765.000000 1.219448
766.000000 1.224872
767.000000 1.230336
768.000000 1.235841
769.000000 1.241388
770.000000 1.246977
771.000000 1.252608
772.000000 1.258281
773.000000 1.263997
774.000000 1.269756
775.000000 1.275558
776.000000 1.281405
777.000000 1.287295
778.000000 1.293230
779.000000 1.299209
780.000000 1.305234
781.000000 1.311304
782.000000 1.317420
783.000000 1.323581
784.000000 1.329790
785.000000 1.336045
786.000000 1.342347
787.000000 1.348697
788.000000 1.355094
789.000000 1.361540
790.000000 1.368034
791.000000 1.374578
792.000000 1.381171
793.000000 1.387813
794.000000 1.394505
795.000000 1.401248
796.000000 1.408042
797.000000 1.414887
798.000000 1.421784
799.000000 1.428732
800.000000 1.435733
801.000000 1.442787
802.000000 1.449894
803.000000 1.457054
804.000000 1.464269
805.000000 1.376880
806.000000 1.396016
807.000000 1.395602
808.000000 1.400964
809.000000 1.399923
810.000000 1.402462
811.000000 1.399958
812.000000 1.395784
813.000000 1.392606
814.000000 1.389266
815.000000 1.385516
816.000000 1.381062
817.000000 1.376751
818.000000 1.372044
819.000000 1.367160
820.000000 1.362027
821.000000 1.356758
822.000000 1.351301
823.000000 1.345721
824.000000 1.340037
825.000000 1.334274
826.000000 1.328445
827.000000 1.322568
828.000000 1.316663
829.000000 1.310741
830.000000 1.304818
831.000000 1.298905
832.000000 1.293015
833.000000 1.287158
834.000000 1.281343
835.000000 1.275580
836.000000 1.269876
837.000000 1.264238
838.000000 1.258673
839.000000 1.253186
840.000000 1.247783
841.000000 1.242468
842.000000 1.237246
843.000000 1.232118
844.000000 1.227089
845.000000 1.222161
846.000000 1.217337
847.000000 1.212617
848.000000 1.208003
849.000000 1.203497
850.000000 1.199099
851.000000 1.194809
852.000000 1.190628
853.000000 1.186557
854.000000 1.182594
855.000000 1.178740
856.000000 1.174993
857.000000 1.171354
858.000000 1.167820
859.000000 1.164392
860.000000 1.161069
861.000000 1.157848
862.000000 1.154729
863.000000 1.151711
864.000000 1.148791
865.000000 1.145969
866.000000 1.143242
867.000000 1.140610
868.000000 1.138070
869.000000 1.135621
870.000000 1.133261
871.000000 1.130989
872.000000 1.128802
873.000000 1.126699
874.000000 1.124678
875.000000 1.122737
876.000000 1.120875
877.000000 1.119090
878.000000 1.117380
879.000000 1.115743
880.000000 1.114177
881.000000 1.112682
882.000000 1.111254
883.000000 1.109893
884.000000 1.108596
885.000000 1.107363
886.000000 1.106191
887.000000 1.105079
888.000000 1.104025
889.000000 1.103028
890.000000 1.102086
891.000000 1.101199
892.000000 1.100363
893.000000 1.099579
894.000000 1.098844
895.000000 1.098157
896.000000 1.097517
897.000000 1.096922
898.000000 1.096372
899.000000 1.095865
900.000000 1.095400
901.000000 1.094975
902.000000 1.094590
903.000000 1.094243
904.000000 1.093933
905.000000 1.093660
906.000000 1.093422
907.000000 1.093218
908.000000 1.093048
909.000000 1.092910
910.000000 1.092803
911.000000 1.092726
912.000000 1.092680
913.000000 1.092662
914.000000 1.092672
915.000000 1.092709
916.000000 1.092772
917.000000 1.092862
918.000000 1.092976
919.000000 1.093114
920.000000 1.093277
921.000000 1.093462
922.000000 1.093669
923.000000 1.093898
924.000000 1.094149
925.000000 1.094420
926.000000 1.094711
927.000000 1.095021
928.000000 1.095351
929.000000 1.095699
930.000000 1.096065
931.000000 1.096449
932.000000 1.096850
933.000000 1.097267
934.000000 1.097701
935.000000 1.098152
936.000000 1.098617
937.000000 1.099098
938.000000 1.099594
939.000000 1.100104
940.000000 1.100628
941.000000 1.101167
942.000000 1.101719
943.000000 1.102284
944.000000 1.102863
945.000000 1.103454
946.000000 1.104058
947.000000 1.104675
948.000000 1.105303
949.000000 1.105944
950.000000 1.106596
951.000000 1.107259
952.000000 1.107934
953.000000 1.108620
954.000000 1.109317
955.000000 1.110025
956.000000 1.110744
957.000000 1.111473
958.000000 1.112212
959.000000 1.112962
960.000000 1.113722
961.000000 1.114492
962.000000 1.115272
963.000000 1.116062
964.000000 1.116861
965.000000 1.117670
966.000000 1.118489
967.000000 1.119317
968.000000 1.120154
969.000000 1.121001
970.000000 1.121857
971.000000 1.122722
972.000000 1.123596
973.000000 1.124480
974.000000 1.125372
975.000000 1.126274
976.000000 1.127184
977.000000 1.128104
978.000000 1.129032
979.000000 1.129970
980.000000 1.130916
981.000000 1.131871
982.000000 1.132835
983.000000 1.133808
984.000000 1.134789
985.000000 1.135780
986.000000 1.136779
987.000000 1.137787
988.000000 1.138804
989.000000 1.139830
990.000000 1.140865
991.000000 1.141908
992.000000 1.142960
993.000000 1.144022
994.000000 1.145092
995.000000 1.146171
996.000000 1.147259
997.000000 1.148356
998.000000 1.149463
999.000000 1.150578
1000.000000 1.151702
1001.000000 1.152835
1002.000000 1.153978
1003.000000 1.155130
1004.000000 1.156291
1005.000000 1.157461
1006.000000 1.158641
1007.000000 1.159830
1008.000000 1.161028
1009.000000 1.162236
1010.000000 1.163453
1011.000000 1.164680
1012.000000 1.165916
1013.000000 1.167162
1014.000000 1.168418
1015.000000 1.169684
1016.000000 1.170959
1017.000000 1.172245
1018.000000 1.173540
1019.000000 1.174845
1020.000000 1.176161
1021.000000 1.177486
1022.000000 1.178822
1023.000000 1.180168
1024.000000 1.181524
1025.000000 1.182890
1026.000000 1.184267
1027.000000 1.185655
1028.000000 1.187053
1029.000000 1.188462
1030.000000 1.189882
1031.000000 1.191312
1032.000000 1.192754
1033.000000 1.194206
1034.000000 1.195669
1035.000000 1.197144
1036.000000 1.198629
1037.000000 1.200126
1038.000000 1.201635
1039.000000 1.203154
1040.000000 1.204685
1041.000000 1.206228
1042.000000 1.207783
1043.000000 1.209349
1044.000000 1.210927
1045.000000 1.212517
1046.000000 1.214119
1047.000000 1.215734
1048.000000 1.217360
1049.000000 1.218999
1050.000000 1.220650
1051.000000 1.222313
1052.000000 1.223989
1053.000000 1.225678
1054.000000 1.227380
1055.000000 1.229094
1056.000000 1.230821
1057.000000 1.232562
1058.000000 1.234315
1059.000000 1.236082
1060.000000 1.237862
1061.000000 1.239655
1062.000000 1.241462
1063.000000 1.243283
1064.000000 1.245117
1065.000000 1.246965
1066.000000 1.248827
1067.000000 1.250703
1068.000000 1.252594
1069.000000 1.254498
1070.000000 1.256417
1071.000000 1.258350
1072.000000 1.260298
1073.000000 1.262261
1074.000000 1.264238
1075.000000 1.266230
1076.000000 1.268238
1077.000000 1.270260
1078.000000 1.272298
1079.000000 1.274351
1080.000000 1.276419
1081.000000 1.278503
1082.000000 1.280603
1083.000000 1.282718
1084.000000 1.284850
1085.000000 1.286998
1086.000000 1.289161
1087.000000 1.291341
1088.000000 1.293538
1089.000000 1.295751
1090.000000 1.297981
1091.000000 1.300227
1092.000000 1.302491
1093.000000 1.304771
1094.000000 1.307069
1095.000000 1.309384
1096.000000 1.311716
1097.000000 1.314066
1098.000000 1.316434
1099.000000 1.318820
1100.000000 1.321223
1101.000000 1.323645
1102.000000 1.326085
1103.000000 1.328543
1104.000000 1.331020
1105.000000 1.333515
1106.000000 1.336030
1107.000000 1.338563
1108.000000 1.341115
1109.000000 1.343687
1110.000000 1.346278
1111.000000 1.348888
1112.000000 1.351518
1113.000000 1.354168
1114.000000 1.356838
1115.000000 1.359528
1116.000000 1.362239
1117.000000 1.364969
1118.000000 1.367721
1119.000000 1.370493
1120.000000 1.373286
1121.000000 1.376100
1122.000000 1.378935
1123.000000 1.381792
1124.000000 1.384670
1125.000000 1.387570
1126.000000 1.390491
1127.000000 1.393435
1128.000000 1.396401
1129.000000 1.399389
1130.000000 1.402400
1131.000000 1.405433
1132.000000 1.408490
1133.000000 1.411569
1134.000000 1.414671
1135.000000 1.417797
1136.000000 1.420947
1137.000000 1.424120
1138.000000 1.427317
1139.000000 1.430539
1140.000000 1.433784
1141.000000 1.437054
1142.000000 1.440349
1143.000000 1.443668
1144.000000 1.447013
1145.000000 1.450382
1146.000000 1.453778
1147.000000 1.457198
1148.000000 1.460645
1149.000000 1.464117
1150.000000 1.467616
1151.000000 1.471141
1152.000000 1.474692
1153.000000 1.478271
1154.000000 1.481876
1155.000000 1.485509
1156.000000 1.489169
1157.000000 1.492856
1158.000000 1.496571
1159.000000 1.500315
1160.000000 1.504086
1161.000000 1.507886
1162.000000 1.511714
1163.000000 1.515572
1164.000000 1.519458
1165.000000 1.523374
1166.000000 1.527319
1167.000000 1.531295
1168.000000 1.535300
1169.000000 1.539335
1170.000000 1.543400
1171.000000 1.547497
1172.000000 1.551624
1173.000000 1.555782
1174.000000 1.559972
1175.000000 1.564193
1176.000000 1.568446
1177.000000 1.572731
1178.000000 1.577048
1179.000000 1.581398
1180.000000 1.585781
1181.000000 1.590196
1182.000000 1.594645
1183.000000 1.599128
1184.000000 1.603644
1185.000000 1.608195
1186.000000 1.612779
1187.000000 1.617399
1188.000000 1.622053
1189.000000 1.626742
1190.000000 1.631466
1191.000000 1.636227
1192.000000 1.641022
1193.000000 1.645855
1194.000000 1.650723
1195.000000 1.655628
1196.000000 1.660571
1197.000000 1.665550
1198.000000 1.670567
1199.000000 1.675622
1200.000000 1.680715
1201.000000 1.685846
1202.000000 1.691016
1203.000000 1.696225
1204.000000 1.701474
1205.000000 1.643657
1206.000000 1.664206
1207.000000 1.665542
1208.000000 1.670740
1209.000000 1.671681
1210.000000 1.675018
1211.000000 1.674679
1212.000000 1.672679
1213.000000 1.671895
1214.000000 1.670975
1215.000000 1.669807
1216.000000 1.668119
1217.000000 1.666558
1218.000000 1.664663
1219.000000 1.662629
1220.000000 1.660399
1221.000000 1.658056
1222.000000 1.655558
1223.000000 1.652950
1224.000000 1.650247
1225.000000 1.647465
1226.000000 1.644612
1227.000000 1.641700
1228.000000 1.638741
1229.000000 1.635744
1230.000000 1.632718
1231.000000 1.629672
1232.000000 1.626614
1233.000000 1.623550
1234.000000 1.620487
1235.000000 1.617432
1236.000000 1.614390
1237.000000 1.611365
1238.000000 1.608363
1239.000000 1.605387
1240.000000 1.602441
1241.000000 1.599528
1242.000000 1.596652
1243.000000 1.593814
1244.000000 1.591018
1245.000000 1.588265
1246.000000 1.585557
1247.000000 1.582896
1248.000000 1.580282
1249.000000 1.577717
1250.000000 1.575203
1251.000000 1.572738
1252.000000 1.570325
1253.000000 1.567963
1254.000000 1.565653
1255.000000 1.563395
1256.000000 1.561189
1257.000000 1.559035
1258.000000 1.556932
1259.000000 1.554881
1260.000000 1.552880
1261.000000 1.550930
1262.000000 1.549030
1263.000000 1.547180
1264.000000 1.545378
1265.000000 1.543625
1266.000000 1.541919
1267.000000 1.540260
1268.000000 1.538647
1269.000000 1.537079
1270.000000 1.535556
1271.000000 1.534076
1272.000000 1.532639
1273.000000 1.531243
1274.000000 1.529889
1275.000000 1.528575
1276.000000 1.527300
1277.000000 1.526063
1278.000000 1.524863
1279.000000 1.523701
1280.000000 1.522573
1281.000000 1.521481
1282.000000 1.520422
1283.000000 1.519396
1284.000000 1.518402
1285.000000 1.517440
1286.000000 1.516508
1287.000000 1.515605
1288.000000 1.514731
1289.000000 1.513885
1290.000000 1.513066
1291.000000 1.512274
1292.000000 1.511507
1293.000000 1.510764
1294.000000 1.510046
1295.000000 1.509351
1296.000000 1.508679
1297.000000 1.508029
1298.000000 1.507399
1299.000000 1.506791
1300.000000 1.506202
1301.000000 1.505632
1302.000000 1.505081
1303.000000 1.504548
1304.000000 1.504032
1305.000000 1.503533
1306.000000 1.503051
1307.000000 1.502584
1308.000000 1.502132
1309.000000 1.501695
1310.000000 1.501272
1311.000000 1.500863
1312.000000 1.500467
1313.000000 1.500083
1314.000000 1.499712
1315.000000 1.499352
1316.000000 1.499004
1317.000000 1.498667
1318.000000 1.498341
1319.000000 1.498024
1320.000000 1.497717
1321.000000 1.497420
1322.000000 1.497132
1323.000000 1.496852
1324.000000 1.496581
1325.000000 1.496318
1326.000000 1.496063
1327.000000 1.495815
1328.000000 1.495574
1329.000000 1.495340
1330.000000 1.495113
1331.000000 1.494891
1332.000000 1.494676
1333.000000 1.494467
1334.000000 1.494263
1335.000000 1.494065
1336.000000 1.493872
1337.000000 1.493683
1338.000000 1.493500
1339.000000 1.493320
1340.000000 1.493145
1341.000000 1.492974
1342.000000 1.492807
1343.000000 1.492644
1344.000000 1.492484
1345.000000 1.492328
1346.000000 1.492174
1347.000000 1.492024
1348.000000 1.491877
1349.000000 1.491733
1350.000000 1.491591
1351.000000 1.491451
1352.000000 1.491314
1353.000000 1.491180
1354.000000 1.491047
1355.000000 1.490917
1356.000000 1.490788
1357.000000 1.490661
1358.000000 1.490536
1359.000000 1.490413
1360.000000 1.490291
1361.000000 1.490170
1362.000000 1.490051
1363.000000 1.489933
1364.000000 1.489816
1365.000000 1.489700
1366.000000 1.489585
1367.000000 1.489471
1368.000000 1.489358
1369.000000 1.489246
1370.000000 1.489134
1371.000000 1.489023
1372.000000 1.488913
1373.000000 1.488803
1374.000000 1.488694
1375.000000 1.488585
1376.000000 1.488476
1377.000000 1.488368
1378.000000 1.488260
1379.000000 1.488152
1380.000000 1.488045
1381.000000 1.487937
1382.000000 1.487830
1383.000000 1.487723
1384.000000 1.487615
1385.000000 1.487508
1386.000000 1.487401
1387.000000 1.487293
1388.000000 1.487185
1389.000000 1.487078
1390.000000 1.486970
1391.000000 1.486861
1392.000000 1.486753
1393.000000 1.486644
1394.000000 1.486535
1395.000000 1.486426
1396.000000 1.486316
1397.000000 1.486205
1398.000000 1.486095
1399.000000 1.485984
1400.000000 1.485872
1401.000000 1.485760
1402.000000 1.485648
1403.000000 1.485534
1404.000000 1.485421
1405.000000 1.485307
1406.000000 1.485192
1407.000000 1.485076
1408.000000 1.484960
1409.000000 1.484844
1410.000000 1.484726
1411.000000 1.484608
1412.000000 1.484490
1413.000000 1.484370
1414.000000 1.484250
1415.000000 1.484129
1416.000000 1.484007
1417.000000 1.483885
1418.000000 1.483762
1419.000000 1.483638
1420.000000 1.483513
1421.000000 1.483387
1422.000000 1.483261
1423.000000 1.483133
1424.000000 1.483005
1425.000000 1.482876
1426.000000 1.482746
1427.000000 1.482615
1428.000000 1.482484
1429.000000 1.482351
1430.000000 1.482217
1431.000000 1.482083
1432.000000 1.481947
1433.000000 1.481811
1434.000000 1.481673
1435.000000 1.481535
1436.000000 1.481395
1437.000000 1.481255
1438.000000 1.481113
1439.000000 1.480971
1440.000000 1.480827
1441.000000 1.480683
1442.000000 1.480537
1443.000000 1.480390
1444.000000 1.480242
1445.000000 1.480094
1446.000000 1.479944
1447.000000 1.479792
1448.000000 1.479640
1449.000000 1.479487
1450.000000 1.479332
1451.000000 1.479177
1452.000000 1.479020
1453.000000 1.478862
1454.000000 1.478703
1455.000000 1.478542
1456.000000 1.478381
1457.000000 1.478218
1458.000000 1.478054
1459.000000 1.477889
1460.000000 1.477722
1461.000000 1.477554
1462.000000 1.477385
1463.000000 1.477215
1464.000000 1.477044
1465.000000 1.476871
1466.000000 1.476697
1467.000000 1.476521
1468.000000 1.476344
1469.000000 1.476166
1470.000000 1.475987
1471.000000 1.475806
1472.000000 1.475624
1473.000000 1.475440
1474.000000 1.475255
1475.000000 1.475069
1476.000000 1.474881
1477.000000 1.474692
1478.000000 1.474502
1479.000000 1.474310
1480.000000 1.474116
1481.000000 1.473921
1482.000000 1.473725
1483.000000 1.473527
1484.000000 1.473328
1485.000000 1.473127
1486.000000 1.472924
1487.000000 1.472720
1488.000000 1.472515
1489.000000 1.472308
1490.000000 1.472099
1491.000000 1.471889
1492.000000 1.471677
1493.000000 1.471464
1494.000000 1.471249
1495.000000 1.471032
1496.000000 1.470814
1497.000000 1.470594
1498.000000 1.470373
1499.000000 1.470150
1500.000000 1.469925
1501.000000 1.469698
1502.000000 1.469470
1503.000000 1.469240
1504.000000 1.469008
1505.000000 1.468775
1506.000000 1.468539
1507.000000 1.468302
1508.000000 1.468063
1509.000000 1.467823
1510.000000 1.467580
1511.000000 1.467336
1512.000000 1.467090
1513.000000 1.466842
1514.000000 1.466592
1515.000000 1.466340
1516.000000 1.466087
1517.000000 1.465831
1518.000000 1.465573
1519.000000 1.465314
1520.000000 1.465053
1521.000000 1.464789
1522.000000 1.464524
1523.000000 1.464257
1524.000000 1.463987
1525.000000 1.463716
1526.000000 1.463442
1527.000000 1.463167
1528.000000 1.462889
1529.000000 1.462610
1530.000000 1.462328
1531.000000 1.462044
1532.000000 1.461758
1533.000000 1.461469
1534.000000 1.461179
1535.000000 1.460886
1536.000000 1.460592
1537.000000 1.460295
1538.000000 1.459995
1539.000000 1.459694
1540.000000 1.459390
1541.000000 1.459084
1542.000000 1.458776
1543.000000 1.458465
1544.000000 1.458152
1545.000000 1.457836
1546.000000 1.457519
1547.000000 1.457198
1548.000000 1.456876
1549.000000 1.456551
1550.000000 1.456223
1551.000000 1.455893
1552.000000 1.455561
1553.000000 1.455226
1554.000000 1.454888
1555.000000 1.454548
1556.000000 1.454206
1557.000000 1.453860
1558.000000 1.453513
1559.000000 1.453162
1560.000000 1.452809
1561.000000 1.452453
1562.000000 1.452095
1563.000000 1.451734
1564.000000 1.451370
1565.000000 1.451004
1566.000000 1.450634
1567.000000 1.450262
1568.000000 1.449887
1569.000000 1.449510
1570.000000 1.449129
1571.000000 1.448745
1572.000000 1.448359
1573.000000 1.447970
1574.000000 1.447578
1575.000000 1.447182
1576.000000 1.446784
1577.000000 1.446383
1578.000000 1.445979
1579.000000 1.445572
1580.000000 1.445162
1581.000000 1.444748
1582.000000 1.444332
1583.000000 1.443912
1584.000000 1.443489
1585.000000 1.443063
1586.000000 1.442634
1587.000000 1.442202
1588.000000 1.441766
1589.000000 1.441327
1590.000000 1.440885
1591.000000 1.440439
1592.000000 1.439990
1593.000000 1.439538
1594.000000 1.439082
1595.000000 1.438623
1596.000000 1.438160
1597.000000 1.437694
1598.000000 1.437224
1599.000000 1.436751
1600.000000 1.436274
