1.000000 0.000000
2.000000 0.000000
3.000000 0.000000
4.000000 0.000000
5.000000 0.000000
6.000000 0.000000
7.000000 0.000000
8.000000 0.000000
9.000000 -0.000675
10.000000 -0.002694
11.000000 -0.001170
12.000000 0.000626
13.000000 0.004361
14.000000 0.007574
15.000000 0.007203
16.000000 0.014495
17.000000 0.019297
18.000000 0.490790
19.000000 0.628870
20.000000 0.756151
21.000000 0.868979
22.000000 1.397750
23.000000 1.366598
24.000000 1.394929
25.000000 1.111213
26.000000 1.093997
27.000000 1.093356
28.000000 1.085785
29.000000 0.839575
30.000000 0.895252
31.000000 0.860831
32.000000 1.019341
33.000000 1.000424
34.000000 0.971583
35.000000 0.958539
36.000000 1.081904
37.000000 1.046036
38.000000 1.088497
39.000000 1.000166
40.000000 1.021250
41.000000 1.044003
42.000000 1.049003
43.000000 0.973092
44.000000 0.992497
45.000000 0.955581
46.000000 1.009407
47.000000 0.984214
48.000000 0.955646
49.000000 0.939763
50.000000 0.968027
51.000000 0.946397
52.000000 0.962799
53.000000 0.919654
54.000000 0.937313
55.000000 0.959931
56.000000 0.978668
57.000000 0.980518
58.000000 1.005233
59.000000 0.994065
60.000000 1.026420
61.000000 1.026577
62.000000 1.021805
63.000000 1.026157
64.000000 1.037909
65.000000 1.041325
66.000000 1.065440
67.000000 1.057913
68.000000 1.059016
69.000000 1.060445
70.000000 1.056286
71.000000 1.052600
72.000000 1.046147
73.000000 1.026238
74.000000 1.033805
75.000000 1.028358
76.000000 1.023009
77.000000 1.023688
78.000000 1.018329
79.000000 1.018277
80.000000 1.025752
81.000000 1.017364
82.000000 1.015192
83.000000 1.009841
84.000000 1.003443
85.000000 1.008702
86.000000 1.011123
87.000000 1.006784
88.000000 1.009061
89.000000 1.003229
90.000000 1.005577
91.000000 1.003089
92.000000 0.991066
93.000000 0.979083
94.000000 0.974226
95.000000 0.961752
96.000000 0.955904
97.000000 0.944380
98.000000 0.943128
99.000000 0.948469
100.000000 0.950539
101.000000 0.946844
102.000000 0.948381
103.000000 0.947454
104.000000 0.953381
105.000000 0.962520
106.000000 0.969786
107.000000 0.980762
108.000000 0.983711
109.000000 0.984681
110.000000 0.992253
111.000000 0.991124
112.000000 0.991468
113.000000 0.990439
114.000000 0.980487
115.000000 0.975374
116.000000 0.973659
117.000000 0.968217
118.000000 0.968455
119.000000 0.972937
120.000000 0.984588
121.000000 0.999579
122.000000 1.009147
123.000000 1.019508
124.000000 1.028669
125.000000 1.037011
126.000000 1.041393
127.000000 1.035636
128.000000 1.032765
129.000000 1.031806
130.000000 1.029467
131.000000 1.026474
132.000000 1.022622
133.000000 1.016584
134.000000 1.016568
135.000000 1.012652
136.000000 1.008805
137.000000 1.008881
138.000000 1.007266
139.000000 1.005716
140.000000 1.002198
141.000000 0.998729
142.000000 1.005109
143.000000 1.009397
144.000000 1.013388
145.000000 1.018990
146.000000 1.022386
147.000000 1.021471
148.000000 1.020422
149.000000 1.016040
150.000000 1.013343
151.000000 1.014341
152.000000 1.015070
153.000000 1.017791
154.000000 1.018842
155.000000 1.015593
156.000000 1.009572
157.000000 1.000896
158.000000 0.992811
159.000000 0.985153
160.000000 0.975508
161.000000 0.968670
162.000000 0.961830
163.000000 0.950058
164.000000 0.947770
165.000000 0.945029
166.000000 0.943469
167.000000 0.950260
168.000000 0.955998
169.000000 0.954771
170.000000 0.957179
171.000000 0.952652
172.000000 0.950686
173.000000 0.948108
174.000000 0.941931
175.000000 0.944141
176.000000 0.954481
177.000000 0.966118
178.000000 0.980310
179.000000 0.988371
180.000000 0.998616
181.000000 1.013246
182.000000 1.024152
183.000000 1.029953
184.000000 1.029874
185.000000 1.026281
186.000000 1.018428
187.000000 1.011689
188.000000 1.006136
189.000000 1.002434
190.000000 0.997345
191.000000 0.985237
192.000000 0.982289
193.000000 0.982429
194.000000 0.984463
195.000000 0.986987
196.000000 0.979522
197.000000 0.973583
198.000000 0.974494
199.000000 0.971340
200.000000 0.970126
201.000000 0.967449
202.000000 0.963227
203.000000 0.968420
204.000000 0.971388
205.000000 0.964951
206.000000 0.962750
207.000000 0.960877
208.000000 0.959310
209.000000 0.964929
210.000000 0.967075
211.000000 0.966546
212.000000 0.972269
213.000000 0.976650
214.000000 0.983820
215.000000 0.987636
216.000000 0.990938
217.000000 1.000516
218.000000 1.014678
219.000000 1.022544
220.000000 1.034414
221.000000 1.041195
222.000000 1.043222
223.000000 1.045972
224.000000 1.040177
225.000000 1.034621
226.000000 1.028179
227.000000 1.022831
228.000000 1.024037
229.000000 1.022410
230.000000 1.018144
231.000000 1.024296
232.000000 1.026166
233.000000 1.030372
234.000000 1.028939
235.000000 1.019222
236.000000 1.014969
237.000000 1.021316
238.000000 1.019380
239.000000 1.015931
240.000000 1.012342
241.000000 1.012435
242.000000 1.013843
243.000000 1.006520
244.000000 0.996971
245.000000 0.985310
246.000000 0.971794
247.000000 0.960149
248.000000 0.953198
249.000000 0.945091
250.000000 0.944851
251.000000 0.947560
252.000000 0.950020
253.000000 0.957662
254.000000 0.959190
255.000000 0.958707
256.000000 0.960246
257.000000 0.957046
258.000000 0.954195
259.000000 0.958135
260.000000 0.959018
261.000000 0.962085
262.000000 0.965283
263.000000 0.963014
264.000000 0.959140
265.000000 0.956193
266.000000 0.946057
267.000000 0.938997
268.000000 0.929555
269.000000 0.921075
270.000000 0.914114
271.000000 0.913012
272.000000 0.917279
273.000000 0.924802
274.000000 0.923770
275.000000 0.925715
276.000000 0.929358
277.000000 0.937066
278.000000 0.942942
279.000000 0.947607
280.000000 0.955408
281.000000 0.969477
282.000000 0.985322
283.000000 0.999836
284.000000 1.010911
285.000000 1.021163
286.000000 1.030045
287.000000 1.035178
288.000000 1.037344
289.000000 1.037271
290.000000 1.032477
291.000000 1.033188
292.000000 1.035866
293.000000 1.040547
294.000000 1.044846
295.000000 1.046944
296.000000 1.048447
297.000000 1.050567
298.000000 1.053137
299.000000 1.047543
300.000000 1.041293
301.000000 1.033819
302.000000 1.024019
303.000000 1.024609
304.000000 1.022128
305.000000 1.024240
306.000000 1.031342
307.000000 1.034483
308.000000 1.028273
309.000000 1.024650
310.000000 1.018668
311.000000 1.016473
312.000000 1.009400
313.000000 0.994180
314.000000 0.990197
315.000000 0.991503
316.000000 0.993273
317.000000 0.996520
318.000000 0.998664
319.000000 1.009149
320.000000 1.017995
321.000000 1.018171
322.000000 1.018173
323.000000 1.024002
324.000000 1.026939
325.000000 1.030702
326.000000 1.019398
327.000000 1.008379
328.000000 1.007699
329.000000 1.004228
330.000000 0.997191
331.000000 0.995191
332.000000 0.986852
333.000000 0.990976
334.000000 0.997519
335.000000 0.998670
336.000000 1.009431
337.000000 1.022240
338.000000 1.028462
339.000000 1.035212
340.000000 1.028704
341.000000 1.021307
342.000000 1.018354
343.000000 1.004794
344.000000 0.999217
345.000000 0.996850
346.000000 0.998496
347.000000 1.009925
348.000000 1.016372
349.000000 1.013038
350.000000 1.018949
351.000000 1.022299
352.000000 1.028698
353.000000 1.032460
354.000000 1.024372
355.000000 1.022295
356.000000 1.026123
357.000000 1.023132
358.000000 1.021555
359.000000 1.013990
360.000000 1.005380
361.000000 1.005765
362.000000 0.996468
363.000000 0.988421
364.000000 0.982122
365.000000 0.980914
366.000000 0.981881
367.000000 0.984353
368.000000 0.979116
369.000000 0.981775
370.000000 0.987290
371.000000 0.987793
372.000000 0.987283
373.000000 0.987662
374.000000 0.987676
375.000000 0.989742
376.000000 0.983495
377.000000 0.983772
378.000000 0.982777
379.000000 0.981726
380.000000 0.979292
381.000000 0.968038
382.000000 0.953297
383.000000 0.941200
384.000000 0.918993
385.000000 0.902181
386.000000 0.889060
387.000000 0.880485
388.000000 0.883134
389.000000 0.891731
390.000000 0.895939
391.000000 0.908654
392.000000 0.915712
393.000000 0.921348
394.000000 0.930827
395.000000 0.935310
396.000000 0.941501
397.000000 0.951389
398.000000 0.953644
399.000000 0.966326
400.000000 0.983341
401.000000 0.998323
402.000000 1.019136
403.000000 1.038385
404.000000 1.055737
405.000000 1.075787
406.000000 1.091352
407.000000 1.105153
408.000000 2.333452
409.000000 2.310183
410.000000 2.445758
411.000000 2.564706
412.000000 2.664873
413.000000 2.891129
414.000000 3.072717
415.000000 2.524527
416.000000 2.771292
417.000000 2.782062
418.000000 2.829848
419.000000 2.883886
420.000000 2.773575
421.000000 2.721568
422.000000 3.073706
423.000000 2.912210
424.000000 2.969384
425.000000 2.952771
426.000000 2.925145
427.000000 3.037904
428.000000 3.064948
429.000000 2.864420
430.000000 2.994671
431.000000 2.941890
432.000000 2.972490
433.000000 2.998613
434.000000 2.922831
435.000000 2.924780
436.000000 3.037621
437.000000 2.951800
438.000000 3.005704
439.000000 2.979030
440.000000 2.964668
441.000000 3.017564
442.000000 3.010254
443.000000 2.955379
444.000000 3.023489
445.000000 2.991103
446.000000 3.028838
447.000000 3.046144
448.000000 3.019409
449.000000 3.036476
450.000000 3.069380
451.000000 3.024744
452.000000 3.043623
453.000000 3.003066
454.000000 2.981970
455.000000 2.990212
456.000000 2.967055
457.000000 2.944702
458.000000 2.969327
459.000000 2.944931
460.000000 2.966914
461.000000 2.971887
462.000000 2.957285
463.000000 2.969183
464.000000 2.973491
465.000000 2.956458
466.000000 2.968863
467.000000 2.949226
468.000000 2.947441
469.000000 2.953389
470.000000 2.947324
471.000000 2.947036
472.000000 2.958399
473.000000 2.955192
474.000000 2.969133
475.000000 2.972634
476.000000 2.975995
477.000000 2.980295
478.000000 2.986876
479.000000 2.988615
480.000000 3.005335
481.000000 3.010781
482.000000 3.025232
483.000000 3.033184
484.000000 3.034952
485.000000 3.027754
486.000000 3.020253
487.000000 3.005079
488.000000 2.997025
489.000000 2.984394
490.000000 2.974659
491.000000 2.974424
492.000000 2.978792
493.000000 2.986891
494.000000 2.995047
495.000000 2.987571
496.000000 2.984796
497.000000 2.982912
498.000000 2.976032
499.000000 2.974360
500.000000 2.971240
501.000000 2.970808
502.000000 2.980436
503.000000 2.981803
504.000000 2.755580
505.000000 2.694519
506.000000 2.633358
507.000000 2.572051
508.000000 2.606137
509.000000 2.597854
510.000000 2.611128
511.000000 2.769301
512.000000 2.793910
513.000000 2.838507
514.000000 2.877264
515.000000 2.855155
516.000000 2.890673
517.000000 2.908647
518.000000 2.854659
519.000000 2.887932
520.000000 2.885519
521.000000 2.891526
522.000000 2.931193
523.000000 2.924985
524.000000 2.935561
525.000000 2.978797
526.000000 2.961738
527.000000 2.981870
528.000000 2.986996
529.000000 2.974758
530.000000 2.998743
531.000000 3.006629
532.000000 2.993993
533.000000 3.013044
534.000000 3.004881
535.000000 3.009850
536.000000 3.020817
537.000000 3.011673
538.000000 3.019419
539.000000 3.036665
540.000000 3.031475
541.000000 3.043067
542.000000 3.044436
543.000000 3.047121
544.000000 3.057846
545.000000 3.049890
546.000000 3.045315
547.000000 3.049056
548.000000 3.043151
549.000000 3.050298
550.000000 3.059497
551.000000 3.062798
552.000000 3.077383
553.000000 3.084788
554.000000 3.087030
555.000000 3.090734
556.000000 3.082883
557.000000 3.079378
558.000000 3.082040
559.000000 3.069266
560.000000 3.064745
561.000000 3.059562
562.000000 3.052222
563.000000 3.054783
564.000000 3.052119
565.000000 3.043402
566.000000 3.040036
567.000000 3.029450
568.000000 3.022226
569.000000 3.016240
570.000000 3.008350
571.000000 3.007272
572.000000 3.006057
573.000000 3.001578
574.000000 3.004044
575.000000 3.004688
576.000000 3.007035
577.000000 3.009472
578.000000 3.006248
579.000000 3.003030
580.000000 3.001255
581.000000 2.996588
582.000000 3.000001
583.000000 3.001934
584.000000 3.007048
585.000000 3.015077
586.000000 3.012244
587.000000 3.002582
588.000000 2.995002
589.000000 2.980912
590.000000 2.968632
591.000000 2.961614
592.000000 2.952789
593.000000 2.957539
594.000000 2.967138
595.000000 2.976423
596.000000 2.978790
597.000000 2.978298
598.000000 2.977512
599.000000 2.979433
600.000000 2.973360
601.000000 2.965958
602.000000 2.963051
603.000000 2.967620
604.000000 2.973924
605.000000 2.976544
606.000000 2.980748
607.000000 2.983812
608.000000 2.985687
609.000000 2.979568
610.000000 2.974240
611.000000 2.965344
612.000000 2.959895
613.000000 2.947195
614.000000 2.935007
615.000000 2.928665
616.000000 2.926319
617.000000 2.923409
618.000000 2.932212
619.000000 2.941975
620.000000 2.957380
621.000000 2.978128
622.000000 3.001658
623.000000 3.022539
624.000000 3.042943
625.000000 3.055555
626.000000 3.066937
627.000000 3.072565
628.000000 3.072469
629.000000 3.067852
630.000000 3.065485
631.000000 3.059392
632.000000 3.056321
633.000000 3.051850
634.000000 3.046098
635.000000 3.039682
636.000000 3.034731
637.000000 3.031372
638.000000 3.041389
639.000000 3.044818
640.000000 3.051643
641.000000 3.061425
642.000000 3.072115
643.000000 3.086634
644.000000 3.091720
645.000000 3.086621
646.000000 3.084615
647.000000 3.086997
648.000000 3.089017
649.000000 3.091561
650.000000 3.079019
651.000000 3.070420
652.000000 3.066174
653.000000 3.059642
654.000000 3.050984
655.000000 3.048921
656.000000 3.051546
657.000000 3.056479
658.000000 3.056391
659.000000 3.052335
660.000000 3.047799
661.000000 3.033553
662.000000 3.021181
663.000000 3.000568
664.000000 2.975152
665.000000 2.952971
666.000000 2.936201
667.000000 2.915144
668.000000 2.904726
669.000000 2.898693
670.000000 2.900365
671.000000 2.905314
672.000000 2.915496
673.000000 2.922641
674.000000 2.932842
675.000000 2.943842
676.000000 2.954929
677.000000 2.960072
678.000000 2.963440
679.000000 2.960607
680.000000 2.961742
681.000000 2.958151
682.000000 2.957651
683.000000 2.953596
684.000000 2.949277
685.000000 2.945674
686.000000 2.949794
687.000000 2.955385
688.000000 2.961629
689.000000 2.973107
690.000000 2.986187
691.000000 2.998493
692.000000 3.008329
693.000000 3.007061
694.000000 3.007733
695.000000 3.000463
696.000000 2.997349
697.000000 2.995391
698.000000 2.997349
699.000000 2.997479
700.000000 3.003854
701.000000 3.002559
702.000000 3.005195
703.000000 3.008224
704.000000 3.012229
705.000000 3.007490
706.000000 3.008163
707.000000 3.007588
708.000000 3.013490
709.000000 3.015719
710.000000 3.015610
711.000000 3.016785
712.000000 3.019715
713.000000 3.016209
714.000000 3.007424
715.000000 2.992011
716.000000 2.984639
717.000000 2.976783
718.000000 2.972115
719.000000 2.972809
720.000000 2.977070
721.000000 2.986516
722.000000 3.003707
723.000000 3.011489
724.000000 3.015322
725.000000 3.023212
726.000000 3.026797
727.000000 3.022372
728.000000 3.018034
729.000000 3.007842
730.000000 3.008830
731.000000 3.006245
732.000000 2.994294
733.000000 2.981424
734.000000 2.977365
735.000000 2.974488
736.000000 2.977944
737.000000 2.978063
738.000000 2.985896
739.000000 2.999360
740.000000 3.006055
741.000000 3.013980
742.000000 3.021970
743.000000 3.028477
744.000000 3.034703
745.000000 3.041887
746.000000 3.043611
747.000000 3.049269
748.000000 3.052623
749.000000 3.044427
750.000000 3.034450
751.000000 3.024711
752.000000 3.007673
753.000000 2.992644
754.000000 2.977742
755.000000 2.962079
756.000000 2.952645
757.000000 2.946058
758.000000 2.939710
759.000000 2.937422
760.000000 2.927775
761.000000 2.923655
762.000000 2.924739
763.000000 2.927382
764.000000 2.934776
765.000000 2.945826
766.000000 2.956653
767.000000 2.980378
768.000000 3.004060
769.000000 3.027501
770.000000 3.049564
771.000000 3.063539
772.000000 3.069326
773.000000 3.072224
774.000000 3.068680
775.000000 3.062985
776.000000 3.056411
777.000000 3.047830
778.000000 3.041584
779.000000 3.033034
780.000000 3.022968
781.000000 3.015989
782.000000 3.004137
783.000000 2.993353
784.000000 2.987644
785.000000 2.983487
786.000000 2.979336
787.000000 2.973045
788.000000 2.963550
789.000000 2.955842
790.000000 2.946917
791.000000 2.938289
792.000000 2.931531
793.000000 2.930361
794.000000 2.935487
795.000000 2.945323
796.000000 2.951393
797.000000 2.960482
798.000000 2.972624
799.000000 2.984928
800.000000 2.985703
801.000000 2.988306
802.000000 2.988151
803.000000 2.994380
804.000000 3.225895
805.000000 3.284902
806.000000 3.334933
807.000000 3.391164
808.000000 2.428641
809.000000 2.442704
810.000000 2.320125
811.000000 2.064182
812.000000 1.963911
813.000000 1.755154
814.000000 1.567860
815.000000 1.992240
816.000000 1.768378
817.000000 1.736447
818.000000 1.755257
819.000000 1.676439
820.000000 1.753233
821.000000 1.789587
822.000000 1.483829
823.000000 1.615617
824.000000 1.567318
825.000000 1.528857
826.000000 1.566980
827.000000 1.470092
828.000000 1.438336
829.000000 1.600801
830.000000 1.483622
831.000000 1.519559
832.000000 1.520140
833.000000 1.480601
834.000000 1.547390
835.000000 1.548053
836.000000 1.452704
837.000000 1.537355
838.000000 1.505149
839.000000 1.516889
840.000000 1.546774
841.000000 1.497691
842.000000 1.506530
843.000000 1.557249
844.000000 1.507655
845.000000 1.545690
846.000000 1.542275
847.000000 1.537261
848.000000 1.582073
849.000000 1.577494
850.000000 1.552315
851.000000 1.588477
852.000000 1.565515
853.000000 1.578554
854.000000 1.576396
855.000000 1.546296
856.000000 1.560440
857.000000 1.580334
858.000000 1.564625
859.000000 1.587745
860.000000 1.579443
861.000000 1.586221
862.000000 1.613004
863.000000 1.609294
864.000000 1.608736
865.000000 1.624113
866.000000 1.605457
867.000000 1.602833
868.000000 1.584583
869.000000 1.557513
870.000000 1.552325
871.000000 1.538518
872.000000 1.514595
873.000000 1.510104
874.000000 1.488749
875.000000 1.471461
876.000000 1.461852
877.000000 1.446713
878.000000 1.444258
879.000000 1.454510
880.000000 1.460342
881.000000 1.473310
882.000000 1.475953
883.000000 1.475115
884.000000 1.482775
885.000000 1.486882
886.000000 1.481986
887.000000 1.482821
888.000000 1.475110
889.000000 1.473264
890.000000 1.470251
891.000000 1.455454
892.000000 1.443622
893.000000 1.438509
894.000000 1.420653
895.000000 1.409759
896.000000 1.398253
897.000000 1.394577
898.000000 1.400005
899.000000 1.402969
900.000000 1.409087
901.000000 1.425783
902.000000 1.436439
903.000000 1.453042
904.000000 1.462357
905.000000 1.465117
906.000000 1.468836
907.000000 1.467320
908.000000 1.463253
909.000000 1.464582
910.000000 1.464454
911.000000 1.471109
912.000000 1.471142
913.000000 1.468667
914.000000 1.474119
915.000000 1.478982
916.000000 1.479210
917.000000 1.479815
918.000000 1.481155
919.000000 1.488936
920.000000 1.496688
921.000000 1.503562
922.000000 1.509745
923.000000 1.515943
924.000000 1.524265
925.000000 1.530979
926.000000 1.534891
927.000000 1.535989
928.000000 1.533799
929.000000 1.532110
930.000000 1.532129
931.000000 1.530576
932.000000 1.526280
933.000000 1.520241
934.000000 1.512444
935.000000 1.506715
936.000000 1.497022
937.000000 1.491522
938.000000 1.488462
939.000000 1.490061
940.000000 1.488420
941.000000 1.486305
942.000000 1.487050
943.000000 1.493294
944.000000 1.492400
945.000000 1.488408
946.000000 1.483015
947.000000 1.475916
948.000000 1.470314
949.000000 1.464568
950.000000 1.457824
951.000000 1.455589
952.000000 1.455840
953.000000 1.454239
954.000000 1.457285
955.000000 1.461722
956.000000 1.471672
957.000000 1.485883
958.000000 1.501421
959.000000 1.520603
960.000000 1.537831
961.000000 1.555559
962.000000 1.571655
963.000000 1.583905
964.000000 1.597639
965.000000 1.607207
966.000000 1.609588
967.000000 1.611872
968.000000 1.610327
969.000000 1.607312
970.000000 1.609008
971.000000 1.600541
972.000000 1.597880
973.000000 1.597322
974.000000 1.594327
975.000000 1.595823
976.000000 1.599169
977.000000 1.598307
978.000000 1.597254
979.000000 1.584947
980.000000 1.569081
981.000000 1.553112
982.000000 1.537448
983.000000 1.525361
984.000000 1.516723
985.000000 1.505638
986.000000 1.504044
987.000000 1.500286
988.000000 1.498305
989.000000 1.491287
990.000000 1.476830
991.000000 1.463280
992.000000 1.454023
993.000000 1.439283
994.000000 1.430459
995.000000 1.419578
996.000000 1.410313
997.000000 1.405365
998.000000 1.398010
999.000000 1.392462
1000.000000 1.397338
1001.000000 1.395910
1002.000000 1.401161
1003.000000 1.413498
1004.000000 1.419319
1005.000000 1.431667
1006.000000 1.446564
1007.000000 1.458095
1008.000000 1.475160
1009.000000 1.491293
1010.000000 1.507740
1011.000000 1.525033
1012.000000 1.530318
1013.000000 1.537750
1014.000000 1.548003
1015.000000 1.557226
1016.000000 1.561478
1017.000000 1.559398
1018.000000 1.554536
1019.000000 1.549711
1020.000000 1.544301
1021.000000 1.538809
1022.000000 1.532209
1023.000000 1.524902
1024.000000 1.521322
1025.000000 1.519423
1026.000000 1.509365
1027.000000 1.500949
1028.000000 1.491168
1029.000000 1.480297
1030.000000 1.470426
1031.000000 1.457482
1032.000000 1.444522
1033.000000 1.443630
1034.000000 1.443412
1035.000000 1.439908
1036.000000 1.440199
1037.000000 1.443038
1038.000000 1.456978
1039.000000 1.462843
1040.000000 1.464262
1041.000000 1.475231
1042.000000 1.480832
1043.000000 1.487381
1044.000000 1.494376
1045.000000 1.496335
1046.000000 1.507232
1047.000000 1.513985
1048.000000 1.512426
1049.000000 1.515619
1050.000000 1.510878
1051.000000 1.512628
1052.000000 1.518279
1053.000000 1.516635
1054.000000 1.516491
1055.000000 1.522478
1056.000000 1.521987
1057.000000 1.532557
1058.000000 1.533858
1059.000000 1.534833
1060.000000 1.544061
1061.000000 1.554667
1062.000000 1.561645
1063.000000 1.570940
1064.000000 1.570028
1065.000000 1.574966
1066.000000 1.575331
1067.000000 1.567981
1068.000000 1.563007
1069.000000 1.555330
1070.000000 1.552201
1071.000000 1.551161
1072.000000 1.540941
1073.000000 1.533579
1074.000000 1.529264
1075.000000 1.526028
1076.000000 1.525970
1077.000000 1.526703
1078.000000 1.522827
1079.000000 1.524861
1080.000000 1.521627
1081.000000 1.519718
1082.000000 1.514772
1083.000000 1.505083
1084.000000 1.496454
1085.000000 1.492645
1086.000000 1.481493
1087.000000 1.474664
1088.000000 1.461591
1089.000000 1.456823
1090.000000 1.458314
1091.000000 1.464688
1092.000000 1.466898
1093.000000 1.477030
1094.000000 1.485531
1095.000000 1.492692
1096.000000 1.499630
1097.000000 1.495727
1098.000000 1.485493
1099.000000 1.478676
1100.000000 1.469891
1101.000000 1.463706
1102.000000 1.460530
1103.000000 1.460583
1104.000000 1.456274
1105.000000 1.456979
1106.000000 1.454150
1107.000000 1.456251
1108.000000 1.455837
1109.000000 1.459137
1110.000000 1.465154
1111.000000 1.474942
1112.000000 1.483954
1113.000000 1.494084
1114.000000 1.503386
1115.000000 1.511199
1116.000000 1.519739
1117.000000 1.524849
1118.000000 1.524151
1119.000000 1.523124
1120.000000 1.521796
1121.000000 1.526122
1122.000000 1.523886
1123.000000 1.519268
1124.000000 1.516641
1125.000000 1.513772
1126.000000 1.513016
1127.000000 1.515943
1128.000000 1.510982
1129.000000 1.509257
1130.000000 1.507562
1131.000000 1.505315
1132.000000 1.508344
1133.000000 1.513351
1134.000000 1.514540
1135.000000 1.525734
1136.000000 1.534223
1137.000000 1.539283
1138.000000 1.543081
1139.000000 1.536496
1140.000000 1.529947
1141.000000 1.528248
1142.000000 1.517290
1143.000000 1.509596
1144.000000 1.506227
1145.000000 1.505375
1146.000000 1.507646
1147.000000 1.508740
1148.000000 1.508556
1149.000000 1.516719
1150.000000 1.527382
1151.000000 1.535185
1152.000000 1.542071
1153.000000 1.538755
1154.000000 1.537693
1155.000000 1.534424
1156.000000 1.529928
1157.000000 1.529641
1158.000000 1.533922
1159.000000 1.539782
1160.000000 1.549018
1161.000000 1.556995
1162.000000 1.562344
1163.000000 1.562512
1164.000000 1.558998
1165.000000 1.551911
1166.000000 1.544455
1167.000000 1.529488
1168.000000 1.509283
1169.000000 1.484668
1170.000000 1.462812
1171.000000 1.451750
1172.000000 1.440899
1173.000000 1.433444
1174.000000 1.424886
1175.000000 1.420216
1176.000000 1.418251
1177.000000 1.417036
1178.000000 1.409464
1179.000000 1.409566
1180.000000 1.413233
1181.000000 1.420544
1182.000000 1.432460
1183.000000 1.442074
1184.000000 1.449682
1185.000000 1.455909
1186.000000 1.455937
1187.000000 1.454216
1188.000000 1.450915
1189.000000 1.444470
1190.000000 1.445302
1191.000000 1.444130
1192.000000 1.446162
1193.000000 1.457168
1194.000000 1.468875
1195.000000 1.489929
1196.000000 1.514530
1197.000000 1.536466
1198.000000 1.560438
1199.000000 1.578811
1200.000000 1.588901
1201.000000 1.601869
1202.000000 1.603196
1203.000000 1.601802
1204.000000 1.610881
1205.000000 1.613326
1206.000000 1.618516
1207.000000 1.622911
1208.000000 1.010687
1209.000000 1.022231
1210.000000 0.944298
1211.000000 0.866355
1212.000000 0.804018
1213.000000 0.675030
1214.000000 0.569300
1215.000000 0.829057
1216.000000 0.690050
1217.000000 0.675708
1218.000000 0.645662
1219.000000 0.607892
1220.000000 0.662556
1221.000000 0.680425
1222.000000 0.492808
1223.000000 0.568419
1224.000000 0.529341
1225.000000 0.528609
1226.000000 0.534424
1227.000000 0.472149
1228.000000 0.456585
1229.000000 0.551906
1230.000000 0.480786
1231.000000 0.505104
1232.000000 0.493345
1233.000000 0.474906
1234.000000 0.512758
1235.000000 0.505449
1236.000000 0.440730
1237.000000 0.472231
1238.000000 0.431882
1239.000000 0.425320
1240.000000 0.413984
1241.000000 0.362371
1242.000000 0.348245
1243.000000 0.360656
1244.000000 0.321803
1245.000000 0.343912
1246.000000 0.335945
1247.000000 0.345537
1248.000000 0.390954
1249.000000 0.408439
1250.000000 0.424228
1251.000000 0.471560
1252.000000 0.472793
1253.000000 0.503390
1254.000000 0.521384
1255.000000 0.518307
1256.000000 0.538168
1257.000000 0.547266
1258.000000 0.539520
1259.000000 0.557650
1260.000000 0.554556
1261.000000 0.560142
1262.000000 0.577594
1263.000000 0.581822
1264.000000 0.588146
1265.000000 0.600919
1266.000000 0.600597
1267.000000 0.610925
1268.000000 0.613921
1269.000000 0.609475
1270.000000 0.611455
1271.000000 0.609740
1272.000000 0.604212
1273.000000 0.604185
1274.000000 0.595163
1275.000000 0.587636
1276.000000 0.575689
1277.000000 0.557937
1278.000000 0.545732
1279.000000 0.539508
1280.000000 0.526794
1281.000000 0.519278
1282.000000 0.502316
1283.000000 0.488666
1284.000000 0.487817
1285.000000 0.480383
1286.000000 0.468445
1287.000000 0.458293
1288.000000 0.442557
1289.000000 0.429338
1290.000000 0.419459
1291.000000 0.406664
1292.000000 0.402087
1293.000000 0.398220
1294.000000 0.399040
1295.000000 0.407485
1296.000000 0.415686
1297.000000 0.424877
1298.000000 0.438578
1299.000000 0.447196
1300.000000 0.454156
1301.000000 0.456469
1302.000000 0.454255
1303.000000 0.451641
1304.000000 0.677704
1305.000000 0.735732
1306.000000 0.796802
1307.000000 0.853915
1308.000000 0.811529
1309.000000 0.811119
1310.000000 0.805380
1311.000000 0.647925
1312.000000 0.629121
1313.000000 0.583579
1314.000000 0.535921
1315.000000 0.550731
1316.000000 0.510424
1317.000000 0.483293
1318.000000 0.547173
1319.000000 0.518651
1320.000000 0.528035
1321.000000 0.533537
1322.000000 0.499816
1323.000000 0.516384
1324.000000 0.513889
1325.000000 0.466276
1326.000000 0.479149
1327.000000 0.452418
1328.000000 0.441351
1329.000000 0.453101
1330.000000 0.423415
1331.000000 0.406221
1332.000000 0.418090
1333.000000 0.393690
1334.000000 0.403422
1335.000000 0.398176
1336.000000 0.379789
1337.000000 0.392214
1338.000000 0.389667
1339.000000 0.374215
1340.000000 0.381125
1341.000000 0.368182
1342.000000 0.367870
1343.000000 0.382208
1344.000000 0.379890
1345.000000 0.395684
1346.000000 0.417350
1347.000000 0.422425
1348.000000 0.444637
1349.000000 0.455671
1350.000000 0.460559
1351.000000 0.479217
1352.000000 0.490217
1353.000000 0.491935
1354.000000 0.506576
1355.000000 0.513060
1356.000000 0.520356
1357.000000 0.530299
1358.000000 0.524711
1359.000000 0.532543
1360.000000 0.546697
1361.000000 0.552558
1362.000000 0.569728
1363.000000 0.581331
1364.000000 0.594360
1365.000000 0.612087
1366.000000 0.618299
1367.000000 0.621622
1368.000000 0.629465
1369.000000 0.626741
1370.000000 0.622941
1371.000000 0.616941
1372.000000 0.604177
1373.000000 0.596295
1374.000000 0.584188
1375.000000 0.564170
1376.000000 0.545407
1377.000000 0.530761
1378.000000 0.518113
1379.000000 0.514724
1380.000000 0.509690
1381.000000 0.502953
1382.000000 0.503814
1383.000000 0.508309
1384.000000 0.513105
1385.000000 0.525415
1386.000000 0.538570
1387.000000 0.560254
1388.000000 0.578780
1389.000000 0.593494
1390.000000 0.602901
1391.000000 0.607247
1392.000000 0.604785
1393.000000 0.605836
1394.000000 0.600594
1395.000000 0.593329
1396.000000 0.578956
1397.000000 0.568508
1398.000000 0.559088
1399.000000 0.554799
1400.000000 0.546472
1401.000000 0.539686
1402.000000 0.537417
1403.000000 0.537266
1404.000000 0.537027
1405.000000 0.533140
1406.000000 0.521426
1407.000000 0.510373
1408.000000 0.502668
1409.000000 0.491620
1410.000000 0.481884
1411.000000 0.472853
1412.000000 0.461893
1413.000000 0.453073
1414.000000 0.447060
1415.000000 0.444443
1416.000000 0.441377
1417.000000 0.436493
1418.000000 0.429941
1419.000000 0.434293
1420.000000 0.436124
1421.000000 0.436306
1422.000000 0.437897
1423.000000 0.444780
1424.000000 0.456804
1425.000000 0.475826
1426.000000 0.490323
1427.000000 0.505018
1428.000000 0.523038
1429.000000 0.548370
1430.000000 0.567412
1431.000000 0.577513
1432.000000 0.581791
1433.000000 0.583573
1434.000000 0.575190
1435.000000 0.559476
1436.000000 0.541451
1437.000000 0.524625
1438.000000 0.510095
1439.000000 0.499027
1440.000000 0.489599
1441.000000 0.481705
1442.000000 0.486420
1443.000000 0.497736
1444.000000 0.509510
1445.000000 0.521303
1446.000000 0.531437
1447.000000 0.539750
1448.000000 0.547855
1449.000000 0.546992
1450.000000 0.542584
1451.000000 0.535744
1452.000000 0.531520
1453.000000 0.529343
1454.000000 0.528453
1455.000000 0.528311
1456.000000 0.526073
1457.000000 0.529070
1458.000000 0.532688
1459.000000 0.532595
1460.000000 0.529314
1461.000000 0.526471
1462.000000 0.515747
1463.000000 0.509447
1464.000000 0.500491
1465.000000 0.495307
1466.000000 0.499780
1467.000000 0.509935
1468.000000 0.517455
1469.000000 0.530481
1470.000000 0.535011
1471.000000 0.538406
1472.000000 0.542056
1473.000000 0.541082
1474.000000 0.544290
1475.000000 0.546195
1476.000000 0.542150
1477.000000 0.545963
1478.000000 0.541985
1479.000000 0.541973
1480.000000 0.543547
1481.000000 0.539091
1482.000000 0.537557
1483.000000 0.541555
1484.000000 0.540765
1485.000000 0.543823
1486.000000 0.544076
1487.000000 0.539789
1488.000000 0.537703
1489.000000 0.533438
1490.000000 0.532125
1491.000000 0.527501
1492.000000 0.525811
1493.000000 0.522062
1494.000000 0.520412
1495.000000 0.512475
1496.000000 0.504788
1497.000000 0.502048
1498.000000 0.501189
1499.000000 0.492653
1500.000000 0.488181
1501.000000 0.484387
1502.000000 0.487810
1503.000000 0.487040
1504.000000 0.486806
1505.000000 0.481899
1506.000000 0.476261
1507.000000 0.474568
1508.000000 0.468540
1509.000000 0.457577
1510.000000 0.449730
1511.000000 0.447900
1512.000000 0.446763
1513.000000 0.446863
1514.000000 0.436392
1515.000000 0.438845
1516.000000 0.444036
1517.000000 0.445173
1518.000000 0.441174
1519.000000 0.428765
1520.000000 0.423221
1521.000000 0.429286
1522.000000 0.430045
1523.000000 0.433600
1524.000000 0.433346
1525.000000 0.437092
1526.000000 0.447097
1527.000000 0.452799
1528.000000 0.449498
1529.000000 0.450967
1530.000000 0.445787
1531.000000 0.442790
1532.000000 0.437751
1533.000000 0.430395
1534.000000 0.433943
1535.000000 0.439805
1536.000000 0.440089
1537.000000 0.454125
1538.000000 0.468698
1539.000000 0.491833
1540.000000 0.514737
1541.000000 0.533556
1542.000000 0.553849
1543.000000 0.574684
1544.000000 0.585724
1545.000000 0.593231
1546.000000 0.593204
1547.000000 0.585403
1548.000000 0.574150
1549.000000 0.558609
1550.000000 0.542061
1551.000000 0.525378
1552.000000 0.500715
1553.000000 0.476487
1554.000000 0.455562
1555.000000 0.430502
1556.000000 0.406578
1557.000000 0.385939
1558.000000 0.371808
1559.000000 0.370500
1560.000000 0.383137
1561.000000 0.396387
1562.000000 0.416265
1563.000000 0.436290
1564.000000 0.461677
1565.000000 0.489224
1566.000000 0.508768
1567.000000 0.519608
1568.000000 0.529420
1569.000000 0.536169
1570.000000 0.543581
1571.000000 0.547506
1572.000000 0.545260
1573.000000 0.544998
1574.000000 0.542817
1575.000000 0.541835
1576.000000 0.538322
1577.000000 0.533186
1578.000000 0.537177
1579.000000 0.543582
1580.000000 0.548590
1581.000000 0.550247
1582.000000 0.553443
1583.000000 0.558153
1584.000000 0.566054
1585.000000 0.568738
1586.000000 0.566799
1587.000000 0.568482
1588.000000 0.571384
1589.000000 0.564194
1590.000000 0.552901
1591.000000 0.537830
1592.000000 0.524069
1593.000000 0.515712
1594.000000 0.498772
1595.000000 0.480854
1596.000000 0.468088
1597.000000 0.459668
1598.000000 0.456040
1599.000000 0.455469
1600.000000 0.457467
