1.000000 0.000000
2.000000 0.000000
3.000000 0.000000
4.000000 0.000000
5.000000 0.000000
6.000000 0.000000
7.000000 0.000000
8.000000 0.000000
9.000000 0.015170
10.000000 0.043257
11.000000 0.082261
12.000000 0.130407
13.000000 0.186127
14.000000 0.248032
15.000000 0.314902
16.000000 0.385662
17.000000 0.459372
18.000000 0.535208
19.000000 0.612453
20.000000 0.690485
21.000000 0.768768
22.000000 0.846840
23.000000 0.924306
24.000000 1.000832
25.000000 1.076135
26.000000 1.149981
27.000000 1.222177
28.000000 1.292566
29.000000 1.361023
30.000000 1.427453
31.000000 1.491784
32.000000 1.553967
33.000000 1.613970
34.000000 1.671779
35.000000 1.727394
36.000000 1.780825
37.000000 1.832095
38.000000 1.881233
39.000000 1.928278
40.000000 1.973273
41.000000 2.016266
42.000000 2.057310
43.000000 2.096461
44.000000 2.133776
45.000000 2.169315
46.000000 2.203138
47.000000 2.235308
48.000000 2.265885
49.000000 2.294932
50.000000 2.322509
51.000000 2.348676
52.000000 2.373493
53.000000 2.397018
54.000000 2.419307
55.000000 2.440417
56.000000 2.460401
57.000000 2.479312
58.000000 2.497199
59.000000 2.514113
60.000000 2.530101
61.000000 2.545207
62.000000 2.559477
63.000000 2.572951
64.000000 2.585671
65.000000 2.597675
66.000000 2.609001
67.000000 2.619683
68.000000 2.629756
69.000000 2.639253
70.000000 2.648203
71.000000 2.656636
72.000000 2.664581
73.000000 2.672064
74.000000 2.679110
75.000000 2.685744
76.000000 2.691989
77.000000 2.697866
78.000000 2.703395
79.000000 2.708597
80.000000 2.713490
81.000000 2.718092
82.000000 2.722419
83.000000 2.726487
84.000000 2.730311
85.000000 2.733905
86.000000 2.737282
87.000000 2.740456
88.000000 2.743437
89.000000 2.746238
90.000000 2.748868
91.000000 2.751338
92.000000 2.753658
93.000000 2.755836
94.000000 2.757880
95.000000 2.759799
96.000000 2.761600
97.000000 2.763291
98.000000 2.764877
99.000000 2.766366
100.000000 2.767762
101.000000 2.769072
102.000000 2.770301
103.000000 2.771454
104.000000 2.772535
105.000000 2.773549
106.000000 2.774500
107.000000 2.775391
108.000000 2.776227
109.000000 2.777010
110.000000 2.777745
111.000000 2.778433
112.000000 2.779078
113.000000 2.779683
114.000000 2.780250
115.000000 2.780781
116.000000 2.781279
117.000000 2.781745
118.000000 2.782182
119.000000 2.782592
120.000000 2.782975
121.000000 2.783334
122.000000 2.783671
123.000000 2.783986
124.000000 2.784281
125.000000 2.784558
126.000000 2.784817
127.000000 2.785059
128.000000 2.785286
129.000000 2.785499
130.000000 2.785698
131.000000 2.785885
132.000000 2.786059
133.000000 2.786222
134.000000 2.786375
135.000000 2.786519
136.000000 2.786653
137.000000 2.786778
138.000000 2.786896
139.000000 2.787006
140.000000 2.787109
141.000000 2.787205
142.000000 2.787295
143.000000 2.787379
144.000000 2.787458
145.000000 2.787532
146.000000 2.787601
147.000000 2.787666
148.000000 2.787727
149.000000 2.787783
150.000000 2.787836
151.000000 2.787886
152.000000 2.787932
153.000000 2.787976
154.000000 2.788016
155.000000 2.788054
156.000000 2.788090
157.000000 2.788123
158.000000 2.788154
159.000000 2.788183
160.000000 2.788210
161.000000 2.788236
162.000000 2.788260
163.000000 2.788282
164.000000 2.788303
165.000000 2.788322
166.000000 2.788341
167.000000 2.788358
168.000000 2.788374
169.000000 2.788388
170.000000 2.788402
171.000000 2.788415
172.000000 2.788428
173.000000 2.788439
174.000000 2.788450
175.000000 2.788460
176.000000 2.788469
177.000000 2.788478
178.000000 2.788486
179.000000 2.788493
180.000000 2.788501
181.000000 2.788507
182.000000 2.788513
183.000000 2.788519
184.000000 2.788525
185.000000 2.788530
186.000000 2.788535
187.000000 2.788539
188.000000 2.788543
189.000000 2.788547
190.000000 2.788551
191.000000 2.788554
192.000000 2.788557
193.000000 2.788560
194.000000 2.788563
195.000000 2.788566
196.000000 2.788568
197.000000 2.788570
198.000000 2.788573
199.000000 2.788575
200.000000 2.788576
201.000000 2.788578
202.000000 2.788580
203.000000 2.788581
204.000000 2.788583
205.000000 2.788584
206.000000 2.788585
207.000000 2.788586
208.000000 2.788587
209.000000 2.788588
210.000000 2.788589
211.000000 2.788590
212.000000 2.788591
213.000000 2.788592
214.000000 2.788593
215.000000 2.788593
216.000000 2.788594
217.000000 2.788595
218.000000 2.788595
219.000000 2.788596
220.000000 2.788596
221.000000 2.788597
222.000000 2.788597
223.000000 2.788597
224.000000 2.788598
225.000000 2.788598
226.000000 2.788598
227.000000 2.788599
228.000000 2.788599
229.000000 2.788599
230.000000 2.788599
231.000000 2.788600
232.000000 2.788600
233.000000 2.788600
234.000000 2.788600
235.000000 2.788600
236.000000 2.788601
237.000000 2.788601
238.000000 2.788601
239.000000 2.788601
240.000000 2.788601
241.000000 2.788601
242.000000 2.788601
243.000000 2.788601
244.000000 2.788602
245.000000 2.788602
246.000000 2.788602
247.000000 2.788602
248.000000 2.788602
249.000000 2.788602
250.000000 2.788602
251.000000 2.788602
252.000000 2.788602
253.000000 2.788602
254.000000 2.788602
255.000000 2.788602
256.000000 2.788602
257.000000 2.788602
258.000000 2.788602
259.000000 2.788602
260.000000 2.788602
261.000000 2.788603
262.000000 2.788603
263.000000 2.788603
264.000000 2.788603
265.000000 2.788603
266.000000 2.788603
267.000000 2.788603
268.000000 2.788603
269.000000 2.788603
270.000000 2.788603
271.000000 2.788603
272.000000 2.788603
273.000000 2.788603
274.000000 2.788603
275.000000 2.788603
276.000000 2.788603
277.000000 2.788603
278.000000 2.788603
279.000000 2.788603
280.000000 2.788603
281.000000 2.788603
282.000000 2.788603
283.000000 2.788603
284.000000 2.788603
285.000000 2.788603
286.000000 2.788603
287.000000 2.788603
288.000000 2.788603
289.000000 2.788603
290.000000 2.788603
291.000000 2.788603
292.000000 2.788603
293.000000 2.788603
294.000000 2.788603
295.000000 2.788603
296.000000 2.788603
297.000000 2.788603
298.000000 2.788603
299.000000 2.788603
300.000000 2.788603
301.000000 2.788603
302.000000 2.788603
303.000000 2.788603
304.000000 2.788603
305.000000 2.788603
306.000000 2.788603
307.000000 2.788603
308.000000 2.788603
309.000000 2.788603
310.000000 2.788603
311.000000 2.788603
312.000000 2.788603
313.000000 2.788603
314.000000 2.788603
315.000000 2.788603
316.000000 2.788603
317.000000 2.788603
318.000000 2.788603
319.000000 2.788603
320.000000 2.788603
321.000000 2.788603
322.000000 2.788603
323.000000 2.788603
324.000000 2.788603
325.000000 2.788603
326.000000 2.788603
327.000000 2.788603
328.000000 2.788603
329.000000 2.788603
330.000000 2.788603
331.000000 2.788603
332.000000 2.788603
333.000000 2.788603
334.000000 2.788603
335.000000 2.788603
336.000000 2.788603
337.000000 2.788603
338.000000 2.788603
339.000000 2.788603
340.000000 2.788603
341.000000 2.788603
342.000000 2.788603
343.000000 2.788603
344.000000 2.788603
345.000000 2.788603
346.000000 2.788603
347.000000 2.788603
348.000000 2.788603
349.000000 2.788603
350.000000 2.788603
351.000000 2.788603
352.000000 2.788603
353.000000 2.788603
354.000000 2.788603
355.000000 2.788603
356.000000 2.788603
357.000000 2.788603
358.000000 2.788603
359.000000 2.788603
360.000000 2.788603
361.000000 2.788603
362.000000 2.788603
363.000000 2.788603
364.000000 2.788603
365.000000 2.788603
366.000000 2.788603
367.000000 2.788603
368.000000 2.788603
369.000000 2.788603
370.000000 2.788603
371.000000 2.788603
372.000000 2.788603
373.000000 2.788603
374.000000 2.788603
375.000000 2.788603
376.000000 2.788603
377.000000 2.788603
378.000000 2.788603
379.000000 2.788603
380.000000 2.788603
381.000000 2.788603
382.000000 2.788603
383.000000 2.788603
384.000000 2.788603
385.000000 2.788603
386.000000 2.788603
387.000000 2.788603
388.000000 2.788603
389.000000 2.788603
390.000000 2.788603
391.000000 2.788603
392.000000 2.788603
393.000000 2.788603
394.000000 2.788603
395.000000 2.788603
396.000000 2.788603
397.000000 2.788603
398.000000 2.788603
399.000000 2.788603
400.000000 2.788603
401.000000 2.788603
402.000000 2.788603
403.000000 2.788603
404.000000 2.788603
405.000000 2.788603
406.000000 2.788603
407.000000 2.788603
408.000000 2.788603
409.000000 2.788603
410.000000 2.788603
411.000000 2.788603
412.000000 2.788603
413.000000 2.788603
414.000000 2.788603
415.000000 2.788603
416.000000 2.788603
417.000000 2.788603
418.000000 2.788603
419.000000 2.788603
420.000000 2.788603
421.000000 2.788603
422.000000 2.788603
423.000000 2.788603
424.000000 2.788603
425.000000 2.788603
426.000000 2.788603
427.000000 2.788603
428.000000 2.788603
429.000000 2.788603
430.000000 2.788603
431.000000 2.788603
432.000000 2.788603
433.000000 2.788603
434.000000 2.788603
435.000000 2.788603
436.000000 2.788603
437.000000 2.788603
438.000000 2.788603
439.000000 2.788603
440.000000 2.788603
441.000000 2.788603
442.000000 2.788603
443.000000 2.788603
444.000000 2.788603
445.000000 2.788603
446.000000 2.788603
447.000000 2.788603
448.000000 2.788603
449.000000 2.788603
450.000000 2.788603
451.000000 2.788603
452.000000 2.788603
453.000000 2.788603
454.000000 2.788603
455.000000 2.788603
456.000000 2.788603
457.000000 2.788603
458.000000 2.788603
459.000000 2.788603
460.000000 2.788603
461.000000 2.788603
462.000000 2.788603
463.000000 2.788603
464.000000 2.788603
465.000000 2.788603
466.000000 2.788603
467.000000 2.788603
468.000000 2.788603
469.000000 2.788603
470.000000 2.788603
471.000000 2.788603
472.000000 2.788603
473.000000 2.788603
474.000000 2.788603
475.000000 2.788603
476.000000 2.788603
477.000000 2.788603
478.000000 2.788603
479.000000 2.788603
480.000000 2.788603
481.000000 2.788603
482.000000 2.788603
483.000000 2.788603
484.000000 2.788603
485.000000 2.788603
486.000000 2.788603
487.000000 2.788603
488.000000 2.788603
489.000000 2.788603
490.000000 2.788603
491.000000 2.788603
492.000000 2.788603
493.000000 2.788603
494.000000 2.788603
495.000000 2.788603
496.000000 2.788603
497.000000 2.788603
498.000000 2.788603
499.000000 2.788603
500.000000 2.788603
