1.000000 0.000000
2.000000 0.000000
3.000000 0.000000
4.000000 0.000000
5.000000 0.000000
6.000000 0.000000
7.000000 0.000000
8.000000 0.000000
9.000000 0.030795
10.000000 0.057856
11.000000 0.114881
12.000000 0.009352
13.000000 -0.038374
14.000000 -0.020135
15.000000 2.254889
16.000000 0.845658
17.000000 0.919834
18.000000 0.941160
19.000000 0.045991
20.000000 -0.403508
21.000000 -0.182183
22.000000 -0.346125
23.000000 0.255432
24.000000 0.309253
25.000000 0.362832
26.000000 0.513465
27.000000 0.703076
28.000000 0.493044
29.000000 0.536490
30.000000 0.312537
31.000000 0.349411
32.000000 0.414369
33.000000 0.428535
34.000000 0.341282
35.000000 0.428867
36.000000 0.352973
37.000000 0.472032
38.000000 0.383796
39.000000 0.388296
40.000000 0.478731
41.000000 0.548866
42.000000 0.491027
43.000000 0.501107
44.000000 0.441270
45.000000 0.490843
46.000000 0.489705
47.000000 0.462439
48.000000 0.415135
49.000000 0.479337
50.000000 0.352575
51.000000 0.362875
52.000000 0.260381
53.000000 0.198346
54.000000 0.235600
55.000000 0.227551
56.000000 0.284836
57.000000 0.349372
58.000000 0.321437
59.000000 0.313661
60.000000 0.250581
61.000000 0.083863
62.000000 0.000228
63.000000 -0.033277
64.000000 -0.056537
65.000000 0.082566
66.000000 0.133873
67.000000 0.175597
68.000000 0.266441
69.000000 0.257267
70.000000 0.330876
71.000000 0.303305
72.000000 0.281058
73.000000 0.318203
74.000000 0.421396
75.000000 0.432580
76.000000 0.509922
77.000000 0.479149
78.000000 0.441622
79.000000 0.415214
80.000000 0.336742
81.000000 0.377664
82.000000 0.367372
83.000000 0.377544
84.000000 0.327522
85.000000 0.289549
86.000000 0.255522
87.000000 0.215958
88.000000 0.246272
89.000000 0.250727
90.000000 0.228352
91.000000 0.230599
92.000000 0.235915
93.000000 0.255505
94.000000 0.298836
95.000000 0.313416
96.000000 0.368234
97.000000 0.358604
98.000000 0.355888
99.000000 0.334983
100.000000 0.358567
101.000000 0.384661
102.000000 0.375477
103.000000 0.466197
104.000000 0.536959
105.000000 0.555910
106.000000 0.589834
107.000000 0.635931
108.000000 0.572217
109.000000 0.604358
110.000000 0.665344
111.000000 0.674000
112.000000 0.710706
113.000000 0.761013
114.000000 0.833546
115.000000 0.880898
116.000000 0.900845
117.000000 1.007300
118.000000 0.962130
119.000000 0.955610
120.000000 0.985956
121.000000 0.996709
122.000000 1.040960
123.000000 1.050135
124.000000 1.105718
125.000000 1.101488
126.000000 1.095243
127.000000 1.025092
128.000000 0.935216
129.000000 0.901291
130.000000 0.935456
131.000000 0.881977
132.000000 0.763117
133.000000 0.683885
134.000000 0.502751
135.000000 0.532416
136.000000 0.540608
137.000000 0.560478
138.000000 0.602518
139.000000 0.614054
140.000000 0.601038
141.000000 0.546929
142.000000 0.520883
143.000000 0.515310
144.000000 0.560962
145.000000 0.541759
146.000000 0.536791
147.000000 0.651539
148.000000 0.630319
149.000000 0.665238
150.000000 0.613441
151.000000 0.528919
152.000000 0.507580
153.000000 0.455019
154.000000 0.447270
155.000000 0.518412
156.000000 0.602070
157.000000 0.616594
158.000000 0.657289
159.000000 0.675241
160.000000 0.673793
161.000000 0.560885
162.000000 0.542116
163.000000 0.481585
164.000000 0.423948
165.000000 0.420316
166.000000 0.345095
167.000000 0.295282
168.000000 0.336151
169.000000 0.316490
170.000000 0.339161
171.000000 0.347468
172.000000 0.340444
173.000000 0.421244
174.000000 0.332627
175.000000 0.320339
176.000000 0.296850
177.000000 0.266227
178.000000 0.278102
179.000000 0.285846
180.000000 0.269372
181.000000 0.258936
182.000000 0.146672
183.000000 0.106951
184.000000 0.043761
185.000000 0.019057
186.000000 -0.021791
187.000000 0.024247
188.000000 0.081270
189.000000 0.075178
190.000000 0.079443
191.000000 0.059832
192.000000 0.091770
193.000000 0.115359
194.000000 0.034917
195.000000 0.020004
196.000000 -0.017535
197.000000 -0.024604
198.000000 0.018391
199.000000 0.063968
200.000000 0.120737
201.000000 0.192098
202.000000 0.187140
203.000000 0.118046
204.000000 0.160895
205.000000 0.132671
206.000000 0.102884
207.000000 0.070473
208.000000 0.053152
209.000000 0.034128
210.000000 0.032027
211.000000 0.036602
212.000000 0.002088
213.000000 0.002123
214.000000 0.018866
215.000000 0.029784
216.000000 0.059757
217.000000 0.059223
218.000000 0.009895
219.000000 0.007460
220.000000 -0.034577
221.000000 -0.105248
222.000000 -0.115475
223.000000 -0.095823
224.000000 -0.099665
225.000000 -0.047941
226.000000 0.020416
227.000000 0.024802
228.000000 0.072115
229.000000 0.057375
230.000000 0.046786
231.000000 0.078686
232.000000 0.078262
233.000000 0.101984
234.000000 0.091614
235.000000 0.125396
236.000000 0.175376
237.000000 0.215500
238.000000 0.261693
239.000000 0.308493
240.000000 0.265876
241.000000 0.264722
242.000000 0.271061
243.000000 0.266394
244.000000 0.262053
245.000000 0.244884
246.000000 0.270756
247.000000 0.197234
248.000000 0.064895
249.000000 -0.034182
250.000000 -0.165497
251.000000 -0.152728
252.000000 -0.201693
253.000000 -0.249316
254.000000 -0.287426
255.000000 -0.437740
256.000000 -0.530604
257.000000 -0.531115
258.000000 -0.525681
259.000000 -0.569634
260.000000 -0.447306
261.000000 -0.374771
262.000000 -0.310982
263.000000 -0.286972
264.000000 -0.316109
265.000000 -0.354170
266.000000 -0.397081
267.000000 -0.466941
268.000000 -0.519201
269.000000 -0.445624
270.000000 -0.479741
271.000000 -0.480439
272.000000 -0.505080
273.000000 -0.549756
274.000000 -0.551794
275.000000 -0.477497
276.000000 -0.521415
277.000000 -0.504548
278.000000 -0.495140
279.000000 -0.544127
280.000000 -0.502203
281.000000 -0.505100
282.000000 -0.419020
283.000000 -0.340827
284.000000 -0.269861
285.000000 -0.115734
286.000000 -0.146543
287.000000 -0.119837
288.000000 -0.085781
289.000000 -0.021388
290.000000 0.049079
291.000000 0.044143
292.000000 0.017523
293.000000 0.022463
294.000000 -0.032402
295.000000 0.036308
296.000000 0.067495
297.000000 0.048240
298.000000 0.165900
299.000000 0.216557
300.000000 0.228512
301.000000 0.214422
302.000000 0.147741
303.000000 0.164251
304.000000 0.139333
305.000000 0.143817
306.000000 0.221313
307.000000 0.241442
308.000000 0.261892
309.000000 0.336186
310.000000 0.356589
311.000000 0.410330
312.000000 0.416953
313.000000 0.417580
314.000000 0.397148
315.000000 0.403982
316.000000 0.398135
317.000000 0.398779
318.000000 0.454718
319.000000 0.487809
320.000000 0.531303
321.000000 0.542693
322.000000 0.465137
323.000000 0.544795
324.000000 0.575590
325.000000 0.581817
326.000000 0.637718
327.000000 0.638084
328.000000 0.638230
329.000000 0.579750
330.000000 0.543382
331.000000 0.547745
332.000000 0.531290
333.000000 0.512486
334.000000 0.571653
335.000000 0.613551
336.000000 0.621432
337.000000 0.593602
338.000000 0.580701
339.000000 0.490521
340.000000 0.500755
341.000000 0.549293
342.000000 0.479039
343.000000 0.535971
344.000000 0.560796
345.000000 0.568042
346.000000 0.595337
347.000000 0.535013
348.000000 0.518951
349.000000 0.485522
350.000000 0.351247
351.000000 0.300197
352.000000 0.223845
353.000000 0.206769
354.000000 0.208260
355.000000 0.186963
356.000000 0.206333
357.000000 0.286558
358.000000 0.247387
359.000000 0.244301
360.000000 0.172486
361.000000 0.138387
362.000000 0.161016
363.000000 0.149834
364.000000 0.126604
365.000000 0.219856
366.000000 0.218984
367.000000 0.261625
368.000000 0.247280
369.000000 0.231533
370.000000 0.277568
371.000000 0.272111
372.000000 0.256793
373.000000 0.320667
374.000000 0.338314
375.000000 0.331074
376.000000 0.376614
377.000000 0.342186
378.000000 0.303258
379.000000 0.340567
380.000000 0.301226
381.000000 0.313779
382.000000 0.343680
383.000000 0.364907
384.000000 0.475127
385.000000 0.522545
386.000000 0.484323
387.000000 0.483695
388.000000 0.354751
389.000000 0.241141
390.000000 0.227581
391.000000 0.292399
392.000000 0.280738
393.000000 0.315882
394.000000 0.394789
395.000000 0.418764
396.000000 0.382098
397.000000 0.369581
398.000000 0.318329
399.000000 0.251141
400.000000 0.224764
401.000000 0.107915
402.000000 0.138531
403.000000 0.165650
404.000000 0.253918
405.000000 0.320332
406.000000 -1.308694
407.000000 -0.686566
408.000000 -0.864892
409.000000 -1.046701
410.000000 -0.537833
411.000000 -0.773040
412.000000 -0.702686
413.000000 0.416334
414.000000 -0.171677
415.000000 0.057151
416.000000 0.240148
417.000000 -0.065071
418.000000 0.311259
419.000000 0.289913
420.000000 -0.253158
421.000000 0.260314
422.000000 0.062885
423.000000 0.090581
424.000000 0.336533
425.000000 0.073735
426.000000 0.114654
427.000000 0.448364
428.000000 0.080866
429.000000 0.243910
430.000000 0.103054
431.000000 -0.094045
432.000000 0.085200
433.000000 0.039104
434.000000 -0.129129
435.000000 0.121946
436.000000 -0.039395
437.000000 0.072576
438.000000 0.126788
439.000000 -0.066215
440.000000 0.021586
441.000000 0.066495
442.000000 0.002356
443.000000 0.154495
444.000000 0.077389
445.000000 0.039513
446.000000 0.150510
447.000000 0.163291
448.000000 0.154941
449.000000 0.261810
450.000000 0.153985
451.000000 0.197599
452.000000 0.196120
453.000000 0.096289
454.000000 0.127682
455.000000 0.163418
456.000000 0.145640
457.000000 0.220838
458.000000 0.176649
459.000000 0.198702
460.000000 0.191469
461.000000 0.093245
462.000000 0.074484
463.000000 0.058560
464.000000 -0.041103
465.000000 0.030351
466.000000 0.039899
467.000000 0.070264
468.000000 0.188729
469.000000 0.233245
470.000000 0.258873
471.000000 0.330160
472.000000 0.338940
473.000000 0.346770
474.000000 0.360699
475.000000 0.259276
476.000000 0.180635
477.000000 0.112465
478.000000 0.063671
479.000000 0.108482
480.000000 0.095042
481.000000 0.127705
482.000000 0.180515
483.000000 0.148326
484.000000 0.183211
485.000000 0.200013
486.000000 0.113687
487.000000 0.145626
488.000000 0.124878
489.000000 0.052654
490.000000 0.088776
491.000000 0.122862
492.000000 0.092958
493.000000 0.050229
494.000000 0.109020
495.000000 0.169333
496.000000 0.226639
497.000000 0.309753
498.000000 0.314651
499.000000 0.386045
500.000000 0.416417
501.000000 -0.777744
502.000000 -0.068434
503.000000 -0.072720
504.000000 -0.139641
505.000000 0.314598
506.000000 0.196069
507.000000 0.309642
508.000000 0.291167
509.000000 -0.049955
510.000000 -0.024407
511.000000 -0.152378
512.000000 -0.264246
513.000000 -0.114312
514.000000 -0.229704
515.000000 -0.225318
516.000000 -0.039831
517.000000 -0.127311
518.000000 -0.060323
519.000000 -0.029259
520.000000 -0.153582
521.000000 -0.126116
522.000000 -0.194749
523.000000 -0.409273
524.000000 -0.445191
525.000000 -0.522400
526.000000 -0.520989
527.000000 -0.395619
528.000000 -0.408765
529.000000 -0.315420
530.000000 -0.160572
531.000000 -0.195526
532.000000 -0.190895
533.000000 -0.199255
534.000000 -0.257776
535.000000 -0.215205
536.000000 -0.244777
537.000000 -0.341259
538.000000 -0.224475
539.000000 -0.174508
540.000000 -0.139675
541.000000 -0.105427
542.000000 -0.137834
543.000000 -0.101350
544.000000 -0.151185
545.000000 -0.193898
546.000000 -0.228343
547.000000 -0.269375
548.000000 -0.288189
549.000000 -0.296296
550.000000 -0.266749
551.000000 -0.183028
552.000000 -0.131110
553.000000 -0.169243
554.000000 -0.214408
555.000000 -0.288099
556.000000 -0.343341
557.000000 -0.316377
558.000000 -0.291897
559.000000 -0.327995
560.000000 -0.298556
561.000000 -0.320118
562.000000 -0.354488
563.000000 -0.358082
564.000000 -0.392643
565.000000 -0.466363
566.000000 -0.482325
567.000000 -0.486653
568.000000 -0.575001
569.000000 -0.564782
570.000000 -0.524042
571.000000 -0.515647
572.000000 -0.418435
573.000000 -0.438286
574.000000 -0.439661
575.000000 -0.401647
576.000000 -0.422695
577.000000 -0.345753
578.000000 -0.339409
579.000000 -0.375189
580.000000 -0.304040
581.000000 -0.287248
582.000000 -0.306090
583.000000 -0.265604
584.000000 -0.306250
585.000000 -0.315981
586.000000 -0.331559
587.000000 -0.302608
588.000000 -0.276677
589.000000 -0.286506
590.000000 -0.263209
591.000000 -0.370143
592.000000 -0.464224
593.000000 -0.570300
594.000000 -0.588148
595.000000 -0.561661
596.000000 -0.558957
597.000000 -0.552574
598.000000 -0.438995
599.000000 -0.396274
600.000000 -0.366162
601.000000 -0.402696
602.000000 -0.493741
603.000000 -0.513045
604.000000 -0.578534
605.000000 -0.569016
606.000000 -0.536770
607.000000 -0.527348
608.000000 -0.461953
609.000000 -0.388727
610.000000 -0.332669
611.000000 -0.309001
612.000000 -0.291501
613.000000 -0.384199
614.000000 -0.282494
615.000000 -0.239549
616.000000 -0.228066
617.000000 -0.189913
618.000000 -0.267230
619.000000 -0.350258
620.000000 -0.382387
621.000000 -0.460439
622.000000 -0.512910
623.000000 -0.441119
624.000000 -0.378869
625.000000 -0.275069
626.000000 -0.210182
627.000000 -0.231635
628.000000 -0.251598
629.000000 -0.340330
630.000000 -0.306092
631.000000 -0.261971
632.000000 -0.197686
633.000000 -0.176656
634.000000 -0.184590
635.000000 -0.193019
636.000000 -0.204918
637.000000 -0.195639
638.000000 -0.229267
639.000000 -0.288130
640.000000 -0.322808
641.000000 -0.301738
642.000000 -0.306582
643.000000 -0.279647
644.000000 -0.231623
645.000000 -0.227027
646.000000 -0.176497
647.000000 -0.118766
648.000000 -0.095220
649.000000 -0.154176
650.000000 -0.261822
651.000000 -0.411136
652.000000 -0.518510
653.000000 -0.551793
654.000000 -0.614856
655.000000 -0.566107
656.000000 -0.544474
657.000000 -0.575194
658.000000 -0.530059
659.000000 -0.504929
660.000000 -0.551342
661.000000 -0.588201
662.000000 -0.636096
663.000000 -0.613255
664.000000 -0.562204
665.000000 -0.467394
666.000000 -0.424399
667.000000 -0.342326
668.000000 -0.326682
669.000000 -0.382460
670.000000 -0.405741
671.000000 -0.349402
672.000000 -0.295854
673.000000 -0.172766
674.000000 -0.074539
675.000000 -0.071360
676.000000 -0.029860
677.000000 0.010446
678.000000 0.015727
679.000000 0.009180
680.000000 0.008096
681.000000 -0.010492
682.000000 0.084741
683.000000 0.137384
684.000000 0.194707
685.000000 0.238186
686.000000 0.126615
687.000000 0.097050
688.000000 -0.010751
689.000000 -0.098596
690.000000 -0.132646
691.000000 -0.152873
692.000000 -0.075678
693.000000 -0.083199
694.000000 -0.168074
695.000000 -0.278847
696.000000 -0.307459
697.000000 -0.364995
698.000000 -0.408360
699.000000 -0.302937
700.000000 -0.278579
701.000000 -0.198536
702.000000 -0.178575
703.000000 -0.234406
704.000000 -0.205507
705.000000 -0.251183
706.000000 -0.297109
707.000000 -0.248222
708.000000 -0.303624
709.000000 -0.242283
710.000000 -0.161882
711.000000 -0.267162
712.000000 -0.222948
713.000000 -0.252550
714.000000 -0.272000
715.000000 -0.255327
716.000000 -0.297281
717.000000 -0.334787
718.000000 -0.351097
719.000000 -0.467579
720.000000 -0.408019
721.000000 -0.440326
722.000000 -0.462600
723.000000 -0.427346
724.000000 -0.559672
725.000000 -0.529653
726.000000 -0.546608
727.000000 -0.564867
728.000000 -0.567025
729.000000 -0.586103
730.000000 -0.608996
731.000000 -0.608969
732.000000 -0.612620
733.000000 -0.644313
734.000000 -0.585519
735.000000 -0.563995
736.000000 -0.545357
737.000000 -0.487644
738.000000 -0.426183
739.000000 -0.384326
740.000000 -0.384446
741.000000 -0.355639
742.000000 -0.337827
743.000000 -0.282676
744.000000 -0.225093
745.000000 -0.178742
746.000000 -0.157966
747.000000 -0.165795
748.000000 -0.196089
749.000000 -0.154495
750.000000 -0.174088
751.000000 -0.348879
752.000000 -0.338799
753.000000 -0.416224
754.000000 -0.515763
755.000000 -0.587010
756.000000 -0.650085
757.000000 -0.666579
758.000000 -0.623319
759.000000 -0.645396
760.000000 -0.667735
761.000000 -0.703439
762.000000 -0.755877
763.000000 -0.768460
764.000000 -0.793329
765.000000 -0.843285
766.000000 -0.881588
767.000000 -0.932228
768.000000 -0.961159
769.000000 -0.949316
770.000000 -0.897230
771.000000 -0.827927
772.000000 -0.792243
773.000000 -0.697232
774.000000 -0.639885
775.000000 -0.647016
776.000000 -0.578392
777.000000 -0.572224
778.000000 -0.582041
779.000000 -0.585571
780.000000 -0.621293
781.000000 -0.629599
782.000000 -0.633028
783.000000 -0.635528
784.000000 -0.692786
785.000000 -0.678401
786.000000 -0.742414
787.000000 -0.746623
788.000000 -0.645203
789.000000 -0.664015
790.000000 -0.627480
791.000000 -0.552307
792.000000 -0.562198
793.000000 -0.554003
794.000000 -0.548877
795.000000 -0.597738
796.000000 -0.566210
797.000000 -0.640936
798.000000 -0.583340
799.000000 -0.477702
800.000000 -0.474600
801.000000 0.734698
802.000000 0.109790
803.000000 0.140612
804.000000 0.142314
805.000000 -0.297862
806.000000 1.174115
807.000000 0.716509
808.000000 0.812835
809.000000 1.310252
810.000000 0.847848
811.000000 1.083855
812.000000 1.135161
813.000000 0.203299
814.000000 0.730517
815.000000 0.552305
816.000000 0.362034
817.000000 0.691098
818.000000 0.364807
819.000000 0.284362
820.000000 0.723697
821.000000 0.207685
822.000000 0.295974
823.000000 0.385111
824.000000 0.123723
825.000000 0.376807
826.000000 0.315976
827.000000 0.038423
828.000000 0.286290
829.000000 0.078034
830.000000 -0.000318
831.000000 0.045610
832.000000 -0.167667
833.000000 -0.180607
834.000000 -0.105845
835.000000 -0.267800
836.000000 -0.183808
837.000000 -0.286791
838.000000 -0.341718
839.000000 -0.210250
840.000000 -0.302328
841.000000 -0.356431
842.000000 -0.261884
843.000000 -0.308401
844.000000 -0.178247
845.000000 -0.144697
846.000000 -0.218223
847.000000 -0.237113
848.000000 -0.272206
849.000000 -0.343891
850.000000 -0.351288
851.000000 -0.304111
852.000000 -0.243687
853.000000 -0.084503
854.000000 -0.070992
855.000000 -0.040836
856.000000 -0.015471
857.000000 -0.059812
858.000000 -0.000851
859.000000 0.020647
860.000000 0.006314
861.000000 0.000751
862.000000 -0.071516
863.000000 -0.066185
864.000000 -0.087005
865.000000 -0.086279
866.000000 -0.096879
867.000000 -0.101952
868.000000 -0.079640
869.000000 -0.152224
870.000000 -0.089083
871.000000 -0.044765
872.000000 -0.110893
873.000000 -0.116228
874.000000 -0.096913
875.000000 -0.141694
876.000000 -0.104501
877.000000 -0.118262
878.000000 -0.117291
879.000000 -0.017800
880.000000 0.114452
881.000000 0.315654
882.000000 0.457988
883.000000 0.470898
884.000000 0.532414
885.000000 0.484565
886.000000 0.439488
887.000000 0.465501
888.000000 0.382257
889.000000 0.351086
890.000000 0.463594
891.000000 0.499033
892.000000 0.598134
893.000000 0.620682
894.000000 0.562139
895.000000 0.567199
896.000000 0.422442
897.000000 0.360480
898.000000 0.387643
899.000000 0.359195
900.000000 0.463049
901.000000 0.563330
902.000000 0.545619
903.000000 0.538029
904.000000 0.481164
905.000000 0.381474
906.000000 0.428279
907.000000 0.374976
908.000000 0.383758
909.000000 0.450636
910.000000 0.403194
911.000000 0.453673
912.000000 0.535157
913.000000 0.412711
914.000000 0.418274
915.000000 0.327657
916.000000 0.198472
917.000000 0.247383
918.000000 0.156769
919.000000 0.154085
920.000000 0.215676
921.000000 0.237206
922.000000 0.278439
923.000000 0.310685
924.000000 0.315884
925.000000 0.299397
926.000000 0.343384
927.000000 0.266934
928.000000 0.236759
929.000000 0.219063
930.000000 0.161966
931.000000 0.206402
932.000000 0.149634
933.000000 0.206825
934.000000 0.283601
935.000000 0.292914
936.000000 0.315295
937.000000 0.315395
938.000000 0.218559
939.000000 0.211169
940.000000 0.225815
941.000000 0.177337
942.000000 0.154179
943.000000 0.018199
944.000000 -0.079772
945.000000 -0.248236
946.000000 -0.344524
947.000000 -0.365600
948.000000 -0.303583
949.000000 -0.182215
950.000000 -0.104949
951.000000 -0.033541
952.000000 -0.043338
953.000000 -0.164678
954.000000 -0.247664
955.000000 -0.318258
956.000000 -0.330446
957.000000 -0.297340
958.000000 -0.204777
959.000000 -0.181471
960.000000 -0.133697
961.000000 -0.047713
962.000000 0.010461
963.000000 0.053033
964.000000 0.132269
965.000000 0.163631
966.000000 0.225033
967.000000 0.232079
968.000000 0.244558
969.000000 0.278515
970.000000 0.292357
971.000000 0.303582
972.000000 0.335945
973.000000 0.351997
974.000000 0.375376
975.000000 0.345757
976.000000 0.339475
977.000000 0.367477
978.000000 0.389060
979.000000 0.339275
980.000000 0.384864
981.000000 0.382055
982.000000 0.283475
983.000000 0.254764
984.000000 0.211392
985.000000 0.188117
986.000000 0.237999
987.000000 0.198830
988.000000 0.199183
989.000000 0.114056
990.000000 0.051107
991.000000 -0.005155
992.000000 -0.071681
993.000000 -0.103307
994.000000 -0.113535
995.000000 -0.079139
996.000000 -0.121623
997.000000 -0.181342
998.000000 -0.259894
999.000000 -0.269580
1000.000000 -0.307776
1001.000000 -0.419104
1002.000000 -0.480651
1003.000000 -0.531548
1004.000000 -0.554129
1005.000000 -0.471343
1006.000000 -0.495708
1007.000000 -0.443461
1008.000000 -0.408007
1009.000000 -0.479139
1010.000000 -0.547363
1011.000000 -0.600282
1012.000000 -0.627094
1013.000000 -0.585804
1014.000000 -0.553771
1015.000000 -0.450606
1016.000000 -0.347516
1017.000000 -0.315396
1018.000000 -0.263062
1019.000000 -0.170198
1020.000000 -0.183623
1021.000000 -0.096240
1022.000000 -0.094933
1023.000000 -0.047241
1024.000000 0.027285
1025.000000 0.082684
1026.000000 0.095583
1027.000000 0.177151
1028.000000 0.254449
1029.000000 0.339981
1030.000000 0.431754
1031.000000 0.543575
1032.000000 0.640091
1033.000000 0.634251
1034.000000 0.644975
1035.000000 0.528357
1036.000000 0.463375
1037.000000 0.372296
1038.000000 0.332902
1039.000000 0.280864
1040.000000 0.297058
1041.000000 0.294215
1042.000000 0.349040
1043.000000 0.323244
1044.000000 0.318824
1045.000000 0.283717
1046.000000 0.155868
1047.000000 0.146852
1048.000000 0.162847
1049.000000 0.151308
1050.000000 0.235285
1051.000000 0.243861
1052.000000 0.290617
1053.000000 0.327745
1054.000000 0.306184
1055.000000 0.346081
1056.000000 0.315945
1057.000000 0.240135
1058.000000 0.347196
1059.000000 0.314236
1060.000000 0.360848
1061.000000 0.503528
1062.000000 0.531007
1063.000000 0.559098
1064.000000 0.662880
1065.000000 0.573077
1066.000000 0.593990
1067.000000 0.557745
1068.000000 0.456942
1069.000000 0.525974
1070.000000 0.560326
1071.000000 0.584335
1072.000000 0.629347
1073.000000 0.555102
1074.000000 0.574406
1075.000000 0.519359
1076.000000 0.480941
1077.000000 0.447621
1078.000000 0.434013
1079.000000 0.378601
1080.000000 0.419779
1081.000000 0.271013
1082.000000 0.166943
1083.000000 0.082186
1084.000000 0.049021
1085.000000 0.101657
1086.000000 0.172708
1087.000000 0.259302
1088.000000 0.311214
1089.000000 0.299076
1090.000000 0.266547
1091.000000 0.225610
1092.000000 0.242541
1093.000000 0.243461
1094.000000 0.110458
1095.000000 0.031889
1096.000000 -0.104324
1097.000000 -0.086002
1098.000000 0.008965
1099.000000 0.014488
1100.000000 0.146643
1101.000000 0.233388
1102.000000 0.231594
1103.000000 0.298344
1104.000000 0.223624
1105.000000 0.176451
1106.000000 0.275372
1107.000000 0.192471
1108.000000 0.274156
1109.000000 0.208574
1110.000000 0.168745
1111.000000 0.209074
1112.000000 0.171876
1113.000000 0.072509
1114.000000 0.092268
1115.000000 -0.030094
1116.000000 -0.101174
1117.000000 -0.068851
1118.000000 -0.104480
1119.000000 -0.136082
1120.000000 -0.165133
1121.000000 -0.209152
1122.000000 -0.267331
1123.000000 -0.353983
1124.000000 -0.287545
1125.000000 -0.158754
1126.000000 -0.077950
1127.000000 -0.005371
1128.000000 0.066598
1129.000000 0.052854
1130.000000 0.077536
1131.000000 0.019742
1132.000000 -0.011806
1133.000000 0.021759
1134.000000 -0.023101
1135.000000 -0.051364
1136.000000 -0.003710
1137.000000 -0.001838
1138.000000 0.025687
1139.000000 0.104297
1140.000000 0.160124
1141.000000 0.192870
1142.000000 0.208693
1143.000000 0.221031
1144.000000 0.237192
1145.000000 0.245292
1146.000000 0.235059
1147.000000 0.264617
1148.000000 0.209934
1149.000000 0.179651
1150.000000 0.146512
1151.000000 0.124885
1152.000000 0.141041
1153.000000 0.113048
1154.000000 0.170431
1155.000000 0.247797
1156.000000 0.154618
1157.000000 0.167266
1158.000000 0.178888
1159.000000 0.119796
1160.000000 0.114858
1161.000000 0.141662
1162.000000 0.149651
1163.000000 0.279440
1164.000000 0.236482
1165.000000 0.215889
1166.000000 0.201412
1167.000000 0.188892
1168.000000 0.244847
1169.000000 0.255357
1170.000000 0.147573
1171.000000 0.172716
1172.000000 0.131676
1173.000000 0.142412
1174.000000 0.129322
1175.000000 0.218838
1176.000000 0.263851
1177.000000 0.355360
1178.000000 0.353860
1179.000000 0.317189
1180.000000 0.257266
1181.000000 0.161512
1182.000000 0.130748
1183.000000 0.114038
1184.000000 0.149365
1185.000000 0.248546
1186.000000 0.335966
1187.000000 0.425981
1188.000000 0.522080
1189.000000 0.542232
1190.000000 0.522221
1191.000000 0.552487
1192.000000 0.455438
1193.000000 0.497220
1194.000000 0.508454
1195.000000 0.474478
1196.000000 0.487745
1197.000000 0.442170
1198.000000 0.377261
1199.000000 0.444221
1200.000000 0.424260
1201.000000 0.499254
1202.000000 0.530117
1203.000000 0.534514
1204.000000 0.593067
1205.000000 0.579367
1206.000000 1.370299
1207.000000 1.073180
1208.000000 1.145133
1209.000000 1.276806
1210.000000 1.007801
1211.000000 1.102235
1212.000000 1.067522
1213.000000 0.507055
1214.000000 0.719429
1215.000000 0.562050
1216.000000 0.452822
1217.000000 0.539447
1218.000000 0.357360
1219.000000 0.319160
1220.000000 0.558914
1221.000000 0.298066
1222.000000 0.366834
1223.000000 0.309199
1224.000000 0.148771
1225.000000 0.233115
1226.000000 0.155391
1227.000000 0.043128
1228.000000 0.269510
1229.000000 0.154843
1230.000000 0.154849
1231.000000 0.178600
1232.000000 -0.031542
1233.000000 -0.095588
1234.000000 -0.035725
1235.000000 -0.215008
1236.000000 -0.084836
1237.000000 -0.046328
1238.000000 0.012894
1239.000000 0.206608
1240.000000 0.241110
1241.000000 0.253301
1242.000000 0.248322
1243.000000 0.052119
1244.000000 -0.002758
1245.000000 -0.002216
1246.000000 0.000210
1247.000000 0.041072
1248.000000 0.035533
1249.000000 0.031172
1250.000000 0.057502
1251.000000 0.032285
1252.000000 -0.015602
1253.000000 -0.069171
1254.000000 -0.121565
1255.000000 -0.125934
1256.000000 -0.123347
1257.000000 -0.108018
1258.000000 -0.097607
1259.000000 -0.090084
1260.000000 -0.067366
1261.000000 -0.062544
1262.000000 -0.044138
1263.000000 -0.110381
1264.000000 -0.130196
1265.000000 -0.180518
1266.000000 -0.249273
1267.000000 -0.198638
1268.000000 -0.216961
1269.000000 -0.177861
1270.000000 -0.082062
1271.000000 -0.054867
1272.000000 0.019884
1273.000000 0.054663
1274.000000 0.029334
1275.000000 0.082893
1276.000000 0.139972
1277.000000 0.210980
1278.000000 0.316547
1279.000000 0.354334
1280.000000 0.416913
1281.000000 0.484582
1282.000000 0.453273
1283.000000 0.443716
1284.000000 0.498961
1285.000000 0.550697
1286.000000 0.571551
1287.000000 0.568576
1288.000000 0.532099
1289.000000 0.529994
1290.000000 0.516079
1291.000000 0.589005
1292.000000 0.661833
1293.000000 0.662110
1294.000000 0.617093
1295.000000 0.581250
1296.000000 0.528571
1297.000000 0.551012
1298.000000 0.571605
1299.000000 0.566307
1300.000000 0.561132
1301.000000 1.701694
1302.000000 0.943165
1303.000000 1.016409
1304.000000 1.037308
1305.000000 0.650734
1306.000000 0.840229
1307.000000 0.731326
1308.000000 0.674100
1309.000000 1.048073
1310.000000 1.017684
1311.000000 1.146310
1312.000000 1.239575
1313.000000 1.144389
1314.000000 1.152837
1315.000000 1.051127
1316.000000 0.942408
1317.000000 0.997384
1318.000000 0.986091
1319.000000 1.021068
1320.000000 1.084132
1321.000000 0.936381
1322.000000 0.900034
1323.000000 0.942526
1324.000000 0.854027
1325.000000 0.888243
1326.000000 0.907421
1327.000000 0.904506
1328.000000 0.967759
1329.000000 0.894386
1330.000000 0.838416
1331.000000 0.865368
1332.000000 0.833174
1333.000000 0.903165
1334.000000 0.920302
1335.000000 0.850082
1336.000000 0.859898
1337.000000 0.760234
1338.000000 0.736642
1339.000000 0.713455
1340.000000 0.637238
1341.000000 0.661686
1342.000000 0.703894
1343.000000 0.687031
1344.000000 0.753679
1345.000000 0.739480
1346.000000 0.763132
1347.000000 0.731053
1348.000000 0.720916
1349.000000 0.699788
1350.000000 0.591448
1351.000000 0.559009
1352.000000 0.536188
1353.000000 0.406194
1354.000000 0.404745
1355.000000 0.382539
1356.000000 0.329523
1357.000000 0.392349
1358.000000 0.395219
1359.000000 0.391164
1360.000000 0.456010
1361.000000 0.472373
1362.000000 0.461225
1363.000000 0.566344
1364.000000 0.628350
1365.000000 0.631830
1366.000000 0.718761
1367.000000 0.739237
1368.000000 0.757718
1369.000000 0.768263
1370.000000 0.672771
1371.000000 0.703395
1372.000000 0.707566
1373.000000 0.645795
1374.000000 0.678776
1375.000000 0.641299
1376.000000 0.674338
1377.000000 0.699673
1378.000000 0.753706
1379.000000 0.769915
1380.000000 0.774574
1381.000000 0.751364
1382.000000 0.754883
1383.000000 0.806888
1384.000000 0.839896
1385.000000 0.911658
1386.000000 0.920778
1387.000000 0.850730
1388.000000 0.809542
1389.000000 0.798739
1390.000000 0.719816
1391.000000 0.696066
1392.000000 0.698420
1393.000000 0.653648
1394.000000 0.730876
1395.000000 0.675790
1396.000000 0.606071
1397.000000 0.584270
1398.000000 0.498212
1399.000000 0.457783
1400.000000 0.436928
1401.000000 0.310284
1402.000000 0.259981
1403.000000 0.318646
1404.000000 0.329203
1405.000000 0.368305
1406.000000 0.425816
1407.000000 0.485687
1408.000000 0.650457
1409.000000 0.650874
1410.000000 0.583918
1411.000000 0.534643
1412.000000 0.393133
1413.000000 0.353830
1414.000000 0.284385
1415.000000 0.273061
1416.000000 0.261946
1417.000000 0.247974
1418.000000 0.348898
1419.000000 0.396723
1420.000000 0.398738
1421.000000 0.474864
1422.000000 0.408715
1423.000000 0.398519
1424.000000 0.410132
1425.000000 0.325623
1426.000000 0.255478
1427.000000 0.263535
1428.000000 0.245250
1429.000000 0.307127
1430.000000 0.365927
1431.000000 0.442306
1432.000000 0.515547
1433.000000 0.563773
1434.000000 0.568578
1435.000000 0.576702
1436.000000 0.591504
1437.000000 0.564438
1438.000000 0.539086
1439.000000 0.536633
1440.000000 0.560121
1441.000000 0.490486
1442.000000 0.484748
1443.000000 0.569683
1444.000000 0.573256
1445.000000 0.627592
1446.000000 0.717881
1447.000000 0.687231
1448.000000 0.701446
1449.000000 0.673428
1450.000000 0.545892
1451.000000 0.557711
1452.000000 0.477606
1453.000000 0.521495
1454.000000 0.628768
1455.000000 0.624042
1456.000000 0.646849
1457.000000 0.647635
1458.000000 0.617842
1459.000000 0.681443
1460.000000 0.608288
1461.000000 0.539892
1462.000000 0.541959
1463.000000 0.499288
1464.000000 0.530919
1465.000000 0.554003
1466.000000 0.614823
1467.000000 0.736109
1468.000000 0.771629
1469.000000 0.823484
1470.000000 0.817569
1471.000000 0.780989
1472.000000 0.765529
1473.000000 0.739807
1474.000000 0.823200
1475.000000 0.804417
1476.000000 0.763680
1477.000000 0.803557
1478.000000 0.764277
1479.000000 0.814204
1480.000000 0.826114
1481.000000 0.780095
1482.000000 0.770499
1483.000000 0.684102
1484.000000 0.630833
1485.000000 0.612811
1486.000000 0.676529
1487.000000 0.736881
1488.000000 0.880645
1489.000000 0.872882
1490.000000 0.863568
1491.000000 0.887288
1492.000000 0.802991
1493.000000 0.810719
1494.000000 0.748056
1495.000000 0.690811
1496.000000 0.703685
1497.000000 0.607137
1498.000000 0.532759
1499.000000 0.511544
1500.000000 0.422181
1501.000000 0.430686
1502.000000 0.390379
1503.000000 0.280111
1504.000000 0.289077
1505.000000 0.306293
1506.000000 0.206893
1507.000000 0.213347
1508.000000 0.181490
1509.000000 0.136438
1510.000000 0.168666
1511.000000 0.094805
1512.000000 0.122377
1513.000000 0.140018
1514.000000 0.108789
1515.000000 0.169092
1516.000000 0.143556
1517.000000 0.197766
1518.000000 0.282272
1519.000000 0.316422
1520.000000 0.329022
1521.000000 0.296862
1522.000000 0.323010
1523.000000 0.274770
1524.000000 0.196522
1525.000000 0.177026
1526.000000 0.197392
1527.000000 0.199604
1528.000000 0.254126
1529.000000 0.332269
1530.000000 0.400379
1531.000000 0.457330
1532.000000 0.459330
1533.000000 0.458694
1534.000000 0.499837
1535.000000 0.459551
1536.000000 0.577596
1537.000000 0.619029
1538.000000 0.695903
1539.000000 0.837962
1540.000000 0.925468
1541.000000 0.937967
1542.000000 0.976659
1543.000000 0.899016
1544.000000 0.875643
1545.000000 0.958764
1546.000000 0.945403
1547.000000 0.990579
1548.000000 1.009614
1549.000000 1.056290
1550.000000 1.111117
1551.000000 1.044275
1552.000000 0.975136
1553.000000 0.928026
1554.000000 0.915883
1555.000000 0.911864
1556.000000 0.921493
1557.000000 0.869909
1558.000000 0.877335
1559.000000 0.844840
1560.000000 0.874917
1561.000000 0.807470
1562.000000 0.804280
1563.000000 0.760862
1564.000000 0.774577
1565.000000 0.769438
1566.000000 0.772750
1567.000000 0.807305
1568.000000 0.728488
1569.000000 0.680207
1570.000000 0.651214
1571.000000 0.631529
1572.000000 0.670377
1573.000000 0.673095
1574.000000 0.662670
1575.000000 0.601995
1576.000000 0.464712
1577.000000 0.335988
1578.000000 0.228459
1579.000000 0.189188
1580.000000 0.170301
1581.000000 0.225253
1582.000000 0.292054
1583.000000 0.315915
1584.000000 0.332189
1585.000000 0.269134
1586.000000 0.163646
1587.000000 0.126038
1588.000000 0.065029
1589.000000 0.074051
1590.000000 0.137692
1591.000000 0.140734
1592.000000 0.250180
1593.000000 0.240207
1594.000000 0.225495
1595.000000 0.274033
1596.000000 0.230063
1597.000000 0.247593
1598.000000 0.358741
1599.000000 0.323991
1600.000000 0.351190
