1.000000 0.000000
2.000000 0.000000
3.000000 0.000000
4.000000 0.000000
5.000000 0.000000
6.000000 0.000000
7.000000 0.000000
8.000000 0.000000
9.000000 0.000000
10.000000 0.000000
11.000000 0.000000
12.000000 0.000000
13.000000 0.000000
14.000000 0.000000
15.000000 0.349456
16.000000 0.060297
17.000000 0.066635
18.000000 0.048302
19.000000 0.073566
20.000000 0.078919
21.000000 0.085971
22.000000 0.064169
23.000000 0.086139
24.000000 0.089923
25.000000 0.095592
26.000000 0.099769
27.000000 0.103666
28.000000 0.106640
29.000000 0.110156
30.000000 0.113754
31.000000 0.117167
32.000000 0.120495
33.000000 0.123608
34.000000 0.126776
35.000000 0.129772
36.000000 0.132692
37.000000 0.135497
38.000000 0.138216
39.000000 0.140830
40.000000 0.143358
41.000000 0.145794
42.000000 0.148143
43.000000 0.150404
44.000000 0.152580
45.000000 0.154673
46.000000 0.156683
47.000000 0.158614
48.000000 0.160466
49.000000 0.162242
50.000000 0.163944
51.000000 0.165572
52.000000 0.167129
53.000000 0.168616
54.000000 0.170036
55.000000 0.171389
56.000000 0.172678
57.000000 0.173904
58.000000 0.175068
59.000000 0.176173
60.000000 0.177220
61.000000 0.178210
62.000000 0.179144
63.000000 0.180025
64.000000 0.180854
65.000000 0.181631
66.000000 0.182359
67.000000 0.183039
68.000000 0.183672
69.000000 0.184260
70.000000 0.184803
71.000000 0.185302
72.000000 0.185760
73.000000 0.186177
74.000000 0.186554
75.000000 0.186893
76.000000 0.187194
77.000000 0.187459
78.000000 0.187688
79.000000 0.187883
80.000000 0.188044
81.000000 0.188173
82.000000 0.188270
83.000000 0.188336
84.000000 0.188372
85.000000 0.188379
86.000000 0.188358
87.000000 0.188309
88.000000 0.188233
89.000000 0.188131
90.000000 0.188004
91.000000 0.187852
92.000000 0.187676
93.000000 0.187477
94.000000 0.187255
95.000000 0.187010
96.000000 0.186744
97.000000 0.186457
98.000000 0.186150
99.000000 0.185822
100.000000 0.185476
101.000000 0.185110
102.000000 0.184725
103.000000 0.184322
104.000000 0.183902
105.000000 0.183465
106.000000 0.183010
107.000000 0.182540
108.000000 0.182053
109.000000 0.181550
110.000000 0.181032
111.000000 0.180499
112.000000 0.179952
113.000000 0.179389
114.000000 0.178813
115.000000 0.178223
116.000000 0.177619
117.000000 0.177002
118.000000 0.176372
119.000000 0.175729
120.000000 0.175074
121.000000 0.174406
122.000000 0.173726
123.000000 0.173033
124.000000 0.172329
125.000000 0.171614
126.000000 0.170887
127.000000 0.170148
128.000000 0.169399
129.000000 0.168638
130.000000 0.167867
131.000000 0.167085
132.000000 0.166292
133.000000 0.165489
134.000000 0.164675
135.000000 0.163851
136.000000 0.163017
137.000000 0.162173
138.000000 0.161319
139.000000 0.160454
140.000000 0.159580
141.000000 0.158697
142.000000 0.157803
143.000000 0.156900
144.000000 0.155987
145.000000 0.155065
146.000000 0.154133
147.000000 0.153192
148.000000 0.152241
149.000000 0.151281
150.000000 0.150311
151.000000 0.149332
152.000000 0.148344
153.000000 0.147347
154.000000 0.146340
155.000000 0.145324
156.000000 0.144298
157.000000 0.143264
158.000000 0.142220
159.000000 0.141166
160.000000 0.140104
161.000000 0.139032
162.000000 0.137951
163.000000 0.136860
164.000000 0.135761
165.000000 0.134651
166.000000 0.133533
167.000000 0.132405
168.000000 0.131268
169.000000 0.130121
170.000000 0.128965
171.000000 0.127799
172.000000 0.126624
173.000000 0.125439
174.000000 0.124244
175.000000 0.123040
176.000000 0.121826
177.000000 0.120603
178.000000 0.119370
179.000000 0.118126
180.000000 0.116873
181.000000 0.115610
182.000000 0.114337
183.000000 0.113055
184.000000 0.111762
185.000000 0.110458
186.000000 0.109145
187.000000 0.107821
188.000000 0.106488
189.000000 0.105143
190.000000 0.103789
191.000000 0.102423
192.000000 0.101048
193.000000 0.099661
194.000000 0.098264
195.000000 0.096856
196.000000 0.095438
197.000000 0.094008
198.000000 0.092568
199.000000 0.091116
200.000000 0.089654
201.000000 0.088180
202.000000 0.086695
203.000000 0.085199
204.000000 0.083691
205.000000 0.082172
206.000000 0.080641
207.000000 0.079098
208.000000 0.077544
209.000000 0.075978
210.000000 0.074400
211.000000 0.072810
212.000000 0.071208
213.000000 0.069594
214.000000 0.067968
215.000000 0.066329
216.000000 0.064678
217.000000 0.063014
218.000000 0.061338
219.000000 0.059649
220.000000 0.057948
221.000000 0.056233
222.000000 0.054506
223.000000 0.052765
224.000000 0.051011
225.000000 0.049244
226.000000 0.047464
227.000000 0.045670
228.000000 0.043863
229.000000 0.042042
230.000000 0.040208
231.000000 0.038359
232.000000 0.036497
233.000000 0.034620
234.000000 0.032729
235.000000 0.030825
236.000000 0.028905
237.000000 0.026971
238.000000 0.025023
239.000000 0.023060
240.000000 0.021082
241.000000 0.019089
242.000000 0.017082
243.000000 0.015059
244.000000 0.013021
245.000000 0.010967
246.000000 0.008898
247.000000 0.006813
248.000000 0.004713
249.000000 0.002597
250.000000 0.000465
251.000000 -0.001684
252.000000 -0.003848
253.000000 -0.006029
254.000000 -0.008226
255.000000 -0.010439
256.000000 -0.012670
257.000000 -0.014917
258.000000 -0.017181
259.000000 -0.019462
260.000000 -0.021761
261.000000 -0.024076
262.000000 -0.026410
263.000000 -0.028760
264.000000 -0.031129
265.000000 -0.033515
266.000000 -0.035919
267.000000 -0.038342
268.000000 -0.040782
269.000000 -0.043241
270.000000 -0.045719
271.000000 -0.048215
272.000000 -0.050730
273.000000 -0.053264
274.000000 -0.055817
275.000000 -0.058390
276.000000 -0.060982
277.000000 -0.063593
278.000000 -0.066224
279.000000 -0.068875
280.000000 -0.071545
281.000000 -0.074236
282.000000 -0.076947
283.000000 -0.079679
284.000000 -0.082431
285.000000 -0.085204
286.000000 -0.087998
287.000000 -0.090813
288.000000 -0.093649
289.000000 -0.096506
290.000000 -0.099385
291.000000 -0.102286
292.000000 -0.105209
293.000000 -0.108153
294.000000 -0.111120
295.000000 -0.114109
296.000000 -0.117121
297.000000 -0.120155
298.000000 -0.123212
299.000000 -0.126293
300.000000 -0.129396
301.000000 -0.132523
302.000000 -0.135674
303.000000 -0.138848
304.000000 -0.142046
305.000000 -0.145268
306.000000 -0.148515
307.000000 -0.151786
308.000000 -0.155081
309.000000 -0.158402
310.000000 -0.161747
311.000000 -0.165118
312.000000 -0.168514
313.000000 -0.171936
314.000000 -0.175384
315.000000 -0.178857
316.000000 -0.182357
317.000000 -0.185883
318.000000 -0.189436
319.000000 -0.193015
320.000000 -0.196621
321.000000 -0.200255
322.000000 -0.203916
323.000000 -0.207605
324.000000 -0.211321
325.000000 -0.215065
326.000000 -0.218838
327.000000 -0.222639
328.000000 -0.226469
329.000000 -0.230328
330.000000 -0.234215
331.000000 -0.238132
332.000000 -0.242079
333.000000 -0.246055
334.000000 -0.250061
335.000000 -0.254098
336.000000 -0.258164
337.000000 -0.262262
338.000000 -0.266390
339.000000 -0.270550
340.000000 -0.274741
341.000000 -0.278963
342.000000 -0.283217
343.000000 -0.287504
344.000000 -0.291822
345.000000 -0.296174
346.000000 -0.300558
347.000000 -0.304975
348.000000 -0.309425
349.000000 -0.313909
350.000000 -0.318427
351.000000 -0.322978
352.000000 -0.327565
353.000000 -0.332185
354.000000 -0.336841
355.000000 -0.341531
356.000000 -0.346257
357.000000 -0.351019
358.000000 -0.355816
359.000000 -0.360650
360.000000 -0.365520
361.000000 -0.370427
362.000000 -0.375370
363.000000 -0.380351
364.000000 -0.385370
365.000000 -0.390426
366.000000 -0.395521
367.000000 -0.400654
368.000000 -0.405825
369.000000 -0.411036
370.000000 -0.416286
371.000000 -0.421575
372.000000 -0.426904
373.000000 -0.432274
374.000000 -0.437684
375.000000 -0.443135
376.000000 -0.448626
377.000000 -0.454160
378.000000 -0.459735
379.000000 -0.465351
380.000000 -0.471011
381.000000 -0.476713
382.000000 -0.482458
383.000000 -0.488246
384.000000 -0.494078
385.000000 -0.499954
386.000000 -0.505874
387.000000 -0.511839
388.000000 -0.517848
389.000000 -0.523903
390.000000 -0.530004
391.000000 -0.536151
392.000000 -0.542344
393.000000 -0.548583
394.000000 -0.554870
395.000000 -0.561204
396.000000 -0.567586
397.000000 -0.574016
398.000000 -0.580494
399.000000 -0.587022
400.000000 -0.593598
401.000000 0.098689
402.000000 -0.486305
403.000000 -0.480356
404.000000 -0.523799
405.000000 -0.480099
406.000000 -0.476272
407.000000 -0.469101
408.000000 -0.455106
409.000000 -0.459811
410.000000 -0.455891
411.000000 -0.452571
412.000000 -0.444823
413.000000 -0.443348
414.000000 -0.439016
415.000000 -0.435640
416.000000 -0.431582
417.000000 -0.428086
418.000000 -0.424373
419.000000 -0.420869
420.000000 -0.417467
421.000000 -0.414150
422.000000 -0.410896
423.000000 -0.407709
424.000000 -0.404621
425.000000 -0.401598
426.000000 -0.398654
427.000000 -0.395780
428.000000 -0.392981
429.000000 -0.390250
430.000000 -0.387589
431.000000 -0.384995
432.000000 -0.382468
433.000000 -0.380005
434.000000 -0.377604
435.000000 -0.375265
436.000000 -0.372986
437.000000 -0.370765
438.000000 -0.368600
439.000000 -0.366490
440.000000 -0.364434
441.000000 -0.362430
442.000000 -0.360476
443.000000 -0.358571
444.000000 -0.356714
445.000000 -0.354903
446.000000 -0.353137
447.000000 -0.351414
448.000000 -0.349733
449.000000 -0.348092
450.000000 -0.346491
451.000000 -0.344928
452.000000 -0.343402
453.000000 -0.341911
454.000000 -0.340455
455.000000 -0.339032
456.000000 -0.337641
457.000000 -0.336281
458.000000 -0.334950
459.000000 -0.333649
460.000000 -0.332375
461.000000 -0.331127
462.000000 -0.329906
463.000000 -0.328709
464.000000 -0.327536
465.000000 -0.326386
466.000000 -0.325257
467.000000 -0.324150
468.000000 -0.323063
469.000000 -0.321996
470.000000 -0.320947
471.000000 -0.319915
472.000000 -0.318901
473.000000 -0.317904
474.000000 -0.316921
475.000000 -0.315954
476.000000 -0.315001
477.000000 -0.314062
478.000000 -0.313135
479.000000 -0.312221
480.000000 -0.311319
481.000000 -0.310428
482.000000 -0.309547
483.000000 -0.308676
484.000000 -0.307815
485.000000 -0.306963
486.000000 -0.306119
487.000000 -0.305283
488.000000 -0.304455
489.000000 -0.303634
490.000000 -0.302819
491.000000 -0.302011
492.000000 -0.301208
493.000000 -0.300411
494.000000 -0.299618
495.000000 -0.298830
496.000000 -0.298047
497.000000 -0.297267
498.000000 -0.296491
499.000000 -0.295717
500.000000 -0.294947
501.000000 -0.294179
502.000000 -0.293414
503.000000 -0.292650
504.000000 -0.291888
505.000000 -0.291127
506.000000 -0.290368
507.000000 -0.289609
508.000000 -0.288851
509.000000 -0.288093
510.000000 -0.287335
511.000000 -0.286577
512.000000 -0.285818
513.000000 -0.285059
514.000000 -0.284299
515.000000 -0.283538
516.000000 -0.282776
517.000000 -0.282012
518.000000 -0.281247
519.000000 -0.280480
520.000000 -0.279711
521.000000 -0.278940
522.000000 -0.278167
523.000000 -0.277391
524.000000 -0.276612
525.000000 -0.275830
526.000000 -0.275046
527.000000 -0.274259
528.000000 -0.273468
529.000000 -0.272674
530.000000 -0.271876
531.000000 -0.271075
532.000000 -0.270269
533.000000 -0.269460
534.000000 -0.268647
535.000000 -0.267830
536.000000 -0.267009
537.000000 -0.266183
538.000000 -0.265352
539.000000 -0.264517
540.000000 -0.263677
541.000000 -0.262833
542.000000 -0.261983
543.000000 -0.261129
544.000000 -0.260269
545.000000 -0.259404
546.000000 -0.258534
547.000000 -0.257658
548.000000 -0.256777
549.000000 -0.255890
550.000000 -0.254997
551.000000 -0.254099
552.000000 -0.253195
553.000000 -0.252285
554.000000 -0.251368
555.000000 -0.250446
556.000000 -0.249517
557.000000 -0.248582
558.000000 -0.247641
559.000000 -0.246693
560.000000 -0.245739
561.000000 -0.244778
562.000000 -0.243810
563.000000 -0.242836
564.000000 -0.241855
565.000000 -0.240867
566.000000 -0.239871
567.000000 -0.238869
568.000000 -0.237860
569.000000 -0.236843
570.000000 -0.235819
571.000000 -0.234788
572.000000 -0.233749
573.000000 -0.232703
574.000000 -0.231649
575.000000 -0.230587
576.000000 -0.229518
577.000000 -0.228441
578.000000 -0.227356
579.000000 -0.226263
580.000000 -0.225162
581.000000 -0.224053
582.000000 -0.222935
583.000000 -0.221810
584.000000 -0.220676
585.000000 -0.219534
586.000000 -0.218383
587.000000 -0.217224
588.000000 -0.216056
589.000000 -0.214879
590.000000 -0.213694
591.000000 -0.212500
592.000000 -0.211297
593.000000 -0.210085
594.000000 -0.208864
595.000000 -0.207634
596.000000 -0.206395
597.000000 -0.205146
598.000000 -0.203888
599.000000 -0.202621
600.000000 -0.201344
601.000000 -0.200057
602.000000 -0.198761
603.000000 -0.197456
604.000000 -0.196140
605.000000 -0.194815
606.000000 -0.193479
607.000000 -0.192134
608.000000 -0.190778
609.000000 -0.189413
610.000000 -0.188037
611.000000 -0.186650
612.000000 -0.185253
613.000000 -0.183846
614.000000 -0.182428
615.000000 -0.181000
616.000000 -0.179561
617.000000 -0.178111
618.000000 -0.176649
619.000000 -0.175177
620.000000 -0.173694
621.000000 -0.172200
622.000000 -0.170695
623.000000 -0.169178
624.000000 -0.167649
625.000000 -0.166110
626.000000 -0.164558
627.000000 -0.162995
628.000000 -0.161420
629.000000 -0.159834
630.000000 -0.158235
631.000000 -0.156624
632.000000 -0.155001
633.000000 -0.153366
634.000000 -0.151719
635.000000 -0.150059
636.000000 -0.148386
637.000000 -0.146701
638.000000 -0.145004
639.000000 -0.143293
640.000000 -0.141570
641.000000 -0.139833
642.000000 -0.138084
643.000000 -0.136321
644.000000 -0.134545
645.000000 -0.132756
646.000000 -0.130953
647.000000 -0.129137
648.000000 -0.127307
649.000000 -0.125463
650.000000 -0.123605
651.000000 -0.121733
652.000000 -0.119847
653.000000 -0.117947
654.000000 -0.116032
655.000000 -0.114103
656.000000 -0.112160
657.000000 -0.110202
658.000000 -0.108229
659.000000 -0.106241
660.000000 -0.104238
661.000000 -0.102220
662.000000 -0.100187
663.000000 -0.098139
664.000000 -0.096075
665.000000 -0.093996
666.000000 -0.091901
667.000000 -0.089790
668.000000 -0.087663
669.000000 -0.085520
670.000000 -0.083361
671.000000 -0.081186
672.000000 -0.078994
673.000000 -0.076786
674.000000 -0.074561
675.000000 -0.072319
676.000000 -0.070061
677.000000 -0.067785
678.000000 -0.065493
679.000000 -0.063182
680.000000 -0.060855
681.000000 -0.058510
682.000000 -0.056147
683.000000 -0.053767
684.000000 -0.051369
685.000000 -0.048952
686.000000 -0.046517
687.000000 -0.044064
688.000000 -0.041593
689.000000 -0.039103
690.000000 -0.036594
691.000000 -0.034066
692.000000 -0.031519
693.000000 -0.028953
694.000000 -0.026367
695.000000 -0.023762
696.000000 -0.021138
697.000000 -0.018493
698.000000 -0.015829
699.000000 -0.013144
700.000000 -0.010440
701.000000 -0.007715
702.000000 -0.004969
703.000000 -0.002203
704.000000 0.000584
705.000000 0.003393
706.000000 0.006222
707.000000 0.009073
708.000000 0.011945
709.000000 0.014839
710.000000 0.017754
711.000000 0.020692
712.000000 0.023652
713.000000 0.026634
714.000000 0.029638
715.000000 0.032665
716.000000 0.035715
717.000000 0.038788
718.000000 0.041885
719.000000 0.045004
720.000000 0.048147
721.000000 0.051314
722.000000 0.054504
723.000000 0.057719
724.000000 0.060958
725.000000 0.064221
726.000000 0.067509
727.000000 0.070822
728.000000 0.074159
729.000000 0.077522
730.000000 0.080910
731.000000 0.084324
732.000000 0.087764
733.000000 0.091229
734.000000 0.094720
735.000000 0.098238
736.000000 0.101783
737.000000 0.105354
738.000000 0.108952
739.000000 0.112577
740.000000 0.116229
741.000000 0.119909
742.000000 0.123617
743.000000 0.127352
744.000000 0.131116
745.000000 0.134908
746.000000 0.138729
747.000000 0.142579
748.000000 0.146457
749.000000 0.150365
750.000000 0.154302
751.000000 0.158269
752.000000 0.162266
753.000000 0.166293
754.000000 0.170350
755.000000 0.174438
756.000000 0.178557
757.000000 0.182707
758.000000 0.186888
759.000000 0.191101
760.000000 0.195345
761.000000 0.199621
762.000000 0.203930
763.000000 0.208271
764.000000 0.212645
765.000000 0.217052
766.000000 0.221491
767.000000 0.225965
768.000000 0.230472
769.000000 0.235013
770.000000 0.239589
771.000000 0.244198
772.000000 0.248843
773.000000 0.253523
774.000000 0.258238
775.000000 0.262988
776.000000 0.267774
777.000000 0.272597
778.000000 0.277455
779.000000 0.282351
780.000000 0.287283
781.000000 0.292252
782.000000 0.297259
783.000000 0.302304
784.000000 0.307386
785.000000 0.312507
786.000000 0.317667
787.000000 0.322865
788.000000 0.328103
789.000000 0.333380
790.000000 0.338697
791.000000 0.344054
792.000000 0.349451
793.000000 0.354889
794.000000 0.360368
795.000000 0.365888
796.000000 0.371450
797.000000 0.377054
798.000000 0.382700
799.000000 0.388389
800.000000 0.394121
801.000000 -0.124289
802.000000 0.315267
803.000000 0.311623
804.000000 0.345029
805.000000 0.313084
806.000000 0.311049
807.000000 0.306514
808.000000 0.293637
809.000000 0.300101
810.000000 0.297850
811.000000 0.296272
812.000000 0.291007
813.000000 0.290734
814.000000 0.288089
815.000000 0.286267
816.000000 0.283910
817.000000 0.281989
818.000000 0.279890
819.000000 0.277941
820.000000 0.276082
821.000000 0.274279
822.000000 0.272523
823.000000 0.270813
824.000000 0.269178
825.000000 0.267588
826.000000 0.266057
827.000000 0.264578
828.000000 0.263154
829.000000 0.261780
830.000000 0.260458
831.000000 0.259186
832.000000 0.257964
833.000000 0.256789
834.000000 0.255661
835.000000 0.254579
836.000000 0.253542
837.000000 0.252549
838.000000 0.251599
839.000000 0.250690
840.000000 0.249822
841.000000 0.248994
842.000000 0.248205
843.000000 0.247453
844.000000 0.246739
845.000000 0.246060
846.000000 0.245416
847.000000 0.244806
848.000000 0.244229
849.000000 0.243684
850.000000 0.243171
851.000000 0.242688
852.000000 0.242235
853.000000 0.241811
854.000000 0.241415
855.000000 0.241046
856.000000 0.240704
857.000000 0.240387
858.000000 0.240096
859.000000 0.239829
860.000000 0.239586
861.000000 0.239366
862.000000 0.239168
863.000000 0.238992
864.000000 0.238837
865.000000 0.238702
866.000000 0.238588
867.000000 0.238493
868.000000 0.238417
869.000000 0.238359
870.000000 0.238320
871.000000 0.238297
872.000000 0.238291
873.000000 0.238302
874.000000 0.238329
875.000000 0.238371
876.000000 0.238428
877.000000 0.238500
878.000000 0.238586
879.000000 0.238687
880.000000 0.238800
881.000000 0.238927
882.000000 0.239067
883.000000 0.239219
884.000000 0.239383
885.000000 0.239559
886.000000 0.239747
887.000000 0.239945
888.000000 0.240155
889.000000 0.240376
890.000000 0.240607
891.000000 0.240848
892.000000 0.241099
893.000000 0.241360
894.000000 0.241630
895.000000 0.241909
896.000000 0.242198
897.000000 0.242495
898.000000 0.242801
899.000000 0.243116
900.000000 0.243439
901.000000 0.243770
902.000000 0.244109
903.000000 0.244456
904.000000 0.244810
905.000000 0.245172
906.000000 0.245542
907.000000 0.245919
908.000000 0.246303
909.000000 0.246693
910.000000 0.247091
911.000000 0.247496
912.000000 0.247907
913.000000 0.248325
914.000000 0.248749
915.000000 0.249180
916.000000 0.249617
917.000000 0.250061
918.000000 0.250510
919.000000 0.250966
920.000000 0.251428
921.000000 0.251896
922.000000 0.252369
923.000000 0.252849
924.000000 0.253334
925.000000 0.253825
926.000000 0.254322
927.000000 0.254824
928.000000 0.255332
929.000000 0.255846
930.000000 0.256365
931.000000 0.256890
932.000000 0.257420
933.000000 0.257956
934.000000 0.258497
935.000000 0.259044
936.000000 0.259596
937.000000 0.260153
938.000000 0.260716
939.000000 0.261284
940.000000 0.261858
941.000000 0.262437
942.000000 0.263021
943.000000 0.263611
944.000000 0.264206
945.000000 0.264806
946.000000 0.265412
947.000000 0.266022
948.000000 0.266639
949.000000 0.267260
950.000000 0.267887
951.000000 0.268520
952.000000 0.269157
953.000000 0.269801
954.000000 0.270449
955.000000 0.271103
956.000000 0.271762
957.000000 0.272427
958.000000 0.273098
959.000000 0.273773
960.000000 0.274455
961.000000 0.275142
962.000000 0.275834
963.000000 0.276532
964.000000 0.277235
965.000000 0.277945
966.000000 0.278659
967.000000 0.279380
968.000000 0.280106
969.000000 0.280838
970.000000 0.281576
971.000000 0.282319
972.000000 0.283069
973.000000 0.283824
974.000000 0.284585
975.000000 0.285352
976.000000 0.286125
977.000000 0.286904
978.000000 0.287689
979.000000 0.288480
980.000000 0.289277
981.000000 0.290080
982.000000 0.290890
983.000000 0.291706
984.000000 0.292528
985.000000 0.293356
986.000000 0.294191
987.000000 0.295032
988.000000 0.295879
989.000000 0.296733
990.000000 0.297594
991.000000 0.298461
992.000000 0.299334
993.000000 0.300214
994.000000 0.301101
995.000000 0.301995
996.000000 0.302896
997.000000 0.303803
998.000000 0.304717
999.000000 0.305638
1000.000000 0.306567
1001.000000 0.307502
1002.000000 0.308444
1003.000000 0.309394
1004.000000 0.310350
1005.000000 0.311314
1006.000000 0.312285
1007.000000 0.313264
1008.000000 0.314250
1009.000000 0.315243
1010.000000 0.316244
1011.000000 0.317252
1012.000000 0.318268
1013.000000 0.319292
1014.000000 0.320323
1015.000000 0.321363
1016.000000 0.322410
1017.000000 0.323465
1018.000000 0.324528
1019.000000 0.325599
1020.000000 0.326678
1021.000000 0.327765
1022.000000 0.328860
1023.000000 0.329964
1024.000000 0.331076
1025.000000 0.332196
1026.000000 0.333325
1027.000000 0.334462
1028.000000 0.335608
1029.000000 0.336763
1030.000000 0.337926
1031.000000 0.339098
1032.000000 0.340279
1033.000000 0.341469
1034.000000 0.342668
1035.000000 0.343875
1036.000000 0.345092
1037.000000 0.346318
1038.000000 0.347553
1039.000000 0.348798
1040.000000 0.350052
1041.000000 0.351315
1042.000000 0.352588
1043.000000 0.353871
1044.000000 0.355163
1045.000000 0.356465
1046.000000 0.357777
1047.000000 0.359099
1048.000000 0.360430
1049.000000 0.361772
1050.000000 0.363124
1051.000000 0.364485
1052.000000 0.365858
1053.000000 0.367240
1054.000000 0.368633
1055.000000 0.370037
1056.000000 0.371451
1057.000000 0.372875
1058.000000 0.374311
1059.000000 0.375757
1060.000000 0.377214
1061.000000 0.378682
1062.000000 0.380162
1063.000000 0.381652
1064.000000 0.383153
1065.000000 0.384666
1066.000000 0.386191
1067.000000 0.387726
1068.000000 0.389274
1069.000000 0.390833
1070.000000 0.392404
1071.000000 0.393986
1072.000000 0.395581
1073.000000 0.397187
1074.000000 0.398806
1075.000000 0.400437
1076.000000 0.402080
1077.000000 0.403735
1078.000000 0.405403
1079.000000 0.407084
1080.000000 0.408777
1081.000000 0.410483
1082.000000 0.412202
1083.000000 0.413934
1084.000000 0.415679
1085.000000 0.417437
1086.000000 0.419208
1087.000000 0.420993
1088.000000 0.422791
1089.000000 0.424602
1090.000000 0.426428
1091.000000 0.428267
1092.000000 0.430120
1093.000000 0.431986
1094.000000 0.433867
1095.000000 0.435763
1096.000000 0.437672
1097.000000 0.439596
1098.000000 0.441534
1099.000000 0.443487
1100.000000 0.445455
1101.000000 0.447437
1102.000000 0.449434
1103.000000 0.451447
1104.000000 0.453474
1105.000000 0.455517
1106.000000 0.457576
1107.000000 0.459649
1108.000000 0.461739
1109.000000 0.463844
1110.000000 0.465965
1111.000000 0.468102
1112.000000 0.470255
1113.000000 0.472425
1114.000000 0.474611
1115.000000 0.476813
1116.000000 0.479032
1117.000000 0.481267
1118.000000 0.483520
1119.000000 0.485789
1120.000000 0.488075
1121.000000 0.490379
1122.000000 0.492700
1123.000000 0.495039
1124.000000 0.497395
1125.000000 0.499769
1126.000000 0.502161
1127.000000 0.504571
1128.000000 0.506999
1129.000000 0.509445
1130.000000 0.511910
1131.000000 0.514393
1132.000000 0.516895
1133.000000 0.519416
1134.000000 0.521956
1135.000000 0.524515
1136.000000 0.527094
1137.000000 0.529692
1138.000000 0.532309
1139.000000 0.534946
1140.000000 0.537603
1141.000000 0.540280
1142.000000 0.542978
1143.000000 0.545695
1144.000000 0.548433
1145.000000 0.551192
1146.000000 0.553971
1147.000000 0.556772
1148.000000 0.559593
1149.000000 0.562436
1150.000000 0.565300
1151.000000 0.568186
1152.000000 0.571094
1153.000000 0.574023
1154.000000 0.576975
1155.000000 0.579949
1156.000000 0.582945
1157.000000 0.585964
1158.000000 0.589005
1159.000000 0.592070
1160.000000 0.595158
1161.000000 0.598269
1162.000000 0.601403
1163.000000 0.604561
1164.000000 0.607743
1165.000000 0.610948
1166.000000 0.614178
1167.000000 0.617433
1168.000000 0.620712
1169.000000 0.624015
1170.000000 0.627343
1171.000000 0.630697
1172.000000 0.634076
1173.000000 0.637480
1174.000000 0.640910
1175.000000 0.644366
1176.000000 0.647848
1177.000000 0.651356
1178.000000 0.654890
1179.000000 0.658451
1180.000000 0.662040
1181.000000 0.665655
1182.000000 0.669297
1183.000000 0.672967
1184.000000 0.676664
1185.000000 0.680389
1186.000000 0.684143
1187.000000 0.687925
1188.000000 0.691735
1189.000000 0.695574
1190.000000 0.699442
1191.000000 0.703339
1192.000000 0.707265
1193.000000 0.711221
1194.000000 0.715207
1195.000000 0.719223
1196.000000 0.723269
1197.000000 0.727345
1198.000000 0.731453
1199.000000 0.735591
1200.000000 0.739760
1201.000000 0.394505
1202.000000 0.687897
1203.000000 0.685823
1204.000000 0.708453
1205.000000 0.687518
1206.000000 0.686527
1207.000000 0.683870
1208.000000 0.671350
1209.000000 0.678807
1210.000000 0.677452
1211.000000 0.676837
1212.000000 0.673268
1213.000000 0.673409
1214.000000 0.671653
1215.000000 0.670581
1216.000000 0.669118
1217.000000 0.667957
1218.000000 0.666651
1219.000000 0.665429
1220.000000 0.664281
1221.000000 0.663152
1222.000000 0.662048
1223.000000 0.660963
1224.000000 0.659921
1225.000000 0.658900
1226.000000 0.657911
1227.000000 0.656948
1228.000000 0.656014
1229.000000 0.655105
1230.000000 0.654224
1231.000000 0.653369
1232.000000 0.652539
1233.000000 0.651734
1234.000000 0.650953
1235.000000 0.650195
1236.000000 0.649461
1237.000000 0.648749
1238.000000 0.648059
1239.000000 0.647391
1240.000000 0.646743
1241.000000 0.646115
1242.000000 0.645507
1243.000000 0.644919
1244.000000 0.644348
1245.000000 0.643796
1246.000000 0.643262
1247.000000 0.642744
1248.000000 0.642243
1249.000000 0.641758
1250.000000 0.641289
1251.000000 0.640835
1252.000000 0.640395
1253.000000 0.639970
1254.000000 0.639558
1255.000000 0.639159
1256.000000 0.638774
1257.000000 0.638401
1258.000000 0.638040
1259.000000 0.637691
1260.000000 0.637353
1261.000000 0.637026
1262.000000 0.636709
1263.000000 0.636403
1264.000000 0.636107
1265.000000 0.635820
1266.000000 0.635542
1267.000000 0.635273
1268.000000 0.635013
1269.000000 0.634761
1270.000000 0.634518
1271.000000 0.634281
1272.000000 0.634053
1273.000000 0.633831
1274.000000 0.633617
1275.000000 0.633409
1276.000000 0.633207
1277.000000 0.633012
1278.000000 0.632823
1279.000000 0.632639
1280.000000 0.632461
1281.000000 0.632288
1282.000000 0.632121
1283.000000 0.631958
1284.000000 0.631800
1285.000000 0.631647
1286.000000 0.631498
1287.000000 0.631353
1288.000000 0.631212
1289.000000 0.631075
1290.000000 0.630942
1291.000000 0.630812
1292.000000 0.630686
1293.000000 0.630563
1294.000000 0.630443
1295.000000 0.630327
1296.000000 0.630213
1297.000000 0.630102
1298.000000 0.629993
1299.000000 0.629887
1300.000000 0.629784
1301.000000 0.629682
1302.000000 0.629583
1303.000000 0.629487
1304.000000 0.629392
1305.000000 0.629299
1306.000000 0.629208
1307.000000 0.629118
1308.000000 0.629030
1309.000000 0.628944
1310.000000 0.628860
1311.000000 0.628776
1312.000000 0.628694
1313.000000 0.628614
1314.000000 0.628534
1315.000000 0.628456
1316.000000 0.628379
1317.000000 0.628303
1318.000000 0.628228
1319.000000 0.628153
1320.000000 0.628080
1321.000000 0.628007
1322.000000 0.627935
1323.000000 0.627864
1324.000000 0.627794
1325.000000 0.627724
1326.000000 0.627654
1327.000000 0.627586
1328.000000 0.627517
1329.000000 0.627449
1330.000000 0.627382
1331.000000 0.627315
1332.000000 0.627248
1333.000000 0.627182
1334.000000 0.627115
1335.000000 0.627049
1336.000000 0.626983
1337.000000 0.626918
1338.000000 0.626852
1339.000000 0.626787
1340.000000 0.626722
1341.000000 0.626657
1342.000000 0.626591
1343.000000 0.626526
1344.000000 0.626461
1345.000000 0.626396
1346.000000 0.626331
1347.000000 0.626265
1348.000000 0.626200
1349.000000 0.626135
1350.000000 0.626069
1351.000000 0.626003
1352.000000 0.625937
1353.000000 0.625871
1354.000000 0.625805
1355.000000 0.625738
1356.000000 0.625672
1357.000000 0.625605
1358.000000 0.625537
1359.000000 0.625470
1360.000000 0.625402
1361.000000 0.625334
1362.000000 0.625266
1363.000000 0.625197
1364.000000 0.625128
1365.000000 0.625058
1366.000000 0.624989
1367.000000 0.624918
1368.000000 0.624848
1369.000000 0.624777
1370.000000 0.624706
1371.000000 0.624634
1372.000000 0.624562
1373.000000 0.624489
1374.000000 0.624416
1375.000000 0.624343
1376.000000 0.624269
1377.000000 0.624195
1378.000000 0.624120
1379.000000 0.624044
1380.000000 0.623969
1381.000000 0.623892
1382.000000 0.623816
1383.000000 0.623738
1384.000000 0.623660
1385.000000 0.623582
1386.000000 0.623503
1387.000000 0.623424
1388.000000 0.623344
1389.000000 0.623263
1390.000000 0.623182
1391.000000 0.623100
1392.000000 0.623018
1393.000000 0.622935
1394.000000 0.622852
1395.000000 0.622768
1396.000000 0.622683
1397.000000 0.622598
1398.000000 0.622512
1399.000000 0.622426
1400.000000 0.622338
1401.000000 0.622251
1402.000000 0.622162
1403.000000 0.622073
1404.000000 0.621984
1405.000000 0.621893
1406.000000 0.621802
1407.000000 0.621711
1408.000000 0.621618
1409.000000 0.621525
1410.000000 0.621431
1411.000000 0.621337
1412.000000 0.621242
1413.000000 0.621146
1414.000000 0.621049
1415.000000 0.620952
1416.000000 0.620854
1417.000000 0.620755
1418.000000 0.620656
1419.000000 0.620556
1420.000000 0.620455
1421.000000 0.620353
1422.000000 0.620250
1423.000000 0.620147
1424.000000 0.620043
1425.000000 0.619938
1426.000000 0.619833
1427.000000 0.619726
1428.000000 0.619619
1429.000000 0.619511
1430.000000 0.619402
1431.000000 0.619293
1432.000000 0.619182
1433.000000 0.619071
1434.000000 0.618959
1435.000000 0.618846
1436.000000 0.618732
1437.000000 0.618617
1438.000000 0.618502
1439.000000 0.618385
1440.000000 0.618268
1441.000000 0.618150
1442.000000 0.618031
1443.000000 0.617911
1444.000000 0.617790
1445.000000 0.617668
1446.000000 0.617545
1447.000000 0.617422
1448.000000 0.617297
1449.000000 0.617171
1450.000000 0.617045
1451.000000 0.616918
1452.000000 0.616789
1453.000000 0.616660
1454.000000 0.616529
1455.000000 0.616398
1456.000000 0.616266
1457.000000 0.616132
1458.000000 0.615998
1459.000000 0.615863
1460.000000 0.615726
1461.000000 0.615589
1462.000000 0.615451
1463.000000 0.615311
1464.000000 0.615171
1465.000000 0.615029
1466.000000 0.614886
1467.000000 0.614743
1468.000000 0.614598
1469.000000 0.614452
1470.000000 0.614305
1471.000000 0.614157
1472.000000 0.614008
1473.000000 0.613857
1474.000000 0.613706
1475.000000 0.613553
1476.000000 0.613399
1477.000000 0.613245
1478.000000 0.613088
1479.000000 0.612931
1480.000000 0.612773
1481.000000 0.612613
1482.000000 0.612452
1483.000000 0.612290
1484.000000 0.612127
1485.000000 0.611962
1486.000000 0.611796
1487.000000 0.611629
1488.000000 0.611461
1489.000000 0.611291
1490.000000 0.611121
1491.000000 0.610948
1492.000000 0.610775
1493.000000 0.610600
1494.000000 0.610424
1495.000000 0.610247
1496.000000 0.610068
1497.000000 0.609888
1498.000000 0.609707
1499.000000 0.609524
1500.000000 0.609340
1501.000000 0.609154
1502.000000 0.608967
1503.000000 0.608779
1504.000000 0.608589
1505.000000 0.608398
1506.000000 0.608205
1507.000000 0.608011
1508.000000 0.607815
1509.000000 0.607618
1510.000000 0.607420
1511.000000 0.607220
1512.000000 0.607018
1513.000000 0.606815
1514.000000 0.606610
1515.000000 0.606404
1516.000000 0.606197
1517.000000 0.605987
1518.000000 0.605776
1519.000000 0.605564
1520.000000 0.605350
1521.000000 0.605134
1522.000000 0.604917
1523.000000 0.604698
1524.000000 0.604477
1525.000000 0.604255
1526.000000 0.604031
1527.000000 0.603806
1528.000000 0.603578
1529.000000 0.603349
1530.000000 0.603119
1531.000000 0.602886
1532.000000 0.602652
1533.000000 0.602416
1534.000000 0.602178
1535.000000 0.601939
1536.000000 0.601697
1537.000000 0.601454
1538.000000 0.601209
1539.000000 0.600962
1540.000000 0.600713
1541.000000 0.600463
1542.000000 0.600210
1543.000000 0.599956
1544.000000 0.599700
1545.000000 0.599441
1546.000000 0.599181
1547.000000 0.598919
1548.000000 0.598655
1549.000000 0.598389
1550.000000 0.598121
1551.000000 0.597850
1552.000000 0.597578
1553.000000 0.597304
1554.000000 0.597028
1555.000000 0.596749
1556.000000 0.596469
1557.000000 0.596186
1558.000000 0.595901
1559.000000 0.595615
1560.000000 0.595326
1561.000000 0.595034
1562.000000 0.594741
1563.000000 0.594445
1564.000000 0.594147
1565.000000 0.593847
1566.000000 0.593545
1567.000000 0.593240
1568.000000 0.592933
1569.000000 0.592624
1570.000000 0.592312
1571.000000 0.591998
1572.000000 0.591682
1573.000000 0.591363
1574.000000 0.591042
1575.000000 0.590719
1576.000000 0.590393
1577.000000 0.590065
1578.000000 0.589734
1579.000000 0.589400
1580.000000 0.589064
1581.000000 0.588726
1582.000000 0.588385
1583.000000 0.588041
1584.000000 0.587695
1585.000000 0.587347
1586.000000 0.586995
1587.000000 0.586641
1588.000000 0.586284
1589.000000 0.585925
1590.000000 0.585563
1591.000000 0.585198
1592.000000 0.584831
1593.000000 0.584460
1594.000000 0.584087
1595.000000 0.583711
1596.000000 0.583332
1597.000000 0.582951
1598.000000 0.582566
1599.000000 0.582179
1600.000000 0.581788
