1.000000 -0.002286
2.000000 -0.002042
3.000000 0.001276
4.000000 0.000727
5.000000 -0.003080
6.000000 0.000950
7.000000 -0.002015
8.000000 0.003443
9.000000 0.002499
10.000000 -0.005389
11.000000 -0.001496
12.000000 -0.001230
13.000000 0.003961
14.000000 -0.002578
15.000000 0.000256
16.000000 -0.000546
17.000000 0.001638
18.000000 0.002962
19.000000 -0.004184
20.000000 0.002085
21.000000 0.004320
22.000000 0.003262
23.000000 -0.000806
24.000000 -0.004829
25.000000 -0.002413
26.000000 0.001053
27.000000 0.000825
28.000000 0.001248
29.000000 -0.002134
30.000000 -0.005381
31.000000 0.001431
32.000000 0.000140
33.000000 -0.002036
34.000000 0.001799
35.000000 0.003522
36.000000 -0.000867
37.000000 0.002380
38.000000 -0.007411
39.000000 0.001960
40.000000 0.002583
41.000000 -0.004509
42.000000 -0.001783
43.000000 0.001183
44.000000 0.004020
45.000000 0.002753
46.000000 -0.002395
47.000000 -0.002071
48.000000 -0.001069
49.000000 0.001913
50.000000 0.001590
51.000000 0.000602
52.000000 -0.004104
53.000000 -0.001141
54.000000 0.003556
55.000000 0.001734
56.000000 0.007759
57.000000 0.001917
58.000000 -0.005414
59.000000 0.003142
60.000000 -0.000236
61.000000 -0.000715
62.000000 -0.002485
63.000000 -0.000977
64.000000 -0.000466
65.000000 0.001252
66.000000 -0.004724
67.000000 -0.001063
68.000000 -0.004838
69.000000 0.002288
70.000000 -0.000377
71.000000 -0.000606
72.000000 -0.000999
73.000000 -0.000621
74.000000 -0.001650
75.000000 0.006728
76.000000 -0.000054
77.000000 -0.001307
78.000000 0.001941
79.000000 0.000765
80.000000 -0.004585
81.000000 -0.005077
82.000000 -0.002408
83.000000 0.000106
84.000000 0.003803
85.000000 -0.001916
86.000000 -0.000441
87.000000 -0.002308
88.000000 0.001315
89.000000 -0.001949
90.000000 0.001633
91.000000 -0.004255
92.000000 0.001185
93.000000 -0.003470
94.000000 0.001301
95.000000 -0.000059
96.000000 -0.001505
97.000000 -0.001837
98.000000 -0.002935
99.000000 -0.000371
100.000000 -0.005303
101.000000 -0.005625
102.000000 -0.005915
103.000000 0.004195
104.000000 0.002296
105.000000 0.004803
106.000000 0.001080
107.000000 0.002210
108.000000 0.003051
109.000000 0.002483
110.000000 0.003839
111.000000 0.000183
112.000000 0.002223
113.000000 -0.003066
114.000000 0.001119
115.000000 -0.001467
116.000000 0.000839
117.000000 -0.003843
118.000000 0.000843
119.000000 -0.000667
120.000000 -0.003414
121.000000 0.002483
122.000000 -0.008287
123.000000 0.002454
124.000000 0.004316
125.000000 -0.000159
126.000000 -0.002813
127.000000 -0.003456
128.000000 -0.000499
129.000000 0.002203
130.000000 0.005717
131.000000 -0.002229
132.000000 0.001614
133.000000 0.000298
134.000000 -0.002993
135.000000 -0.003015
136.000000 -0.001513
137.000000 0.005555
138.000000 0.000385
139.000000 -0.001225
140.000000 -0.001869
141.000000 -0.000692
142.000000 0.002209
143.000000 -0.001608
144.000000 0.006108
145.000000 -0.001774
146.000000 -0.001109
147.000000 0.001377
148.000000 -0.001767
149.000000 -0.000755
150.000000 0.004654
151.000000 0.003347
152.000000 0.009194
153.000000 0.001522
154.000000 -0.000921
155.000000 -0.003057
156.000000 -0.001144
157.000000 0.003289
158.000000 0.000556
159.000000 -0.001758
160.000000 -0.002949
161.000000 -0.001228
162.000000 0.000102
163.000000 0.000022
164.000000 0.000961
165.000000 -0.000701
166.000000 0.003670
167.000000 0.004195
168.000000 -0.000219
169.000000 -0.001831
170.000000 -0.005731
171.000000 0.002251
172.000000 -0.003161
173.000000 -0.003767
174.000000 -0.008357
175.000000 -0.001220
176.000000 0.002061
177.000000 -0.001294
178.000000 0.000921
179.000000 -0.002170
180.000000 -0.000330
181.000000 0.001202
182.000000 0.002519
183.000000 0.005881
184.000000 -0.001429
185.000000 -0.004053
186.000000 -0.001832
187.000000 0.005162
188.000000 0.003655
189.000000 -0.005992
190.000000 0.002965
191.000000 -0.004063
192.000000 0.002061
193.000000 0.001500
194.000000 -0.000728
195.000000 -0.002382
196.000000 0.002169
197.000000 0.001958
198.000000 -0.001474
199.000000 -0.001174
200.000000 0.003055
201.000000 -0.002995
202.000000 0.003721
203.000000 0.004768
204.000000 -0.000596
205.000000 -0.003258
206.000000 -0.003569
207.000000 0.003576
208.000000 0.003990
209.000000 -0.002961
210.000000 0.002868
211.000000 0.001762
212.000000 -0.001586
213.000000 0.000889
214.000000 -0.005467
215.000000 0.000644
216.000000 -0.005908
217.000000 -0.002551
218.000000 0.005599
219.000000 0.002958
220.000000 -0.003871
221.000000 -0.003909
222.000000 -0.001138
223.000000 0.007406
224.000000 0.003538
225.000000 -0.000446
226.000000 -0.000386
227.000000 -0.007542
228.000000 0.002967
229.000000 0.001088
230.000000 0.003433
231.000000 -0.002656
232.000000 -0.000671
233.000000 -0.000245
234.000000 -0.004226
235.000000 0.006490
236.000000 -0.000951
237.000000 -0.003463
238.000000 -0.005681
239.000000 0.003870
240.000000 0.003728
241.000000 -0.006039
242.000000 0.000530
243.000000 -0.002155
244.000000 -0.001615
245.000000 0.005310
246.000000 0.000855
247.000000 -0.002028
248.000000 -0.003087
249.000000 0.002492
250.000000 0.000359
251.000000 0.003710
252.000000 0.004183
253.000000 0.003609
254.000000 -0.007365
255.000000 0.000898
256.000000 0.001307
257.000000 0.003785
258.000000 0.006873
259.000000 0.002262
260.000000 -0.003102
261.000000 0.005876
262.000000 0.001842
263.000000 -0.000407
264.000000 0.000720
265.000000 -0.000468
266.000000 0.002600
267.000000 0.002467
268.000000 0.002758
269.000000 -0.002695
270.000000 0.001702
271.000000 0.001211
272.000000 0.001192
273.000000 -0.000410
274.000000 0.002211
275.000000 0.001822
276.000000 -0.001921
277.000000 -0.001811
278.000000 -0.000848
279.000000 0.000317
280.000000 -0.002551
281.000000 0.005427
282.000000 0.002072
283.000000 0.005795
284.000000 -0.001685
285.000000 -0.003595
286.000000 -0.000148
287.000000 0.001974
288.000000 -0.005448
289.000000 0.001008
290.000000 0.000322
291.000000 0.001618
292.000000 0.002877
293.000000 0.000390
294.000000 -0.003471
295.000000 -0.000457
296.000000 0.004193
297.000000 -0.004648
298.000000 -0.000643
299.000000 0.000908
300.000000 -0.011806
301.000000 0.003065
302.000000 0.003147
303.000000 -0.000158
304.000000 -0.000902
305.000000 0.004517
306.000000 0.000309
307.000000 -0.004424
308.000000 0.002586
309.000000 -0.001668
310.000000 0.004389
311.000000 -0.001512
312.000000 0.002348
313.000000 -0.000228
314.000000 -0.004733
315.000000 0.000416
316.000000 0.001338
317.000000 0.001401
318.000000 0.001673
319.000000 -0.000655
320.000000 -0.004328
321.000000 0.000746
322.000000 -0.002809
323.000000 0.002862
324.000000 -0.001031
325.000000 -0.003139
326.000000 -0.001780
327.000000 0.003149
328.000000 -0.000993
329.000000 0.000261
330.000000 -0.000847
331.000000 -0.000172
332.000000 -0.000474
333.000000 -0.001371
334.000000 0.004408
335.000000 0.001708
336.000000 0.001915
337.000000 0.004131
338.000000 0.002754
339.000000 -0.001048
340.000000 0.002998
341.000000 -0.001659
342.000000 0.002679
343.000000 -0.000008
344.000000 0.000067
345.000000 -0.002380
346.000000 0.001478
347.000000 -0.005040
348.000000 0.001285
349.000000 0.002240
350.000000 0.001723
351.000000 -0.000538
352.000000 -0.000125
353.000000 -0.000757
354.000000 -0.002049
355.000000 0.002142
356.000000 0.002810
357.000000 0.002909
358.000000 -0.000987
359.000000 0.000802
360.000000 -0.000270
361.000000 0.000439
362.000000 -0.000830
363.000000 -0.001295
364.000000 -0.004478
365.000000 0.000787
366.000000 -0.000463
367.000000 0.001562
368.000000 -0.001057
369.000000 0.001010
370.000000 -0.004084
371.000000 -0.000530
372.000000 0.001772
373.000000 0.003110
374.000000 -0.000038
375.000000 -0.000937
376.000000 -0.000961
377.000000 0.001268
378.000000 0.007457
379.000000 0.003773
380.000000 -0.001263
381.000000 0.002590
382.000000 0.004116
383.000000 -0.005953
384.000000 0.003230
385.000000 -0.001105
386.000000 0.005235
387.000000 -0.000340
388.000000 0.002130
389.000000 -0.000816
390.000000 0.003032
391.000000 0.003124
392.000000 0.000842
393.000000 0.001415
394.000000 -0.001684
395.000000 0.001057
396.000000 -0.000918
397.000000 -0.003587
398.000000 -0.004657
399.000000 -0.000296
400.000000 0.002536
401.000000 -0.005816
402.000000 -0.001157
403.000000 -0.003267
404.000000 -0.001675
405.000000 0.003099
406.000000 -0.000237
407.000000 0.000216
408.000000 0.001407
409.000000 0.001126
410.000000 0.001081
411.000000 0.005065
412.000000 0.000792
413.000000 0.002268
414.000000 0.001016
415.000000 -0.006800
416.000000 -0.004146
417.000000 -0.001824
418.000000 0.002342
419.000000 0.002011
420.000000 0.001727
421.000000 -0.007442
422.000000 0.001594
423.000000 0.001504
424.000000 0.000901
425.000000 0.001362
426.000000 0.000645
427.000000 -0.002962
428.000000 0.000902
429.000000 0.002068
430.000000 0.001301
431.000000 -0.008112
432.000000 -0.003352
433.000000 0.001562
434.000000 -0.000269
435.000000 -0.003899
436.000000 0.001430
437.000000 -0.000401
438.000000 -0.000097
439.000000 0.000068
440.000000 -0.003970
441.000000 -0.000123
442.000000 0.000928
443.000000 0.003663
444.000000 0.000097
445.000000 0.001400
446.000000 0.000245
447.000000 0.000958
448.000000 0.003648
449.000000 0.000398
450.000000 0.000789
451.000000 -0.001088
452.000000 -0.001562
453.000000 0.001699
454.000000 -0.003021
455.000000 0.001497
456.000000 -0.000011
457.000000 -0.003641
458.000000 0.000697
459.000000 0.003483
460.000000 0.002491
461.000000 -0.002992
462.000000 -0.001294
463.000000 0.001226
464.000000 0.000057
465.000000 0.003835
466.000000 0.002700
467.000000 -0.005221
468.000000 -0.000485
469.000000 0.003026
470.000000 -0.001551
471.000000 0.000764
472.000000 -0.000945
473.000000 0.000018
474.000000 -0.002140
475.000000 -0.002896
476.000000 -0.000630
477.000000 -0.001626
478.000000 0.001870
479.000000 0.000135
480.000000 0.003821
481.000000 -0.003684
482.000000 -0.003529
483.000000 0.003407
484.000000 -0.002234
485.000000 0.001555
486.000000 -0.001602
487.000000 -0.004101
488.000000 -0.002278
489.000000 -0.000534
490.000000 0.002818
491.000000 -0.008067
492.000000 0.002639
493.000000 -0.001619
494.000000 -0.000956
495.000000 0.000786
496.000000 -0.003366
497.000000 0.001505
498.000000 -0.005988
499.000000 -0.000754
500.000000 0.002247
501.000000 0.003459
502.000000 0.001014
503.000000 0.001327
504.000000 0.002940
505.000000 0.000793
506.000000 -0.004253
507.000000 0.001563
508.000000 0.003183
509.000000 0.005022
510.000000 0.001969
511.000000 -0.000227
512.000000 -0.000956
513.000000 0.002651
514.000000 0.004351
515.000000 0.003318
516.000000 -0.000524
517.000000 0.000070
518.000000 0.000855
519.000000 0.006003
520.000000 -0.003642
521.000000 -0.002111
522.000000 0.001570
523.000000 0.001382
524.000000 -0.004918
525.000000 -0.001205
526.000000 -0.001202
527.000000 -0.002298
528.000000 -0.000454
529.000000 0.001491
530.000000 0.004888
531.000000 0.002714
532.000000 -0.002485
533.000000 -0.001547
534.000000 0.001240
535.000000 0.004327
536.000000 0.005021
537.000000 0.003146
538.000000 0.001743
539.000000 -0.006159
540.000000 0.000576
541.000000 0.001445
542.000000 0.004676
543.000000 -0.009285
544.000000 0.002390
545.000000 0.001886
546.000000 -0.001587
547.000000 -0.006579
548.000000 -0.000470
549.000000 -0.002377
550.000000 0.004890
551.000000 -0.002570
552.000000 -0.001315
553.000000 0.000374
554.000000 -0.003796
555.000000 0.004434
556.000000 -0.002542
557.000000 -0.002771
558.000000 0.007334
559.000000 0.001564
560.000000 -0.001583
561.000000 0.006491
562.000000 0.001078
563.000000 0.002490
564.000000 0.005732
565.000000 -0.002360
566.000000 -0.003347
567.000000 -0.004641
568.000000 0.001910
569.000000 0.005613
570.000000 -0.001579
571.000000 -0.001767
572.000000 -0.002563
573.000000 -0.000238
574.000000 -0.001996
575.000000 -0.004619
576.000000 0.001900
577.000000 0.003990
578.000000 0.000462
579.000000 -0.008012
580.000000 -0.002608
581.000000 0.003941
582.000000 0.001543
583.000000 0.005108
584.000000 -0.002270
585.000000 -0.003927
586.000000 -0.001678
587.000000 0.001852
588.000000 -0.002348
589.000000 0.002141
590.000000 -0.001185
591.000000 0.000479
592.000000 -0.000063
593.000000 0.007463
594.000000 0.001910
595.000000 -0.001599
596.000000 -0.000954
597.000000 -0.000918
598.000000 -0.005171
599.000000 0.004449
600.000000 0.000774
601.000000 0.004480
602.000000 0.001683
603.000000 -0.003451
604.000000 0.002454
605.000000 0.003735
606.000000 0.000272
607.000000 -0.002432
608.000000 0.002264
609.000000 0.004570
610.000000 0.000714
611.000000 -0.000991
612.000000 -0.004983
613.000000 -0.000278
614.000000 -0.000771
615.000000 -0.006285
616.000000 -0.001756
617.000000 0.000072
618.000000 -0.001876
619.000000 -0.005385
620.000000 0.007183
621.000000 0.001238
622.000000 0.003269
623.000000 -0.006114
624.000000 0.000692
625.000000 -0.001478
626.000000 0.004377
627.000000 -0.000288
628.000000 -0.003177
629.000000 0.004320
630.000000 0.008375
631.000000 -0.000033
632.000000 -0.005598
633.000000 0.000057
634.000000 -0.003583
635.000000 -0.003730
636.000000 0.005879
637.000000 -0.002495
638.000000 -0.001171
639.000000 0.000194
640.000000 -0.008799
641.000000 0.000580
642.000000 -0.000843
643.000000 -0.000712
644.000000 -0.003000
645.000000 -0.001192
646.000000 -0.003428
647.000000 0.004662
648.000000 -0.003878
649.000000 -0.000255
650.000000 -0.003613
651.000000 0.001574
652.000000 -0.004808
653.000000 -0.003232
654.000000 0.003170
655.000000 0.003363
656.000000 -0.006041
657.000000 0.001385
658.000000 0.007484
659.000000 -0.003292
660.000000 0.003557
661.000000 0.001697
662.000000 0.001017
663.000000 0.002457
664.000000 0.002752
665.000000 -0.000533
666.000000 -0.000445
667.000000 0.003354
668.000000 -0.005077
669.000000 -0.001562
670.000000 -0.003521
671.000000 -0.001415
672.000000 -0.004067
673.000000 0.004491
674.000000 0.000515
675.000000 -0.002805
676.000000 0.003051
677.000000 0.000101
678.000000 0.001859
679.000000 0.000622
680.000000 0.007951
681.000000 0.002755
682.000000 -0.001477
683.000000 -0.000964
684.000000 0.000124
685.000000 0.000701
686.000000 -0.001759
687.000000 0.000145
688.000000 0.001656
689.000000 0.003675
690.000000 0.000998
691.000000 -0.000184
692.000000 -0.004193
693.000000 -0.002623
694.000000 0.002695
695.000000 -0.001986
696.000000 0.005095
697.000000 0.000243
698.000000 -0.000007
699.000000 0.000138
700.000000 0.008888
701.000000 -0.000402
702.000000 -0.002567
703.000000 -0.002403
704.000000 0.006217
705.000000 -0.008241
706.000000 0.000922
707.000000 0.002194
708.000000 0.005997
709.000000 0.002323
710.000000 -0.001530
711.000000 -0.000027
712.000000 -0.000114
713.000000 -0.002903
714.000000 0.002906
715.000000 -0.004902
716.000000 -0.005304
717.000000 -0.001327
718.000000 -0.000688
719.000000 -0.004768
720.000000 0.000929
721.000000 0.000636
722.000000 -0.000907
723.000000 0.005620
724.000000 0.001661
725.000000 0.001280
726.000000 -0.002002
727.000000 0.000185
728.000000 0.002089
729.000000 0.004965
730.000000 -0.003688
731.000000 -0.004015
732.000000 -0.000385
733.000000 0.001370
734.000000 0.003026
735.000000 -0.005088
736.000000 0.001107
737.000000 0.001438
738.000000 -0.000265
739.000000 -0.000973
740.000000 0.001830
741.000000 -0.001017
742.000000 0.000468
743.000000 0.001456
744.000000 0.001238
745.000000 -0.002337
746.000000 -0.000263
747.000000 0.001442
748.000000 -0.005894
749.000000 -0.003692
750.000000 0.000340
751.000000 0.000519
752.000000 0.004316
753.000000 -0.001541
754.000000 -0.003643
755.000000 0.002725
756.000000 -0.001818
757.000000 0.008352
758.000000 -0.000227
759.000000 -0.002790
760.000000 -0.000276
761.000000 -0.004461
762.000000 -0.003744
763.000000 -0.002289
764.000000 -0.003053
765.000000 -0.002818
766.000000 0.000317
767.000000 0.000231
768.000000 -0.002085
769.000000 0.003226
770.000000 0.002155
771.000000 -0.003456
772.000000 -0.000241
773.000000 0.001305
774.000000 -0.000076
775.000000 0.001480
776.000000 0.005912
777.000000 0.002604
778.000000 0.004016
779.000000 -0.002544
780.000000 0.002918
781.000000 0.000180
782.000000 -0.002750
783.000000 -0.003036
784.000000 -0.000803
785.000000 0.007629
786.000000 0.003216
787.000000 -0.001637
788.000000 -0.004324
789.000000 -0.003795
790.000000 0.000752
791.000000 0.005030
792.000000 0.000109
793.000000 0.001086
794.000000 -0.004699
795.000000 -0.000654
796.000000 0.000044
797.000000 0.002600
798.000000 -0.006595
799.000000 0.004136
800.000000 0.000444
801.000000 0.000653
802.000000 0.002734
803.000000 0.000083
804.000000 0.002422
805.000000 0.001102
806.000000 -0.000016
807.000000 0.004095
808.000000 0.001951
809.000000 -0.000911
810.000000 -0.002179
811.000000 0.003281
812.000000 -0.002144
813.000000 0.000554
814.000000 -0.000521
815.000000 0.001405
816.000000 0.003225
817.000000 0.004307
818.000000 -0.004767
819.000000 -0.001417
820.000000 -0.001036
821.000000 0.000342
822.000000 -0.002409
823.000000 0.000680
824.000000 0.002109
825.000000 -0.002437
826.000000 -0.000424
827.000000 -0.000758
828.000000 0.005824
829.000000 -0.003351
830.000000 0.002043
831.000000 0.002735
832.000000 -0.000817
833.000000 0.000243
834.000000 -0.001608
835.000000 -0.003626
836.000000 0.000904
837.000000 0.000958
838.000000 -0.003726
839.000000 0.001200
840.000000 0.000052
841.000000 -0.001129
842.000000 0.001204
843.000000 -0.004850
844.000000 0.001088
845.000000 0.003417
846.000000 -0.001879
847.000000 -0.001827
848.000000 -0.001424
849.000000 0.000998
850.000000 -0.000428
851.000000 0.000298
852.000000 -0.000029
853.000000 -0.001074
854.000000 -0.007049
855.000000 -0.001117
856.000000 0.001137
857.000000 -0.005914
858.000000 0.000354
859.000000 0.000149
860.000000 -0.001123
861.000000 -0.005908
862.000000 0.002406
863.000000 0.006090
864.000000 0.005508
865.000000 -0.003996
866.000000 -0.000899
867.000000 -0.004492
868.000000 -0.000639
869.000000 0.003757
870.000000 0.001410
871.000000 0.002662
872.000000 0.002096
873.000000 -0.000960
874.000000 -0.000373
875.000000 -0.001381
876.000000 -0.001204
877.000000 -0.002810
878.000000 0.004758
879.000000 0.003411
880.000000 -0.001498
881.000000 -0.007349
882.000000 0.000312
883.000000 0.003445
884.000000 -0.002845
885.000000 0.004784
886.000000 0.006097
887.000000 0.002136
888.000000 0.004688
889.000000 -0.000604
890.000000 0.001548
891.000000 0.005079
892.000000 0.000119
893.000000 -0.005540
894.000000 -0.002275
895.000000 -0.003725
896.000000 -0.001918
897.000000 0.000187
898.000000 0.001142
899.000000 0.003297
900.000000 0.002926
901.000000 0.000062
902.000000 -0.000458
903.000000 0.003308
904.000000 0.002633
905.000000 -0.000491
906.000000 0.002692
907.000000 0.001808
908.000000 -0.001192
909.000000 0.006775
910.000000 -0.001246
911.000000 -0.002043
912.000000 -0.000368
913.000000 0.001946
914.000000 -0.001146
915.000000 -0.002023
916.000000 -0.000355
917.000000 0.000403
918.000000 0.003017
919.000000 -0.001526
920.000000 -0.000958
921.000000 -0.002069
922.000000 0.000797
923.000000 0.000021
924.000000 -0.002849
925.000000 0.002975
926.000000 -0.005912
927.000000 0.000007
928.000000 0.001357
929.000000 0.004521
930.000000 0.001781
931.000000 0.002837
932.000000 0.000255
933.000000 0.006548
934.000000 0.001004
935.000000 -0.002835
936.000000 0.002713
937.000000 -0.005774
938.000000 0.001625
939.000000 0.000576
940.000000 -0.003301
941.000000 0.000684
942.000000 0.002342
943.000000 -0.003668
944.000000 0.000915
945.000000 0.001584
946.000000 -0.000795
947.000000 0.001266
948.000000 0.000940
949.000000 -0.002257
950.000000 0.001827
951.000000 0.003120
952.000000 -0.003744
953.000000 -0.002986
954.000000 -0.006102
955.000000 -0.001866
956.000000 -0.005247
957.000000 0.003481
958.000000 -0.000738
959.000000 -0.000709
960.000000 0.003496
961.000000 -0.000040
962.000000 -0.003629
963.000000 -0.003826
964.000000 0.000207
965.000000 0.000809
966.000000 0.000101
967.000000 -0.000481
968.000000 0.000237
969.000000 -0.005161
970.000000 -0.000033
971.000000 0.003020
972.000000 -0.003939
973.000000 0.002442
974.000000 -0.000637
975.000000 0.000172
976.000000 0.000482
977.000000 0.000098
978.000000 0.000483
979.000000 -0.000041
980.000000 -0.001484
981.000000 0.002153
982.000000 0.003493
983.000000 -0.002573
984.000000 -0.005643
985.000000 -0.000976
986.000000 0.002114
987.000000 0.003293
988.000000 -0.002431
989.000000 -0.001683
990.000000 0.001211
991.000000 0.002874
992.000000 -0.000341
993.000000 0.001789
994.000000 0.000081
995.000000 -0.001734
996.000000 0.000548
997.000000 0.000967
998.000000 0.007553
999.000000 -0.000971
1000.000000 -0.002997
1001.000000 -0.004723
1002.000000 0.001288
1003.000000 0.001133
1004.000000 -0.003025
1005.000000 0.000125
1006.000000 0.000557
1007.000000 -0.005015
1008.000000 0.006693
1009.000000 0.001421
1010.000000 -0.005716
1011.000000 -0.002165
1012.000000 -0.001386
1013.000000 0.001346
1014.000000 0.000184
1015.000000 -0.002768
1016.000000 -0.003525
1017.000000 0.003507
1018.000000 -0.003993
1019.000000 -0.000815
1020.000000 0.002029
1021.000000 0.003869
1022.000000 0.001077
1023.000000 0.003053
1024.000000 0.003767
1025.000000 -0.000052
1026.000000 -0.000250
1027.000000 0.001157
1028.000000 0.001812
1029.000000 -0.006266
1030.000000 -0.002616
1031.000000 0.001439
1032.000000 -0.001852
1033.000000 -0.000249
1034.000000 0.000593
1035.000000 -0.002452
1036.000000 -0.001031
1037.000000 0.000325
1038.000000 0.001123
1039.000000 0.005087
1040.000000 -0.004163
1041.000000 0.002252
1042.000000 0.001383
1043.000000 0.001753
1044.000000 -0.002631
1045.000000 0.000964
1046.000000 0.002292
1047.000000 0.004314
1048.000000 -0.004852
1049.000000 -0.001878
1050.000000 -0.003353
1051.000000 -0.000359
1052.000000 -0.006970
1053.000000 0.003613
1054.000000 -0.007141
1055.000000 0.000724
1056.000000 -0.004578
1057.000000 -0.000195
1058.000000 0.000357
1059.000000 0.001557
1060.000000 -0.004170
1061.000000 0.000690
1062.000000 -0.002024
1063.000000 0.003977
1064.000000 -0.002416
1065.000000 -0.004200
1066.000000 0.000142
1067.000000 -0.000991
1068.000000 0.004488
1069.000000 0.002520
1070.000000 -0.001356
1071.000000 -0.003321
1072.000000 -0.002477
1073.000000 -0.005607
1074.000000 0.000493
1075.000000 0.002303
1076.000000 0.002441
1077.000000 0.003457
1078.000000 -0.003394
1079.000000 -0.000180
1080.000000 0.003949
1081.000000 0.001360
1082.000000 -0.001992
1083.000000 0.001395
1084.000000 0.004827
1085.000000 0.001139
1086.000000 -0.001606
1087.000000 0.000299
1088.000000 0.000537
1089.000000 0.001886
1090.000000 -0.001902
1091.000000 -0.000878
1092.000000 0.001801
1093.000000 -0.000074
1094.000000 0.005170
1095.000000 0.003337
1096.000000 0.001628
1097.000000 -0.001425
1098.000000 0.000820
1099.000000 0.000262
1100.000000 -0.001554
1101.000000 0.002100
1102.000000 0.002278
1103.000000 -0.004047
1104.000000 -0.001452
1105.000000 0.000350
1106.000000 0.001025
1107.000000 0.002017
1108.000000 -0.000382
1109.000000 0.002425
1110.000000 0.002121
1111.000000 0.000637
1112.000000 0.001850
1113.000000 -0.003901
1114.000000 -0.000477
1115.000000 -0.000665
1116.000000 0.001296
1117.000000 0.003446
1118.000000 0.002117
1119.000000 -0.001162
1120.000000 0.005668
1121.000000 0.000586
1122.000000 -0.001943
1123.000000 0.001349
1124.000000 -0.003324
1125.000000 0.002639
1126.000000 0.003282
1127.000000 0.004587
1128.000000 -0.005310
1129.000000 -0.002443
1130.000000 -0.004799
1131.000000 0.000366
1132.000000 -0.001718
1133.000000 -0.001433
1134.000000 0.001396
1135.000000 0.000660
1136.000000 0.001598
1137.000000 0.000928
1138.000000 0.000213
1139.000000 0.000584
1140.000000 0.000923
1141.000000 -0.002660
1142.000000 0.001567
1143.000000 -0.002047
1144.000000 0.001819
1145.000000 -0.001213
1146.000000 -0.001023
1147.000000 -0.000952
1148.000000 -0.002155
1149.000000 0.002900
1150.000000 0.008306
1151.000000 -0.002836
1152.000000 -0.006112
1153.000000 -0.002853
1154.000000 -0.001038
1155.000000 -0.003161
1156.000000 -0.007970
1157.000000 -0.000218
1158.000000 -0.000878
1159.000000 -0.003167
1160.000000 0.004928
1161.000000 -0.003997
1162.000000 -0.003353
1163.000000 0.006234
1164.000000 0.004328
1165.000000 -0.000483
1166.000000 0.002473
1167.000000 -0.002433
1168.000000 0.001319
1169.000000 0.001717
1170.000000 0.003339
1171.000000 0.004003
1172.000000 -0.003128
1173.000000 0.002243
1174.000000 -0.003845
1175.000000 -0.002097
1176.000000 -0.000835
1177.000000 -0.002173
1178.000000 0.000791
1179.000000 -0.002285
1180.000000 -0.003877
1181.000000 -0.001473
1182.000000 0.010151
1183.000000 -0.005630
1184.000000 -0.000443
1185.000000 0.000504
1186.000000 0.001337
1187.000000 -0.000749
1188.000000 0.001817
1189.000000 -0.001247
1190.000000 -0.002845
1191.000000 0.002567
1192.000000 -0.006063
1193.000000 -0.005317
1194.000000 0.000842
1195.000000 -0.001797
1196.000000 -0.001166
1197.000000 0.004513
1198.000000 -0.006687
1199.000000 -0.001818
1200.000000 -0.005361
1201.000000 0.002151
1202.000000 0.001740
1203.000000 -0.001071
1204.000000 0.006783
1205.000000 0.001874
1206.000000 0.002381
1207.000000 -0.001302
1208.000000 0.001851
1209.000000 -0.002332
1210.000000 -0.001074
1211.000000 0.000291
1212.000000 -0.001327
1213.000000 0.000042
1214.000000 -0.005901
1215.000000 0.000217
1216.000000 -0.002607
1217.000000 -0.000907
1218.000000 0.003378
1219.000000 -0.000375
1220.000000 -0.000634
1221.000000 0.000997
1222.000000 -0.001557
1223.000000 -0.004188
1224.000000 -0.010497
1225.000000 0.002862
1226.000000 -0.000822
1227.000000 -0.001018
1228.000000 -0.000593
1229.000000 -0.007463
1230.000000 0.005376
1231.000000 0.001421
1232.000000 0.000385
1233.000000 -0.001690
1234.000000 0.004369
1235.000000 0.002858
1236.000000 0.003655
1237.000000 0.008505
1238.000000 0.004092
1239.000000 0.002946
1240.000000 -0.001403
1241.000000 -0.003940
1242.000000 -0.003222
1243.000000 0.002961
1244.000000 -0.005903
1245.000000 -0.005036
1246.000000 -0.003948
1247.000000 -0.000320
1248.000000 -0.000919
1249.000000 0.003340
1250.000000 -0.005032
1251.000000 0.000691
1252.000000 -0.004592
1253.000000 -0.003347
1254.000000 -0.000984
1255.000000 0.002997
1256.000000 -0.002450
1257.000000 -0.005723
1258.000000 0.001089
1259.000000 -0.003125
1260.000000 -0.005690
1261.000000 -0.000569
1262.000000 -0.004289
1263.000000 -0.002108
1264.000000 -0.003017
1265.000000 0.001079
1266.000000 -0.002733
1267.000000 -0.000381
1268.000000 -0.002080
1269.000000 -0.000573
1270.000000 -0.004441
1271.000000 -0.002528
1272.000000 0.003749
1273.000000 0.004325
1274.000000 0.001111
1275.000000 -0.000118
1276.000000 0.001731
1277.000000 -0.001170
1278.000000 0.001268
1279.000000 0.001173
1280.000000 0.001404
1281.000000 0.000827
1282.000000 0.003129
1283.000000 0.002754
1284.000000 0.006938
1285.000000 0.001903
1286.000000 -0.000334
1287.000000 -0.001316
1288.000000 0.001805
1289.000000 -0.002425
1290.000000 0.005557
1291.000000 0.003856
1292.000000 -0.002284
1293.000000 -0.001054
1294.000000 0.001060
1295.000000 -0.003165
1296.000000 0.000874
1297.000000 0.004753
1298.000000 0.005350
1299.000000 -0.002501
1300.000000 0.004553
1301.000000 -0.002955
1302.000000 -0.000464
1303.000000 0.003034
1304.000000 -0.002726
1305.000000 0.000220
1306.000000 0.000902
1307.000000 -0.001248
1308.000000 0.000562
1309.000000 -0.001461
1310.000000 -0.002497
1311.000000 0.002342
1312.000000 -0.001263
1313.000000 0.000566
1314.000000 -0.000330
1315.000000 -0.002380
1316.000000 -0.000637
1317.000000 0.003428
1318.000000 0.004972
1319.000000 0.003162
1320.000000 0.000364
1321.000000 0.002034
1322.000000 -0.002927
1323.000000 0.001836
1324.000000 0.004057
1325.000000 0.002452
1326.000000 0.007006
1327.000000 0.007085
1328.000000 0.002734
1329.000000 -0.004331
1330.000000 -0.008217
1331.000000 0.005949
1332.000000 0.003531
1333.000000 0.001978
1334.000000 0.003173
1335.000000 0.000452
1336.000000 0.003167
1337.000000 0.002078
1338.000000 0.001637
1339.000000 0.005140
1340.000000 -0.003051
1341.000000 0.001185
1342.000000 0.003667
1343.000000 -0.000870
1344.000000 0.001586
1345.000000 0.001237
1346.000000 0.003567
1347.000000 0.000026
1348.000000 -0.001199
1349.000000 0.001039
1350.000000 0.001972
1351.000000 -0.001150
1352.000000 -0.002377
1353.000000 0.007117
1354.000000 0.001072
1355.000000 0.005411
1356.000000 -0.002274
1357.000000 -0.001451
1358.000000 -0.000397
1359.000000 -0.000211
1360.000000 -0.001538
1361.000000 -0.002762
1362.000000 -0.002915
1363.000000 0.000149
1364.000000 -0.001168
1365.000000 0.004635
1366.000000 -0.001284
1367.000000 0.003345
1368.000000 -0.001570
1369.000000 0.005394
1370.000000 0.000511
1371.000000 0.003853
1372.000000 -0.001125
1373.000000 -0.002753
1374.000000 0.000216
1375.000000 0.002840
1376.000000 -0.002355
1377.000000 0.000124
1378.000000 0.000636
1379.000000 -0.001143
1380.000000 0.001107
1381.000000 -0.002397
1382.000000 -0.000189
1383.000000 -0.003823
1384.000000 -0.004655
1385.000000 0.003986
1386.000000 0.000664
1387.000000 0.001344
1388.000000 -0.001685
1389.000000 -0.000335
1390.000000 -0.003650
1391.000000 -0.004789
1392.000000 0.007058
1393.000000 0.004101
1394.000000 -0.000636
1395.000000 -0.000092
1396.000000 -0.001316
1397.000000 0.000022
1398.000000 0.004225
1399.000000 -0.002605
1400.000000 0.003960
1401.000000 0.002631
1402.000000 -0.002458
1403.000000 0.003061
1404.000000 0.002495
1405.000000 0.000801
1406.000000 -0.001249
1407.000000 -0.001389
1408.000000 0.003095
1409.000000 0.000680
1410.000000 0.002285
1411.000000 -0.003686
1412.000000 -0.000569
1413.000000 -0.000034
1414.000000 -0.001095
1415.000000 0.002192
1416.000000 -0.002898
1417.000000 0.003695
1418.000000 -0.001064
1419.000000 -0.004489
1420.000000 -0.004975
1421.000000 0.000833
1422.000000 -0.001767
1423.000000 -0.004606
1424.000000 -0.003438
1425.000000 0.000892
1426.000000 -0.009015
1427.000000 0.003834
1428.000000 0.001132
1429.000000 0.001892
1430.000000 -0.003681
1431.000000 0.003514
1432.000000 0.002999
1433.000000 0.000536
1434.000000 -0.002328
1435.000000 0.001284
1436.000000 -0.002052
1437.000000 -0.002999
1438.000000 -0.000415
1439.000000 -0.002481
1440.000000 -0.001858
1441.000000 -0.004251
1442.000000 -0.002537
1443.000000 0.000591
1444.000000 0.003143
1445.000000 0.001520
1446.000000 -0.001237
1447.000000 -0.001462
1448.000000 0.004703
1449.000000 -0.004724
1450.000000 -0.002026
1451.000000 -0.003880
1452.000000 -0.001668
1453.000000 0.007004
1454.000000 -0.004659
1455.000000 0.003254
1456.000000 0.005050
1457.000000 -0.000360
1458.000000 0.001092
1459.000000 0.002442
1460.000000 -0.003786
1461.000000 -0.001323
1462.000000 -0.000972
1463.000000 -0.003712
1464.000000 -0.001285
1465.000000 0.000028
1466.000000 0.000944
1467.000000 -0.000661
1468.000000 -0.000432
1469.000000 -0.003141
1470.000000 -0.000597
1471.000000 -0.002747
1472.000000 -0.002446
1473.000000 0.000673
1474.000000 -0.002520
1475.000000 -0.000126
1476.000000 -0.003986
1477.000000 0.004991
1478.000000 -0.003253
1479.000000 -0.003623
1480.000000 -0.001085
1481.000000 0.000757
1482.000000 0.001753
1483.000000 -0.000247
1484.000000 0.000247
1485.000000 0.002255
1486.000000 -0.003314
1487.000000 -0.001273
1488.000000 0.002423
1489.000000 -0.004044
1490.000000 0.000499
1491.000000 -0.002967
1492.000000 -0.002178
1493.000000 0.003011
1494.000000 0.000491
1495.000000 -0.001477
1496.000000 -0.005319
1497.000000 0.001902
1498.000000 -0.001468
1499.000000 -0.000729
1500.000000 0.002093
1501.000000 0.003478
1502.000000 -0.000526
1503.000000 0.000613
1504.000000 -0.001899
1505.000000 0.004844
1506.000000 -0.004098
1507.000000 0.000874
1508.000000 -0.004950
1509.000000 -0.001375
1510.000000 -0.001094
1511.000000 -0.000595
1512.000000 -0.005959
1513.000000 0.001816
1514.000000 0.005058
1515.000000 0.000871
1516.000000 -0.002036
1517.000000 -0.001061
1518.000000 0.000749
1519.000000 -0.001224
1520.000000 -0.001430
1521.000000 -0.000744
1522.000000 0.001875
1523.000000 -0.005202
1524.000000 -0.001805
1525.000000 0.002865
1526.000000 0.002313
1527.000000 0.002034
1528.000000 0.001555
1529.000000 0.002493
1530.000000 -0.002232
1531.000000 0.000984
1532.000000 0.001349
1533.000000 -0.003118
1534.000000 -0.003718
1535.000000 -0.003415
1536.000000 -0.001371
1537.000000 0.003374
1538.000000 0.000429
1539.000000 -0.001444
1540.000000 -0.000118
1541.000000 -0.003829
1542.000000 -0.003239
1543.000000 0.003113
1544.000000 0.005307
1545.000000 -0.000477
1546.000000 0.000024
1547.000000 0.003785
1548.000000 0.000743
1549.000000 0.004210
1550.000000 0.002569
1551.000000 0.003036
1552.000000 -0.002704
1553.000000 0.005368
1554.000000 -0.000718
1555.000000 -0.005693
1556.000000 -0.001466
1557.000000 -0.004003
1558.000000 -0.001179
1559.000000 -0.002750
1560.000000 0.000288
1561.000000 -0.004322
1562.000000 -0.000421
1563.000000 0.000665
1564.000000 0.004197
1565.000000 0.001643
1566.000000 -0.003913
1567.000000 -0.005345
1568.000000 -0.001606
1569.000000 0.003914
1570.000000 0.005807
1571.000000 -0.000004
1572.000000 -0.000611
1573.000000 0.000079
1574.000000 -0.005618
1575.000000 -0.001484
1576.000000 0.004031
1577.000000 -0.000758
1578.000000 -0.001239
1579.000000 -0.002158
1580.000000 0.000632
1581.000000 -0.000709
1582.000000 -0.003284
1583.000000 -0.003630
1584.000000 -0.001919
1585.000000 0.006986
1586.000000 -0.003294
1587.000000 0.002355
1588.000000 0.001460
1589.000000 -0.001631
1590.000000 -0.004906
1591.000000 0.004434
1592.000000 0.000364
1593.000000 0.004922
1594.000000 -0.006168
1595.000000 -0.000952
1596.000000 -0.005363
1597.000000 0.001340
1598.000000 0.001850
1599.000000 0.005733
1600.000000 -0.000466
