1.000000 0.000000
2.000000 0.000000
3.000000 0.000000
4.000000 0.000000
5.000000 0.000000
6.000000 0.000000
7.000000 0.000000
8.000000 0.000000
9.000000 0.004347
10.000000 0.012127
11.000000 -0.009191
12.000000 -0.015915
13.000000 -0.028304
14.000000 -0.013077
15.000000 -0.020986
16.000000 -0.087190
17.000000 -0.146414
18.000000 0.259917
19.000000 0.324960
20.000000 0.425344
21.000000 0.520432
22.000000 1.059321
23.000000 1.110229
24.000000 1.229701
25.000000 1.062108
26.000000 1.144901
27.000000 1.189170
28.000000 1.218847
29.000000 1.020542
30.000000 1.064365
31.000000 0.990925
32.000000 1.084230
33.000000 0.986633
34.000000 0.910693
35.000000 0.870861
36.000000 0.960618
37.000000 0.897562
38.000000 0.921713
39.000000 0.838231
40.000000 0.870282
41.000000 0.866832
42.000000 0.833135
43.000000 0.767613
44.000000 0.828045
45.000000 0.815382
46.000000 0.880252
47.000000 0.874224
48.000000 0.905410
49.000000 0.968353
50.000000 1.073212
51.000000 1.126314
52.000000 1.215288
53.000000 1.209848
54.000000 1.212665
55.000000 1.182423
56.000000 1.097778
57.000000 1.014566
58.000000 0.950189
59.000000 0.869896
60.000000 0.829278
61.000000 0.788669
62.000000 0.773557
63.000000 0.798619
64.000000 0.814743
65.000000 0.838969
66.000000 0.866004
67.000000 0.900239
68.000000 0.980725
69.000000 1.055241
70.000000 1.120408
71.000000 1.209813
72.000000 1.303530
73.000000 1.392336
74.000000 1.434946
75.000000 1.424730
76.000000 1.409310
77.000000 1.409283
78.000000 1.390098
79.000000 1.336124
80.000000 1.259018
81.000000 1.173182
82.000000 1.099787
83.000000 1.027424
84.000000 0.961333
85.000000 0.894757
86.000000 0.865748
87.000000 0.863711
88.000000 0.868472
89.000000 0.884312
90.000000 0.874718
91.000000 0.879787
92.000000 0.914201
93.000000 0.903770
94.000000 0.870835
95.000000 0.838700
96.000000 0.828666
97.000000 0.824504
98.000000 0.835360
99.000000 0.829896
100.000000 0.834664
101.000000 0.842810
102.000000 0.901492
103.000000 0.916249
104.000000 0.952274
105.000000 0.990896
106.000000 1.070179
107.000000 1.144209
108.000000 1.240033
109.000000 1.306673
110.000000 1.415543
111.000000 1.505041
112.000000 1.574543
113.000000 1.621478
114.000000 1.675930
115.000000 1.720490
116.000000 1.773467
117.000000 1.796572
118.000000 1.817931
119.000000 1.831907
120.000000 1.861550
121.000000 1.878162
122.000000 1.866518
123.000000 1.820407
124.000000 1.777244
125.000000 1.737314
126.000000 1.660269
127.000000 1.540783
128.000000 1.415746
129.000000 1.301147
130.000000 1.219492
131.000000 1.139805
132.000000 1.076191
133.000000 1.037459
134.000000 1.070038
135.000000 1.078789
136.000000 1.083333
137.000000 1.055958
138.000000 1.054728
139.000000 1.052201
140.000000 1.031960
141.000000 0.974620
142.000000 0.959670
143.000000 0.929078
144.000000 0.905691
145.000000 0.877970
146.000000 0.855769
147.000000 0.862277
148.000000 0.870737
149.000000 0.865341
150.000000 0.910625
151.000000 0.943317
152.000000 0.988221
153.000000 1.000582
154.000000 0.976503
155.000000 0.976960
156.000000 0.959499
157.000000 0.935654
158.000000 0.909823
159.000000 0.854708
160.000000 0.834070
161.000000 0.829768
162.000000 0.853846
163.000000 0.873311
164.000000 0.858493
165.000000 0.869425
166.000000 0.905590
167.000000 0.910596
168.000000 0.939121
169.000000 0.910861
170.000000 0.897186
171.000000 0.879172
172.000000 0.842207
173.000000 0.823471
174.000000 0.825702
175.000000 0.802945
176.000000 0.798172
177.000000 0.759856
178.000000 0.703071
179.000000 0.639081
180.000000 0.580203
181.000000 0.543177
182.000000 0.532234
183.000000 0.509601
184.000000 0.505473
185.000000 0.471615
186.000000 0.460920
187.000000 0.441161
188.000000 0.410907
189.000000 0.373754
190.000000 0.362914
191.000000 0.391118
192.000000 0.451040
193.000000 0.506945
194.000000 0.592413
195.000000 0.677076
196.000000 0.788543
197.000000 0.841496
198.000000 0.841544
199.000000 0.833319
200.000000 0.813309
201.000000 0.803053
202.000000 0.793030
203.000000 0.793363
204.000000 0.804227
205.000000 0.825475
206.000000 0.895117
207.000000 0.971479
208.000000 1.023795
209.000000 1.043710
210.000000 1.051287
211.000000 1.026602
212.000000 1.024951
213.000000 1.002551
214.000000 0.964833
215.000000 0.904676
216.000000 0.841174
217.000000 0.786823
218.000000 0.773168
219.000000 0.749920
220.000000 0.744867
221.000000 0.736714
222.000000 0.751558
223.000000 0.783602
224.000000 0.809669
225.000000 0.828569
226.000000 0.849799
227.000000 0.871024
228.000000 0.888712
229.000000 0.896972
230.000000 0.891316
231.000000 0.944378
232.000000 1.030896
233.000000 1.123554
234.000000 1.198772
235.000000 1.248832
236.000000 1.312226
237.000000 1.352849
238.000000 1.344056
239.000000 1.344743
240.000000 1.321481
241.000000 1.295236
242.000000 1.283299
243.000000 1.212002
244.000000 1.139952
245.000000 1.071829
246.000000 0.984775
247.000000 0.916313
248.000000 0.879778
249.000000 0.857531
250.000000 0.824464
251.000000 0.794716
252.000000 0.755656
253.000000 0.729682
254.000000 0.718780
255.000000 0.703519
256.000000 0.683396
257.000000 0.656366
258.000000 0.624251
259.000000 0.549344
260.000000 0.500703
261.000000 0.438170
262.000000 0.413971
263.000000 0.413579
264.000000 0.445527
265.000000 0.494357
266.000000 0.554956
267.000000 0.584255
268.000000 0.597394
269.000000 0.602122
270.000000 0.640063
271.000000 0.639307
272.000000 0.649971
273.000000 0.626955
274.000000 0.626657
275.000000 0.663512
276.000000 0.705192
277.000000 0.747766
278.000000 0.844852
279.000000 0.950211
280.000000 1.039362
281.000000 1.116496
282.000000 1.178338
283.000000 1.235431
284.000000 1.305665
285.000000 1.360020
286.000000 1.394078
287.000000 1.411647
288.000000 1.443678
289.000000 1.460993
290.000000 1.462353
291.000000 1.470849
292.000000 1.487510
293.000000 1.514904
294.000000 1.532413
295.000000 1.521434
296.000000 1.491657
297.000000 1.455294
298.000000 1.409696
299.000000 1.376816
300.000000 1.353095
301.000000 1.353361
302.000000 1.360868
303.000000 1.390297
304.000000 1.442376
305.000000 1.503091
306.000000 1.537498
307.000000 1.548552
308.000000 1.538941
309.000000 1.534757
310.000000 1.512997
311.000000 1.443422
312.000000 1.380556
313.000000 1.335045
314.000000 1.313557
315.000000 1.298968
316.000000 1.273212
317.000000 1.242078
318.000000 1.231396
319.000000 1.241147
320.000000 1.222164
321.000000 1.187924
322.000000 1.177064
323.000000 1.162980
324.000000 1.131402
325.000000 1.067002
326.000000 1.013321
327.000000 1.008929
328.000000 1.030360
329.000000 1.054710
330.000000 1.059292
331.000000 1.040039
332.000000 1.035597
333.000000 1.034897
334.000000 1.033331
335.000000 1.021846
336.000000 1.016108
337.000000 1.009768
338.000000 1.057140
339.000000 1.083180
340.000000 1.100533
341.000000 1.077980
342.000000 1.069617
343.000000 1.079361
344.000000 1.052019
345.000000 0.987966
346.000000 0.976419
347.000000 0.948294
348.000000 0.931548
349.000000 0.889021
350.000000 0.815059
351.000000 0.759914
352.000000 0.787265
353.000000 0.758551
354.000000 0.747362
355.000000 0.712417
356.000000 0.706866
357.000000 0.756312
358.000000 0.794350
359.000000 0.806175
360.000000 0.888375
361.000000 0.969955
362.000000 1.048194
363.000000 1.083840
364.000000 1.089536
365.000000 1.111634
366.000000 1.136822
367.000000 1.109981
368.000000 1.102111
369.000000 1.076569
370.000000 1.039375
371.000000 1.038755
372.000000 1.022424
373.000000 0.983282
374.000000 0.988699
375.000000 0.983769
376.000000 1.001986
377.000000 1.008829
378.000000 0.985056
379.000000 0.995470
380.000000 1.032479
381.000000 1.020910
382.000000 0.998516
383.000000 0.956385
384.000000 0.917659
385.000000 0.897726
386.000000 0.907591
387.000000 0.920842
388.000000 0.937615
389.000000 0.952931
390.000000 0.970393
391.000000 0.933112
392.000000 0.889401
393.000000 0.845287
394.000000 0.795009
395.000000 0.759502
396.000000 0.719106
397.000000 0.734928
398.000000 0.765001
399.000000 0.806045
400.000000 0.854685
401.000000 0.912267
402.000000 0.935300
403.000000 0.968720
404.000000 0.922700
405.000000 0.886838
406.000000 0.832702
407.000000 0.804849
408.000000 2.012433
409.000000 2.012973
410.000000 2.153872
411.000000 2.328636
412.000000 2.497648
413.000000 2.776166
414.000000 3.005153
415.000000 2.516932
416.000000 2.800958
417.000000 2.885120
418.000000 2.979689
419.000000 3.074647
420.000000 2.982538
421.000000 2.959220
422.000000 3.326188
423.000000 3.184836
424.000000 3.203258
425.000000 3.136124
426.000000 3.068042
427.000000 3.130062
428.000000 3.131591
429.000000 2.910202
430.000000 2.998133
431.000000 2.923710
432.000000 2.958863
433.000000 2.964245
434.000000 2.860522
435.000000 2.807670
436.000000 2.889984
437.000000 2.803344
438.000000 2.884360
439.000000 2.865171
440.000000 2.887282
441.000000 2.997258
442.000000 3.040650
443.000000 3.022416
444.000000 3.082122
445.000000 3.017844
446.000000 3.052382
447.000000 3.063338
448.000000 3.008713
449.000000 3.022098
450.000000 3.058420
451.000000 3.050153
452.000000 3.109684
453.000000 3.095636
454.000000 3.093757
455.000000 3.103032
456.000000 3.048803
457.000000 2.998173
458.000000 2.985035
459.000000 2.925410
460.000000 2.947895
461.000000 2.956253
462.000000 2.932695
463.000000 2.989844
464.000000 3.044443
465.000000 3.100041
466.000000 3.161271
467.000000 3.162358
468.000000 3.198699
469.000000 3.264844
470.000000 3.273313
471.000000 3.286778
472.000000 3.284808
473.000000 3.269495
474.000000 3.301865
475.000000 3.283698
476.000000 3.244316
477.000000 3.234378
478.000000 3.181275
479.000000 3.126965
480.000000 3.068471
481.000000 2.990396
482.000000 2.941938
483.000000 2.907889
484.000000 2.867532
485.000000 2.841641
486.000000 2.844547
487.000000 2.870944
488.000000 2.907213
489.000000 2.946238
490.000000 2.987577
491.000000 3.016126
492.000000 3.047404
493.000000 3.087412
494.000000 3.126607
495.000000 3.137039
496.000000 3.130637
497.000000 3.149032
498.000000 3.158427
499.000000 3.170529
500.000000 3.195428
501.000000 3.218138
502.000000 3.293589
503.000000 3.353298
504.000000 3.145782
505.000000 3.084038
506.000000 3.036922
507.000000 2.973308
508.000000 3.014256
509.000000 2.978309
510.000000 2.957323
511.000000 3.069609
512.000000 3.031561
513.000000 3.008240
514.000000 2.993161
515.000000 2.891243
516.000000 2.834693
517.000000 2.750004
518.000000 2.564762
519.000000 2.523375
520.000000 2.488980
521.000000 2.457904
522.000000 2.508675
523.000000 2.542507
524.000000 2.630474
525.000000 2.835067
526.000000 2.910808
527.000000 2.967001
528.000000 3.015703
529.000000 3.026117
530.000000 3.064376
531.000000 3.045988
532.000000 2.956209
533.000000 2.957030
534.000000 2.963124
535.000000 2.946789
536.000000 2.917258
537.000000 2.877731
538.000000 2.855803
539.000000 2.856216
540.000000 2.816023
541.000000 2.813692
542.000000 2.830894
543.000000 2.867119
544.000000 2.903617
545.000000 2.929310
546.000000 2.968436
547.000000 3.015607
548.000000 3.058026
549.000000 3.043515
550.000000 3.015951
551.000000 2.986475
552.000000 2.988334
553.000000 2.996285
554.000000 2.986202
555.000000 2.989855
556.000000 3.019320
557.000000 3.018440
558.000000 2.998529
559.000000 2.954299
560.000000 2.928700
561.000000 2.935599
562.000000 2.951401
563.000000 2.948678
564.000000 2.930727
565.000000 2.910049
566.000000 2.913959
567.000000 2.909863
568.000000 2.866452
569.000000 2.804943
570.000000 2.777530
571.000000 2.753534
572.000000 2.727346
573.000000 2.715361
574.000000 2.722696
575.000000 2.774596
576.000000 2.853140
577.000000 2.905666
578.000000 2.932000
579.000000 2.997611
580.000000 3.084251
581.000000 3.146060
582.000000 3.181584
583.000000 3.199090
584.000000 3.189310
585.000000 3.173011
586.000000 3.116045
587.000000 3.004147
588.000000 2.914779
589.000000 2.846002
590.000000 2.773735
591.000000 2.719420
592.000000 2.704760
593.000000 2.693834
594.000000 2.689531
595.000000 2.677851
596.000000 2.616546
597.000000 2.560461
598.000000 2.539567
599.000000 2.538208
600.000000 2.579621
601.000000 2.650358
602.000000 2.748937
603.000000 2.883859
604.000000 3.019259
605.000000 3.130086
606.000000 3.221099
607.000000 3.273299
608.000000 3.267001
609.000000 3.253929
610.000000 3.202739
611.000000 3.145672
612.000000 3.099425
613.000000 3.045530
614.000000 3.007094
615.000000 2.996652
616.000000 2.975487
617.000000 2.986221
618.000000 3.036534
619.000000 3.068167
620.000000 3.089375
621.000000 3.092954
622.000000 3.103746
623.000000 3.081140
624.000000 3.009305
625.000000 2.950475
626.000000 2.941073
627.000000 2.932981
628.000000 2.917804
629.000000 2.906244
630.000000 2.902679
631.000000 2.924073
632.000000 2.905353
633.000000 2.907382
634.000000 2.923493
635.000000 2.958878
636.000000 3.020560
637.000000 3.107744
638.000000 3.155484
639.000000 3.244564
640.000000 3.328574
641.000000 3.406734
642.000000 3.472256
643.000000 3.468225
644.000000 3.448467
645.000000 3.433873
646.000000 3.392120
647.000000 3.293165
648.000000 3.198578
649.000000 3.088244
650.000000 3.029091
651.000000 2.972888
652.000000 2.904277
653.000000 2.852347
654.000000 2.839534
655.000000 2.802062
656.000000 2.785820
657.000000 2.764556
658.000000 2.757458
659.000000 2.769982
660.000000 2.770533
661.000000 2.746255
662.000000 2.754094
663.000000 2.749690
664.000000 2.771166
665.000000 2.793412
666.000000 2.818589
667.000000 2.832900
668.000000 2.865997
669.000000 2.901825
670.000000 2.965636
671.000000 3.006877
672.000000 3.025569
673.000000 3.069763
674.000000 3.103921
675.000000 3.125673
676.000000 3.156366
677.000000 3.182355
678.000000 3.224485
679.000000 3.261887
680.000000 3.295637
681.000000 3.295302
682.000000 3.271522
683.000000 3.232517
684.000000 3.173884
685.000000 3.131184
686.000000 3.103217
687.000000 3.071686
688.000000 3.025131
689.000000 2.976203
690.000000 2.922469
691.000000 2.875374
692.000000 2.796295
693.000000 2.751324
694.000000 2.742254
695.000000 2.756964
696.000000 2.783070
697.000000 2.805884
698.000000 2.801278
699.000000 2.850964
700.000000 2.864520
701.000000 2.853921
702.000000 2.870781
703.000000 2.892758
704.000000 2.953453
705.000000 3.026094
706.000000 3.019716
707.000000 3.030665
708.000000 3.042203
709.000000 3.063252
710.000000 3.080827
711.000000 3.075369
712.000000 3.051042
713.000000 3.040031
714.000000 2.970606
715.000000 2.940562
716.000000 2.898441
717.000000 2.858438
718.000000 2.839130
719.000000 2.804127
720.000000 2.754255
721.000000 2.772958
722.000000 2.779747
723.000000 2.782806
724.000000 2.782664
725.000000 2.780728
726.000000 2.797171
727.000000 2.813244
728.000000 2.769889
729.000000 2.751704
730.000000 2.735970
731.000000 2.739562
732.000000 2.774094
733.000000 2.802038
734.000000 2.838744
735.000000 2.926829
736.000000 3.014592
737.000000 3.101681
738.000000 3.171148
739.000000 3.221176
740.000000 3.276719
741.000000 3.344895
742.000000 3.366574
743.000000 3.363198
744.000000 3.350052
745.000000 3.347597
746.000000 3.331992
747.000000 3.304904
748.000000 3.273061
749.000000 3.262762
750.000000 3.254386
751.000000 3.228540
752.000000 3.180275
753.000000 3.088784
754.000000 2.985570
755.000000 2.888887
756.000000 2.779641
757.000000 2.648041
758.000000 2.502469
759.000000 2.386670
760.000000 2.302068
761.000000 2.241720
762.000000 2.195638
763.000000 2.190958
764.000000 2.228749
765.000000 2.306522
766.000000 2.419825
767.000000 2.533265
768.000000 2.660551
769.000000 2.800967
770.000000 2.920755
771.000000 3.024472
772.000000 3.090658
773.000000 3.128590
774.000000 3.152683
775.000000 3.158271
776.000000 3.138431
777.000000 3.130265
778.000000 3.092260
779.000000 3.025496
780.000000 2.974171
781.000000 2.926869
782.000000 2.864022
783.000000 2.851001
784.000000 2.795901
785.000000 2.767636
786.000000 2.750169
787.000000 2.746728
788.000000 2.775830
789.000000 2.831314
790.000000 2.864236
791.000000 2.941674
792.000000 3.017404
793.000000 3.097705
794.000000 3.185605
795.000000 3.247216
796.000000 3.274982
797.000000 3.327003
798.000000 3.363904
799.000000 3.366741
800.000000 3.346491
801.000000 3.337131
802.000000 3.341761
803.000000 3.346769
804.000000 3.560886
805.000000 3.639369
806.000000 3.710844
807.000000 3.787824
808.000000 2.848359
809.000000 2.858996
810.000000 2.741522
811.000000 2.473453
812.000000 2.356346
813.000000 2.097380
814.000000 1.854046
815.000000 2.204202
816.000000 1.951497
817.000000 1.857635
818.000000 1.844809
819.000000 1.742130
820.000000 1.816416
821.000000 1.829382
822.000000 1.491054
823.000000 1.542117
824.000000 1.430957
825.000000 1.341958
826.000000 1.318481
827.000000 1.156230
828.000000 1.059528
829.000000 1.160081
830.000000 1.020891
831.000000 1.036010
832.000000 1.004742
833.000000 0.962748
834.000000 1.065513
835.000000 1.137411
836.000000 1.119493
837.000000 1.260910
838.000000 1.307739
839.000000 1.420536
840.000000 1.522808
841.000000 1.524624
842.000000 1.561172
843.000000 1.612713
844.000000 1.580750
845.000000 1.599011
846.000000 1.573506
847.000000 1.560880
848.000000 1.625329
849.000000 1.654517
850.000000 1.679011
851.000000 1.770785
852.000000 1.778412
853.000000 1.815907
854.000000 1.830657
855.000000 1.793242
856.000000 1.811864
857.000000 1.837921
858.000000 1.831463
859.000000 1.835565
860.000000 1.825145
861.000000 1.834028
862.000000 1.834573
863.000000 1.791651
864.000000 1.726394
865.000000 1.677119
866.000000 1.632108
867.000000 1.563816
868.000000 1.470828
869.000000 1.411522
870.000000 1.362689
871.000000 1.366780
872.000000 1.328534
873.000000 1.318169
874.000000 1.332332
875.000000 1.370146
876.000000 1.441393
877.000000 1.506412
878.000000 1.509303
879.000000 1.536695
880.000000 1.573982
881.000000 1.620560
882.000000 1.662523
883.000000 1.690876
884.000000 1.742793
885.000000 1.832205
886.000000 1.900454
887.000000 1.946257
888.000000 1.965082
889.000000 1.942720
890.000000 1.926503
891.000000 1.895933
892.000000 1.820218
893.000000 1.783574
894.000000 1.744399
895.000000 1.732676
896.000000 1.730925
897.000000 1.692510
898.000000 1.666355
899.000000 1.609865
900.000000 1.542518
901.000000 1.531457
902.000000 1.485083
903.000000 1.454184
904.000000 1.468112
905.000000 1.443209
906.000000 1.484369
907.000000 1.539904
908.000000 1.537233
909.000000 1.545378
910.000000 1.531685
911.000000 1.510231
912.000000 1.492337
913.000000 1.442821
914.000000 1.359771
915.000000 1.351485
916.000000 1.319042
917.000000 1.315921
918.000000 1.275418
919.000000 1.227983
920.000000 1.238860
921.000000 1.235005
922.000000 1.209455
923.000000 1.206901
924.000000 1.195176
925.000000 1.245276
926.000000 1.314392
927.000000 1.362883
928.000000 1.423234
929.000000 1.510678
930.000000 1.592212
931.000000 1.652927
932.000000 1.685122
933.000000 1.662433
934.000000 1.646786
935.000000 1.608905
936.000000 1.528797
937.000000 1.449164
938.000000 1.363915
939.000000 1.271990
940.000000 1.182743
941.000000 1.109791
942.000000 1.064134
943.000000 1.080973
944.000000 1.122358
945.000000 1.173620
946.000000 1.215065
947.000000 1.252885
948.000000 1.221933
949.000000 1.151054
950.000000 1.072351
951.000000 0.990646
952.000000 0.955242
953.000000 0.950044
954.000000 0.954582
955.000000 0.999732
956.000000 1.054448
957.000000 1.080587
958.000000 1.138629
959.000000 1.194558
960.000000 1.239147
961.000000 1.304765
962.000000 1.363435
963.000000 1.421158
964.000000 1.514309
965.000000 1.586635
966.000000 1.665471
967.000000 1.739003
968.000000 1.778178
969.000000 1.802437
970.000000 1.811828
971.000000 1.802236
972.000000 1.807050
973.000000 1.808075
974.000000 1.808694
975.000000 1.786706
976.000000 1.767126
977.000000 1.736760
978.000000 1.702767
979.000000 1.669221
980.000000 1.621035
981.000000 1.579100
982.000000 1.541280
983.000000 1.537593
984.000000 1.548925
985.000000 1.535176
986.000000 1.528396
987.000000 1.490345
988.000000 1.455664
989.000000 1.455705
990.000000 1.443138
991.000000 1.380631
992.000000 1.336546
993.000000 1.298467
994.000000 1.282168
995.000000 1.246265
996.000000 1.209165
997.000000 1.164142
998.000000 1.150010
999.000000 1.127135
1000.000000 1.104263
1001.000000 1.064241
1002.000000 1.043569
1003.000000 1.015823
1004.000000 1.011742
1005.000000 0.992788
1006.000000 1.002745
1007.000000 0.983148
1008.000000 1.010061
1009.000000 1.030872
1010.000000 1.113603
1011.000000 1.204225
1012.000000 1.300869
1013.000000 1.380030
1014.000000 1.490672
1015.000000 1.563108
1016.000000 1.667730
1017.000000 1.744536
1018.000000 1.817449
1019.000000 1.881240
1020.000000 1.950090
1021.000000 2.006112
1022.000000 2.087502
1023.000000 2.123660
1024.000000 2.167875
1025.000000 2.171259
1026.000000 2.192170
1027.000000 2.186011
1028.000000 2.178506
1029.000000 2.124766
1030.000000 2.044114
1031.000000 1.973686
1032.000000 1.903614
1033.000000 1.848004
1034.000000 1.827821
1035.000000 1.789666
1036.000000 1.779295
1037.000000 1.814524
1038.000000 1.810045
1039.000000 1.781916
1040.000000 1.708538
1041.000000 1.614396
1042.000000 1.537644
1043.000000 1.482053
1044.000000 1.390800
1045.000000 1.338939
1046.000000 1.299983
1047.000000 1.295363
1048.000000 1.289414
1049.000000 1.261939
1050.000000 1.240442
1051.000000 1.258074
1052.000000 1.266175
1053.000000 1.315307
1054.000000 1.351102
1055.000000 1.404112
1056.000000 1.494850
1057.000000 1.566895
1058.000000 1.625782
1059.000000 1.708629
1060.000000 1.716350
1061.000000 1.750359
1062.000000 1.777763
1063.000000 1.782545
1064.000000 1.807368
1065.000000 1.843920
1066.000000 1.868169
1067.000000 1.917109
1068.000000 1.899998
1069.000000 1.885580
1070.000000 1.854299
1071.000000 1.787487
1072.000000 1.682678
1073.000000 1.614277
1074.000000 1.551223
1075.000000 1.537725
1076.000000 1.491403
1077.000000 1.472106
1078.000000 1.476016
1079.000000 1.528931
1080.000000 1.556967
1081.000000 1.594326
1082.000000 1.627279
1083.000000 1.681637
1084.000000 1.713281
1085.000000 1.690487
1086.000000 1.610693
1087.000000 1.519091
1088.000000 1.430852
1089.000000 1.334077
1090.000000 1.220134
1091.000000 1.105930
1092.000000 1.063064
1093.000000 1.071029
1094.000000 1.094335
1095.000000 1.173054
1096.000000 1.247952
1097.000000 1.347445
1098.000000 1.439273
1099.000000 1.457039
1100.000000 1.469204
1101.000000 1.536316
1102.000000 1.568879
1103.000000 1.624504
1104.000000 1.630826
1105.000000 1.626158
1106.000000 1.680323
1107.000000 1.733799
1108.000000 1.687901
1109.000000 1.637162
1110.000000 1.541647
1111.000000 1.478704
1112.000000 1.394311
1113.000000 1.267110
1114.000000 1.165049
1115.000000 1.093035
1116.000000 1.047053
1117.000000 1.055626
1118.000000 1.035798
1119.000000 1.048959
1120.000000 1.096870
1121.000000 1.144224
1122.000000 1.199583
1123.000000 1.263082
1124.000000 1.298143
1125.000000 1.326943
1126.000000 1.286302
1127.000000 1.282924
1128.000000 1.313498
1129.000000 1.348467
1130.000000 1.402903
1131.000000 1.479342
1132.000000 1.541862
1133.000000 1.592242
1134.000000 1.645885
1135.000000 1.727386
1136.000000 1.771832
1137.000000 1.798559
1138.000000 1.772357
1139.000000 1.765045
1140.000000 1.765294
1141.000000 1.746439
1142.000000 1.712970
1143.000000 1.663655
1144.000000 1.603298
1145.000000 1.580664
1146.000000 1.560457
1147.000000 1.520922
1148.000000 1.460061
1149.000000 1.435634
1150.000000 1.425158
1151.000000 1.419490
1152.000000 1.394770
1153.000000 1.391993
1154.000000 1.390225
1155.000000 1.403412
1156.000000 1.389736
1157.000000 1.392850
1158.000000 1.429620
1159.000000 1.430177
1160.000000 1.418378
1161.000000 1.394514
1162.000000 1.380258
1163.000000 1.394755
1164.000000 1.405475
1165.000000 1.357238
1166.000000 1.381198
1167.000000 1.362117
1168.000000 1.380843
1169.000000 1.385927
1170.000000 1.365316
1171.000000 1.362245
1172.000000 1.403316
1173.000000 1.402102
1174.000000 1.431756
1175.000000 1.413211
1176.000000 1.392563
1177.000000 1.406737
1178.000000 1.436946
1179.000000 1.469245
1180.000000 1.531518
1181.000000 1.594861
1182.000000 1.679157
1183.000000 1.751197
1184.000000 1.801042
1185.000000 1.810178
1186.000000 1.830295
1187.000000 1.820461
1188.000000 1.825640
1189.000000 1.813554
1190.000000 1.800598
1191.000000 1.762144
1192.000000 1.758993
1193.000000 1.766646
1194.000000 1.784174
1195.000000 1.806776
1196.000000 1.823618
1197.000000 1.836434
1198.000000 1.858963
1199.000000 1.869697
1200.000000 1.864010
1201.000000 1.825715
1202.000000 1.800155
1203.000000 1.772529
1204.000000 1.756179
1205.000000 1.721017
1206.000000 1.672075
1207.000000 1.629570
1208.000000 0.955439
1209.000000 0.885967
1210.000000 0.775891
1211.000000 0.664110
1212.000000 0.586201
1213.000000 0.479655
1214.000000 0.379145
1215.000000 0.662600
1216.000000 0.550993
1217.000000 0.549553
1218.000000 0.525704
1219.000000 0.525065
1220.000000 0.558547
1221.000000 0.601798
1222.000000 0.405284
1223.000000 0.485230
1224.000000 0.428932
1225.000000 0.392073
1226.000000 0.353179
1227.000000 0.282829
1228.000000 0.235928
1229.000000 0.322806
1230.000000 0.281260
1231.000000 0.370371
1232.000000 0.431319
1233.000000 0.481594
1234.000000 0.531387
1235.000000 0.533434
1236.000000 0.471323
1237.000000 0.479548
1238.000000 0.357600
1239.000000 0.255728
1240.000000 0.177779
1241.000000 0.115582
1242.000000 0.109382
1243.000000 0.146798
1244.000000 0.146846
1245.000000 0.187914
1246.000000 0.190606
1247.000000 0.168525
1248.000000 0.148373
1249.000000 0.103559
1250.000000 0.050661
1251.000000 0.063907
1252.000000 0.068153
1253.000000 0.108091
1254.000000 0.146570
1255.000000 0.196300
1256.000000 0.232215
1257.000000 0.261026
1258.000000 0.238218
1259.000000 0.191814
1260.000000 0.096656
1261.000000 0.017316
1262.000000 -0.035991
1263.000000 -0.075708
1264.000000 -0.086949
1265.000000 -0.074008
1266.000000 -0.033816
1267.000000 0.065427
1268.000000 0.167840
1269.000000 0.276592
1270.000000 0.421951
1271.000000 0.572252
1272.000000 0.711840
1273.000000 0.850889
1274.000000 0.981181
1275.000000 1.094090
1276.000000 1.193987
1277.000000 1.231088
1278.000000 1.255834
1279.000000 1.253218
1280.000000 1.267702
1281.000000 1.274651
1282.000000 1.253543
1283.000000 1.199655
1284.000000 1.154388
1285.000000 1.111334
1286.000000 1.089408
1287.000000 1.076604
1288.000000 1.052618
1289.000000 1.024681
1290.000000 1.021056
1291.000000 1.009266
1292.000000 0.981752
1293.000000 0.933790
1294.000000 0.909747
1295.000000 0.908312
1296.000000 0.904065
1297.000000 0.873962
1298.000000 0.830012
1299.000000 0.779495
1300.000000 0.787991
1301.000000 0.784453
1302.000000 0.749632
1303.000000 0.700817
1304.000000 0.912490
1305.000000 0.959123
1306.000000 1.029698
1307.000000 1.059903
1308.000000 1.031501
1309.000000 1.057340
1310.000000 1.065311
1311.000000 0.914065
1312.000000 0.914637
1313.000000 0.861606
1314.000000 0.791722
1315.000000 0.781072
1316.000000 0.731620
1317.000000 0.670861
1318.000000 0.709017
1319.000000 0.636907
1320.000000 0.612204
1321.000000 0.600590
1322.000000 0.574671
1323.000000 0.595058
1324.000000 0.588276
1325.000000 0.505252
1326.000000 0.486615
1327.000000 0.413048
1328.000000 0.362027
1329.000000 0.335359
1330.000000 0.281355
1331.000000 0.223726
1332.000000 0.164293
1333.000000 0.085578
1334.000000 0.077414
1335.000000 0.094725
1336.000000 0.130793
1337.000000 0.180406
1338.000000 0.216518
1339.000000 0.280646
1340.000000 0.325021
1341.000000 0.358498
1342.000000 0.380685
1343.000000 0.383420
1344.000000 0.377743
1345.000000 0.358340
1346.000000 0.309080
1347.000000 0.300694
1348.000000 0.289391
1349.000000 0.295983
1350.000000 0.321444
1351.000000 0.314804
1352.000000 0.312765
1353.000000 0.309342
1354.000000 0.306016
1355.000000 0.307219
1356.000000 0.295657
1357.000000 0.291510
1358.000000 0.324002
1359.000000 0.351127
1360.000000 0.390929
1361.000000 0.441192
1362.000000 0.476315
1363.000000 0.524981
1364.000000 0.562359
1365.000000 0.555379
1366.000000 0.578963
1367.000000 0.628842
1368.000000 0.629669
1369.000000 0.637565
1370.000000 0.642630
1371.000000 0.665097
1372.000000 0.727797
1373.000000 0.740011
1374.000000 0.749600
1375.000000 0.773948
1376.000000 0.779409
1377.000000 0.777736
1378.000000 0.772228
1379.000000 0.736213
1380.000000 0.700632
1381.000000 0.667036
1382.000000 0.598684
1383.000000 0.553551
1384.000000 0.511272
1385.000000 0.441059
1386.000000 0.391214
1387.000000 0.356033
1388.000000 0.309792
1389.000000 0.318390
1390.000000 0.260844
1391.000000 0.190680
1392.000000 0.119330
1393.000000 0.062575
1394.000000 0.022247
1395.000000 -0.011789
1396.000000 -0.091400
1397.000000 -0.108987
1398.000000 -0.071362
1399.000000 -0.023313
1400.000000 0.033875
1401.000000 0.067107
1402.000000 0.108795
1403.000000 0.198128
1404.000000 0.214584
1405.000000 0.224472
1406.000000 0.226542
1407.000000 0.227718
1408.000000 0.249762
1409.000000 0.304824
1410.000000 0.357942
1411.000000 0.446496
1412.000000 0.516553
1413.000000 0.588581
1414.000000 0.648406
1415.000000 0.679707
1416.000000 0.701880
1417.000000 0.682478
1418.000000 0.644231
1419.000000 0.588934
1420.000000 0.495332
1421.000000 0.419962
1422.000000 0.368287
1423.000000 0.332576
1424.000000 0.321605
1425.000000 0.331701
1426.000000 0.375859
1427.000000 0.465754
1428.000000 0.548864
1429.000000 0.579186
1430.000000 0.560397
1431.000000 0.551371
1432.000000 0.549361
1433.000000 0.564453
1434.000000 0.551701
1435.000000 0.571046
1436.000000 0.588025
1437.000000 0.631597
1438.000000 0.662492
1439.000000 0.693194
1440.000000 0.711198
1441.000000 0.738202
1442.000000 0.724368
1443.000000 0.728265
1444.000000 0.693377
1445.000000 0.617889
1446.000000 0.573313
1447.000000 0.518632
1448.000000 0.503973
1449.000000 0.528770
1450.000000 0.501562
1451.000000 0.503827
1452.000000 0.523806
1453.000000 0.525203
1454.000000 0.536628
1455.000000 0.497724
1456.000000 0.464008
1457.000000 0.488156
1458.000000 0.517637
1459.000000 0.530159
1460.000000 0.559108
1461.000000 0.571597
1462.000000 0.657527
1463.000000 0.726241
1464.000000 0.750348
1465.000000 0.789865
1466.000000 0.811447
1467.000000 0.794419
1468.000000 0.743882
1469.000000 0.667891
1470.000000 0.602876
1471.000000 0.573037
1472.000000 0.505727
1473.000000 0.451306
1474.000000 0.408424
1475.000000 0.375034
1476.000000 0.345283
1477.000000 0.340389
1478.000000 0.340101
1479.000000 0.340711
1480.000000 0.371851
1481.000000 0.414117
1482.000000 0.468417
1483.000000 0.565955
1484.000000 0.631462
1485.000000 0.704701
1486.000000 0.757030
1487.000000 0.784427
1488.000000 0.796036
1489.000000 0.799812
1490.000000 0.802492
1491.000000 0.847102
1492.000000 0.834471
1493.000000 0.813335
1494.000000 0.796778
1495.000000 0.763712
1496.000000 0.757968
1497.000000 0.741772
1498.000000 0.670438
1499.000000 0.620187
1500.000000 0.570862
1501.000000 0.477771
1502.000000 0.411117
1503.000000 0.313519
1504.000000 0.204002
1505.000000 0.146095
1506.000000 0.060058
1507.000000 0.004547
1508.000000 -0.017739
1509.000000 -0.072251
1510.000000 -0.086483
1511.000000 -0.055486
1512.000000 -0.040162
1513.000000 0.025849
1514.000000 0.066616
1515.000000 0.102127
1516.000000 0.147522
1517.000000 0.201640
1518.000000 0.250931
1519.000000 0.314990
1520.000000 0.349564
1521.000000 0.383704
1522.000000 0.402564
1523.000000 0.435309
1524.000000 0.424357
1525.000000 0.460752
1526.000000 0.501246
1527.000000 0.499742
1528.000000 0.542342
1529.000000 0.584983
1530.000000 0.626399
1531.000000 0.716960
1532.000000 0.757293
1533.000000 0.784408
1534.000000 0.850366
1535.000000 0.882071
1536.000000 0.880572
1537.000000 0.896560
1538.000000 0.830772
1539.000000 0.826124
1540.000000 0.846235
1541.000000 0.843704
1542.000000 0.856529
1543.000000 0.889752
1544.000000 0.907340
1545.000000 0.954361
1546.000000 0.949998
1547.000000 0.906370
1548.000000 0.879003
1549.000000 0.836880
1550.000000 0.744021
1551.000000 0.659848
1552.000000 0.550080
1553.000000 0.470345
1554.000000 0.418649
1555.000000 0.377574
1556.000000 0.352443
1557.000000 0.352390
1558.000000 0.338035
1559.000000 0.344769
1560.000000 0.348541
1561.000000 0.381229
1562.000000 0.394494
1563.000000 0.439450
1564.000000 0.443439
1565.000000 0.464340
1566.000000 0.456425
1567.000000 0.472203
1568.000000 0.464074
1569.000000 0.471382
1570.000000 0.462125
1571.000000 0.454780
1572.000000 0.385987
1573.000000 0.334064
1574.000000 0.311907
1575.000000 0.305938
1576.000000 0.307977
1577.000000 0.308966
1578.000000 0.323862
1579.000000 0.322826
1580.000000 0.297161
1581.000000 0.259283
1582.000000 0.223918
1583.000000 0.157486
1584.000000 0.113083
1585.000000 0.098880
1586.000000 0.112791
1587.000000 0.160992
1588.000000 0.203714
1589.000000 0.246176
1590.000000 0.298000
1591.000000 0.309114
1592.000000 0.329160
1593.000000 0.355820
1594.000000 0.357357
1595.000000 0.377327
1596.000000 0.421521
1597.000000 0.465115
1598.000000 0.498863
1599.000000 0.517183
1600.000000 0.506936
