1.000000 0.000000
2.000000 0.000000
3.000000 0.000000
4.000000 0.000000
5.000000 0.000000
6.000000 0.000000
7.000000 0.000000
8.000000 0.147880
9.000000 0.287003
10.000000 0.417888
11.000000 0.541020
12.000000 0.656858
13.000000 0.765834
14.000000 0.868353
15.000000 0.964798
16.000000 1.055527
17.000000 1.140880
18.000000 1.221174
19.000000 1.296708
20.000000 1.367766
21.000000 1.434610
22.000000 1.497493
23.000000 1.556646
24.000000 1.612293
25.000000 1.664640
26.000000 1.713883
27.000000 1.760206
28.000000 1.803782
29.000000 1.844773
30.000000 1.883334
31.000000 1.919607
32.000000 1.953729
33.000000 1.985828
34.000000 2.016022
35.000000 2.044425
36.000000 2.071143
37.000000 2.096277
38.000000 2.119919
39.000000 2.142159
40.000000 2.163079
41.000000 2.182759
42.000000 2.201271
43.000000 2.218684
44.000000 2.235065
45.000000 2.250473
46.000000 2.264967
47.000000 2.278602
48.000000 2.291427
49.000000 2.303492
50.000000 2.314840
51.000000 2.325516
52.000000 2.335557
53.000000 2.345003
54.000000 2.353889
55.000000 2.362247
56.000000 2.370109
57.000000 2.377505
58.000000 2.384462
59.000000 2.391006
60.000000 2.397162
61.000000 2.402952
62.000000 2.408399
63.000000 2.413523
64.000000 2.418342
65.000000 2.422876
66.000000 2.427140
67.000000 2.431152
68.000000 2.434925
69.000000 2.438475
70.000000 2.441814
71.000000 2.444954
72.000000 2.447909
73.000000 2.450688
74.000000 2.453302
75.000000 2.455761
76.000000 2.458074
77.000000 2.460250
78.000000 2.462296
79.000000 2.464221
80.000000 2.466032
81.000000 2.467736
82.000000 2.469338
83.000000 2.470846
84.000000 2.472263
85.000000 2.473597
86.000000 2.474852
87.000000 2.476032
88.000000 2.477142
89.000000 2.478186
90.000000 2.479168
91.000000 2.480092
92.000000 2.480961
93.000000 2.481779
94.000000 2.482548
95.000000 2.483271
96.000000 2.483952
97.000000 2.484592
98.000000 2.485194
99.000000 2.485760
100.000000 2.486293
101.000000 2.486794
102.000000 2.487265
103.000000 2.487709
104.000000 2.488126
105.000000 2.488518
106.000000 2.488887
107.000000 2.489234
108.000000 2.489561
109.000000 2.489868
110.000000 2.490157
111.000000 2.490429
112.000000 2.490685
113.000000 2.490925
114.000000 2.491151
115.000000 2.491364
116.000000 2.491564
117.000000 2.491753
118.000000 2.491930
119.000000 2.492096
120.000000 2.492253
121.000000 2.492400
122.000000 2.492539
123.000000 2.492669
124.000000 2.492792
125.000000 2.492908
126.000000 2.493016
127.000000 2.493118
128.000000 2.493214
129.000000 2.493305
130.000000 2.493390
131.000000 2.493470
132.000000 2.493545
133.000000 2.493616
134.000000 2.493682
135.000000 2.493745
136.000000 2.493804
137.000000 2.493859
138.000000 2.493911
139.000000 2.493960
140.000000 2.494006
141.000000 2.494050
142.000000 2.494090
143.000000 2.494129
144.000000 2.494165
145.000000 2.494199
146.000000 2.494231
147.000000 2.494261
148.000000 2.494289
149.000000 2.494316
150.000000 2.494341
151.000000 2.494364
152.000000 2.494386
153.000000 2.494407
154.000000 2.494427
155.000000 2.494445
156.000000 2.494462
157.000000 2.494479
158.000000 2.494494
159.000000 2.494508
160.000000 2.494522
161.000000 2.494535
162.000000 2.494547
163.000000 2.494558
164.000000 2.494569
165.000000 2.494579
166.000000 2.494588
167.000000 2.494597
168.000000 2.494605
169.000000 2.494613
170.000000 2.494620
171.000000 2.494627
172.000000 2.494634
173.000000 2.494640
174.000000 2.494646
175.000000 2.494651
176.000000 2.494656
177.000000 2.494661
178.000000 2.494665
179.000000 2.494670
180.000000 2.494674
181.000000 2.494677
182.000000 2.494681
183.000000 2.494684
184.000000 2.494687
185.000000 2.494690
186.000000 2.494693
187.000000 2.494696
188.000000 2.494698
189.000000 2.494700
190.000000 2.494703
191.000000 2.494705
192.000000 2.494706
193.000000 2.494708
194.000000 2.494710
195.000000 2.494712
196.000000 2.494713
197.000000 2.494714
198.000000 2.494716
199.000000 2.494717
200.000000 2.494718
201.000000 2.494719
202.000000 2.494720
203.000000 2.494721
204.000000 2.494722
205.000000 2.494723
206.000000 2.494724
207.000000 2.494725
208.000000 2.494725
209.000000 2.494726
210.000000 2.494727
211.000000 2.494727
212.000000 2.494728
213.000000 2.494728
214.000000 2.494729
215.000000 2.494729
216.000000 2.494730
217.000000 2.494730
218.000000 2.494731
219.000000 2.494731
220.000000 2.494731
221.000000 2.494732
222.000000 2.494732
223.000000 2.494732
224.000000 2.494733
225.000000 2.494733
226.000000 2.494733
227.000000 2.494733
228.000000 2.494733
229.000000 2.494734
230.000000 2.494734
231.000000 2.494734
232.000000 2.494734
233.000000 2.494734
234.000000 2.494735
235.000000 2.494735
236.000000 2.494735
237.000000 2.494735
238.000000 2.494735
239.000000 2.494735
240.000000 2.494735
241.000000 2.494735
242.000000 2.494735
243.000000 2.494736
244.000000 2.494736
245.000000 2.494736
246.000000 2.494736
247.000000 2.494736
248.000000 2.494736
249.000000 2.494736
250.000000 2.494736
251.000000 2.494736
252.000000 2.494736
253.000000 2.494736
254.000000 2.494736
255.000000 2.494736
256.000000 2.494736
257.000000 2.494736
258.000000 2.494736
259.000000 2.494736
260.000000 2.494736
261.000000 2.494736
262.000000 2.494736
263.000000 2.494736
264.000000 2.494736
265.000000 2.494736
266.000000 2.494737
267.000000 2.494737
268.000000 2.494737
269.000000 2.494737
270.000000 2.494737
271.000000 2.494737
272.000000 2.494737
273.000000 2.494737
274.000000 2.494737
275.000000 2.494737
276.000000 2.494737
277.000000 2.494737
278.000000 2.494737
279.000000 2.494737
280.000000 2.494737
281.000000 2.494737
282.000000 2.494737
283.000000 2.494737
284.000000 2.494737
285.000000 2.494737
286.000000 2.494737
287.000000 2.494737
288.000000 2.494737
289.000000 2.494737
290.000000 2.494737
291.000000 2.494737
292.000000 2.494737
293.000000 2.494737
294.000000 2.494737
295.000000 2.494737
296.000000 2.494737
297.000000 2.494737
298.000000 2.494737
299.000000 2.494737
300.000000 2.494737
301.000000 2.494737
302.000000 2.494737
303.000000 2.494737
304.000000 2.494737
305.000000 2.494737
306.000000 2.494737
307.000000 2.494737
308.000000 2.494737
309.000000 2.494737
310.000000 2.494737
311.000000 2.494737
312.000000 2.494737
313.000000 2.494737
314.000000 2.494737
315.000000 2.494737
316.000000 2.494737
317.000000 2.494737
318.000000 2.494737
319.000000 2.494737
320.000000 2.494737
321.000000 2.494737
322.000000 2.494737
323.000000 2.494737
324.000000 2.494737
325.000000 2.494737
326.000000 2.494737
327.000000 2.494737
328.000000 2.494737
329.000000 2.494737
330.000000 2.494737
331.000000 2.494737
332.000000 2.494737
333.000000 2.494737
334.000000 2.494737
335.000000 2.494737
336.000000 2.494737
337.000000 2.494737
338.000000 2.494737
339.000000 2.494737
340.000000 2.494737
341.000000 2.494737
342.000000 2.494737
343.000000 2.494737
344.000000 2.494737
345.000000 2.494737
346.000000 2.494737
347.000000 2.494737
348.000000 2.494737
349.000000 2.494737
350.000000 2.494737
351.000000 2.494737
352.000000 2.494737
353.000000 2.494737
354.000000 2.494737
355.000000 2.494737
356.000000 2.494737
357.000000 2.494737
358.000000 2.494737
359.000000 2.494737
360.000000 2.494737
361.000000 2.494737
362.000000 2.494737
363.000000 2.494737
364.000000 2.494737
365.000000 2.494737
366.000000 2.494737
367.000000 2.494737
368.000000 2.494737
369.000000 2.494737
370.000000 2.494737
371.000000 2.494737
372.000000 2.494737
373.000000 2.494737
374.000000 2.494737
375.000000 2.494737
376.000000 2.494737
377.000000 2.494737
378.000000 2.494737
379.000000 2.494737
380.000000 2.494737
381.000000 2.494737
382.000000 2.494737
383.000000 2.494737
384.000000 2.494737
385.000000 2.494737
386.000000 2.494737
387.000000 2.494737
388.000000 2.494737
389.000000 2.494737
390.000000 2.494737
391.000000 2.494737
392.000000 2.494737
393.000000 2.494737
394.000000 2.494737
395.000000 2.494737
396.000000 2.494737
397.000000 2.494737
398.000000 2.494737
399.000000 2.494737
400.000000 2.494737
401.000000 2.494737
402.000000 2.494737
403.000000 2.494737
404.000000 2.494737
405.000000 2.494737
406.000000 2.494737
407.000000 2.494737
408.000000 2.494737
409.000000 2.494737
410.000000 2.494737
411.000000 2.494737
412.000000 2.494737
413.000000 2.494737
414.000000 2.494737
415.000000 2.494737
416.000000 2.494737
417.000000 2.494737
418.000000 2.494737
419.000000 2.494737
420.000000 2.494737
421.000000 2.494737
422.000000 2.494737
423.000000 2.494737
424.000000 2.494737
425.000000 2.494737
426.000000 2.494737
427.000000 2.494737
428.000000 2.494737
429.000000 2.494737
430.000000 2.494737
431.000000 2.494737
432.000000 2.494737
433.000000 2.494737
434.000000 2.494737
435.000000 2.494737
436.000000 2.494737
437.000000 2.494737
438.000000 2.494737
439.000000 2.494737
440.000000 2.494737
441.000000 2.494737
442.000000 2.494737
443.000000 2.494737
444.000000 2.494737
445.000000 2.494737
446.000000 2.494737
447.000000 2.494737
448.000000 2.494737
449.000000 2.494737
450.000000 2.494737
451.000000 2.494737
452.000000 2.494737
453.000000 2.494737
454.000000 2.494737
455.000000 2.494737
456.000000 2.494737
457.000000 2.494737
458.000000 2.494737
459.000000 2.494737
460.000000 2.494737
461.000000 2.494737
462.000000 2.494737
463.000000 2.494737
464.000000 2.494737
465.000000 2.494737
466.000000 2.494737
467.000000 2.494737
468.000000 2.494737
469.000000 2.494737
470.000000 2.494737
471.000000 2.494737
472.000000 2.494737
473.000000 2.494737
474.000000 2.494737
475.000000 2.494737
476.000000 2.494737
477.000000 2.494737
478.000000 2.494737
479.000000 2.494737
480.000000 2.494737
481.000000 2.494737
482.000000 2.494737
483.000000 2.494737
484.000000 2.494737
485.000000 2.494737
486.000000 2.494737
487.000000 2.494737
488.000000 2.494737
489.000000 2.494737
490.000000 2.494737
491.000000 2.494737
492.000000 2.494737
493.000000 2.494737
494.000000 2.494737
495.000000 2.494737
