1.000000 0.000000
2.000000 0.000000
3.000000 0.000000
4.000000 0.000000
5.000000 0.000000
6.000000 0.000000
7.000000 0.000000
8.000000 0.000000
9.000000 0.000000
10.000000 0.000000
11.000000 0.000000
12.000000 0.000000
13.000000 0.000000
14.000000 0.000000
15.000000 0.776678
16.000000 0.995107
17.000000 0.903384
18.000000 0.535549
19.000000 0.204457
20.000000 0.016390
21.000000 -0.033419
22.000000 -0.114161
23.000000 -0.127624
24.000000 -0.066267
25.000000 0.063173
26.000000 0.201699
27.000000 0.303769
28.000000 0.353703
29.000000 0.377851
30.000000 0.379539
31.000000 0.360412
32.000000 0.322371
33.000000 0.276083
34.000000 0.234155
35.000000 0.204630
36.000000 0.186132
37.000000 0.176309
38.000000 0.173363
39.000000 0.176239
40.000000 0.182940
41.000000 0.190649
42.000000 0.196876
43.000000 0.200838
44.000000 0.202750
45.000000 0.203101
46.000000 0.202251
47.000000 0.200575
48.000000 0.198585
49.000000 0.196821
50.000000 0.195581
51.000000 0.194897
52.000000 0.194651
53.000000 0.194713
54.000000 0.194974
55.000000 0.195324
56.000000 0.195649
57.000000 0.195869
58.000000 0.195959
59.000000 0.195940
60.000000 0.195847
61.000000 0.195715
62.000000 0.195572
63.000000 0.195442
64.000000 0.195343
65.000000 0.195284
66.000000 0.195260
67.000000 0.195262
68.000000 0.195280
69.000000 0.195303
70.000000 0.195325
71.000000 0.195341
72.000000 0.195349
73.000000 0.195349
74.000000 0.195342
75.000000 0.195331
76.000000 0.195319
77.000000 0.195308
78.000000 0.195299
79.000000 0.195292
80.000000 0.195287
81.000000 0.195285
82.000000 0.195284
83.000000 0.195284
84.000000 0.195285
85.000000 0.195285
86.000000 0.195284
87.000000 0.195283
88.000000 0.195282
89.000000 0.195281
90.000000 0.195279
91.000000 0.195278
92.000000 0.195276
93.000000 0.195275
94.000000 0.195274
95.000000 0.195274
96.000000 0.195273
97.000000 0.195273
98.000000 0.195272
99.000000 0.195272
100.000000 0.195272
101.000000 0.195271
102.000000 0.195271
103.000000 0.195270
104.000000 0.195270
105.000000 0.195270
106.000000 0.195270
107.000000 0.195269
108.000000 0.195269
109.000000 0.195269
110.000000 0.195269
111.000000 0.195268
112.000000 0.195268
113.000000 0.195268
114.000000 0.195268
115.000000 0.195268
116.000000 0.195268
117.000000 0.195268
118.000000 0.195268
119.000000 0.195267
120.000000 0.195267
121.000000 0.195267
122.000000 0.195267
123.000000 0.195267
124.000000 0.195267
125.000000 0.195267
126.000000 0.195267
127.000000 0.195267
128.000000 0.195267
129.000000 0.195267
130.000000 0.195267
131.000000 0.195267
132.000000 0.195267
133.000000 0.195267
134.000000 0.195267
135.000000 0.195267
136.000000 0.195267
137.000000 0.195267
138.000000 0.195267
139.000000 0.195267
140.000000 0.195267
141.000000 0.195266
142.000000 0.195266
143.000000 0.195266
144.000000 0.195266
145.000000 0.195266
146.000000 0.195266
147.000000 0.195266
148.000000 0.195266
149.000000 0.195266
150.000000 0.195606
151.000000 0.195829
152.000000 0.195822
153.000000 0.195539
154.000000 0.195181
155.000000 0.194920
156.000000 0.194823
157.000000 0.194745
158.000000 0.194722
159.000000 0.194799
160.000000 0.194996
161.000000 0.195255
162.000000 0.195485
163.000000 0.195628
164.000000 0.195700
165.000000 0.195713
166.000000 0.195674
167.000000 0.195581
168.000000 0.195452
169.000000 0.195319
170.000000 0.195210
171.000000 0.195135
172.000000 0.195094
173.000000 0.195082
174.000000 0.195095
175.000000 0.195129
176.000000 0.195172
177.000000 0.195216
178.000000 0.195251
179.000000 0.195277
180.000000 0.195292
181.000000 0.195298
182.000000 0.195296
183.000000 0.195289
184.000000 0.195280
185.000000 0.195271
186.000000 0.195264
187.000000 0.195260
188.000000 0.195258
189.000000 0.195258
190.000000 0.195259
191.000000 0.195261
192.000000 0.195264
193.000000 0.195266
194.000000 0.195267
195.000000 0.195268
196.000000 0.195268
197.000000 0.195267
198.000000 0.195267
199.000000 0.195266
200.000000 0.195266
201.000000 0.195266
202.000000 0.195266
203.000000 0.195266
204.000000 0.195266
205.000000 0.195266
206.000000 0.195266
207.000000 0.195266
208.000000 0.195266
209.000000 0.195266
210.000000 0.195266
211.000000 0.195266
212.000000 0.195266
213.000000 0.195266
214.000000 0.195266
215.000000 0.195266
216.000000 0.195266
217.000000 0.195266
218.000000 0.195266
219.000000 0.195266
220.000000 0.195266
221.000000 0.195266
222.000000 0.195266
223.000000 0.195266
224.000000 0.195266
225.000000 0.195266
226.000000 0.195266
227.000000 0.195266
228.000000 0.195266
229.000000 0.195266
230.000000 0.195266
231.000000 0.195266
232.000000 0.195266
233.000000 0.195266
234.000000 0.195266
235.000000 0.195266
236.000000 0.195266
237.000000 0.195266
238.000000 0.195266
239.000000 0.195266
240.000000 0.195266
241.000000 0.195266
242.000000 0.195266
243.000000 0.195266
244.000000 0.195266
245.000000 0.195266
246.000000 0.195266
247.000000 0.195266
248.000000 0.195266
249.000000 0.195266
250.000000 0.195266
251.000000 0.195266
252.000000 0.195266
253.000000 0.195266
254.000000 0.195266
255.000000 0.195266
256.000000 0.195266
257.000000 0.195266
258.000000 0.195266
259.000000 0.195266
260.000000 0.195266
261.000000 0.195266
262.000000 0.195266
263.000000 0.195266
264.000000 0.195266
265.000000 0.195266
266.000000 0.195266
267.000000 0.195266
268.000000 0.195266
269.000000 0.195266
270.000000 0.195266
271.000000 0.195266
272.000000 0.195266
273.000000 0.195266
274.000000 0.195266
275.000000 0.195266
276.000000 0.195266
277.000000 0.195266
278.000000 0.195266
279.000000 0.195266
280.000000 0.195266
281.000000 0.195266
282.000000 0.195266
283.000000 0.195266
284.000000 0.195266
285.000000 0.195266
286.000000 0.195267
287.000000 0.195267
288.000000 0.195267
289.000000 0.195266
290.000000 0.195266
291.000000 0.195266
292.000000 0.195266
293.000000 0.195266
294.000000 0.195266
295.000000 0.195266
296.000000 0.195266
297.000000 0.195267
298.000000 0.195267
299.000000 0.195267
300.000000 0.195267
301.000000 0.195267
302.000000 0.195267
303.000000 0.195267
304.000000 0.195266
305.000000 0.195266
306.000000 0.195266
307.000000 0.195266
308.000000 0.195266
309.000000 0.195266
310.000000 0.195266
311.000000 0.195266
312.000000 0.195266
313.000000 0.195266
314.000000 0.195266
315.000000 0.195266
316.000000 0.195266
317.000000 0.195266
318.000000 0.195266
319.000000 0.195266
320.000000 0.195266
321.000000 0.195266
322.000000 0.195266
323.000000 0.195266
324.000000 0.195266
325.000000 0.195266
326.000000 0.195266
327.000000 0.195266
328.000000 0.195266
329.000000 0.195266
330.000000 0.195266
331.000000 0.195266
332.000000 0.195266
333.000000 0.195266
334.000000 0.195266
335.000000 0.195266
336.000000 0.195266
337.000000 0.195266
338.000000 0.195266
339.000000 0.195266
340.000000 0.195266
341.000000 0.195266
342.000000 0.195266
343.000000 0.195266
344.000000 0.195266
345.000000 0.195266
346.000000 0.195266
347.000000 0.195266
348.000000 0.195266
349.000000 0.195266
350.000000 0.195266
351.000000 0.195266
352.000000 0.195266
353.000000 0.195266
354.000000 0.195266
355.000000 0.195266
356.000000 0.195266
357.000000 0.195266
358.000000 0.195266
359.000000 0.195266
360.000000 0.195266
361.000000 0.195266
362.000000 0.195266
363.000000 0.195266
364.000000 0.195266
365.000000 0.195266
366.000000 0.195266
367.000000 0.195266
368.000000 0.195266
369.000000 0.195266
370.000000 0.195266
371.000000 0.195266
372.000000 0.195266
373.000000 0.195266
374.000000 0.195266
375.000000 0.195266
376.000000 0.195266
377.000000 0.195266
378.000000 0.195266
379.000000 0.195266
380.000000 0.195266
381.000000 0.195266
382.000000 0.195266
383.000000 0.195266
384.000000 0.195266
385.000000 0.195266
386.000000 0.195266
387.000000 0.195266
388.000000 0.195266
389.000000 0.195266
390.000000 0.195266
391.000000 0.195266
392.000000 0.195266
393.000000 0.195266
394.000000 0.195266
395.000000 0.195266
396.000000 0.195266
397.000000 0.195266
398.000000 0.195266
399.000000 0.195266
400.000000 0.195266
401.000000 2.219530
402.000000 3.205457
403.000000 3.506610
404.000000 3.403923
405.000000 3.167567
406.000000 2.920982
407.000000 2.699272
408.000000 2.194470
409.000000 1.723322
410.000000 1.403644
411.000000 1.243950
412.000000 1.184284
413.000000 1.167687
414.000000 1.163226
415.000000 1.208580
416.000000 1.277090
417.000000 1.335995
418.000000 1.367107
419.000000 1.373104
420.000000 1.366004
421.000000 1.356316
422.000000 1.341708
423.000000 1.323226
424.000000 1.305494
425.000000 1.293183
426.000000 1.287574
427.000000 1.286786
428.000000 1.287938
429.000000 1.290060
430.000000 1.292851
431.000000 1.295724
432.000000 1.297808
433.000000 1.298572
434.000000 1.298152
435.000000 1.297133
436.000000 1.295951
437.000000 1.294797
438.000000 1.293771
439.000000 1.292993
440.000000 1.292568
441.000000 1.292493
442.000000 1.292657
443.000000 1.292925
444.000000 1.293209
445.000000 1.293464
446.000000 1.293661
447.000000 1.293781
448.000000 1.293818
449.000000 1.293791
450.000000 1.293727
451.000000 1.293655
452.000000 1.293590
453.000000 1.293540
454.000000 1.293509
455.000000 1.293498
456.000000 1.293503
457.000000 1.293519
458.000000 1.293538
459.000000 1.293556
460.000000 1.293570
461.000000 1.293579
462.000000 1.293582
463.000000 1.293581
464.000000 1.293577
465.000000 1.293571
466.000000 1.293565
467.000000 1.293560
468.000000 1.293557
469.000000 1.293554
470.000000 1.293553
471.000000 1.293552
472.000000 1.293551
473.000000 1.293551
474.000000 1.293551
475.000000 1.293550
476.000000 1.293549
477.000000 1.293547
478.000000 1.293546
479.000000 1.293544
480.000000 1.293542
481.000000 1.293541
482.000000 1.293539
483.000000 1.293538
484.000000 1.293537
485.000000 1.293536
486.000000 1.293535
487.000000 1.293534
488.000000 1.293533
489.000000 1.293533
490.000000 1.293532
491.000000 1.293531
492.000000 1.293530
493.000000 1.293530
494.000000 1.293529
495.000000 1.293528
496.000000 1.293528
497.000000 1.293527
498.000000 1.293527
499.000000 1.293526
500.000000 1.293526
501.000000 1.411252
502.000000 1.548519
503.000000 1.669669
504.000000 1.827914
505.000000 1.934371
506.000000 1.966758
507.000000 1.936235
508.000000 1.850405
509.000000 1.739349
510.000000 1.628751
511.000000 1.524107
512.000000 1.439928
513.000000 1.384743
514.000000 1.358661
515.000000 1.357925
516.000000 1.374208
517.000000 1.398498
518.000000 1.425297
519.000000 1.449939
520.000000 1.469129
521.000000 1.481469
522.000000 1.487066
523.000000 1.487357
524.000000 1.484397
525.000000 1.479881
526.000000 1.475128
527.000000 1.471077
528.000000 1.468251
529.000000 1.466801
530.000000 1.466542
531.000000 1.467085
532.000000 1.468031
533.000000 1.469060
534.000000 1.469950
535.000000 1.470577
536.000000 1.472085
537.000000 1.473280
538.000000 1.473757
539.000000 1.473570
540.000000 1.473007
541.000000 1.472334
542.000000 1.471703
543.000000 1.470810
544.000000 1.469867
545.000000 1.469131
546.000000 1.468735
547.000000 1.468641
548.000000 1.468740
549.000000 1.468928
550.000000 1.469227
551.000000 1.469604
552.000000 1.469980
553.000000 1.470280
554.000000 1.470475
555.000000 1.470579
556.000000 1.470624
557.000000 1.470621
558.000000 1.470577
559.000000 1.470512
560.000000 1.470447
561.000000 1.470400
562.000000 1.470376
563.000000 1.470368
564.000000 1.470372
565.000000 1.470386
566.000000 1.470405
567.000000 1.470426
568.000000 1.470443
569.000000 1.470453
570.000000 1.470458
571.000000 1.470459
572.000000 1.470458
573.000000 1.470455
574.000000 1.470451
575.000000 1.470448
576.000000 1.470446
577.000000 1.470446
578.000000 1.470446
579.000000 1.470448
580.000000 1.470450
581.000000 1.470451
582.000000 1.470453
583.000000 1.470454
584.000000 1.470454
585.000000 1.470454
586.000000 1.470454
587.000000 1.470453
588.000000 1.470453
589.000000 1.470452
590.000000 1.470452
591.000000 1.470452
592.000000 1.470451
593.000000 1.470451
594.000000 1.470452
595.000000 1.470452
596.000000 1.470452
597.000000 1.470452
598.000000 1.470452
599.000000 1.470452
600.000000 1.470452
601.000000 1.470452
602.000000 1.470452
603.000000 1.470451
604.000000 1.470451
605.000000 1.470451
606.000000 1.470451
607.000000 1.470451
608.000000 1.470451
609.000000 1.470451
610.000000 1.470451
611.000000 1.470451
612.000000 1.470451
613.000000 1.470451
614.000000 1.470451
615.000000 1.470451
616.000000 1.470451
617.000000 1.470451
618.000000 1.470451
619.000000 1.470451
620.000000 1.470451
621.000000 1.470451
622.000000 1.470451
623.000000 1.470451
624.000000 1.470451
625.000000 1.470451
626.000000 1.470451
627.000000 1.470451
628.000000 1.470451
629.000000 1.470451
630.000000 1.470451
631.000000 1.470451
632.000000 1.470451
633.000000 1.470451
634.000000 1.470451
635.000000 1.470451
636.000000 1.470577
637.000000 1.470751
638.000000 1.470907
639.000000 1.471058
640.000000 1.471156
641.000000 1.471166
642.000000 1.471087
643.000000 1.470914
644.000000 1.470683
645.000000 1.470443
646.000000 1.470221
647.000000 1.470044
648.000000 1.469933
649.000000 1.469894
650.000000 1.469925
651.000000 1.470010
652.000000 1.470124
653.000000 1.470249
654.000000 1.470366
655.000000 1.470463
656.000000 1.470531
657.000000 1.470568
658.000000 1.470578
659.000000 1.470566
660.000000 1.470542
661.000000 1.470512
662.000000 1.470482
663.000000 1.470457
664.000000 1.470439
665.000000 1.470429
666.000000 1.470427
667.000000 1.470429
668.000000 1.470434
669.000000 1.470440
670.000000 1.470446
671.000000 1.470452
672.000000 1.470456
673.000000 1.470458
674.000000 1.470458
675.000000 1.470457
676.000000 1.470455
677.000000 1.470453
678.000000 1.470451
679.000000 1.470449
680.000000 1.470447
681.000000 1.470447
682.000000 1.470447
683.000000 1.470447
684.000000 1.470448
685.000000 1.470449
686.000000 1.470450
687.000000 1.470451
688.000000 1.470452
689.000000 1.470452
690.000000 1.470453
691.000000 1.470453
692.000000 1.470452
693.000000 1.470452
694.000000 1.470452
695.000000 1.470451
696.000000 1.470451
697.000000 1.470451
698.000000 1.470451
699.000000 1.470451
700.000000 1.470451
701.000000 1.470451
702.000000 1.470451
703.000000 1.470451
704.000000 1.470451
705.000000 1.470451
706.000000 1.470451
707.000000 1.470451
708.000000 1.470451
709.000000 1.470451
710.000000 1.470451
711.000000 1.470451
712.000000 1.470451
713.000000 1.470451
714.000000 1.470451
715.000000 1.470451
716.000000 1.470451
717.000000 1.470451
718.000000 1.470451
719.000000 1.470451
720.000000 1.470451
721.000000 1.470451
722.000000 1.470451
723.000000 1.470451
724.000000 1.470451
725.000000 1.470451
726.000000 1.470451
727.000000 1.470451
728.000000 1.470451
729.000000 1.470451
730.000000 1.470451
731.000000 1.470451
732.000000 1.470451
733.000000 1.470451
734.000000 1.470451
735.000000 1.470451
736.000000 1.470451
737.000000 1.470451
738.000000 1.470451
739.000000 1.470451
740.000000 1.470451
741.000000 1.470451
742.000000 1.470451
743.000000 1.470451
744.000000 1.470451
745.000000 1.470451
746.000000 1.470451
747.000000 1.470451
748.000000 1.470451
749.000000 1.470451
750.000000 1.470451
751.000000 1.470451
752.000000 1.470451
753.000000 1.470451
754.000000 1.470451
755.000000 1.470451
756.000000 1.470451
757.000000 1.470451
758.000000 1.470451
759.000000 1.470451
760.000000 1.470451
761.000000 1.470451
762.000000 1.470451
763.000000 1.470451
764.000000 1.470451
765.000000 1.470451
766.000000 1.470451
767.000000 1.470451
768.000000 1.470451
769.000000 1.470451
770.000000 1.470451
771.000000 1.470451
772.000000 1.470451
773.000000 1.470451
774.000000 1.470451
775.000000 1.470452
776.000000 1.470452
777.000000 1.470452
778.000000 1.470451
779.000000 1.470451
780.000000 1.470451
781.000000 1.470450
782.000000 1.470450
783.000000 1.470450
784.000000 1.470450
785.000000 1.470450
786.000000 1.470450
787.000000 1.470450
788.000000 1.470451
789.000000 1.470451
790.000000 1.470451
791.000000 1.470451
792.000000 1.470452
793.000000 1.470452
794.000000 1.470451
795.000000 1.470451
796.000000 1.470451
797.000000 1.470451
798.000000 1.470451
799.000000 1.470451
800.000000 1.470451
801.000000 -0.165474
802.000000 -1.042187
803.000000 -1.389201
804.000000 -1.470431
805.000000 -1.399622
806.000000 -1.247070
807.000000 -1.050265
808.000000 -0.585834
809.000000 -0.121417
810.000000 0.228940
811.000000 0.453354
812.000000 0.582282
813.000000 0.649914
814.000000 0.679342
815.000000 0.646062
816.000000 0.578397
817.000000 0.509928
818.000000 0.459796
819.000000 0.430655
820.000000 0.416791
821.000000 0.411716
822.000000 0.417075
823.000000 0.430646
824.000000 0.446905
825.000000 0.460654
826.000000 0.469614
827.000000 0.474255
828.000000 0.476217
829.000000 0.476076
830.000000 0.474241
831.000000 0.471543
832.000000 0.469035
833.000000 0.467433
834.000000 0.466858
835.000000 0.466995
836.000000 0.467557
837.000000 0.468369
838.000000 0.469272
839.000000 0.470080
840.000000 0.470636
841.000000 0.470886
842.000000 0.470885
843.000000 0.470727
844.000000 0.470488
845.000000 0.470224
846.000000 0.469980
847.000000 0.469794
848.000000 0.469685
849.000000 0.469648
850.000000 0.469662
851.000000 0.469704
852.000000 0.469758
853.000000 0.469809
854.000000 0.469848
855.000000 0.469871
856.000000 0.469877
857.000000 0.469869
858.000000 0.469854
859.000000 0.469835
860.000000 0.469818
861.000000 0.469804
862.000000 0.469795
863.000000 0.469790
864.000000 0.469790
865.000000 0.469792
866.000000 0.469796
867.000000 0.469799
868.000000 0.469803
869.000000 0.469805
870.000000 0.469807
871.000000 0.469808
872.000000 0.469808
873.000000 0.469808
874.000000 0.469808
875.000000 0.469808
876.000000 0.469808
877.000000 0.469809
878.000000 0.469810
879.000000 0.469811
880.000000 0.469812
881.000000 0.469813
882.000000 0.469815
883.000000 0.469816
884.000000 0.469816
885.000000 0.469817
886.000000 0.469818
887.000000 0.469819
888.000000 0.469819
889.000000 0.469820
890.000000 0.469821
891.000000 0.469821
892.000000 0.469822
893.000000 0.469822
894.000000 0.469823
895.000000 0.469823
896.000000 0.469824
897.000000 0.469824
898.000000 0.469825
899.000000 0.469825
900.000000 0.469825
901.000000 0.469826
902.000000 0.469826
903.000000 0.469826
904.000000 0.469826
905.000000 0.469827
906.000000 0.469827
907.000000 0.469827
908.000000 0.469827
909.000000 0.469828
910.000000 0.469828
911.000000 0.469828
912.000000 0.469828
913.000000 0.469828
914.000000 0.469828
915.000000 0.469828
916.000000 0.469829
917.000000 0.469829
918.000000 0.469829
919.000000 0.469829
920.000000 0.469829
921.000000 0.469829
922.000000 0.469829
923.000000 0.469829
924.000000 0.469829
925.000000 0.469829
926.000000 0.469829
927.000000 0.469829
928.000000 0.469829
929.000000 0.469829
930.000000 0.469829
931.000000 0.469829
932.000000 0.469829
933.000000 0.469830
934.000000 0.469830
935.000000 0.469830
936.000000 0.468816
937.000000 0.467786
938.000000 0.467171
939.000000 0.466992
940.000000 0.467139
941.000000 0.467488
942.000000 0.467949
943.000000 0.468760
944.000000 0.469718
945.000000 0.470565
946.000000 0.471156
947.000000 0.471475
948.000000 0.471573
949.000000 0.471514
950.000000 0.471284
951.000000 0.470925
952.000000 0.470524
953.000000 0.470165
954.000000 0.469889
955.000000 0.469704
956.000000 0.469594
957.000000 0.469556
958.000000 0.469580
959.000000 0.469645
960.000000 0.469723
961.000000 0.469794
962.000000 0.469847
963.000000 0.469882
964.000000 0.469899
965.000000 0.469900
966.000000 0.469889
967.000000 0.469871
968.000000 0.469853
969.000000 0.469838
970.000000 0.469828
971.000000 0.469823
972.000000 0.469821
973.000000 0.469822
974.000000 0.469825
975.000000 0.469829
976.000000 0.469832
977.000000 0.469834
978.000000 0.469834
979.000000 0.469834
980.000000 0.469833
981.000000 0.469832
982.000000 0.469830
983.000000 0.469829
984.000000 0.469828
985.000000 0.469828
986.000000 0.469828
987.000000 0.469828
988.000000 0.469829
989.000000 0.469829
990.000000 0.469830
991.000000 0.469830
992.000000 0.469830
993.000000 0.469830
994.000000 0.469830
995.000000 0.469830
996.000000 0.469830
997.000000 0.469830
998.000000 0.469830
999.000000 0.469830
1000.000000 0.469830
1001.000000 0.469830
1002.000000 0.469830
1003.000000 0.469830
1004.000000 0.469830
1005.000000 0.469830
1006.000000 0.469830
1007.000000 0.469830
1008.000000 0.469830
1009.000000 0.469830
1010.000000 0.469830
1011.000000 0.469830
1012.000000 0.469830
1013.000000 0.469830
1014.000000 0.469830
1015.000000 0.469830
1016.000000 0.469830
1017.000000 0.469830
1018.000000 0.469830
1019.000000 0.469830
1020.000000 0.469830
1021.000000 0.469830
1022.000000 0.469830
1023.000000 0.469830
1024.000000 0.469830
1025.000000 0.469830
1026.000000 0.469830
1027.000000 0.469830
1028.000000 0.469830
1029.000000 0.469830
1030.000000 0.469830
1031.000000 0.469830
1032.000000 0.469830
1033.000000 0.469830
1034.000000 0.469830
1035.000000 0.469830
1036.000000 0.469830
1037.000000 0.469830
1038.000000 0.469830
1039.000000 0.469830
1040.000000 0.469830
1041.000000 0.469830
1042.000000 0.469830
1043.000000 0.469830
1044.000000 0.469830
1045.000000 0.469830
1046.000000 0.469830
1047.000000 0.469830
1048.000000 0.469830
1049.000000 0.469830
1050.000000 0.469830
1051.000000 0.469830
1052.000000 0.469830
1053.000000 0.469830
1054.000000 0.469830
1055.000000 0.469830
1056.000000 0.469830
1057.000000 0.469830
1058.000000 0.469830
1059.000000 0.469830
1060.000000 0.469830
1061.000000 0.469830
1062.000000 0.469830
1063.000000 0.469830
1064.000000 0.469830
1065.000000 0.469830
1066.000000 0.469830
1067.000000 0.469830
1068.000000 0.469830
1069.000000 0.469830
1070.000000 0.469830
1071.000000 0.469829
1072.000000 0.469828
1073.000000 0.469828
1074.000000 0.469827
1075.000000 0.469827
1076.000000 0.469828
1077.000000 0.469828
1078.000000 0.469829
1079.000000 0.469831
1080.000000 0.469832
1081.000000 0.469833
1082.000000 0.469833
1083.000000 0.469834
1084.000000 0.469833
1085.000000 0.469833
1086.000000 0.469832
1087.000000 0.469831
1088.000000 0.469830
1089.000000 0.469829
1090.000000 0.469828
1091.000000 0.469828
1092.000000 0.469828
1093.000000 0.469828
1094.000000 0.469829
1095.000000 0.469829
1096.000000 0.469829
1097.000000 0.469830
1098.000000 0.469830
1099.000000 0.469830
1100.000000 0.469830
1101.000000 0.469830
1102.000000 0.469830
1103.000000 0.469830
1104.000000 0.469830
1105.000000 0.469830
1106.000000 0.469830
1107.000000 0.469830
1108.000000 0.469830
1109.000000 0.469830
1110.000000 0.469830
1111.000000 0.469830
1112.000000 0.469830
1113.000000 0.469830
1114.000000 0.469830
1115.000000 0.469830
1116.000000 0.469830
1117.000000 0.469830
1118.000000 0.469830
1119.000000 0.469830
1120.000000 0.469830
1121.000000 0.469830
1122.000000 0.469830
1123.000000 0.469830
1124.000000 0.469830
1125.000000 0.469830
1126.000000 0.469830
1127.000000 0.469830
1128.000000 0.469830
1129.000000 0.469830
1130.000000 0.469830
1131.000000 0.469830
1132.000000 0.469830
1133.000000 0.469830
1134.000000 0.469830
1135.000000 0.469830
1136.000000 0.469830
1137.000000 0.469830
1138.000000 0.469830
1139.000000 0.469830
1140.000000 0.469830
1141.000000 0.469830
1142.000000 0.469830
1143.000000 0.469830
1144.000000 0.469830
1145.000000 0.469830
1146.000000 0.469830
1147.000000 0.469830
1148.000000 0.469830
1149.000000 0.469830
1150.000000 0.469830
1151.000000 0.469830
1152.000000 0.469830
1153.000000 0.469830
1154.000000 0.469830
1155.000000 0.469830
1156.000000 0.469830
1157.000000 0.469830
1158.000000 0.469830
1159.000000 0.469830
1160.000000 0.469830
1161.000000 0.469830
1162.000000 0.469830
1163.000000 0.469830
1164.000000 0.469830
1165.000000 0.469830
1166.000000 0.469830
1167.000000 0.469830
1168.000000 0.469830
1169.000000 0.469830
1170.000000 0.469830
1171.000000 0.469830
1172.000000 0.469830
1173.000000 0.469830
1174.000000 0.469830
1175.000000 0.469830
1176.000000 0.469830
1177.000000 0.469830
1178.000000 0.469830
1179.000000 0.469830
1180.000000 0.469830
1181.000000 0.469830
1182.000000 0.469830
1183.000000 0.469830
1184.000000 0.469830
1185.000000 0.469830
1186.000000 0.469830
1187.000000 0.469830
1188.000000 0.469830
1189.000000 0.469830
1190.000000 0.469830
1191.000000 0.469830
1192.000000 0.469830
1193.000000 0.469830
1194.000000 0.469830
1195.000000 0.469830
1196.000000 0.469830
1197.000000 0.469830
1198.000000 0.469830
1199.000000 0.469830
1200.000000 0.469830
1201.000000 -0.542302
1202.000000 -1.035266
1203.000000 -1.185842
1204.000000 -1.134498
1205.000000 -1.016321
1206.000000 -0.893028
1207.000000 -0.782173
1208.000000 -0.529772
1209.000000 -0.294198
1210.000000 -0.134359
1211.000000 -0.054512
1212.000000 -0.024679
1213.000000 -0.016381
1214.000000 -0.014150
1215.000000 -0.036827
1216.000000 -0.071082
1217.000000 -0.100535
1218.000000 -0.116090
1219.000000 -0.119089
1220.000000 -0.115539
1221.000000 -0.110695
1222.000000 -0.103391
1223.000000 -0.094150
1224.000000 -0.085284
1225.000000 -0.079128
1226.000000 -0.076324
1227.000000 -0.075930
1228.000000 -0.076506
1229.000000 -0.077567
1230.000000 -0.078963
1231.000000 -0.080399
1232.000000 -0.081441
1233.000000 -0.081823
1234.000000 -0.081613
1235.000000 -0.081103
1236.000000 -0.080512
1237.000000 -0.079935
1238.000000 -0.079422
1239.000000 -0.079034
1240.000000 -0.078821
1241.000000 -0.078784
1242.000000 -0.078865
1243.000000 -0.079000
1244.000000 -0.079142
1245.000000 -0.079269
1246.000000 -0.079368
1247.000000 -0.079428
1248.000000 -0.079446
1249.000000 -0.079432
1250.000000 -0.079401
1251.000000 -0.079364
1252.000000 -0.079332
1253.000000 -0.079307
1254.000000 -0.079291
1255.000000 -0.079286
1256.000000 -0.079289
1257.000000 -0.079296
1258.000000 -0.079306
1259.000000 -0.079315
1260.000000 -0.079322
1261.000000 -0.079326
1262.000000 -0.079328
1263.000000 -0.079328
1264.000000 -0.079325
1265.000000 -0.079323
1266.000000 -0.079320
1267.000000 -0.079317
1268.000000 -0.079315
1269.000000 -0.079314
1270.000000 -0.079313
1271.000000 -0.079313
1272.000000 -0.079313
1273.000000 -0.079313
1274.000000 -0.079312
1275.000000 -0.079312
1276.000000 -0.079311
1277.000000 -0.079311
1278.000000 -0.079310
1279.000000 -0.079309
1280.000000 -0.079308
1281.000000 -0.079307
1282.000000 -0.079307
1283.000000 -0.079306
1284.000000 -0.079305
1285.000000 -0.079305
1286.000000 -0.079304
1287.000000 -0.079304
1288.000000 -0.079304
1289.000000 -0.079303
1290.000000 -0.079303
1291.000000 -0.079302
1292.000000 -0.079302
1293.000000 -0.079302
1294.000000 -0.079301
1295.000000 -0.079301
1296.000000 -0.079301
1297.000000 -0.079301
1298.000000 -0.079300
1299.000000 -0.079300
1300.000000 -0.079300
1301.000000 -0.197027
1302.000000 -0.334294
1303.000000 -0.455443
1304.000000 -0.613689
1305.000000 -0.720146
1306.000000 -0.752533
1307.000000 -0.722010
1308.000000 -0.636180
1309.000000 -0.525125
1310.000000 -0.414527
1311.000000 -0.309883
1312.000000 -0.225704
1313.000000 -0.170519
1314.000000 -0.144437
1315.000000 -0.143701
1316.000000 -0.159984
1317.000000 -0.184274
1318.000000 -0.211073
1319.000000 -0.235716
1320.000000 -0.254905
1321.000000 -0.267245
1322.000000 -0.272842
1323.000000 -0.273133
1324.000000 -0.270173
1325.000000 -0.265658
1326.000000 -0.260904
1327.000000 -0.256853
1328.000000 -0.254028
1329.000000 -0.252577
1330.000000 -0.252319
1331.000000 -0.252861
1332.000000 -0.253807
1333.000000 -0.254836
1334.000000 -0.255727
1335.000000 -0.256354
1336.000000 -0.257269
1337.000000 -0.257894
1338.000000 -0.258066
1339.000000 -0.257859
1340.000000 -0.257460
1341.000000 -0.257026
1342.000000 -0.256650
1343.000000 -0.256182
1344.000000 -0.255723
1345.000000 -0.255392
1346.000000 -0.255242
1347.000000 -0.255243
1348.000000 -0.255333
1349.000000 -0.255456
1350.000000 -0.255622
1351.000000 -0.255817
1352.000000 -0.256003
1353.000000 -0.256146
1354.000000 -0.256235
1355.000000 -0.256280
1356.000000 -0.256297
1357.000000 -0.256294
1358.000000 -0.256272
1359.000000 -0.256242
1360.000000 -0.256213
1361.000000 -0.256193
1362.000000 -0.256185
1363.000000 -0.256183
1364.000000 -0.256187
1365.000000 -0.256195
1366.000000 -0.256205
1367.000000 -0.256215
1368.000000 -0.256223
1369.000000 -0.256228
1370.000000 -0.256231
1371.000000 -0.256231
1372.000000 -0.256230
1373.000000 -0.256229
1374.000000 -0.256227
1375.000000 -0.256226
1376.000000 -0.256225
1377.000000 -0.256225
1378.000000 -0.256226
1379.000000 -0.256227
1380.000000 -0.256228
1381.000000 -0.256229
1382.000000 -0.256229
1383.000000 -0.256230
1384.000000 -0.256230
1385.000000 -0.256230
1386.000000 -0.256229
1387.000000 -0.256229
1388.000000 -0.256229
1389.000000 -0.256229
1390.000000 -0.256229
1391.000000 -0.256228
1392.000000 -0.256228
1393.000000 -0.256228
1394.000000 -0.256228
1395.000000 -0.256228
1396.000000 -0.256228
1397.000000 -0.256228
1398.000000 -0.256228
1399.000000 -0.256228
1400.000000 -0.256228
1401.000000 -0.256228
1402.000000 -0.256228
1403.000000 -0.256228
1404.000000 -0.256228
1405.000000 -0.256228
1406.000000 -0.256228
1407.000000 -0.256228
1408.000000 -0.256228
1409.000000 -0.256228
1410.000000 -0.256228
1411.000000 -0.256228
1412.000000 -0.256228
1413.000000 -0.256228
1414.000000 -0.256228
1415.000000 -0.256228
1416.000000 -0.256228
1417.000000 -0.256228
1418.000000 -0.256228
1419.000000 -0.256228
1420.000000 -0.256228
1421.000000 -0.256228
1422.000000 -0.256228
1423.000000 -0.256228
1424.000000 -0.256228
1425.000000 -0.256228
1426.000000 -0.256228
1427.000000 -0.256228
1428.000000 -0.256228
1429.000000 -0.256228
1430.000000 -0.256228
1431.000000 -0.256228
1432.000000 -0.256228
1433.000000 -0.256228
1434.000000 -0.256228
1435.000000 -0.256228
1436.000000 -0.256354
1437.000000 -0.256528
1438.000000 -0.256684
1439.000000 -0.256835
1440.000000 -0.256932
1441.000000 -0.256943
1442.000000 -0.256864
1443.000000 -0.256691
1444.000000 -0.256460
1445.000000 -0.256219
1446.000000 -0.255997
1447.000000 -0.255821
1448.000000 -0.255710
1449.000000 -0.255671
1450.000000 -0.255702
1451.000000 -0.255786
1452.000000 -0.255901
1453.000000 -0.256026
1454.000000 -0.256143
1455.000000 -0.256240
1456.000000 -0.256308
1457.000000 -0.256345
1458.000000 -0.256355
1459.000000 -0.256343
1460.000000 -0.256319
1461.000000 -0.256288
1462.000000 -0.256259
1463.000000 -0.256234
1464.000000 -0.256216
1465.000000 -0.256206
1466.000000 -0.256203
1467.000000 -0.256205
1468.000000 -0.256211
1469.000000 -0.256217
1470.000000 -0.256223
1471.000000 -0.256228
1472.000000 -0.256232
1473.000000 -0.256233
1474.000000 -0.256233
1475.000000 -0.256232
1476.000000 -0.256231
1477.000000 -0.256229
1478.000000 -0.256228
1479.000000 -0.256226
1480.000000 -0.256225
1481.000000 -0.256225
1482.000000 -0.256225
1483.000000 -0.256226
1484.000000 -0.256226
1485.000000 -0.256227
1486.000000 -0.256228
1487.000000 -0.256228
1488.000000 -0.256228
1489.000000 -0.256229
1490.000000 -0.256229
1491.000000 -0.256229
1492.000000 -0.256228
1493.000000 -0.256228
1494.000000 -0.256228
1495.000000 -0.256228
1496.000000 -0.256228
1497.000000 -0.256228
1498.000000 -0.256228
1499.000000 -0.256228
1500.000000 -0.256228
1501.000000 -0.256228
1502.000000 -0.256228
1503.000000 -0.256228
1504.000000 -0.256228
1505.000000 -0.256228
1506.000000 -0.256228
1507.000000 -0.256228
1508.000000 -0.256228
1509.000000 -0.256228
1510.000000 -0.256228
1511.000000 -0.256228
1512.000000 -0.256228
1513.000000 -0.256228
1514.000000 -0.256228
1515.000000 -0.256228
1516.000000 -0.256228
1517.000000 -0.256228
1518.000000 -0.256228
1519.000000 -0.256228
1520.000000 -0.256228
1521.000000 -0.256228
1522.000000 -0.256228
1523.000000 -0.256228
1524.000000 -0.256228
1525.000000 -0.256228
1526.000000 -0.256228
1527.000000 -0.256228
1528.000000 -0.256228
1529.000000 -0.256228
1530.000000 -0.256228
1531.000000 -0.256228
1532.000000 -0.256228
1533.000000 -0.256228
1534.000000 -0.256228
1535.000000 -0.256228
1536.000000 -0.256228
1537.000000 -0.256228
1538.000000 -0.256228
1539.000000 -0.256228
1540.000000 -0.256228
1541.000000 -0.256228
1542.000000 -0.256228
1543.000000 -0.256228
1544.000000 -0.256228
1545.000000 -0.256228
1546.000000 -0.256228
1547.000000 -0.256228
1548.000000 -0.256228
1549.000000 -0.256228
1550.000000 -0.256228
1551.000000 -0.256228
1552.000000 -0.256228
1553.000000 -0.256228
1554.000000 -0.256228
1555.000000 -0.256228
1556.000000 -0.256228
1557.000000 -0.256228
1558.000000 -0.256228
1559.000000 -0.256228
1560.000000 -0.256228
1561.000000 -0.256228
1562.000000 -0.256228
1563.000000 -0.256228
1564.000000 -0.256228
1565.000000 -0.256228
1566.000000 -0.256228
1567.000000 -0.256228
1568.000000 -0.256228
1569.000000 -0.256228
1570.000000 -0.256228
1571.000000 -0.256228
1572.000000 -0.256228
1573.000000 -0.256228
1574.000000 -0.256228
1575.000000 -0.256228
1576.000000 -0.256228
1577.000000 -0.256228
1578.000000 -0.256228
1579.000000 -0.256228
1580.000000 -0.256227
1581.000000 -0.256227
1582.000000 -0.256227
1583.000000 -0.256227
1584.000000 -0.256227
1585.000000 -0.256227
1586.000000 -0.256227
1587.000000 -0.256227
1588.000000 -0.256227
1589.000000 -0.256228
1590.000000 -0.256228
1591.000000 -0.256228
1592.000000 -0.256228
1593.000000 -0.256228
1594.000000 -0.256228
1595.000000 -0.256228
1596.000000 -0.256228
1597.000000 -0.256228
1598.000000 -0.256228
1599.000000 -0.256228
1600.000000 -0.256228
