1.000000 0.000000
2.000000 0.000000
3.000000 0.000000
4.000000 0.000000
5.000000 0.000000
6.000000 0.000000
7.000000 0.000000
8.000000 0.000000
9.000000 0.000675
10.000000 0.002694
11.000000 0.001170
12.000000 -0.000626
13.000000 -0.004361
14.000000 -0.007574
15.000000 0.992797
16.000000 0.985505
17.000000 0.980703
18.000000 0.509210
19.000000 0.371130
20.000000 0.243849
21.000000 0.131021
22.000000 -0.397750
23.000000 -0.366598
24.000000 -0.394929
25.000000 -0.111213
26.000000 -0.093997
27.000000 -0.093356
28.000000 -0.085785
29.000000 0.160425
30.000000 0.104748
31.000000 0.139169
32.000000 -0.019341
33.000000 -0.000424
34.000000 0.028417
35.000000 0.041461
36.000000 -0.081904
37.000000 -0.046036
38.000000 -0.088497
39.000000 -0.000166
40.000000 -0.021250
41.000000 -0.044003
42.000000 -0.049003
43.000000 0.026908
44.000000 0.007503
45.000000 0.044419
46.000000 -0.009407
47.000000 0.015786
48.000000 0.044354
49.000000 0.060237
50.000000 0.031973
51.000000 0.053603
52.000000 0.037201
53.000000 0.080346
54.000000 0.062687
55.000000 0.040069
56.000000 0.021332
57.000000 0.019482
58.000000 -0.005233
59.000000 0.005935
60.000000 -0.026420
61.000000 -0.026577
62.000000 -0.021805
63.000000 -0.026157
64.000000 -0.037909
65.000000 -0.041325
66.000000 -0.065440
67.000000 -0.057913
68.000000 -0.059016
69.000000 -0.060445
70.000000 -0.056286
71.000000 -0.052600
72.000000 -0.046147
73.000000 -0.026238
74.000000 -0.033805
75.000000 -0.028358
76.000000 -0.023009
77.000000 -0.023688
78.000000 -0.018329
79.000000 -0.018277
80.000000 -0.025752
81.000000 -0.017364
82.000000 -0.015192
83.000000 -0.009841
84.000000 -0.003443
85.000000 -0.008702
86.000000 -0.011123
87.000000 -0.006784
88.000000 -0.009061
89.000000 -0.003229
90.000000 -0.005577
91.000000 -0.003089
92.000000 0.008934
93.000000 0.020917
94.000000 0.025774
95.000000 0.038248
96.000000 0.044096
97.000000 0.055620
98.000000 0.056872
99.000000 0.051531
100.000000 0.049461
101.000000 0.053156
102.000000 0.051619
103.000000 0.052546
104.000000 0.046619
105.000000 0.037480
106.000000 0.030214
107.000000 0.019238
108.000000 0.016289
109.000000 0.015319
110.000000 0.007747
111.000000 0.008876
112.000000 0.008532
113.000000 0.009561
114.000000 0.019513
115.000000 0.024626
116.000000 0.026341
117.000000 0.031783
118.000000 0.031545
119.000000 0.027063
120.000000 0.015412
121.000000 0.000421
122.000000 -0.009147
123.000000 -0.019508
124.000000 -0.028669
125.000000 -0.037011
126.000000 -0.041393
127.000000 -0.035636
128.000000 -0.032765
129.000000 -0.031806
130.000000 -0.029467
131.000000 -0.026474
132.000000 -0.022622
133.000000 -0.016584
134.000000 -0.016568
135.000000 -0.012652
136.000000 -0.008805
137.000000 -0.008881
138.000000 -0.007266
139.000000 -0.005716
140.000000 -0.002198
141.000000 0.001271
142.000000 -0.005109
143.000000 -0.009397
144.000000 -0.013388
145.000000 -0.018990
146.000000 -0.022386
147.000000 -0.021471
148.000000 -0.020422
149.000000 -0.016040
150.000000 -0.013343
151.000000 -0.014341
152.000000 -0.015070
153.000000 -0.017791
154.000000 -0.018842
155.000000 -0.015593
156.000000 -0.009572
157.000000 -0.000896
158.000000 0.007189
159.000000 0.014847
160.000000 0.024492
161.000000 0.031330
162.000000 0.038170
163.000000 0.049942
164.000000 0.052230
165.000000 0.054971
166.000000 0.056531
167.000000 0.049740
168.000000 0.044002
169.000000 0.045229
170.000000 0.042821
171.000000 0.047348
172.000000 0.049314
173.000000 0.051892
174.000000 0.058069
175.000000 0.055859
176.000000 0.045519
177.000000 0.033882
178.000000 0.019690
179.000000 0.011629
180.000000 0.001384
181.000000 -0.013246
182.000000 -0.024152
183.000000 -0.029953
184.000000 -0.029874
185.000000 -0.026281
186.000000 -0.018428
187.000000 -0.011689
188.000000 -0.006136
189.000000 -0.002434
190.000000 0.002655
191.000000 0.014763
192.000000 0.017711
193.000000 0.017571
194.000000 0.015537
195.000000 0.013013
196.000000 0.020478
197.000000 0.026417
198.000000 0.025506
199.000000 0.028660
200.000000 0.029874
201.000000 0.032551
202.000000 0.036773
203.000000 0.031580
204.000000 0.028612
205.000000 0.035049
206.000000 0.037250
207.000000 0.039123
208.000000 0.040690
209.000000 0.035071
210.000000 0.032925
211.000000 0.033454
212.000000 0.027731
213.000000 0.023350
214.000000 0.016180
215.000000 0.012364
216.000000 0.009062
217.000000 -0.000516
218.000000 -0.014678
219.000000 -0.022544
220.000000 -0.034414
221.000000 -0.041195
222.000000 -0.043222
223.000000 -0.045972
224.000000 -0.040177
225.000000 -0.034621
226.000000 -0.028179
227.000000 -0.022831
228.000000 -0.024037
229.000000 -0.022410
230.000000 -0.018144
231.000000 -0.024296
232.000000 -0.026166
233.000000 -0.030372
234.000000 -0.028939
235.000000 -0.019222
236.000000 -0.014969
237.000000 -0.021316
238.000000 -0.019380
239.000000 -0.015931
240.000000 -0.012342
241.000000 -0.012435
242.000000 -0.013843
243.000000 -0.006520
244.000000 0.003029
245.000000 0.014690
246.000000 0.028206
247.000000 0.039851
248.000000 0.046802
249.000000 0.054909
250.000000 0.055149
251.000000 0.052440
252.000000 0.049980
253.000000 0.042338
254.000000 0.040810
255.000000 0.041293
256.000000 0.039754
257.000000 0.042954
258.000000 0.045805
259.000000 0.041865
260.000000 0.040982
261.000000 0.037915
262.000000 0.034717
263.000000 0.036986
264.000000 0.040860
265.000000 0.043807
266.000000 0.053943
267.000000 0.061003
268.000000 0.070445
269.000000 0.078925
270.000000 0.085886
271.000000 0.086988
272.000000 0.082721
273.000000 0.075198
274.000000 0.076230
275.000000 0.074285
276.000000 0.070642
277.000000 0.062934
278.000000 0.057058
279.000000 0.052393
280.000000 0.044592
281.000000 0.030523
282.000000 0.014678
283.000000 0.000164
284.000000 -0.010911
285.000000 -0.021163
286.000000 -0.030045
287.000000 -0.035178
288.000000 -0.037344
289.000000 -0.037271
290.000000 -0.032477
291.000000 -0.033188
292.000000 -0.035866
293.000000 -0.040547
294.000000 -0.044846
295.000000 -0.046944
296.000000 -0.048447
297.000000 -0.050567
298.000000 -0.053137
299.000000 -0.047543
300.000000 -0.041293
301.000000 -0.033819
302.000000 -0.024019
303.000000 -0.024609
304.000000 -0.022128
305.000000 -0.024240
306.000000 -0.031342
307.000000 -0.034483
308.000000 -0.028273
309.000000 -0.024650
310.000000 -0.018668
311.000000 -0.016473
312.000000 -0.009400
313.000000 0.005820
314.000000 0.009803
315.000000 0.008497
316.000000 0.006727
317.000000 0.003480
318.000000 0.001336
319.000000 -0.009149
320.000000 -0.017995
321.000000 -0.018171
322.000000 -0.018173
323.000000 -0.024002
324.000000 -0.026939
325.000000 -0.030702
326.000000 -0.019398
327.000000 -0.008379
328.000000 -0.007699
329.000000 -0.004228
330.000000 0.002809
331.000000 0.004809
332.000000 0.013148
333.000000 0.009024
334.000000 0.002481
335.000000 0.001330
336.000000 -0.009431
337.000000 -0.022240
338.000000 -0.028462
339.000000 -0.035212
340.000000 -0.028704
341.000000 -0.021307
342.000000 -0.018354
343.000000 -0.004794
344.000000 0.000783
345.000000 0.003150
346.000000 0.001504
347.000000 -0.009925
348.000000 -0.016372
349.000000 -0.013038
350.000000 -0.018949
351.000000 -0.022299
352.000000 -0.028698
353.000000 -0.032460
354.000000 -0.024372
355.000000 -0.022295
356.000000 -0.026123
357.000000 -0.023132
358.000000 -0.021555
359.000000 -0.013990
360.000000 -0.005380
361.000000 -0.005765
362.000000 0.003532
363.000000 0.011579
364.000000 0.017878
365.000000 0.019086
366.000000 0.018119
367.000000 0.015647
368.000000 0.020884
369.000000 0.018225
370.000000 0.012710
371.000000 0.012207
372.000000 0.012717
373.000000 0.012338
374.000000 0.012324
375.000000 0.010258
376.000000 0.016505
377.000000 0.016228
378.000000 0.017223
379.000000 0.018274
380.000000 0.020708
381.000000 0.031962
382.000000 0.046703
383.000000 0.058800
384.000000 0.081007
385.000000 0.097819
386.000000 0.110940
387.000000 0.119515
388.000000 0.116866
389.000000 0.108269
390.000000 0.104061
391.000000 0.091346
392.000000 0.084288
393.000000 0.078652
394.000000 0.069173
395.000000 0.064690
396.000000 0.058499
397.000000 0.048611
398.000000 0.046356
399.000000 0.033674
400.000000 0.016659
401.000000 2.001677
402.000000 1.980864
403.000000 1.961615
404.000000 1.944263
405.000000 1.924213
406.000000 1.908648
407.000000 1.894847
408.000000 0.666548
409.000000 0.689817
410.000000 0.554242
411.000000 0.435294
412.000000 0.335127
413.000000 0.108871
414.000000 -0.072717
415.000000 0.475473
416.000000 0.228708
417.000000 0.217938
418.000000 0.170152
419.000000 0.116114
420.000000 0.226425
421.000000 0.278432
422.000000 -0.073706
423.000000 0.087790
424.000000 0.030616
425.000000 0.047229
426.000000 0.074855
427.000000 -0.037904
428.000000 -0.064948
429.000000 0.135580
430.000000 0.005329
431.000000 0.058110
432.000000 0.027510
433.000000 0.001387
434.000000 0.077169
435.000000 0.075220
436.000000 -0.037621
437.000000 0.048200
438.000000 -0.005704
439.000000 0.020970
440.000000 0.035332
441.000000 -0.017564
442.000000 -0.010254
443.000000 0.044621
444.000000 -0.023489
445.000000 0.008897
446.000000 -0.028838
447.000000 -0.046144
448.000000 -0.019409
449.000000 -0.036476
450.000000 -0.069380
451.000000 -0.024744
452.000000 -0.043623
453.000000 -0.003066
454.000000 0.018030
455.000000 0.009788
456.000000 0.032945
457.000000 0.055298
458.000000 0.030673
459.000000 0.055069
460.000000 0.033086
461.000000 0.028113
462.000000 0.042715
463.000000 0.030817
464.000000 0.026509
465.000000 0.043542
466.000000 0.031137
467.000000 0.050774
468.000000 0.052559
469.000000 0.046611
470.000000 0.052676
471.000000 0.052964
472.000000 0.041601
473.000000 0.044808
474.000000 0.030867
475.000000 0.027366
476.000000 0.024005
477.000000 0.019705
478.000000 0.013124
479.000000 0.011385
480.000000 -0.005335
481.000000 -0.010781
482.000000 -0.025232
483.000000 -0.033184
484.000000 -0.034952
485.000000 -0.027754
486.000000 -0.020253
487.000000 -0.005079
488.000000 0.002975
489.000000 0.015606
490.000000 0.025341
491.000000 0.025576
492.000000 0.021208
493.000000 0.013109
494.000000 0.004953
495.000000 0.012429
496.000000 0.015204
497.000000 0.017088
498.000000 0.023968
499.000000 0.025640
500.000000 0.028760
501.000000 0.029192
502.000000 0.019564
503.000000 0.018197
504.000000 0.244420
505.000000 0.305481
506.000000 0.366642
507.000000 0.427949
508.000000 0.393863
509.000000 0.402146
510.000000 0.388872
511.000000 0.230699
512.000000 0.206090
513.000000 0.161493
514.000000 0.122736
515.000000 0.144845
516.000000 0.109327
517.000000 0.091353
518.000000 0.145341
519.000000 0.112068
520.000000 0.114481
521.000000 0.108474
522.000000 0.068807
523.000000 0.075015
524.000000 0.064439
525.000000 0.021203
526.000000 0.038262
527.000000 0.018130
528.000000 0.013004
529.000000 0.025242
530.000000 0.001257
531.000000 -0.006629
532.000000 0.006007
533.000000 -0.013044
534.000000 -0.004881
535.000000 -0.009850
536.000000 -0.020817
537.000000 -0.011673
538.000000 -0.019419
539.000000 -0.036665
540.000000 -0.031475
541.000000 -0.043067
542.000000 -0.044436
543.000000 -0.047121
544.000000 -0.057846
545.000000 -0.049890
546.000000 -0.045315
547.000000 -0.049056
548.000000 -0.043151
549.000000 -0.050298
550.000000 -0.059497
551.000000 -0.062798
552.000000 -0.077383
553.000000 -0.084788
554.000000 -0.087030
555.000000 -0.090734
556.000000 -0.082883
557.000000 -0.079378
558.000000 -0.082040
559.000000 -0.069266
560.000000 -0.064745
561.000000 -0.059562
562.000000 -0.052222
563.000000 -0.054783
564.000000 -0.052119
565.000000 -0.043402
566.000000 -0.040036
567.000000 -0.029450
568.000000 -0.022226
569.000000 -0.016240
570.000000 -0.008350
571.000000 -0.007272
572.000000 -0.006057
573.000000 -0.001578
574.000000 -0.004044
575.000000 -0.004688
576.000000 -0.007035
577.000000 -0.009472
578.000000 -0.006248
579.000000 -0.003030
580.000000 -0.001255
581.000000 0.003412
582.000000 -0.000001
583.000000 -0.001934
584.000000 -0.007048
585.000000 -0.015077
586.000000 -0.012244
587.000000 -0.002582
588.000000 0.004998
589.000000 0.019088
590.000000 0.031368
591.000000 0.038386
592.000000 0.047211
593.000000 0.042461
594.000000 0.032862
595.000000 0.023577
596.000000 0.021210
597.000000 0.021702
598.000000 0.022488
599.000000 0.020567
600.000000 0.026640
601.000000 0.034042
602.000000 0.036949
603.000000 0.032380
604.000000 0.026076
605.000000 0.023456
606.000000 0.019252
607.000000 0.016188
608.000000 0.014313
609.000000 0.020432
610.000000 0.025760
611.000000 0.034656
612.000000 0.040105
613.000000 0.052805
614.000000 0.064993
615.000000 0.071335
616.000000 0.073681
617.000000 0.076591
618.000000 0.067788
619.000000 0.058025
620.000000 0.042620
621.000000 0.021872
622.000000 -0.001658
623.000000 -0.022539
624.000000 -0.042943
625.000000 -0.055555
626.000000 -0.066937
627.000000 -0.072565
628.000000 -0.072469
629.000000 -0.067852
630.000000 -0.065485
631.000000 -0.059392
632.000000 -0.056321
633.000000 -0.051850
634.000000 -0.046098
635.000000 -0.039682
636.000000 -0.034731
637.000000 -0.031372
638.000000 -0.041389
639.000000 -0.044818
640.000000 -0.051643
641.000000 -0.061425
642.000000 -0.072115
643.000000 -0.086634
644.000000 -0.091720
645.000000 -0.086621
646.000000 -0.084615
647.000000 -0.086997
648.000000 -0.089017
649.000000 -0.091561
650.000000 -0.079019
651.000000 -0.070420
652.000000 -0.066174
653.000000 -0.059642
654.000000 -0.050984
655.000000 -0.048921
656.000000 -0.051546
657.000000 -0.056479
658.000000 -0.056391
659.000000 -0.052335
660.000000 -0.047799
661.000000 -0.033553
662.000000 -0.021181
663.000000 -0.000568
664.000000 0.024848
665.000000 0.047029
666.000000 0.063799
667.000000 0.084856
668.000000 0.095274
669.000000 0.101307
670.000000 0.099635
671.000000 0.094686
672.000000 0.084504
673.000000 0.077359
674.000000 0.067158
675.000000 0.056158
676.000000 0.045071
677.000000 0.039928
678.000000 0.036560
679.000000 0.039393
680.000000 0.038258
681.000000 0.041849
682.000000 0.042349
683.000000 0.046404
684.000000 0.050723
685.000000 0.054326
686.000000 0.050206
687.000000 0.044615
688.000000 0.038371
689.000000 0.026893
690.000000 0.013813
691.000000 0.001507
692.000000 -0.008329
693.000000 -0.007061
694.000000 -0.007733
695.000000 -0.000463
696.000000 0.002651
697.000000 0.004609
698.000000 0.002651
699.000000 0.002521
700.000000 -0.003854
701.000000 -0.002559
702.000000 -0.005195
703.000000 -0.008224
704.000000 -0.012229
705.000000 -0.007490
706.000000 -0.008163
707.000000 -0.007588
708.000000 -0.013490
709.000000 -0.015719
710.000000 -0.015610
711.000000 -0.016785
712.000000 -0.019715
713.000000 -0.016209
714.000000 -0.007424
715.000000 0.007989
716.000000 0.015361
717.000000 0.023217
718.000000 0.027885
719.000000 0.027191
720.000000 0.022930
721.000000 0.013484
722.000000 -0.003707
723.000000 -0.011489
724.000000 -0.015322
725.000000 -0.023212
726.000000 -0.026797
727.000000 -0.022372
728.000000 -0.018034
729.000000 -0.007842
730.000000 -0.008830
731.000000 -0.006245
732.000000 0.005706
733.000000 0.018576
734.000000 0.022635
735.000000 0.025512
736.000000 0.022056
737.000000 0.021937
738.000000 0.014104
739.000000 0.000640
740.000000 -0.006055
741.000000 -0.013980
742.000000 -0.021970
743.000000 -0.028477
744.000000 -0.034703
745.000000 -0.041887
746.000000 -0.043611
747.000000 -0.049269
748.000000 -0.052623
749.000000 -0.044427
750.000000 -0.034450
751.000000 -0.024711
752.000000 -0.007673
753.000000 0.007356
754.000000 0.022258
755.000000 0.037921
756.000000 0.047355
757.000000 0.053942
758.000000 0.060290
759.000000 0.062578
760.000000 0.072225
761.000000 0.076345
762.000000 0.075261
763.000000 0.072618
764.000000 0.065224
765.000000 0.054174
766.000000 0.043347
767.000000 0.019622
768.000000 -0.004060
769.000000 -0.027501
770.000000 -0.049564
771.000000 -0.063539
772.000000 -0.069326
773.000000 -0.072224
774.000000 -0.068680
775.000000 -0.062985
776.000000 -0.056411
777.000000 -0.047830
778.000000 -0.041584
779.000000 -0.033034
780.000000 -0.022968
781.000000 -0.015989
782.000000 -0.004137
783.000000 0.006647
784.000000 0.012356
785.000000 0.016513
786.000000 0.020664
787.000000 0.026955
788.000000 0.036450
789.000000 0.044158
790.000000 0.053083
791.000000 0.061711
792.000000 0.068469
793.000000 0.069639
794.000000 0.064513
795.000000 0.054677
796.000000 0.048607
797.000000 0.039518
798.000000 0.027376
799.000000 0.015072
800.000000 0.014297
801.000000 -1.488306
802.000000 -1.488151
803.000000 -1.494380
804.000000 -1.725895
805.000000 -1.784902
806.000000 -1.834933
807.000000 -1.891164
808.000000 -0.928641
809.000000 -0.942704
810.000000 -0.820125
811.000000 -0.564182
812.000000 -0.463911
813.000000 -0.255154
814.000000 -0.067860
815.000000 -0.492240
816.000000 -0.268378
817.000000 -0.236447
818.000000 -0.255257
819.000000 -0.176439
820.000000 -0.253233
821.000000 -0.289587
822.000000 0.016171
823.000000 -0.115617
824.000000 -0.067318
825.000000 -0.028857
826.000000 -0.066980
827.000000 0.029908
828.000000 0.061664
829.000000 -0.100801
830.000000 0.016378
831.000000 -0.019559
832.000000 -0.020140
833.000000 0.019399
834.000000 -0.047390
835.000000 -0.048053
836.000000 0.047296
837.000000 -0.037355
838.000000 -0.005149
839.000000 -0.016889
840.000000 -0.046774
841.000000 0.002309
842.000000 -0.006530
843.000000 -0.057249
844.000000 -0.007655
845.000000 -0.045690
846.000000 -0.042275
847.000000 -0.037261
848.000000 -0.082073
849.000000 -0.077494
850.000000 -0.052315
851.000000 -0.088477
852.000000 -0.065515
853.000000 -0.078554
854.000000 -0.076396
855.000000 -0.046296
856.000000 -0.060440
857.000000 -0.080334
858.000000 -0.064625
859.000000 -0.087745
860.000000 -0.079443
861.000000 -0.086221
862.000000 -0.113004
863.000000 -0.109294
864.000000 -0.108736
865.000000 -0.124113
866.000000 -0.105457
867.000000 -0.102833
868.000000 -0.084583
869.000000 -0.057513
870.000000 -0.052325
871.000000 -0.038518
872.000000 -0.014595
873.000000 -0.010104
874.000000 0.011251
875.000000 0.028539
876.000000 0.038148
877.000000 0.053287
878.000000 0.055742
879.000000 0.045490
880.000000 0.039658
881.000000 0.026690
882.000000 0.024047
883.000000 0.024885
884.000000 0.017225
885.000000 0.013118
886.000000 0.018014
887.000000 0.017179
888.000000 0.024890
889.000000 0.026736
890.000000 0.029749
891.000000 0.044546
892.000000 0.056378
893.000000 0.061491
894.000000 0.079347
895.000000 0.090241
896.000000 0.101747
897.000000 0.105423
898.000000 0.099995
899.000000 0.097031
900.000000 0.090913
901.000000 0.074217
902.000000 0.063561
903.000000 0.046958
904.000000 0.037643
905.000000 0.034883
906.000000 0.031164
907.000000 0.032680
908.000000 0.036747
909.000000 0.035418
910.000000 0.035546
911.000000 0.028891
912.000000 0.028858
913.000000 0.031333
914.000000 0.025881
915.000000 0.021018
916.000000 0.020790
917.000000 0.020185
918.000000 0.018845
919.000000 0.011064
920.000000 0.003312
921.000000 -0.003562
922.000000 -0.009745
923.000000 -0.015943
924.000000 -0.024265
925.000000 -0.030979
926.000000 -0.034891
927.000000 -0.035989
928.000000 -0.033799
929.000000 -0.032110
930.000000 -0.032129
931.000000 -0.030576
932.000000 -0.026280
933.000000 -0.020241
934.000000 -0.012444
935.000000 -0.006715
936.000000 0.002978
937.000000 0.008478
938.000000 0.011538
939.000000 0.009939
940.000000 0.011580
941.000000 0.013695
942.000000 0.012950
943.000000 0.006706
944.000000 0.007600
945.000000 0.011592
946.000000 0.016985
947.000000 0.024084
948.000000 0.029686
949.000000 0.035432
950.000000 0.042176
951.000000 0.044411
952.000000 0.044160
953.000000 0.045761
954.000000 0.042715
955.000000 0.038278
956.000000 0.028328
957.000000 0.014117
958.000000 -0.001421
959.000000 -0.020603
960.000000 -0.037831
961.000000 -0.055559
962.000000 -0.071655
963.000000 -0.083905
964.000000 -0.097639
965.000000 -0.107207
966.000000 -0.109588
967.000000 -0.111872
968.000000 -0.110327
969.000000 -0.107312
970.000000 -0.109008
971.000000 -0.100541
972.000000 -0.097880
973.000000 -0.097322
974.000000 -0.094327
975.000000 -0.095823
976.000000 -0.099169
977.000000 -0.098307
978.000000 -0.097254
979.000000 -0.084947
980.000000 -0.069081
981.000000 -0.053112
982.000000 -0.037448
983.000000 -0.025361
984.000000 -0.016723
985.000000 -0.005638
986.000000 -0.004044
987.000000 -0.000286
988.000000 0.001695
989.000000 0.008713
990.000000 0.023170
991.000000 0.036720
992.000000 0.045977
993.000000 0.060717
994.000000 0.069541
995.000000 0.080422
996.000000 0.089687
997.000000 0.094635
998.000000 0.101990
999.000000 0.107538
1000.000000 0.102662
1001.000000 0.104090
1002.000000 0.098839
1003.000000 0.086502
1004.000000 0.080681
1005.000000 0.068333
1006.000000 0.053436
1007.000000 0.041905
1008.000000 0.024840
1009.000000 0.008707
1010.000000 -0.007740
1011.000000 -0.025033
1012.000000 -0.030318
1013.000000 -0.037750
1014.000000 -0.048003
1015.000000 -0.057226
1016.000000 -0.061478
1017.000000 -0.059398
1018.000000 -0.054536
1019.000000 -0.049711
1020.000000 -0.044301
1021.000000 -0.038809
1022.000000 -0.032209
1023.000000 -0.024902
1024.000000 -0.021322
1025.000000 -0.019423
1026.000000 -0.009365
1027.000000 -0.000949
1028.000000 0.008832
1029.000000 0.019703
1030.000000 0.029574
1031.000000 0.042518
1032.000000 0.055478
1033.000000 0.056370
1034.000000 0.056588
1035.000000 0.060092
1036.000000 0.059801
1037.000000 0.056962
1038.000000 0.043022
1039.000000 0.037157
1040.000000 0.035738
1041.000000 0.024769
1042.000000 0.019168
1043.000000 0.012619
1044.000000 0.005624
1045.000000 0.003665
1046.000000 -0.007232
1047.000000 -0.013985
1048.000000 -0.012426
1049.000000 -0.015619
1050.000000 -0.010878
1051.000000 -0.012628
1052.000000 -0.018279
1053.000000 -0.016635
1054.000000 -0.016491
1055.000000 -0.022478
1056.000000 -0.021987
1057.000000 -0.032557
1058.000000 -0.033858
1059.000000 -0.034833
1060.000000 -0.044061
1061.000000 -0.054667
1062.000000 -0.061645
1063.000000 -0.070940
1064.000000 -0.070028
1065.000000 -0.074966
1066.000000 -0.075331
1067.000000 -0.067981
1068.000000 -0.063007
1069.000000 -0.055330
1070.000000 -0.052201
1071.000000 -0.051161
1072.000000 -0.040941
1073.000000 -0.033579
1074.000000 -0.029264
1075.000000 -0.026028
1076.000000 -0.025970
1077.000000 -0.026703
1078.000000 -0.022827
1079.000000 -0.024861
1080.000000 -0.021627
1081.000000 -0.019718
1082.000000 -0.014772
1083.000000 -0.005083
1084.000000 0.003546
1085.000000 0.007355
1086.000000 0.018507
1087.000000 0.025336
1088.000000 0.038409
1089.000000 0.043177
1090.000000 0.041686
1091.000000 0.035312
1092.000000 0.033102
1093.000000 0.022970
1094.000000 0.014469
1095.000000 0.007308
1096.000000 0.000370
1097.000000 0.004273
1098.000000 0.014507
1099.000000 0.021324
1100.000000 0.030109
1101.000000 0.036294
1102.000000 0.039470
1103.000000 0.039417
1104.000000 0.043726
1105.000000 0.043021
1106.000000 0.045850
1107.000000 0.043749
1108.000000 0.044163
1109.000000 0.040863
1110.000000 0.034846
1111.000000 0.025058
1112.000000 0.016046
1113.000000 0.005916
1114.000000 -0.003386
1115.000000 -0.011199
1116.000000 -0.019739
1117.000000 -0.024849
1118.000000 -0.024151
1119.000000 -0.023124
1120.000000 -0.021796
1121.000000 -0.026122
1122.000000 -0.023886
1123.000000 -0.019268
1124.000000 -0.016641
1125.000000 -0.013772
1126.000000 -0.013016
1127.000000 -0.015943
1128.000000 -0.010982
1129.000000 -0.009257
1130.000000 -0.007562
1131.000000 -0.005315
1132.000000 -0.008344
1133.000000 -0.013351
1134.000000 -0.014540
1135.000000 -0.025734
1136.000000 -0.034223
1137.000000 -0.039283
1138.000000 -0.043081
1139.000000 -0.036496
1140.000000 -0.029947
1141.000000 -0.028248
1142.000000 -0.017290
1143.000000 -0.009596
1144.000000 -0.006227
1145.000000 -0.005375
1146.000000 -0.007646
1147.000000 -0.008740
1148.000000 -0.008556
1149.000000 -0.016719
1150.000000 -0.027382
1151.000000 -0.035185
1152.000000 -0.042071
1153.000000 -0.038755
1154.000000 -0.037693
1155.000000 -0.034424
1156.000000 -0.029928
1157.000000 -0.029641
1158.000000 -0.033922
1159.000000 -0.039782
1160.000000 -0.049018
1161.000000 -0.056995
1162.000000 -0.062344
1163.000000 -0.062512
1164.000000 -0.058998
1165.000000 -0.051911
1166.000000 -0.044455
1167.000000 -0.029488
1168.000000 -0.009283
1169.000000 0.015332
1170.000000 0.037188
1171.000000 0.048250
1172.000000 0.059101
1173.000000 0.066556
1174.000000 0.075114
1175.000000 0.079784
1176.000000 0.081749
1177.000000 0.082964
1178.000000 0.090536
1179.000000 0.090434
1180.000000 0.086767
1181.000000 0.079456
1182.000000 0.067540
1183.000000 0.057926
1184.000000 0.050318
1185.000000 0.044091
1186.000000 0.044063
1187.000000 0.045784
1188.000000 0.049085
1189.000000 0.055530
1190.000000 0.054698
1191.000000 0.055870
1192.000000 0.053838
1193.000000 0.042832
1194.000000 0.031125
1195.000000 0.010071
1196.000000 -0.014530
1197.000000 -0.036466
1198.000000 -0.060438
1199.000000 -0.078811
1200.000000 -0.088901
1201.000000 -1.101869
1202.000000 -1.103196
1203.000000 -1.101802
1204.000000 -1.110881
1205.000000 -1.113326
1206.000000 -1.118516
1207.000000 -1.122911
1208.000000 -0.510687
1209.000000 -0.522231
1210.000000 -0.444298
1211.000000 -0.366355
1212.000000 -0.304018
1213.000000 -0.175030
1214.000000 -0.069300
1215.000000 -0.329057
1216.000000 -0.190050
1217.000000 -0.175708
1218.000000 -0.145662
1219.000000 -0.107892
1220.000000 -0.162556
1221.000000 -0.180425
1222.000000 0.007192
1223.000000 -0.068419
1224.000000 -0.029341
1225.000000 -0.028609
1226.000000 -0.034424
1227.000000 0.027851
1228.000000 0.043415
1229.000000 -0.051906
1230.000000 0.019214
1231.000000 -0.005104
1232.000000 0.006655
1233.000000 0.025094
1234.000000 -0.012758
1235.000000 -0.005449
1236.000000 0.059270
1237.000000 0.027769
1238.000000 0.068118
1239.000000 0.074680
1240.000000 0.086016
1241.000000 0.137629
1242.000000 0.151755
1243.000000 0.139344
1244.000000 0.178197
1245.000000 0.156088
1246.000000 0.164055
1247.000000 0.154463
1248.000000 0.109046
1249.000000 0.091561
1250.000000 0.075772
1251.000000 0.028440
1252.000000 0.027207
1253.000000 -0.003390
1254.000000 -0.021384
1255.000000 -0.018307
1256.000000 -0.038168
1257.000000 -0.047266
1258.000000 -0.039520
1259.000000 -0.057650
1260.000000 -0.054556
1261.000000 -0.060142
1262.000000 -0.077594
1263.000000 -0.081822
1264.000000 -0.088146
1265.000000 -0.100919
1266.000000 -0.100597
1267.000000 -0.110925
1268.000000 -0.113921
1269.000000 -0.109475
1270.000000 -0.111455
1271.000000 -0.109740
1272.000000 -0.104212
1273.000000 -0.104185
1274.000000 -0.095163
1275.000000 -0.087636
1276.000000 -0.075689
1277.000000 -0.057937
1278.000000 -0.045732
1279.000000 -0.039508
1280.000000 -0.026794
1281.000000 -0.019278
1282.000000 -0.002316
1283.000000 0.011334
1284.000000 0.012183
1285.000000 0.019617
1286.000000 0.031555
1287.000000 0.041707
1288.000000 0.057443
1289.000000 0.070662
1290.000000 0.080541
1291.000000 0.093336
1292.000000 0.097913
1293.000000 0.101780
1294.000000 0.100960
1295.000000 0.092515
1296.000000 0.084314
1297.000000 0.075123
1298.000000 0.061422
1299.000000 0.052804
1300.000000 0.045844
1301.000000 0.043531
1302.000000 0.045745
1303.000000 0.048359
1304.000000 -0.177704
1305.000000 -0.235732
1306.000000 -0.296802
1307.000000 -0.353915
1308.000000 -0.311529
1309.000000 -0.311119
1310.000000 -0.305380
1311.000000 -0.147925
1312.000000 -0.129121
1313.000000 -0.083579
1314.000000 -0.035921
1315.000000 -0.050731
1316.000000 -0.010424
1317.000000 0.016707
1318.000000 -0.047173
1319.000000 -0.018651
1320.000000 -0.028035
1321.000000 -0.033537
1322.000000 0.000184
1323.000000 -0.016384
1324.000000 -0.013889
1325.000000 0.033724
1326.000000 0.020851
1327.000000 0.047582
1328.000000 0.058649
1329.000000 0.046899
1330.000000 0.076585
1331.000000 0.093779
1332.000000 0.081910
1333.000000 0.106310
1334.000000 0.096578
1335.000000 0.101824
1336.000000 0.120211
1337.000000 0.107786
1338.000000 0.110333
1339.000000 0.125785
1340.000000 0.118875
1341.000000 0.131818
1342.000000 0.132130
1343.000000 0.117792
1344.000000 0.120110
1345.000000 0.104316
1346.000000 0.082650
1347.000000 0.077575
1348.000000 0.055363
1349.000000 0.044329
1350.000000 0.039441
1351.000000 0.020783
1352.000000 0.009783
1353.000000 0.008065
1354.000000 -0.006576
1355.000000 -0.013060
1356.000000 -0.020356
1357.000000 -0.030299
1358.000000 -0.024711
1359.000000 -0.032543
1360.000000 -0.046697
1361.000000 -0.052558
1362.000000 -0.069728
1363.000000 -0.081331
1364.000000 -0.094360
1365.000000 -0.112087
1366.000000 -0.118299
1367.000000 -0.121622
1368.000000 -0.129465
1369.000000 -0.126741
1370.000000 -0.122941
1371.000000 -0.116941
1372.000000 -0.104177
1373.000000 -0.096295
1374.000000 -0.084188
1375.000000 -0.064170
1376.000000 -0.045407
1377.000000 -0.030761
1378.000000 -0.018113
1379.000000 -0.014724
1380.000000 -0.009690
1381.000000 -0.002953
1382.000000 -0.003814
1383.000000 -0.008309
1384.000000 -0.013105
1385.000000 -0.025415
1386.000000 -0.038570
1387.000000 -0.060254
1388.000000 -0.078780
1389.000000 -0.093494
1390.000000 -0.102901
1391.000000 -0.107247
1392.000000 -0.104785
1393.000000 -0.105836
1394.000000 -0.100594
1395.000000 -0.093329
1396.000000 -0.078956
1397.000000 -0.068508
1398.000000 -0.059088
1399.000000 -0.054799
1400.000000 -0.046472
1401.000000 -0.039686
1402.000000 -0.037417
1403.000000 -0.037266
1404.000000 -0.037027
1405.000000 -0.033140
1406.000000 -0.021426
1407.000000 -0.010373
1408.000000 -0.002668
1409.000000 0.008380
1410.000000 0.018116
1411.000000 0.027147
1412.000000 0.038107
1413.000000 0.046927
1414.000000 0.052940
1415.000000 0.055557
1416.000000 0.058623
1417.000000 0.063507
1418.000000 0.070059
1419.000000 0.065707
1420.000000 0.063876
1421.000000 0.063694
1422.000000 0.062103
1423.000000 0.055220
1424.000000 0.043196
1425.000000 0.024174
1426.000000 0.009677
1427.000000 -0.005018
1428.000000 -0.023038
1429.000000 -0.048370
1430.000000 -0.067412
1431.000000 -0.077513
1432.000000 -0.081791
1433.000000 -0.083573
1434.000000 -0.075190
1435.000000 -0.059476
1436.000000 -0.041451
1437.000000 -0.024625
1438.000000 -0.010095
1439.000000 0.000973
1440.000000 0.010401
1441.000000 0.018295
1442.000000 0.013580
1443.000000 0.002264
1444.000000 -0.009510
1445.000000 -0.021303
1446.000000 -0.031437
1447.000000 -0.039750
1448.000000 -0.047855
1449.000000 -0.046992
1450.000000 -0.042584
1451.000000 -0.035744
1452.000000 -0.031520
1453.000000 -0.029343
1454.000000 -0.028453
1455.000000 -0.028311
1456.000000 -0.026073
1457.000000 -0.029070
1458.000000 -0.032688
1459.000000 -0.032595
1460.000000 -0.029314
1461.000000 -0.026471
1462.000000 -0.015747
1463.000000 -0.009447
1464.000000 -0.000491
1465.000000 0.004693
1466.000000 0.000220
1467.000000 -0.009935
1468.000000 -0.017455
1469.000000 -0.030481
1470.000000 -0.035011
1471.000000 -0.038406
1472.000000 -0.042056
1473.000000 -0.041082
1474.000000 -0.044290
1475.000000 -0.046195
1476.000000 -0.042150
1477.000000 -0.045963
1478.000000 -0.041985
1479.000000 -0.041973
1480.000000 -0.043547
1481.000000 -0.039091
1482.000000 -0.037557
1483.000000 -0.041555
1484.000000 -0.040765
1485.000000 -0.043823
1486.000000 -0.044076
1487.000000 -0.039789
1488.000000 -0.037703
1489.000000 -0.033438
1490.000000 -0.032125
1491.000000 -0.027501
1492.000000 -0.025811
1493.000000 -0.022062
1494.000000 -0.020412
1495.000000 -0.012475
1496.000000 -0.004788
1497.000000 -0.002048
1498.000000 -0.001189
1499.000000 0.007347
1500.000000 0.011819
1501.000000 0.015613
1502.000000 0.012190
1503.000000 0.012960
1504.000000 0.013194
1505.000000 0.018101
1506.000000 0.023739
1507.000000 0.025432
1508.000000 0.031460
1509.000000 0.042423
1510.000000 0.050270
1511.000000 0.052100
1512.000000 0.053237
1513.000000 0.053137
1514.000000 0.063608
1515.000000 0.061155
1516.000000 0.055964
1517.000000 0.054827
1518.000000 0.058826
1519.000000 0.071235
1520.000000 0.076779
1521.000000 0.070714
1522.000000 0.069955
1523.000000 0.066400
1524.000000 0.066654
1525.000000 0.062908
1526.000000 0.052903
1527.000000 0.047201
1528.000000 0.050502
1529.000000 0.049033
1530.000000 0.054213
1531.000000 0.057210
1532.000000 0.062249
1533.000000 0.069605
1534.000000 0.066057
1535.000000 0.060195
1536.000000 0.059911
1537.000000 0.045875
1538.000000 0.031302
1539.000000 0.008167
1540.000000 -0.014737
1541.000000 -0.033556
1542.000000 -0.053849
1543.000000 -0.074684
1544.000000 -0.085724
1545.000000 -0.093231
1546.000000 -0.093204
1547.000000 -0.085403
1548.000000 -0.074150
1549.000000 -0.058609
1550.000000 -0.042061
1551.000000 -0.025378
1552.000000 -0.000715
1553.000000 0.023513
1554.000000 0.044438
1555.000000 0.069498
1556.000000 0.093422
1557.000000 0.114061
1558.000000 0.128192
1559.000000 0.129500
1560.000000 0.116863
1561.000000 0.103613
1562.000000 0.083735
1563.000000 0.063710
1564.000000 0.038323
1565.000000 0.010776
1566.000000 -0.008768
1567.000000 -0.019608
1568.000000 -0.029420
1569.000000 -0.036169
1570.000000 -0.043581
1571.000000 -0.047506
1572.000000 -0.045260
1573.000000 -0.044998
1574.000000 -0.042817
1575.000000 -0.041835
1576.000000 -0.038322
1577.000000 -0.033186
1578.000000 -0.037177
1579.000000 -0.043582
1580.000000 -0.048590
1581.000000 -0.050247
1582.000000 -0.053443
1583.000000 -0.058153
1584.000000 -0.066054
1585.000000 -0.068738
1586.000000 -0.066799
1587.000000 -0.068482
1588.000000 -0.071384
1589.000000 -0.064194
1590.000000 -0.052901
1591.000000 -0.037830
1592.000000 -0.024069
1593.000000 -0.015712
1594.000000 0.001228
1595.000000 0.019146
1596.000000 0.031912
1597.000000 0.040332
1598.000000 0.043960
1599.000000 0.044531
1600.000000 0.042533
