1.000000 0.000000
2.000000 0.000000
3.000000 0.000000
4.000000 0.000000
5.000000 0.000000
6.000000 0.000000
7.000000 0.000000
8.000000 0.000000
9.000000 0.002499
10.000000 -0.000763
11.000000 -0.005050
12.000000 -0.009926
13.000000 -0.011131
14.000000 -0.012536
15.000000 -0.011806
16.000000 -0.011540
17.000000 -0.010332
18.000000 -0.006673
19.000000 0.408478
20.000000 0.912255
21.000000 1.137618
22.000000 1.361181
23.000000 1.237704
24.000000 1.092195
25.000000 0.981516
26.000000 0.836036
27.000000 0.644977
28.000000 0.640969
29.000000 0.623397
30.000000 0.743048
31.000000 0.832979
32.000000 0.868136
33.000000 0.910766
34.000000 0.988687
35.000000 0.977670
36.000000 1.003609
37.000000 0.956651
38.000000 0.932139
39.000000 0.942129
40.000000 0.938238
41.000000 0.908356
42.000000 0.922047
43.000000 0.901784
44.000000 0.934678
45.000000 0.949708
46.000000 0.945539
47.000000 0.956098
48.000000 0.975606
49.000000 0.972232
50.000000 0.995194
51.000000 0.983208
52.000000 0.985731
53.000000 0.997764
54.000000 1.001194
55.000000 1.002926
56.000000 1.023372
57.000000 1.028000
58.000000 1.047752
59.000000 1.051873
60.000000 1.043339
61.000000 1.036465
62.000000 1.024115
63.000000 1.006006
64.000000 1.003169
65.000000 0.987447
66.000000 0.979184
67.000000 0.976530
68.000000 0.963125
69.000000 0.956168
70.000000 0.950901
71.000000 0.936958
72.000000 0.937232
73.000000 0.934583
74.000000 0.931303
75.000000 0.942106
76.000000 0.949018
77.000000 0.957076
78.000000 0.973281
79.000000 0.976358
80.000000 0.978721
81.000000 0.975403
82.000000 0.964530
83.000000 0.960451
84.000000 0.959750
85.000000 0.956909
86.000000 0.963055
87.000000 0.964709
88.000000 0.969085
89.000000 0.973927
90.000000 0.974149
91.000000 0.972148
92.000000 0.973235
93.000000 0.968737
94.000000 0.970685
95.000000 0.971805
96.000000 0.972671
97.000000 0.978387
98.000000 0.981102
99.000000 0.983216
100.000000 0.984290
101.000000 0.978012
102.000000 0.971185
103.000000 0.968607
104.000000 0.968108
105.000000 0.977407
106.000000 0.991267
107.000000 1.005143
108.000000 1.022144
109.000000 1.034557
110.000000 1.044975
111.000000 1.052113
112.000000 1.054992
113.000000 1.054877
114.000000 1.054644
115.000000 1.049502
116.000000 1.047941
117.000000 1.042341
118.000000 1.038147
119.000000 1.038587
120.000000 1.033920
121.000000 1.033307
122.000000 1.026129
123.000000 1.019694
124.000000 1.018796
125.000000 1.013699
126.000000 1.006419
127.000000 0.997512
128.000000 0.986522
129.000000 0.980076
130.000000 0.980984
131.000000 0.981683
132.000000 0.989395
133.000000 0.996213
134.000000 0.997106
135.000000 0.995675
136.000000 0.990718
137.000000 0.991903
138.000000 0.995924
139.000000 0.997652
140.000000 1.000545
141.000000 1.001404
142.000000 1.002305
143.000000 1.002508
144.000000 1.008357
145.000000 1.012941
146.000000 1.016120
147.000000 1.017318
148.000000 1.014156
149.000000 1.009590
150.000000 1.008734
151.000000 1.011281
152.000000 1.024889
153.000000 1.038869
154.000000 1.050042
155.000000 1.054731
156.000000 1.050972
157.000000 1.047558
158.000000 1.041870
159.000000 1.034766
160.000000 1.028297
161.000000 1.022048
162.000000 1.018794
163.000000 1.017440
164.000000 1.018264
165.000000 1.020374
166.000000 1.025493
167.000000 1.034411
168.000000 1.043563
169.000000 1.046745
170.000000 1.042339
171.000000 1.037954
172.000000 1.026079
173.000000 1.011865
174.000000 0.995015
175.000000 0.978445
176.000000 0.972044
177.000000 0.967956
178.000000 0.969780
179.000000 0.974383
180.000000 0.975555
181.000000 0.975931
182.000000 0.976472
183.000000 0.979998
184.000000 0.983438
185.000000 0.981340
186.000000 0.975284
187.000000 0.973881
188.000000 0.976491
189.000000 0.975962
190.000000 0.981974
191.000000 0.984540
192.000000 0.988415
193.000000 0.994959
194.000000 0.997752
195.000000 0.999522
196.000000 1.005831
197.000000 1.010070
198.000000 1.012228
199.000000 1.012419
200.000000 1.013229
201.000000 1.014044
202.000000 1.019033
203.000000 1.026843
204.000000 1.034017
205.000000 1.036447
206.000000 1.033734
207.000000 1.033730
208.000000 1.033492
209.000000 1.030745
210.000000 1.035501
211.000000 1.039562
212.000000 1.041293
213.000000 1.044465
214.000000 1.036306
215.000000 1.029446
216.000000 1.018019
217.000000 1.001993
218.000000 0.997142
219.000000 0.994792
220.000000 0.991902
221.000000 0.988934
222.000000 0.980829
223.000000 0.978327
224.000000 0.980846
225.000000 0.980599
226.000000 0.982882
227.000000 0.977222
228.000000 0.973174
229.000000 0.974186
230.000000 0.978129
231.000000 0.982783
232.000000 0.987036
233.000000 0.987656
234.000000 0.983710
235.000000 0.987222
236.000000 0.985554
237.000000 0.982223
238.000000 0.974415
239.000000 0.970805
240.000000 0.976220
241.000000 0.975245
242.000000 0.974404
243.000000 0.973797
244.000000 0.969868
245.000000 0.974478
246.000000 0.979057
247.000000 0.981058
248.000000 0.984710
249.000000 0.989916
250.000000 0.996607
251.000000 1.009186
252.000000 1.024932
253.000000 1.041295
254.000000 1.048398
255.000000 1.050531
256.000000 1.049424
257.000000 1.048951
258.000000 1.053804
259.000000 1.061649
260.000000 1.066027
261.000000 1.074152
262.000000 1.081513
263.000000 1.084612
264.000000 1.084788
265.000000 1.081434
266.000000 1.077620
267.000000 1.075135
268.000000 1.076172
269.000000 1.074814
270.000000 1.074519
271.000000 1.076885
272.000000 1.077665
273.000000 1.078934
274.000000 1.081422
275.000000 1.083445
276.000000 1.080850
277.000000 1.073245
278.000000 1.061944
279.000000 1.052892
280.000000 1.041599
281.000000 1.037504
282.000000 1.035608
283.000000 1.039262
284.000000 1.041745
285.000000 1.036512
286.000000 1.027379
287.000000 1.015983
288.000000 0.997718
289.000000 0.983749
290.000000 0.972086
291.000000 0.964123
292.000000 0.964109
293.000000 0.965497
294.000000 0.964647
295.000000 0.965338
296.000000 0.966673
297.000000 0.961610
298.000000 0.956049
299.000000 0.951058
300.000000 0.934620
301.000000 0.925806
302.000000 0.922076
303.000000 0.919149
304.000000 0.924248
305.000000 0.934462
306.000000 0.945063
307.000000 0.952836
308.000000 0.957893
309.000000 0.959616
310.000000 0.963045
311.000000 0.962347
312.000000 0.964837
313.000000 0.970551
314.000000 0.969897
315.000000 0.972518
316.000000 0.974717
317.000000 0.978675
318.000000 0.989598
319.000000 0.995430
320.000000 0.994896
321.000000 0.994189
322.000000 0.986785
323.000000 0.983627
324.000000 0.978244
325.000000 0.969895
326.000000 0.965832
327.000000 0.965203
328.000000 0.963223
329.000000 0.964538
330.000000 0.964235
331.000000 0.968529
332.000000 0.974313
333.000000 0.975250
334.000000 0.982724
335.000000 0.991462
336.000000 0.999255
337.000000 1.014203
338.000000 1.024020
339.000000 1.028490
340.000000 1.035375
341.000000 1.031494
342.000000 1.027666
343.000000 1.024736
344.000000 1.018450
345.000000 1.016626
346.000000 1.017230
347.000000 1.011347
348.000000 1.012848
349.000000 1.013832
350.000000 1.014709
351.000000 1.015816
352.000000 1.010396
353.000000 1.004696
354.000000 0.999685
355.000000 0.993699
356.000000 0.993362
357.000000 0.994879
358.000000 0.995438
359.000000 1.001262
360.000000 1.003137
361.000000 1.002199
362.000000 1.002217
363.000000 0.998063
364.000000 0.992468
365.000000 0.990178
366.000000 0.985015
367.000000 0.987045
368.000000 0.989672
369.000000 0.993019
370.000000 0.992548
371.000000 0.989229
372.000000 0.987177
373.000000 0.990486
374.000000 0.992299
375.000000 0.993021
376.000000 0.994085
377.000000 0.994965
378.000000 1.003152
379.000000 1.014283
380.000000 1.021599
381.000000 1.033085
382.000000 1.042244
383.000000 1.041634
384.000000 1.043627
385.000000 1.041203
386.000000 1.045961
387.000000 1.053900
388.000000 1.061971
389.000000 1.074010
390.000000 1.085143
391.000000 1.095938
392.000000 1.104010
393.000000 1.105581
394.000000 1.099994
395.000000 1.093620
396.000000 1.081256
397.000000 1.066936
398.000000 1.050410
399.000000 1.033348
400.000000 1.023765
401.000000 1.010052
402.000000 0.997244
403.000000 0.986725
404.000000 0.971293
405.000000 0.960942
406.000000 1.678570
407.000000 1.837930
408.000000 1.996920
409.000000 2.152187
410.000000 2.000313
411.000000 1.983009
412.000000 1.940675
413.000000 1.435029
414.000000 1.384697
415.000000 1.237504
416.000000 1.095017
417.000000 1.148752
418.000000 1.033533
419.000000 0.966482
420.000000 1.171092
421.000000 1.065658
422.000000 1.090736
423.000000 1.100320
424.000000 1.001532
425.000000 1.060871
426.000000 1.070131
427.000000 0.937347
428.000000 1.006644
429.000000 0.961380
430.000000 0.952393
431.000000 0.998989
432.000000 0.929284
433.000000 0.922495
434.000000 0.988541
435.000000 0.927098
436.000000 0.965931
437.000000 0.963388
438.000000 0.931450
439.000000 0.979402
440.000000 0.969349
441.000000 0.931854
442.000000 0.971657
443.000000 0.943950
444.000000 0.958806
445.000000 0.986062
446.000000 0.963372
447.000000 0.981556
448.000000 1.007327
449.000000 0.985602
450.000000 1.011670
451.000000 0.999432
452.000000 0.983684
453.000000 1.000299
454.000000 0.983082
455.000000 0.972644
456.000000 0.990695
457.000000 0.974553
458.000000 0.991345
459.000000 1.007915
460.000000 1.007369
461.000000 1.025572
462.000000 1.032508
463.000000 1.023244
464.000000 1.034347
465.000000 1.026619
466.000000 1.027311
467.000000 1.034253
468.000000 1.025018
469.000000 1.026805
470.000000 1.031530
471.000000 1.024896
472.000000 1.033378
473.000000 1.033654
474.000000 1.027522
475.000000 1.026628
476.000000 1.018762
477.000000 1.007936
478.000000 1.006749
479.000000 0.998878
480.000000 1.000850
481.000000 1.001020
482.000000 0.994889
483.000000 0.994774
484.000000 0.990871
485.000000 0.983975
486.000000 0.981033
487.000000 0.969120
488.000000 0.958734
489.000000 0.952502
490.000000 0.952772
491.000000 0.950545
492.000000 0.957190
493.000000 0.961788
494.000000 0.967142
495.000000 0.975484
496.000000 0.975328
497.000000 0.976198
498.000000 0.969268
499.000000 0.960543
500.000000 0.963023
501.000000 0.968568
502.000000 0.978581
503.000000 0.993794
504.000000 1.007113
505.000000 0.811302
506.000000 0.746321
507.000000 0.676331
508.000000 0.610708
509.000000 0.717844
510.000000 0.757930
511.000000 0.812306
512.000000 0.877050
513.000000 0.850378
514.000000 0.851480
515.000000 0.834860
516.000000 0.749481
517.000000 0.726234
518.000000 0.685143
519.000000 0.654234
520.000000 0.667468
521.000000 0.644339
522.000000 0.635978
523.000000 0.654182
524.000000 0.625262
525.000000 0.618317
526.000000 0.604407
527.000000 0.565747
528.000000 0.557587
529.000000 0.540875
530.000000 0.520508
531.000000 0.532950
532.000000 0.522854
533.000000 0.519379
534.000000 0.526902
535.000000 0.515641
536.000000 0.520076
537.000000 0.531700
538.000000 0.528856
539.000000 0.533141
540.000000 0.528361
541.000000 0.518194
542.000000 0.522767
543.000000 0.508833
544.000000 0.496597
545.000000 0.495737
546.000000 0.482583
547.000000 0.472611
548.000000 0.463784
549.000000 0.447340
550.000000 0.448114
551.000000 0.446650
552.000000 0.442846
553.000000 0.447810
554.000000 0.440512
555.000000 0.438255
556.000000 0.436367
557.000000 0.424933
558.000000 0.427694
559.000000 0.432080
560.000000 0.434013
561.000000 0.450528
562.000000 0.461893
563.000000 0.471682
564.000000 0.491679
565.000000 0.499050
566.000000 0.502098
567.000000 0.500027
568.000000 0.491284
569.000000 0.492048
570.000000 0.493396
571.000000 0.492806
572.000000 0.495287
573.000000 0.494534
574.000000 0.491679
575.000000 0.486386
576.000000 0.480994
577.000000 0.481335
578.000000 0.484350
579.000000 0.478508
580.000000 0.472363
581.000000 0.469192
582.000000 0.466782
583.000000 0.474923
584.000000 0.481537
585.000000 0.483496
586.000000 0.485590
587.000000 0.483606
588.000000 0.479338
589.000000 0.477551
590.000000 0.473018
591.000000 0.474053
592.000000 0.479292
593.000000 0.491896
594.000000 0.509920
595.000000 0.524091
596.000000 0.533760
597.000000 0.539382
598.000000 0.531244
599.000000 0.524903
600.000000 0.518276
601.000000 0.517883
602.000000 0.524055
603.000000 0.526259
604.000000 0.530579
605.000000 0.538954
606.000000 0.544706
607.000000 0.546691
608.000000 0.546642
609.000000 0.546951
610.000000 0.547252
611.000000 0.545170
612.000000 0.537695
613.000000 0.529814
614.000000 0.523792
615.000000 0.512735
616.000000 0.505199
617.000000 0.499586
618.000000 0.496496
619.000000 0.492984
620.000000 0.497413
621.000000 0.502885
622.000000 0.511971
623.000000 0.511231
624.000000 0.507884
625.000000 0.499595
626.000000 0.490827
627.000000 0.481811
628.000000 0.469854
629.000000 0.463743
630.000000 0.468397
631.000000 0.472463
632.000000 0.473447
633.000000 0.475204
634.000000 0.471290
635.000000 0.463264
636.000000 0.464340
637.000000 0.461854
638.000000 0.461420
639.000000 0.464751
640.000000 0.457707
641.000000 0.454208
642.000000 0.450533
643.000000 0.441357
644.000000 0.435828
645.000000 0.428652
646.000000 0.418518
647.000000 0.416593
648.000000 0.409251
649.000000 0.406776
650.000000 0.407548
651.000000 0.408925
652.000000 0.407867
653.000000 0.404314
654.000000 0.404632
655.000000 0.414569
656.000000 0.419605
657.000000 0.427812
658.000000 0.444610
659.000000 0.455155
660.000000 0.468500
661.000000 0.479643
662.000000 0.485431
663.000000 0.494673
664.000000 0.504521
665.000000 0.512148
666.000000 0.522864
667.000000 0.534327
668.000000 0.541890
669.000000 0.550484
670.000000 0.553968
671.000000 0.554415
672.000000 0.554198
673.000000 0.555825
674.000000 0.558282
675.000000 0.556401
676.000000 0.556821
677.000000 0.554148
678.000000 0.552866
679.000000 0.551577
680.000000 0.555965
681.000000 0.561835
682.000000 0.565481
683.000000 0.567233
684.000000 0.567868
685.000000 0.565862
686.000000 0.562912
687.000000 0.559033
688.000000 0.557866
689.000000 0.561142
690.000000 0.565037
691.000000 0.565865
692.000000 0.559997
693.000000 0.548830
694.000000 0.537383
695.000000 0.522912
696.000000 0.515524
697.000000 0.510667
698.000000 0.510146
699.000000 0.511575
700.000000 0.523362
701.000000 0.532134
702.000000 0.535595
703.000000 0.533744
704.000000 0.533647
705.000000 0.521353
706.000000 0.513322
707.000000 0.507892
708.000000 0.507303
709.000000 0.512372
710.000000 0.517333
711.000000 0.519779
712.000000 0.520398
713.000000 0.512813
714.000000 0.508117
715.000000 0.498974
716.000000 0.484748
717.000000 0.472828
718.000000 0.463296
719.000000 0.454843
720.000000 0.455570
721.000000 0.457691
722.000000 0.461433
723.000000 0.472230
724.000000 0.480557
725.000000 0.487923
726.000000 0.489703
727.000000 0.484572
728.000000 0.483000
729.000000 0.486138
730.000000 0.484144
731.000000 0.481388
732.000000 0.480456
733.000000 0.479893
734.000000 0.486697
735.000000 0.485488
736.000000 0.486664
737.000000 0.493106
738.000000 0.497623
739.000000 0.501454
740.000000 0.506322
741.000000 0.505582
742.000000 0.506124
743.000000 0.504905
744.000000 0.500982
745.000000 0.497302
746.000000 0.491946
747.000000 0.488083
748.000000 0.479371
749.000000 0.467756
750.000000 0.458087
751.000000 0.451527
752.000000 0.451172
753.000000 0.452220
754.000000 0.454716
755.000000 0.462198
756.000000 0.467283
757.000000 0.484196
758.000000 0.500051
759.000000 0.511200
760.000000 0.523307
761.000000 0.524152
762.000000 0.519530
763.000000 0.513769
764.000000 0.503220
765.000000 0.497198
766.000000 0.494180
767.000000 0.492413
768.000000 0.491920
769.000000 0.493658
770.000000 0.495902
771.000000 0.494048
772.000000 0.486866
773.000000 0.478887
774.000000 0.468979
775.000000 0.460978
776.000000 0.462720
777.000000 0.469602
778.000000 0.482081
779.000000 0.493301
780.000000 0.504703
781.000000 0.513477
782.000000 0.516368
783.000000 0.514287
784.000000 0.511037
785.000000 0.516231
786.000000 0.524493
787.000000 0.533663
788.000000 0.538814
789.000000 0.535817
790.000000 0.531714
791.000000 0.531546
792.000000 0.532343
793.000000 0.537989
794.000000 0.539255
795.000000 0.539931
796.000000 0.541034
797.000000 0.542731
798.000000 0.537080
799.000000 0.534116
800.000000 0.529158
801.000000 0.524916
802.000000 0.524491
803.000000 0.521427
804.000000 0.520495
805.000000 0.731903
806.000000 0.256924
807.000000 0.204396
808.000000 0.153029
809.000000 -0.068438
810.000000 0.009343
811.000000 -0.018902
812.000000 -0.047407
813.000000 0.369781
814.000000 0.421043
815.000000 0.554600
816.000000 0.753282
817.000000 0.737918
818.000000 0.857529
819.000000 0.942586
820.000000 0.772934
821.000000 0.863049
822.000000 0.845557
823.000000 0.810338
824.000000 0.904981
825.000000 0.861999
826.000000 0.858578
827.000000 0.985252
828.000000 0.935569
829.000000 0.979418
830.000000 1.014800
831.000000 0.973690
832.000000 1.032184
833.000000 1.042556
834.000000 0.979858
835.000000 1.027572
836.000000 0.995019
837.000000 0.984997
838.000000 1.014656
839.000000 0.973375
840.000000 0.977407
841.000000 1.010521
842.000000 0.972774
843.000000 0.990821
844.000000 0.984452
845.000000 0.961739
846.000000 0.988217
847.000000 0.978339
848.000000 0.959192
849.000000 0.981514
850.000000 0.958971
851.000000 0.960433
852.000000 0.968398
853.000000 0.943350
854.000000 0.941445
855.000000 0.940991
856.000000 0.920144
857.000000 0.925574
858.000000 0.916027
859.000000 0.912309
860.000000 0.927788
861.000000 0.917194
862.000000 0.913232
863.000000 0.926962
864.000000 0.926357
865.000000 0.939418
866.000000 0.945705
867.000000 0.933090
868.000000 0.933601
869.000000 0.932376
870.000000 0.928093
871.000000 0.944556
872.000000 0.954805
873.000000 0.969952
874.000000 0.990429
875.000000 0.995378
876.000000 1.002728
877.000000 1.008578
878.000000 1.010152
879.000000 1.024797
880.000000 1.035658
881.000000 1.036787
882.000000 1.042478
883.000000 1.042954
884.000000 1.035459
885.000000 1.036220
886.000000 1.037415
887.000000 1.043420
888.000000 1.056917
889.000000 1.062373
890.000000 1.068014
891.000000 1.077751
892.000000 1.079704
893.000000 1.078588
894.000000 1.071921
895.000000 1.059097
896.000000 1.050889
897.000000 1.044448
898.000000 1.040480
899.000000 1.048440
900.000000 1.057735
901.000000 1.067772
902.000000 1.074535
903.000000 1.076510
904.000000 1.078788
905.000000 1.076236
906.000000 1.070892
907.000000 1.067857
908.000000 1.058772
909.000000 1.058381
910.000000 1.058005
911.000000 1.053365
912.000000 1.051952
913.000000 1.050431
914.000000 1.045255
915.000000 1.039649
916.000000 1.030278
917.000000 1.023236
918.000000 1.021691
919.000000 1.016280
920.000000 1.011738
921.000000 1.006658
922.000000 1.001171
923.000000 0.997345
924.000000 0.988736
925.000000 0.983862
926.000000 0.973694
927.000000 0.964250
928.000000 0.959052
929.000000 0.957333
930.000000 0.960050
931.000000 0.966830
932.000000 0.973395
933.000000 0.986230
934.000000 0.996920
935.000000 1.000712
936.000000 1.006023
937.000000 1.001971
938.000000 0.999472
939.000000 0.999708
940.000000 0.994980
941.000000 0.996152
942.000000 0.998897
943.000000 0.996415
944.000000 0.995687
945.000000 0.995861
946.000000 0.994579
947.000000 0.995492
948.000000 0.994710
949.000000 0.993164
950.000000 0.995327
951.000000 1.000543
952.000000 1.003051
953.000000 1.003061
954.000000 0.996602
955.000000 0.988843
956.000000 0.976595
957.000000 0.969841
958.000000 0.966984
959.000000 0.964560
960.000000 0.969025
961.000000 0.971029
962.000000 0.966812
963.000000 0.958279
964.000000 0.946242
965.000000 0.935804
966.000000 0.927220
967.000000 0.920610
968.000000 0.917890
969.000000 0.910288
970.000000 0.905213
971.000000 0.906707
972.000000 0.904175
973.000000 0.908965
974.000000 0.914540
975.000000 0.917539
976.000000 0.926643
977.000000 0.932210
978.000000 0.937084
979.000000 0.943374
980.000000 0.944036
981.000000 0.946637
982.000000 0.953504
983.000000 0.956166
984.000000 0.958755
985.000000 0.962563
986.000000 0.968508
987.000000 0.980119
988.000000 0.988747
989.000000 0.994691
990.000000 1.002341
991.000000 1.007220
992.000000 1.011892
993.000000 1.017619
994.000000 1.023317
995.000000 1.030142
996.000000 1.037587
997.000000 1.044172
998.000000 1.059828
999.000000 1.070785
1000.000000 1.077746
1001.000000 1.078923
1002.000000 1.075947
1003.000000 1.075005
1004.000000 1.070822
1005.000000 1.065041
1006.000000 1.063363
1007.000000 1.053949
1008.000000 1.050442
1009.000000 1.050605
1010.000000 1.040808
1011.000000 1.030765
1012.000000 1.018874
1013.000000 1.005181
1014.000000 0.995300
1015.000000 0.983182
1016.000000 0.968928
1017.000000 0.964853
1018.000000 0.956595
1019.000000 0.949404
1020.000000 0.947536
1021.000000 0.949082
1022.000000 0.956077
1023.000000 0.967959
1024.000000 0.982262
1025.000000 0.994919
1026.000000 1.004378
1027.000000 1.012028
1028.000000 1.018734
1029.000000 1.016049
1030.000000 1.009975
1031.000000 1.008259
1032.000000 1.004385
1033.000000 1.004807
1034.000000 1.009167
1035.000000 1.010839
1036.000000 1.015059
1037.000000 1.020009
1038.000000 1.021501
1039.000000 1.028580
1040.000000 1.030788
1041.000000 1.033334
1042.000000 1.036772
1043.000000 1.034686
1044.000000 1.032094
1045.000000 1.030967
1046.000000 1.027539
1047.000000 1.030686
1048.000000 1.027534
1049.000000 1.021266
1050.000000 1.014052
1051.000000 1.001368
1052.000000 0.985046
1053.000000 0.978087
1054.000000 0.964527
1055.000000 0.959408
1056.000000 0.952543
1057.000000 0.944273
1058.000000 0.944027
1059.000000 0.944820
1060.000000 0.941758
1061.000000 0.944339
1062.000000 0.940007
1063.000000 0.943136
1064.000000 0.946026
1065.000000 0.940650
1066.000000 0.938096
1067.000000 0.933725
1068.000000 0.933344
1069.000000 0.941910
1070.000000 0.946683
1071.000000 0.950700
1072.000000 0.954625
1073.000000 0.949966
1074.000000 0.949225
1075.000000 0.950790
1076.000000 0.954606
1077.000000 0.968677
1078.000000 0.977963
1079.000000 0.985973
1080.000000 0.996953
1081.000000 1.003172
1082.000000 1.006543
1083.000000 1.011905
1084.000000 1.017486
1085.000000 1.025280
1086.000000 1.030417
1087.000000 1.035005
1088.000000 1.040660
1089.000000 1.046152
1090.000000 1.047744
1091.000000 1.050336
1092.000000 1.052585
1093.000000 1.056207
1094.000000 1.063345
1095.000000 1.069974
1096.000000 1.074417
1097.000000 1.075778
1098.000000 1.071608
1099.000000 1.065376
1100.000000 1.056211
1101.000000 1.048548
1102.000000 1.047692
1103.000000 1.045719
1104.000000 1.043595
1105.000000 1.043593
1106.000000 1.042427
1107.000000 1.042933
1108.000000 1.041865
1109.000000 1.043713
1110.000000 1.045917
1111.000000 1.048425
1112.000000 1.050830
1113.000000 1.047853
1114.000000 1.042257
1115.000000 1.034006
1116.000000 1.024733
1117.000000 1.019986
1118.000000 1.016972
1119.000000 1.013201
1120.000000 1.015812
1121.000000 1.016131
1122.000000 1.013703
1123.000000 1.014238
1124.000000 1.008611
1125.000000 1.006140
1126.000000 1.005499
1127.000000 1.009550
1128.000000 1.010285
1129.000000 1.007137
1130.000000 0.998937
1131.000000 0.989309
1132.000000 0.978000
1133.000000 0.970104
1134.000000 0.966262
1135.000000 0.965515
1136.000000 0.969154
1137.000000 0.972263
1138.000000 0.973978
1139.000000 0.976425
1140.000000 0.974216
1141.000000 0.968863
1142.000000 0.965982
1143.000000 0.960543
1144.000000 0.962306
1145.000000 0.965064
1146.000000 0.965516
1147.000000 0.970315
1148.000000 0.970886
1149.000000 0.973456
1150.000000 0.984439
1151.000000 0.988552
1152.000000 0.987332
1153.000000 0.983150
1154.000000 0.971866
1155.000000 0.958043
1156.000000 0.939329
1157.000000 0.923834
1158.000000 0.916275
1159.000000 0.909687
1160.000000 0.915145
1161.000000 0.919842
1162.000000 0.920552
1163.000000 0.928447
1164.000000 0.936401
1165.000000 0.941739
1166.000000 0.950334
1167.000000 0.953412
1168.000000 0.958245
1169.000000 0.966030
1170.000000 0.976324
1171.000000 0.991663
1172.000000 1.004750
1173.000000 1.020613
1174.000000 1.032792
1175.000000 1.040037
1176.000000 1.043097
1177.000000 1.041870
1178.000000 1.040756
1179.000000 1.038888
1180.000000 1.033639
1181.000000 1.028643
1182.000000 1.034862
1183.000000 1.037739
1184.000000 1.039990
1185.000000 1.042362
1186.000000 1.040629
1187.000000 1.036335
1188.000000 1.033627
1189.000000 1.029048
1190.000000 1.022912
1191.000000 1.022855
1192.000000 1.017357
1193.000000 1.009355
1194.000000 1.006512
1195.000000 0.999377
1196.000000 0.995386
1197.000000 0.998035
1198.000000 0.990064
1199.000000 0.982724
1200.000000 0.966884
1201.000000 0.950102
1202.000000 0.939662
1203.000000 0.927657
1204.000000 0.928305
1205.000000 0.935055
1206.000000 0.578661
1207.000000 0.504172
1208.000000 0.431058
1209.000000 0.351070
1210.000000 0.424059
1211.000000 0.430060
1212.000000 0.445724
1213.000000 0.699401
1214.000000 0.721008
1215.000000 0.792463
1216.000000 0.863374
1217.000000 0.833371
1218.000000 0.898092
1219.000000 0.941002
1220.000000 0.849406
1221.000000 0.913362
1222.000000 0.907040
1223.000000 0.903486
1224.000000 0.945466
1225.000000 0.909811
1226.000000 0.903624
1227.000000 0.970566
1228.000000 0.940047
1229.000000 0.964616
1230.000000 0.978592
1231.000000 0.962840
1232.000000 1.003496
1233.000000 1.012434
1234.000000 0.988168
1235.000000 1.029218
1236.000000 1.023421
1237.000000 1.043509
1238.000000 1.081419
1239.000000 1.076841
1240.000000 1.094965
1241.000000 1.118365
1242.000000 1.097401
1243.000000 1.114304
1244.000000 1.106435
1245.000000 1.090817
1246.000000 1.102577
1247.000000 1.092915
1248.000000 1.082669
1249.000000 1.098469
1250.000000 1.081384
1251.000000 1.082174
1252.000000 1.074947
1253.000000 1.042367
1254.000000 1.028224
1255.000000 1.012820
1256.000000 0.986469
1257.000000 0.980033
1258.000000 0.962883
1259.000000 0.948765
1260.000000 0.943791
1261.000000 0.928169
1262.000000 0.918212
1263.000000 0.915372
1264.000000 0.901664
1265.000000 0.903160
1266.000000 0.901195
1267.000000 0.894920
1268.000000 0.897003
1269.000000 0.895214
1270.000000 0.889386
1271.000000 0.889225
1272.000000 0.888901
1273.000000 0.897664
1274.000000 0.912725
1275.000000 0.924670
1276.000000 0.940022
1277.000000 0.952061
1278.000000 0.960186
1279.000000 0.971897
1280.000000 0.981900
1281.000000 0.993744
1282.000000 1.011211
1283.000000 1.027262
1284.000000 1.046805
1285.000000 1.066663
1286.000000 1.079018
1287.000000 1.090193
1288.000000 1.098039
1289.000000 1.095319
1290.000000 1.099723
1291.000000 1.107085
1292.000000 1.110056
1293.000000 1.116445
1294.000000 1.120323
1295.000000 1.117660
1296.000000 1.117742
1297.000000 1.117955
1298.000000 1.122294
1299.000000 1.122805
1300.000000 1.122727
1301.000000 1.116975
1302.000000 1.106625
1303.000000 1.096808
1304.000000 1.083759
1305.000000 1.280849
1306.000000 1.342942
1307.000000 1.405210
1308.000000 1.470157
1309.000000 1.364092
1310.000000 1.325692
1311.000000 1.275498
1312.000000 1.210943
1313.000000 1.241317
1314.000000 1.247084
1315.000000 1.263322
1316.000000 1.348372
1317.000000 1.370082
1318.000000 1.413923
1319.000000 1.459477
1320.000000 1.454425
1321.000000 1.483391
1322.000000 1.494427
1323.000000 1.468872
1324.000000 1.489237
1325.000000 1.485898
1326.000000 1.492038
1327.000000 1.530375
1328.000000 1.537317
1329.000000 1.549233
1330.000000 1.563869
1331.000000 1.551555
1332.000000 1.562257
1333.000000 1.566653
1334.000000 1.562146
1335.000000 1.579172
1336.000000 1.587536
1337.000000 1.587797
1338.000000 1.602680
1339.000000 1.601823
1340.000000 1.601034
1341.000000 1.606962
1342.000000 1.598966
1343.000000 1.596810
1344.000000 1.599525
1345.000000 1.592260
1346.000000 1.598471
1347.000000 1.597924
1348.000000 1.587405
1349.000000 1.585213
1350.000000 1.572753
1351.000000 1.556258
1352.000000 1.544857
1353.000000 1.531519
1354.000000 1.524664
1355.000000 1.526669
1356.000000 1.519293
1357.000000 1.512787
1358.000000 1.506645
1359.000000 1.492100
1360.000000 1.480904
1361.000000 1.466665
1362.000000 1.449062
1363.000000 1.441590
1364.000000 1.429947
1365.000000 1.423678
1366.000000 1.421451
1367.000000 1.416550
1368.000000 1.413281
1369.000000 1.413455
1370.000000 1.409918
1371.000000 1.413787
1372.000000 1.416065
1373.000000 1.412017
1374.000000 1.412735
1375.000000 1.414206
1376.000000 1.414070
1377.000000 1.419276
1378.000000 1.422940
1379.000000 1.427095
1380.000000 1.436760
1381.000000 1.442929
1382.000000 1.449136
1383.000000 1.451521
1384.000000 1.444817
1385.000000 1.444431
1386.000000 1.445490
1387.000000 1.446884
1388.000000 1.448858
1389.000000 1.448747
1390.000000 1.441759
1391.000000 1.429315
1392.000000 1.420893
1393.000000 1.416902
1394.000000 1.414800
1395.000000 1.416528
1396.000000 1.418078
1397.000000 1.421333
1398.000000 1.427745
1399.000000 1.432022
1400.000000 1.441292
1401.000000 1.454890
1402.000000 1.463144
1403.000000 1.474501
1404.000000 1.483730
1405.000000 1.491332
1406.000000 1.497024
1407.000000 1.496989
1408.000000 1.498254
1409.000000 1.498728
1410.000000 1.501683
1411.000000 1.504612
1412.000000 1.506760
1413.000000 1.508439
1414.000000 1.509510
1415.000000 1.512742
1416.000000 1.513145
1417.000000 1.518656
1418.000000 1.522762
1419.000000 1.520745
1420.000000 1.514138
1421.000000 1.507637
1422.000000 1.500942
1423.000000 1.493649
1424.000000 1.483282
1425.000000 1.477120
1426.000000 1.464925
1427.000000 1.459930
1428.000000 1.458135
1429.000000 1.456911
1430.000000 1.452815
1431.000000 1.452397
1432.000000 1.453820
1433.000000 1.453602
1434.000000 1.448419
1435.000000 1.444226
1436.000000 1.439236
1437.000000 1.433630
1438.000000 1.431282
1439.000000 1.431277
1440.000000 1.434928
1441.000000 1.438779
1442.000000 1.442363
1443.000000 1.448350
1444.000000 1.457444
1445.000000 1.468630
1446.000000 1.478853
1447.000000 1.482748
1448.000000 1.487084
1449.000000 1.483319
1450.000000 1.475982
1451.000000 1.466449
1452.000000 1.455688
1453.000000 1.455545
1454.000000 1.455593
1455.000000 1.463115
1456.000000 1.479091
1457.000000 1.490886
1458.000000 1.502874
1459.000000 1.513301
1460.000000 1.514263
1461.000000 1.513937
1462.000000 1.509174
1463.000000 1.499311
1464.000000 1.492356
1465.000000 1.487778
1466.000000 1.486835
1467.000000 1.491561
1468.000000 1.495778
1469.000000 1.498754
1470.000000 1.500449
1471.000000 1.494861
1472.000000 1.484994
1473.000000 1.477127
1474.000000 1.465289
1475.000000 1.459432
1476.000000 1.453387
1477.000000 1.454140
1478.000000 1.456465
1479.000000 1.453969
1480.000000 1.452950
1481.000000 1.454137
1482.000000 1.454951
1483.000000 1.460433
1484.000000 1.465454
1485.000000 1.471892
1486.000000 1.477158
1487.000000 1.478964
1488.000000 1.481393
1489.000000 1.480084
1490.000000 1.478301
1491.000000 1.475608
1492.000000 1.472802
1493.000000 1.474940
1494.000000 1.479457
1495.000000 1.482789
1496.000000 1.483054
1497.000000 1.484095
1498.000000 1.484031
1499.000000 1.483528
1500.000000 1.489206
1501.000000 1.499000
1502.000000 1.507248
1503.000000 1.515714
1504.000000 1.522392
1505.000000 1.530697
1506.000000 1.533599
1507.000000 1.533783
1508.000000 1.529619
1509.000000 1.522900
1510.000000 1.518588
1511.000000 1.515853
1512.000000 1.508729
1513.000000 1.508289
1514.000000 1.516182
1515.000000 1.524815
1516.000000 1.532035
1517.000000 1.536498
1518.000000 1.538245
1519.000000 1.541325
1520.000000 1.538844
1521.000000 1.534992
1522.000000 1.535043
1523.000000 1.531011
1524.000000 1.531350
1525.000000 1.535061
1526.000000 1.536686
1527.000000 1.543462
1528.000000 1.549150
1529.000000 1.556439
1530.000000 1.559577
1531.000000 1.558305
1532.000000 1.558076
1533.000000 1.555404
1534.000000 1.548168
1535.000000 1.541654
1536.000000 1.534056
1537.000000 1.532856
1538.000000 1.535978
1539.000000 1.535244
1540.000000 1.534978
1541.000000 1.531138
1542.000000 1.518265
1543.000000 1.509529
1544.000000 1.502317
1545.000000 1.494094
1546.000000 1.489687
1547.000000 1.486992
1548.000000 1.483155
1549.000000 1.486182
1550.000000 1.490591
1551.000000 1.498702
1552.000000 1.506163
1553.000000 1.517538
1554.000000 1.527968
1555.000000 1.530769
1556.000000 1.532220
1557.000000 1.531076
1558.000000 1.529856
1559.000000 1.528921
1560.000000 1.532484
1561.000000 1.534901
1562.000000 1.539021
1563.000000 1.544218
1564.000000 1.549114
1565.000000 1.550642
1566.000000 1.545628
1567.000000 1.531064
1568.000000 1.513689
1569.000000 1.498596
1570.000000 1.489500
1571.000000 1.485383
1572.000000 1.485176
1573.000000 1.485925
1574.000000 1.480891
1575.000000 1.473550
1576.000000 1.470758
1577.000000 1.468991
1578.000000 1.468097
1579.000000 1.467897
1580.000000 1.467930
1581.000000 1.468750
1582.000000 1.467622
1583.000000 1.460794
1584.000000 1.452144
1585.000000 1.451624
1586.000000 1.449610
1587.000000 1.452550
1588.000000 1.458158
1589.000000 1.458444
1590.000000 1.456027
1591.000000 1.458695
1592.000000 1.459266
1593.000000 1.465733
1594.000000 1.469911
1595.000000 1.473806
1596.000000 1.475598
1597.000000 1.478134
1598.000000 1.482545
1599.000000 1.496416
1600.000000 1.511391
