1.000000 0.000000
2.000000 0.000000
3.000000 0.000000
4.000000 0.000000
5.000000 0.000000
6.000000 0.000000
7.000000 0.000000
8.000000 0.000000
9.000000 0.000000
10.000000 0.000000
11.000000 0.000000
12.000000 0.000000
13.000000 0.000000
14.000000 0.000000
15.000000 0.000000
16.000000 0.000000
17.000000 0.000000
18.000000 0.150094
19.000000 0.331837
20.000000 0.485707
21.000000 0.590721
22.000000 0.767571
23.000000 0.940514
24.000000 1.074182
25.000000 1.135871
26.000000 1.141340
27.000000 1.118222
28.000000 1.088872
29.000000 1.046793
30.000000 1.000003
31.000000 0.958403
32.000000 0.932177
33.000000 0.923018
34.000000 0.926246
35.000000 0.935340
36.000000 0.948107
37.000000 0.962698
38.000000 0.977008
39.000000 0.988571
40.000000 0.996072
41.000000 0.999787
42.000000 1.001011
43.000000 1.000723
44.000000 0.999566
45.000000 0.998036
46.000000 0.996660
47.000000 0.995843
48.000000 0.995700
49.000000 0.996063
50.000000 0.996703
51.000000 0.997444
52.000000 0.998177
53.000000 0.998814
54.000000 0.999284
55.000000 0.999559
56.000000 0.999670
57.000000 0.999675
58.000000 0.999630
59.000000 0.999574
60.000000 0.999529
61.000000 0.999513
62.000000 0.999532
63.000000 0.999583
64.000000 0.999654
65.000000 0.999731
66.000000 0.999802
67.000000 0.999863
68.000000 0.999909
69.000000 0.999941
70.000000 0.999959
71.000000 0.999966
72.000000 0.999968
73.000000 0.999966
74.000000 0.999965
75.000000 0.999965
76.000000 0.999967
77.000000 0.999971
78.000000 0.999977
79.000000 0.999983
80.000000 0.999989
81.000000 0.999994
82.000000 0.999998
83.000000 1.000000
84.000000 1.000002
85.000000 1.000003
86.000000 1.000004
87.000000 1.000004
88.000000 1.000004
89.000000 1.000004
90.000000 1.000004
91.000000 1.000004
92.000000 1.000004
93.000000 1.000004
94.000000 1.000004
95.000000 1.000004
96.000000 1.000005
97.000000 1.000004
98.000000 1.000004
99.000000 1.000004
100.000000 1.000004
101.000000 1.000004
102.000000 1.000004
103.000000 1.000003
104.000000 1.000003
105.000000 1.000003
106.000000 1.000003
107.000000 1.000003
108.000000 1.000003
109.000000 1.000002
110.000000 1.000002
111.000000 1.000002
112.000000 1.000002
113.000000 1.000002
114.000000 1.000002
115.000000 1.000002
116.000000 1.000002
117.000000 1.000001
118.000000 1.000001
119.000000 1.000001
120.000000 1.000001
121.000000 1.000001
122.000000 1.000001
123.000000 1.000001
124.000000 1.000001
125.000000 1.000001
126.000000 1.000001
127.000000 1.000001
128.000000 1.000001
129.000000 1.000001
130.000000 1.000001
131.000000 1.000001
132.000000 1.000001
133.000000 1.000000
134.000000 1.000000
135.000000 1.000000
136.000000 1.000000
137.000000 1.000000
138.000000 1.000000
139.000000 1.000000
140.000000 1.000000
141.000000 1.000000
142.000000 1.000000
143.000000 1.000000
144.000000 1.000000
145.000000 1.000000
146.000000 1.000000
147.000000 1.000000
148.000000 1.000000
149.000000 1.000000
150.000000 1.000000
151.000000 1.000000
152.000000 1.000000
153.000000 1.000014
154.000000 1.000028
155.000000 1.000030
156.000000 1.000017
157.000000 1.000048
158.000000 1.000112
159.000000 1.000182
160.000000 1.000217
161.000000 1.000210
162.000000 1.000173
163.000000 1.000129
164.000000 1.000072
165.000000 1.000005
166.000000 0.999938
167.000000 0.999889
168.000000 0.999869
169.000000 0.999874
170.000000 0.999897
171.000000 0.999931
172.000000 0.999972
173.000000 1.000014
174.000000 1.000050
175.000000 1.000076
176.000000 1.000089
177.000000 1.000091
178.000000 1.000084
179.000000 1.000073
180.000000 1.000058
181.000000 1.000042
182.000000 1.000028
183.000000 1.000018
184.000000 1.000011
185.000000 1.000007
186.000000 1.000006
187.000000 1.000006
188.000000 1.000007
189.000000 1.000008
190.000000 1.000009
191.000000 1.000010
192.000000 1.000009
193.000000 1.000008
194.000000 1.000007
195.000000 1.000006
196.000000 1.000005
197.000000 1.000004
198.000000 1.000003
199.000000 1.000003
200.000000 1.000002
201.000000 1.000002
202.000000 1.000002
203.000000 1.000002
204.000000 1.000002
205.000000 1.000002
206.000000 1.000002
207.000000 1.000001
208.000000 1.000001
209.000000 1.000001
210.000000 1.000001
211.000000 1.000001
212.000000 1.000001
213.000000 1.000001
214.000000 1.000000
215.000000 1.000000
216.000000 1.000000
217.000000 1.000000
218.000000 1.000000
219.000000 1.000000
220.000000 1.000000
221.000000 1.000000
222.000000 1.000000
223.000000 1.000000
224.000000 1.000000
225.000000 1.000000
226.000000 1.000000
227.000000 1.000000
228.000000 1.000000
229.000000 1.000000
230.000000 1.000000
231.000000 1.000000
232.000000 1.000000
233.000000 1.000000
234.000000 1.000000
235.000000 1.000000
236.000000 1.000000
237.000000 1.000000
238.000000 1.000000
239.000000 1.000000
240.000000 1.000000
241.000000 1.000000
242.000000 1.000000
243.000000 1.000000
244.000000 1.000000
245.000000 1.000000
246.000000 1.000000
247.000000 1.000000
248.000000 1.000000
249.000000 1.000000
250.000000 1.000000
251.000000 1.000000
252.000000 1.000000
253.000000 1.000000
254.000000 1.000000
255.000000 1.000000
256.000000 1.000000
257.000000 1.000000
258.000000 1.000000
259.000000 1.000000
260.000000 1.000000
261.000000 1.000000
262.000000 1.000000
263.000000 1.000000
264.000000 1.000000
265.000000 1.000000
266.000000 1.000000
267.000000 1.000000
268.000000 1.000000
269.000000 1.000000
270.000000 1.000000
271.000000 1.000000
272.000000 1.000000
273.000000 1.000000
274.000000 1.000000
275.000000 1.000000
276.000000 1.000000
277.000000 1.000000
278.000000 1.000000
279.000000 1.000000
280.000000 1.000000
281.000000 1.000000
282.000000 1.000000
283.000000 1.000000
284.000000 1.000000
285.000000 1.000000
286.000000 1.000000
287.000000 1.000000
288.000000 1.000000
289.000000 1.000000
290.000000 1.000000
291.000000 1.000000
292.000000 1.000000
293.000000 1.000000
294.000000 1.000000
295.000000 1.000000
296.000000 1.000000
297.000000 1.000000
298.000000 1.000000
299.000000 1.000000
300.000000 1.000000
301.000000 1.000000
302.000000 1.000000
303.000000 1.000000
304.000000 1.000000
305.000000 1.000000
306.000000 1.000000
307.000000 1.000000
308.000000 1.000000
309.000000 1.000000
310.000000 1.000000
311.000000 1.000000
312.000000 1.000000
313.000000 1.000000
314.000000 1.000000
315.000000 1.000000
316.000000 1.000000
317.000000 1.000000
318.000000 1.000000
319.000000 1.000000
320.000000 1.000000
321.000000 1.000000
322.000000 1.000000
323.000000 1.000000
324.000000 1.000000
325.000000 1.000000
326.000000 1.000000
327.000000 1.000000
328.000000 1.000000
329.000000 1.000000
330.000000 1.000000
331.000000 1.000000
332.000000 1.000000
333.000000 1.000000
334.000000 1.000000
335.000000 1.000000
336.000000 1.000000
337.000000 1.000000
338.000000 1.000000
339.000000 1.000000
340.000000 1.000000
341.000000 1.000000
342.000000 1.000000
343.000000 1.000000
344.000000 1.000000
345.000000 1.000000
346.000000 1.000000
347.000000 1.000000
348.000000 1.000000
349.000000 1.000000
350.000000 1.000000
351.000000 1.000000
352.000000 1.000000
353.000000 1.000000
354.000000 1.000000
355.000000 1.000000
356.000000 1.000000
357.000000 1.000000
358.000000 1.000000
359.000000 1.000000
360.000000 1.000000
361.000000 1.000000
362.000000 1.000000
363.000000 1.000000
364.000000 1.000000
365.000000 1.000000
366.000000 1.000000
367.000000 1.000000
368.000000 1.000000
369.000000 1.000000
370.000000 1.000000
371.000000 1.000000
372.000000 1.000000
373.000000 1.000000
374.000000 1.000000
375.000000 1.000000
376.000000 1.000000
377.000000 1.000000
378.000000 1.000000
379.000000 1.000000
380.000000 1.000000
381.000000 1.000000
382.000000 1.000000
383.000000 1.000000
384.000000 1.000000
385.000000 1.000000
386.000000 1.000000
387.000000 1.000000
388.000000 1.000000
389.000000 1.000000
390.000000 1.000000
391.000000 1.000000
392.000000 1.000000
393.000000 1.000000
394.000000 1.000000
395.000000 1.000000
396.000000 1.000000
397.000000 1.000000
398.000000 1.000000
399.000000 1.000000
400.000000 1.000000
401.000000 1.000000
402.000000 1.000000
403.000000 1.000000
404.000000 1.011991
405.000000 0.981219
406.000000 0.889643
407.000000 0.745096
408.000000 0.868502
409.000000 1.111630
410.000000 1.383947
411.000000 1.634673
412.000000 1.860124
413.000000 2.070420
414.000000 2.272733
415.000000 2.421540
416.000000 2.517311
417.000000 2.577330
418.000000 2.620544
419.000000 2.656373
420.000000 2.686386
421.000000 2.709355
422.000000 2.731782
423.000000 2.757445
424.000000 2.785879
425.000000 2.814084
426.000000 2.839616
427.000000 2.861822
428.000000 2.881357
429.000000 2.898105
430.000000 2.911741
431.000000 2.922400
432.000000 2.930820
433.000000 2.937884
434.000000 2.944180
435.000000 2.949891
436.000000 2.955119
437.000000 2.959995
438.000000 2.964611
439.000000 2.968950
440.000000 2.972917
441.000000 2.976429
442.000000 2.979477
443.000000 2.982098
444.000000 2.984335
445.000000 2.986230
446.000000 2.987831
447.000000 2.989197
448.000000 2.990389
449.000000 2.991448
450.000000 2.992400
451.000000 2.993261
452.000000 2.994040
453.000000 2.994745
454.000000 2.995380
455.000000 2.995946
456.000000 2.996446
457.000000 2.996882
458.000000 2.997262
459.000000 2.997592
460.000000 2.997879
461.000000 2.998129
462.000000 2.998348
463.000000 2.998540
464.000000 2.998711
465.000000 2.998863
466.000000 2.998999
467.000000 2.999119
468.000000 2.999226
469.000000 2.999321
470.000000 2.999405
471.000000 2.999478
472.000000 2.999542
473.000000 2.999599
474.000000 2.999648
475.000000 2.999691
476.000000 2.999729
477.000000 2.999762
478.000000 2.999792
479.000000 2.999817
480.000000 2.999840
481.000000 2.999860
482.000000 2.999878
483.000000 2.999894
484.000000 2.999907
485.000000 2.999919
486.000000 2.999930
487.000000 2.999939
488.000000 2.999947
489.000000 2.999954
490.000000 2.999960
491.000000 2.999966
492.000000 2.999970
493.000000 2.999974
494.000000 2.999978
495.000000 2.999981
496.000000 2.999984
497.000000 2.999986
498.000000 2.999988
499.000000 2.999990
500.000000 2.999991
501.000000 2.999993
502.000000 2.999994
503.000000 2.999995
504.000000 2.927946
505.000000 2.829383
506.000000 2.729555
507.000000 2.640911
508.000000 2.583338
509.000000 2.557649
510.000000 2.558895
511.000000 2.590732
512.000000 2.644360
513.000000 2.708494
514.000000 2.773747
515.000000 2.831988
516.000000 2.879326
517.000000 2.915131
518.000000 2.939048
519.000000 2.952585
520.000000 2.958474
521.000000 2.959669
522.000000 2.958892
523.000000 2.958013
524.000000 2.957966
525.000000 2.959236
526.000000 2.961868
527.000000 2.965563
528.000000 2.969834
529.000000 2.974165
530.000000 2.978153
531.000000 2.981582
532.000000 2.984375
533.000000 2.986550
534.000000 2.988196
535.000000 2.989442
536.000000 2.990429
537.000000 2.991277
538.000000 2.992064
539.000000 2.992818
540.000000 2.993519
541.000000 2.994143
542.000000 2.994680
543.000000 2.995307
544.000000 2.996022
545.000000 2.996756
546.000000 2.997438
547.000000 2.998041
548.000000 2.998570
549.000000 2.999037
550.000000 2.999397
551.000000 2.999629
552.000000 2.999748
553.000000 2.999792
554.000000 2.999794
555.000000 2.999772
556.000000 2.999734
557.000000 2.999697
558.000000 2.999676
559.000000 2.999678
560.000000 2.999699
561.000000 2.999731
562.000000 2.999768
563.000000 2.999807
564.000000 2.999844
565.000000 2.999877
566.000000 2.999901
567.000000 2.999918
568.000000 2.999928
569.000000 2.999935
570.000000 2.999940
571.000000 2.999944
572.000000 2.999947
573.000000 2.999950
574.000000 2.999955
575.000000 2.999960
576.000000 2.999966
577.000000 2.999971
578.000000 2.999975
579.000000 2.999979
580.000000 2.999982
581.000000 2.999985
582.000000 2.999986
583.000000 2.999988
584.000000 2.999989
585.000000 2.999990
586.000000 2.999990
587.000000 2.999991
588.000000 2.999992
589.000000 2.999993
590.000000 2.999994
591.000000 2.999995
592.000000 2.999995
593.000000 2.999996
594.000000 2.999997
595.000000 2.999997
596.000000 2.999998
597.000000 2.999998
598.000000 2.999998
599.000000 2.999998
600.000000 2.999998
601.000000 2.999999
602.000000 2.999999
603.000000 2.999999
604.000000 2.999999
605.000000 2.999999
606.000000 2.999999
607.000000 2.999999
608.000000 3.000000
609.000000 3.000000
610.000000 3.000000
611.000000 3.000000
612.000000 3.000000
613.000000 3.000000
614.000000 3.000000
615.000000 3.000000
616.000000 3.000000
617.000000 3.000000
618.000000 3.000000
619.000000 3.000000
620.000000 3.000000
621.000000 3.000000
622.000000 3.000000
623.000000 3.000000
624.000000 3.000000
625.000000 3.000000
626.000000 3.000000
627.000000 3.000000
628.000000 3.000000
629.000000 3.000000
630.000000 3.000000
631.000000 3.000000
632.000000 3.000000
633.000000 3.000000
634.000000 3.000000
635.000000 3.000000
636.000000 3.000000
637.000000 3.000000
638.000000 3.000000
639.000000 2.999990
640.000000 2.999969
641.000000 2.999939
642.000000 2.999903
643.000000 2.999881
644.000000 2.999882
645.000000 2.999905
646.000000 2.999952
647.000000 3.000020
648.000000 3.000098
649.000000 3.000177
650.000000 3.000245
651.000000 3.000292
652.000000 3.000316
653.000000 3.000315
654.000000 3.000292
655.000000 3.000252
656.000000 3.000202
657.000000 3.000149
658.000000 3.000100
659.000000 3.000059
660.000000 3.000028
661.000000 3.000007
662.000000 2.999997
663.000000 2.999994
664.000000 2.999997
665.000000 3.000002
666.000000 3.000008
667.000000 3.000013
668.000000 3.000016
669.000000 3.000017
670.000000 3.000017
671.000000 3.000015
672.000000 3.000013
673.000000 3.000010
674.000000 3.000008
675.000000 3.000006
676.000000 3.000004
677.000000 3.000003
678.000000 3.000002
679.000000 3.000002
680.000000 3.000002
681.000000 3.000003
682.000000 3.000003
683.000000 3.000003
684.000000 3.000003
685.000000 3.000003
686.000000 3.000003
687.000000 3.000002
688.000000 3.000002
689.000000 3.000001
690.000000 3.000001
691.000000 3.000000
692.000000 3.000000
693.000000 3.000000
694.000000 3.000000
695.000000 2.999999
696.000000 2.999999
697.000000 3.000000
698.000000 3.000000
699.000000 3.000000
700.000000 3.000000
701.000000 3.000000
702.000000 3.000000
703.000000 3.000000
704.000000 3.000000
705.000000 3.000000
706.000000 3.000000
707.000000 3.000000
708.000000 3.000000
709.000000 3.000000
710.000000 3.000000
711.000000 3.000000
712.000000 3.000000
713.000000 3.000000
714.000000 3.000000
715.000000 3.000000
716.000000 3.000000
717.000000 3.000000
718.000000 3.000000
719.000000 3.000000
720.000000 3.000000
721.000000 3.000000
722.000000 3.000000
723.000000 3.000000
724.000000 3.000000
725.000000 3.000000
726.000000 3.000000
727.000000 3.000000
728.000000 3.000000
729.000000 3.000000
730.000000 3.000000
731.000000 3.000000
732.000000 3.000000
733.000000 3.000000
734.000000 3.000000
735.000000 3.000000
736.000000 3.000000
737.000000 3.000000
738.000000 3.000000
739.000000 3.000000
740.000000 3.000000
741.000000 3.000000
742.000000 3.000000
743.000000 3.000000
744.000000 3.000000
745.000000 3.000000
746.000000 3.000000
747.000000 3.000000
748.000000 3.000000
749.000000 3.000000
750.000000 3.000000
751.000000 3.000000
752.000000 3.000000
753.000000 3.000000
754.000000 3.000000
755.000000 3.000000
756.000000 3.000000
757.000000 3.000000
758.000000 3.000000
759.000000 3.000000
760.000000 3.000000
761.000000 3.000000
762.000000 3.000000
763.000000 3.000000
764.000000 3.000000
765.000000 3.000000
766.000000 3.000000
767.000000 3.000000
768.000000 3.000000
769.000000 3.000000
770.000000 3.000000
771.000000 3.000000
772.000000 3.000000
773.000000 3.000000
774.000000 3.000000
775.000000 3.000000
776.000000 3.000000
777.000000 3.000000
778.000000 3.000000
779.000000 3.000000
780.000000 3.000000
781.000000 3.000000
782.000000 3.000000
783.000000 3.000000
784.000000 3.000000
785.000000 3.000000
786.000000 3.000000
787.000000 3.000000
788.000000 3.000000
789.000000 3.000000
790.000000 3.000000
791.000000 3.000000
792.000000 3.000000
793.000000 3.000000
794.000000 3.000000
795.000000 3.000000
796.000000 3.000000
797.000000 3.000000
798.000000 3.000000
799.000000 3.000000
800.000000 3.000000
801.000000 3.000000
802.000000 3.000000
803.000000 3.000000
804.000000 3.063056
805.000000 3.184700
806.000000 3.353210
807.000000 3.550264
808.000000 3.515284
809.000000 3.358627
810.000000 3.153144
811.000000 2.933262
812.000000 2.710546
813.000000 2.488691
814.000000 2.271703
815.000000 2.101856
816.000000 1.982690
817.000000 1.901872
818.000000 1.845545
819.000000 1.805136
820.000000 1.776737
821.000000 1.758315
822.000000 1.742271
823.000000 1.723904
824.000000 1.702625
825.000000 1.680202
826.000000 1.658420
827.000000 1.638071
828.000000 1.619148
829.000000 1.602256
830.000000 1.588042
831.000000 1.576618
832.000000 1.567510
833.000000 1.560037
834.000000 1.553670
835.000000 1.548141
836.000000 1.543232
837.000000 1.538727
838.000000 1.534478
839.000000 1.530457
840.000000 1.526725
841.000000 1.523351
842.000000 1.520358
843.000000 1.517740
844.000000 1.515480
845.000000 1.513557
846.000000 1.511934
847.000000 1.510559
848.000000 1.509378
849.000000 1.508344
850.000000 1.507427
851.000000 1.506605
852.000000 1.505861
853.000000 1.505186
854.000000 1.504575
855.000000 1.504024
856.000000 1.503534
857.000000 1.503101
858.000000 1.502722
859.000000 1.502391
860.000000 1.502104
861.000000 1.501854
862.000000 1.501636
863.000000 1.501445
864.000000 1.501277
865.000000 1.501128
866.000000 1.500996
867.000000 1.500878
868.000000 1.500773
869.000000 1.500679
870.000000 1.500597
871.000000 1.500524
872.000000 1.500459
873.000000 1.500403
874.000000 1.500354
875.000000 1.500311
876.000000 1.500273
877.000000 1.500240
878.000000 1.500210
879.000000 1.500185
880.000000 1.500162
881.000000 1.500142
882.000000 1.500124
883.000000 1.500109
884.000000 1.500095
885.000000 1.500083
886.000000 1.500072
887.000000 1.500063
888.000000 1.500055
889.000000 1.500048
890.000000 1.500041
891.000000 1.500036
892.000000 1.500031
893.000000 1.500027
894.000000 1.500023
895.000000 1.500020
896.000000 1.500018
897.000000 1.500015
898.000000 1.500013
899.000000 1.500011
900.000000 1.500010
901.000000 1.500008
902.000000 1.500007
903.000000 1.500006
904.000000 1.500005
905.000000 1.500004
906.000000 1.500003
907.000000 1.500003
908.000000 1.500002
909.000000 1.500002
910.000000 1.500002
911.000000 1.500001
912.000000 1.500001
913.000000 1.500001
914.000000 1.500001
915.000000 1.500000
916.000000 1.500000
917.000000 1.500000
918.000000 1.500000
919.000000 1.500000
920.000000 1.500000
921.000000 1.500000
922.000000 1.500000
923.000000 1.500000
924.000000 1.500000
925.000000 1.500000
926.000000 1.500000
927.000000 1.500000
928.000000 1.500000
929.000000 1.500000
930.000000 1.500000
931.000000 1.500000
932.000000 1.500000
933.000000 1.500000
934.000000 1.500000
935.000000 1.500000
936.000000 1.500000
937.000000 1.500000
938.000000 1.500000
939.000000 1.500019
940.000000 1.500082
941.000000 1.500199
942.000000 1.500363
943.000000 1.500404
944.000000 1.500303
945.000000 1.500106
946.000000 1.499864
947.000000 1.499607
948.000000 1.499348
949.000000 1.499097
950.000000 1.498912
951.000000 1.498823
952.000000 1.498830
953.000000 1.498907
954.000000 1.499030
955.000000 1.499181
956.000000 1.499346
957.000000 1.499506
958.000000 1.499642
959.000000 1.499744
960.000000 1.499813
961.000000 1.499856
962.000000 1.499879
963.000000 1.499888
964.000000 1.499887
965.000000 1.499884
966.000000 1.499883
967.000000 1.499886
968.000000 1.499894
969.000000 1.499904
970.000000 1.499915
971.000000 1.499928
972.000000 1.499940
973.000000 1.499950
974.000000 1.499959
975.000000 1.499965
976.000000 1.499969
977.000000 1.499973
978.000000 1.499975
979.000000 1.499977
980.000000 1.499979
981.000000 1.499981
982.000000 1.499983
983.000000 1.499985
984.000000 1.499988
985.000000 1.499989
986.000000 1.499991
987.000000 1.499993
988.000000 1.499994
989.000000 1.499995
990.000000 1.499996
991.000000 1.499996
992.000000 1.499996
993.000000 1.499997
994.000000 1.499997
995.000000 1.499997
996.000000 1.499998
997.000000 1.499998
998.000000 1.499998
999.000000 1.499998
1000.000000 1.499999
1001.000000 1.499999
1002.000000 1.499999
1003.000000 1.499999
1004.000000 1.499999
1005.000000 1.499999
1006.000000 1.499999
1007.000000 1.500000
1008.000000 1.500000
1009.000000 1.500000
1010.000000 1.500000
1011.000000 1.500000
1012.000000 1.500000
1013.000000 1.500000
1014.000000 1.500000
1015.000000 1.500000
1016.000000 1.500000
1017.000000 1.500000
1018.000000 1.500000
1019.000000 1.500000
1020.000000 1.500000
1021.000000 1.500000
1022.000000 1.500000
1023.000000 1.500000
1024.000000 1.500000
1025.000000 1.500000
1026.000000 1.500000
1027.000000 1.500000
1028.000000 1.500000
1029.000000 1.500000
1030.000000 1.500000
1031.000000 1.500000
1032.000000 1.500000
1033.000000 1.500000
1034.000000 1.500000
1035.000000 1.500000
1036.000000 1.500000
1037.000000 1.500000
1038.000000 1.500000
1039.000000 1.500000
1040.000000 1.500000
1041.000000 1.500000
1042.000000 1.500000
1043.000000 1.500000
1044.000000 1.500000
1045.000000 1.500000
1046.000000 1.500000
1047.000000 1.500000
1048.000000 1.500000
1049.000000 1.500000
1050.000000 1.500000
1051.000000 1.500000
1052.000000 1.500000
1053.000000 1.500000
1054.000000 1.500000
1055.000000 1.500000
1056.000000 1.500000
1057.000000 1.500000
1058.000000 1.500000
1059.000000 1.500000
1060.000000 1.500000
1061.000000 1.500000
1062.000000 1.500000
1063.000000 1.500000
1064.000000 1.500000
1065.000000 1.500000
1066.000000 1.500000
1067.000000 1.500000
1068.000000 1.500000
1069.000000 1.500000
1070.000000 1.500000
1071.000000 1.500000
1072.000000 1.500000
1073.000000 1.500000
1074.000000 1.500000
1075.000000 1.500000
1076.000000 1.500000
1077.000000 1.500000
1078.000000 1.500000
1079.000000 1.500000
1080.000000 1.500000
1081.000000 1.500000
1082.000000 1.500000
1083.000000 1.499999
1084.000000 1.499999
1085.000000 1.499999
1086.000000 1.499999
1087.000000 1.499999
1088.000000 1.499999
1089.000000 1.499999
1090.000000 1.500000
1091.000000 1.500000
1092.000000 1.500000
1093.000000 1.500001
1094.000000 1.500001
1095.000000 1.500001
1096.000000 1.500001
1097.000000 1.500001
1098.000000 1.500001
1099.000000 1.500001
1100.000000 1.500000
1101.000000 1.500000
1102.000000 1.500000
1103.000000 1.500000
1104.000000 1.500000
1105.000000 1.500000
1106.000000 1.500000
1107.000000 1.500000
1108.000000 1.500000
1109.000000 1.500000
1110.000000 1.500000
1111.000000 1.500000
1112.000000 1.500000
1113.000000 1.500000
1114.000000 1.500000
1115.000000 1.500000
1116.000000 1.500000
1117.000000 1.500000
1118.000000 1.500000
1119.000000 1.500000
1120.000000 1.500000
1121.000000 1.500000
1122.000000 1.500000
1123.000000 1.500000
1124.000000 1.500000
1125.000000 1.500000
1126.000000 1.500000
1127.000000 1.500000
1128.000000 1.500000
1129.000000 1.500000
1130.000000 1.500000
1131.000000 1.500000
1132.000000 1.500000
1133.000000 1.500000
1134.000000 1.500000
1135.000000 1.500000
1136.000000 1.500000
1137.000000 1.500000
1138.000000 1.500000
1139.000000 1.500000
1140.000000 1.500000
1141.000000 1.500000
1142.000000 1.500000
1143.000000 1.500000
1144.000000 1.500000
1145.000000 1.500000
1146.000000 1.500000
1147.000000 1.500000
1148.000000 1.500000
1149.000000 1.500000
1150.000000 1.500000
1151.000000 1.500000
1152.000000 1.500000
1153.000000 1.500000
1154.000000 1.500000
1155.000000 1.500000
1156.000000 1.500000
1157.000000 1.500000
1158.000000 1.500000
1159.000000 1.500000
1160.000000 1.500000
1161.000000 1.500000
1162.000000 1.500000
1163.000000 1.500000
1164.000000 1.500000
1165.000000 1.500000
1166.000000 1.500000
1167.000000 1.500000
1168.000000 1.500000
1169.000000 1.500000
1170.000000 1.500000
1171.000000 1.500000
1172.000000 1.500000
1173.000000 1.500000
1174.000000 1.500000
1175.000000 1.500000
1176.000000 1.500000
1177.000000 1.500000
1178.000000 1.500000
1179.000000 1.500000
1180.000000 1.500000
1181.000000 1.500000
1182.000000 1.500000
1183.000000 1.500000
1184.000000 1.500000
1185.000000 1.500000
1186.000000 1.500000
1187.000000 1.500000
1188.000000 1.500000
1189.000000 1.500000
1190.000000 1.500000
1191.000000 1.500000
1192.000000 1.500000
1193.000000 1.500000
1194.000000 1.500000
1195.000000 1.500000
1196.000000 1.500000
1197.000000 1.500000
1198.000000 1.500000
1199.000000 1.500000
1200.000000 1.500000
1201.000000 1.500000
1202.000000 1.500000
1203.000000 1.500000
1204.000000 1.494004
1205.000000 1.509391
1206.000000 1.555178
1207.000000 1.627452
1208.000000 1.565749
1209.000000 1.444185
1210.000000 1.308026
1211.000000 1.182664
1212.000000 1.069938
1213.000000 0.964790
1214.000000 0.863634
1215.000000 0.789230
1216.000000 0.741344
1217.000000 0.711335
1218.000000 0.689728
1219.000000 0.671814
1220.000000 0.656807
1221.000000 0.645322
1222.000000 0.634109
1223.000000 0.621277
1224.000000 0.607061
1225.000000 0.592958
1226.000000 0.580192
1227.000000 0.569089
1228.000000 0.559321
1229.000000 0.550947
1230.000000 0.544129
1231.000000 0.538800
1232.000000 0.534590
1233.000000 0.531058
1234.000000 0.527910
1235.000000 0.525055
1236.000000 0.522440
1237.000000 0.520002
1238.000000 0.517695
1239.000000 0.515525
1240.000000 0.513541
1241.000000 0.511785
1242.000000 0.510261
1243.000000 0.508951
1244.000000 0.507833
1245.000000 0.506885
1246.000000 0.506085
1247.000000 0.505401
1248.000000 0.504806
1249.000000 0.504276
1250.000000 0.503800
1251.000000 0.503370
1252.000000 0.502980
1253.000000 0.502627
1254.000000 0.502310
1255.000000 0.502027
1256.000000 0.501777
1257.000000 0.501559
1258.000000 0.501369
1259.000000 0.501204
1260.000000 0.501061
1261.000000 0.500936
1262.000000 0.500826
1263.000000 0.500730
1264.000000 0.500644
1265.000000 0.500568
1266.000000 0.500501
1267.000000 0.500440
1268.000000 0.500387
1269.000000 0.500340
1270.000000 0.500298
1271.000000 0.500261
1272.000000 0.500229
1273.000000 0.500201
1274.000000 0.500176
1275.000000 0.500154
1276.000000 0.500135
1277.000000 0.500119
1278.000000 0.500104
1279.000000 0.500091
1280.000000 0.500080
1281.000000 0.500070
1282.000000 0.500061
1283.000000 0.500053
1284.000000 0.500046
1285.000000 0.500040
1286.000000 0.500035
1287.000000 0.500030
1288.000000 0.500026
1289.000000 0.500023
1290.000000 0.500020
1291.000000 0.500017
1292.000000 0.500015
1293.000000 0.500013
1294.000000 0.500011
1295.000000 0.500010
1296.000000 0.500008
1297.000000 0.500007
1298.000000 0.500006
1299.000000 0.500005
1300.000000 0.500004
1301.000000 0.500004
1302.000000 0.500003
1303.000000 0.500003
1304.000000 0.572051
1305.000000 0.670616
1306.000000 0.770444
1307.000000 0.859087
1308.000000 0.916661
1309.000000 0.942350
1310.000000 0.941105
1311.000000 0.909268
1312.000000 0.855639
1313.000000 0.791506
1314.000000 0.726253
1315.000000 0.668011
1316.000000 0.620674
1317.000000 0.584869
1318.000000 0.560952
1319.000000 0.547415
1320.000000 0.541526
1321.000000 0.540331
1322.000000 0.541108
1323.000000 0.541988
1324.000000 0.542034
1325.000000 0.540765
1326.000000 0.538132
1327.000000 0.534438
1328.000000 0.530166
1329.000000 0.525835
1330.000000 0.521848
1331.000000 0.518418
1332.000000 0.515625
1333.000000 0.513450
1334.000000 0.511805
1335.000000 0.510559
1336.000000 0.509571
1337.000000 0.508723
1338.000000 0.507936
1339.000000 0.507176
1340.000000 0.506447
1341.000000 0.505765
1342.000000 0.505143
1343.000000 0.504503
1344.000000 0.503855
1345.000000 0.503237
1346.000000 0.502685
1347.000000 0.502208
1348.000000 0.501800
1349.000000 0.501446
1350.000000 0.501165
1351.000000 0.500961
1352.000000 0.500821
1353.000000 0.500726
1354.000000 0.500658
1355.000000 0.500606
1356.000000 0.500567
1357.000000 0.500533
1358.000000 0.500496
1359.000000 0.500454
1360.000000 0.500407
1361.000000 0.500360
1362.000000 0.500314
1363.000000 0.500272
1364.000000 0.500233
1365.000000 0.500199
1366.000000 0.500172
1367.000000 0.500150
1368.000000 0.500132
1369.000000 0.500117
1370.000000 0.500105
1371.000000 0.500094
1372.000000 0.500085
1373.000000 0.500076
1374.000000 0.500067
1375.000000 0.500059
1376.000000 0.500052
1377.000000 0.500045
1378.000000 0.500039
1379.000000 0.500034
1380.000000 0.500030
1381.000000 0.500026
1382.000000 0.500023
1383.000000 0.500021
1384.000000 0.500018
1385.000000 0.500016
1386.000000 0.500015
1387.000000 0.500013
1388.000000 0.500012
1389.000000 0.500010
1390.000000 0.500009
1391.000000 0.500008
1392.000000 0.500007
1393.000000 0.500006
1394.000000 0.500005
1395.000000 0.500004
1396.000000 0.500004
1397.000000 0.500003
1398.000000 0.500003
1399.000000 0.500003
1400.000000 0.500002
1401.000000 0.500002
1402.000000 0.500002
1403.000000 0.500002
1404.000000 0.500001
1405.000000 0.500001
1406.000000 0.500001
1407.000000 0.500001
1408.000000 0.500001
1409.000000 0.500001
1410.000000 0.500001
1411.000000 0.500000
1412.000000 0.500000
1413.000000 0.500000
1414.000000 0.500000
1415.000000 0.500000
1416.000000 0.500000
1417.000000 0.500000
1418.000000 0.500000
1419.000000 0.500000
1420.000000 0.500000
1421.000000 0.500000
1422.000000 0.500000
1423.000000 0.500000
1424.000000 0.500000
1425.000000 0.500000
1426.000000 0.500000
1427.000000 0.500000
1428.000000 0.500000
1429.000000 0.500000
1430.000000 0.500000
1431.000000 0.500000
1432.000000 0.500000
1433.000000 0.500000
1434.000000 0.500000
1435.000000 0.500000
1436.000000 0.500000
1437.000000 0.500000
1438.000000 0.500000
1439.000000 0.500010
1440.000000 0.500031
1441.000000 0.500061
1442.000000 0.500097
1443.000000 0.500119
1444.000000 0.500118
1445.000000 0.500095
1446.000000 0.500048
1447.000000 0.499980
1448.000000 0.499902
1449.000000 0.499823
1450.000000 0.499755
1451.000000 0.499708
1452.000000 0.499684
1453.000000 0.499685
1454.000000 0.499708
1455.000000 0.499748
1456.000000 0.499798
1457.000000 0.499851
1458.000000 0.499900
1459.000000 0.499941
1460.000000 0.499972
1461.000000 0.499993
1462.000000 0.500003
1463.000000 0.500006
1464.000000 0.500003
1465.000000 0.499998
1466.000000 0.499992
1467.000000 0.499987
1468.000000 0.499984
1469.000000 0.499983
1470.000000 0.499983
1471.000000 0.499985
1472.000000 0.499987
1473.000000 0.499990
1474.000000 0.499992
1475.000000 0.499994
1476.000000 0.499996
1477.000000 0.499997
1478.000000 0.499997
1479.000000 0.499998
1480.000000 0.499998
1481.000000 0.499997
1482.000000 0.499997
1483.000000 0.499997
1484.000000 0.499998
1485.000000 0.499998
1486.000000 0.499998
1487.000000 0.499998
1488.000000 0.499999
1489.000000 0.499999
1490.000000 0.499999
1491.000000 0.500000
1492.000000 0.500000
1493.000000 0.500000
1494.000000 0.500000
1495.000000 0.500000
1496.000000 0.500000
1497.000000 0.500000
1498.000000 0.500000
1499.000000 0.500000
1500.000000 0.500000
1501.000000 0.500000
1502.000000 0.500000
1503.000000 0.500000
1504.000000 0.500000
1505.000000 0.500000
1506.000000 0.500000
1507.000000 0.500000
1508.000000 0.500000
1509.000000 0.500000
1510.000000 0.500000
1511.000000 0.500000
1512.000000 0.500000
1513.000000 0.500000
1514.000000 0.500000
1515.000000 0.500000
1516.000000 0.500000
1517.000000 0.500000
1518.000000 0.500000
1519.000000 0.500000
1520.000000 0.500000
1521.000000 0.500000
1522.000000 0.500000
1523.000000 0.500000
1524.000000 0.500000
1525.000000 0.500000
1526.000000 0.500000
1527.000000 0.500000
1528.000000 0.500000
1529.000000 0.500000
1530.000000 0.500000
1531.000000 0.500000
1532.000000 0.500000
1533.000000 0.500000
1534.000000 0.500000
1535.000000 0.500000
1536.000000 0.500000
1537.000000 0.500000
1538.000000 0.500000
1539.000000 0.500000
1540.000000 0.500000
1541.000000 0.500000
1542.000000 0.500000
1543.000000 0.500000
1544.000000 0.500000
1545.000000 0.500000
1546.000000 0.500000
1547.000000 0.500000
1548.000000 0.500000
1549.000000 0.500000
1550.000000 0.500000
1551.000000 0.500000
1552.000000 0.500000
1553.000000 0.500000
1554.000000 0.500000
1555.000000 0.500000
1556.000000 0.500000
1557.000000 0.500000
1558.000000 0.500000
1559.000000 0.500000
1560.000000 0.500000
1561.000000 0.500000
1562.000000 0.500000
1563.000000 0.500000
1564.000000 0.500000
1565.000000 0.500000
1566.000000 0.500000
1567.000000 0.500000
1568.000000 0.500000
1569.000000 0.500000
1570.000000 0.500000
1571.000000 0.500000
1572.000000 0.500000
1573.000000 0.500000
1574.000000 0.500000
1575.000000 0.500000
1576.000000 0.500000
1577.000000 0.500000
1578.000000 0.500000
1579.000000 0.500000
1580.000000 0.500000
1581.000000 0.500000
1582.000000 0.500000
1583.000000 0.500000
1584.000000 0.500000
1585.000000 0.500000
1586.000000 0.500000
1587.000000 0.500000
1588.000000 0.500000
1589.000000 0.500000
1590.000000 0.500000
1591.000000 0.500000
1592.000000 0.500000
1593.000000 0.500000
1594.000000 0.500000
1595.000000 0.500000
1596.000000 0.500000
1597.000000 0.500000
1598.000000 0.500000
1599.000000 0.500000
1600.000000 0.500000
