1.000000 0.000000
2.000000 0.000000
3.000000 0.000000
4.000000 0.000000
5.000000 0.000000
6.000000 0.000000
7.000000 0.000000
8.000000 0.000000
9.000000 0.000000
10.000000 0.000000
11.000000 0.000000
12.000000 0.000000
13.000000 0.000000
14.000000 0.000000
15.000000 4.118897
16.000000 1.307420
17.000000 1.360341
18.000000 -0.507573
19.000000 0.308816
20.000000 0.188462
21.000000 0.066255
22.000000 -1.766184
23.000000 -0.182215
24.000000 -0.426851
25.000000 0.783505
26.000000 0.029017
27.000000 -0.011102
28.000000 0.028430
29.000000 1.002268
30.000000 0.107791
31.000000 0.429389
32.000000 -0.294763
33.000000 0.267488
34.000000 0.337956
35.000000 0.311881
36.000000 -0.214397
37.000000 0.298964
38.000000 0.027764
39.000000 0.496840
40.000000 0.120340
41.000000 0.081691
42.000000 0.117111
43.000000 0.400425
44.000000 0.112173
45.000000 0.313677
46.000000 0.002846
47.000000 0.255204
48.000000 0.269724
49.000000 0.238506
50.000000 0.095167
51.000000 0.255739
52.000000 0.119550
53.000000 0.328644
54.000000 0.159236
55.000000 0.161188
56.000000 0.185082
57.000000 0.252946
58.000000 0.167060
59.000000 0.254440
60.000000 0.114722
61.000000 0.229482
62.000000 0.218471
63.000000 0.202022
64.000000 0.172547
65.000000 0.214932
66.000000 0.160770
67.000000 0.252131
68.000000 0.173196
69.000000 0.187175
70.000000 0.196389
71.000000 0.206552
72.000000 0.187516
73.000000 0.218860
74.000000 0.159618
75.000000 0.213333
76.000000 0.198650
77.000000 0.194167
78.000000 0.192041
79.000000 0.198396
80.000000 0.181121
81.000000 0.218406
82.000000 0.181766
83.000000 0.195017
84.000000 0.196024
85.000000 0.195005
86.000000 0.194531
87.000000 0.203036
88.000000 0.180044
89.000000 0.204651
90.000000 0.193411
91.000000 0.194378
92.000000 0.196020
93.000000 0.194059
94.000000 0.190575
95.000000 0.204298
96.000000 0.188012
97.000000 0.197046
98.000000 0.195095
99.000000 0.193783
100.000000 0.196395
101.000000 -3.921686
102.000000 -4.530960
103.000000 -5.044235
104.000000 -5.506776
105.000000 -5.900029
106.000000 -6.242031
107.000000 -6.540839
108.000000 -4.287229
109.000000 -4.186534
110.000000 -3.790290
111.000000 -3.392879
112.000000 -3.020565
113.000000 -2.378900
114.000000 -1.763948
115.000000 -2.618261
116.000000 -2.040733
117.000000 -1.869967
118.000000 -1.640014
119.000000 -1.389244
120.000000 -1.481785
121.000000 -1.507800
122.000000 -0.716770
123.000000 -0.880194
124.000000 -0.668782
125.000000 -0.591131
126.000000 -0.551034
127.000000 -0.234106
128.000000 -0.045666
129.000000 -0.322595
130.000000 -0.007046
131.000000 -0.027802
132.000000 0.085541
133.000000 0.200263
134.000000 0.087835
135.000000 0.095510
136.000000 0.331750
137.000000 0.187251
138.000000 0.292712
139.000000 0.254319
140.000000 0.220313
141.000000 0.338215
142.000000 0.337179
143.000000 0.225307
144.000000 0.337787
145.000000 0.260744
146.000000 0.304951
147.000000 0.326790
148.000000 0.244706
149.000000 0.258045
150.000000 0.310224
151.000000 0.231033
152.000000 0.283887
153.000000 0.236135
154.000000 0.216567
155.000000 0.261264
156.000000 0.231975
157.000000 0.198614
158.000000 0.237112
159.000000 0.186635
160.000000 0.214762
161.000000 0.213443
162.000000 0.175628
163.000000 0.192418
164.000000 0.198484
165.000000 0.169300
166.000000 0.198439
167.000000 0.169669
168.000000 0.169332
169.000000 0.188305
170.000000 0.169958
171.000000 0.168020
172.000000 0.181358
173.000000 0.159064
174.000000 0.178854
175.000000 0.174493
176.000000 0.162488
177.000000 0.175543
178.000000 0.172887
179.000000 0.166508
180.000000 0.181265
181.000000 0.167077
182.000000 0.172863
183.000000 0.180112
184.000000 0.171770
185.000000 0.176829
186.000000 0.180289
187.000000 0.172308
188.000000 0.183771
189.000000 0.179708
190.000000 0.177527
191.000000 0.184533
192.000000 0.181214
193.000000 0.181676
194.000000 0.187649
195.000000 0.181039
196.000000 0.186016
197.000000 0.187688
198.000000 0.184365
199.000000 0.188433
200.000000 0.188222
201.000000 0.185882
202.000000 0.191281
203.000000 0.188259
204.000000 0.188748
205.000000 0.191510
206.000000 0.189189
207.000000 0.190686
208.000000 0.192394
209.000000 0.189504
210.000000 0.192442
211.000000 0.192115
212.000000 0.191030
213.000000 0.193176
214.000000 0.192178
215.000000 0.191811
216.000000 0.193940
217.000000 0.192115
218.000000 0.192981
219.000000 0.193733
220.000000 0.192513
221.000000 0.193651
222.000000 0.193814
223.000000 0.192732
224.000000 0.194203
225.000000 0.193554
226.000000 0.193393
227.000000 0.194317
228.000000 0.193545
229.000000 0.193754
230.000000 0.194451
231.000000 0.193550
232.000000 0.194219
233.000000 0.194269
234.000000 0.193783
235.000000 0.194447
236.000000 0.194248
237.000000 0.193962
238.000000 0.194620
239.000000 0.194155
240.000000 0.194289
241.000000 0.194620
242.000000 0.194205
243.000000 0.194480
244.000000 0.194641
245.000000 0.194278
246.000000 0.194684
247.000000 0.194571
248.000000 0.194445
249.000000 0.194774
250.000000 0.194584
251.000000 0.194580
252.000000 0.194838
253.000000 0.194588
254.000000 0.194752
255.000000 0.194835
256.000000 0.194659
257.000000 0.194853
258.000000 0.194848
259.000000 0.194736
260.000000 0.194943
261.000000 0.194837
262.000000 0.194843
263.000000 0.194981
264.000000 0.194865
265.000000 0.194925
266.000000 0.195006
267.000000 0.194895
268.000000 0.195008
269.000000 0.195007
270.000000 0.194949
271.000000 0.195056
272.000000 0.195019
273.000000 0.195002
274.000000 0.195092
275.000000 0.195026
276.000000 0.195060
277.000000 0.195106
278.000000 0.195050
279.000000 0.195102
280.000000 0.195116
281.000000 0.195075
282.000000 0.195138
283.000000 0.195118
284.000000 0.195109
285.000000 0.195157
286.000000 0.195128
287.000000 0.195138
288.000000 0.195171
289.000000 0.195137
290.000000 0.195166
291.000000 0.195175
292.000000 0.195153
293.000000 0.195185
294.000000 0.195180
295.000000 0.195170
296.000000 0.195199
297.000000 0.195183
298.000000 0.195188
299.000000 0.195207
300.000000 0.195190
301.000000 0.195203
302.000000 0.195212
303.000000 0.195198
304.000000 -0.765202
305.000000 -1.201265
306.000000 -1.653991
307.000000 -2.119433
308.000000 -2.193982
309.000000 -2.360512
310.000000 -2.464998
311.000000 -1.920302
312.000000 -1.807727
313.000000 -1.566569
314.000000 -1.300694
315.000000 -1.266993
316.000000 -1.040573
317.000000 -0.845218
318.000000 -0.993848
319.000000 -0.812915
320.000000 -0.772543
321.000000 -0.725003
322.000000 -0.542782
323.000000 -0.541030
324.000000 -0.499137
325.000000 -0.279579
326.000000 -0.290196
327.000000 -0.177572
328.000000 -0.101217
329.000000 -0.109635
330.000000 0.012116
331.000000 0.074563
332.000000 0.039371
333.000000 0.144531
334.000000 0.138805
335.000000 0.169142
336.000000 0.237598
337.000000 0.206209
338.000000 0.224548
339.000000 0.280858
340.000000 0.244130
341.000000 0.285999
342.000000 0.284068
343.000000 0.261225
344.000000 0.301081
345.000000 0.293233
346.000000 0.271116
347.000000 0.301301
348.000000 0.271837
349.000000 0.278974
350.000000 0.290384
351.000000 0.260100
352.000000 0.266309
353.000000 0.270998
354.000000 0.245859
355.000000 0.261261
356.000000 0.245729
357.000000 0.233034
358.000000 0.245422
359.000000 0.230333
360.000000 0.222836
361.000000 0.230508
362.000000 0.211515
363.000000 0.216919
364.000000 0.216314
365.000000 0.201888
366.000000 0.207440
367.000000 0.204179
368.000000 0.194943
369.000000 0.203010
370.000000 0.193366
371.000000 0.191234
372.000000 0.196485
373.000000 0.188543
374.000000 0.189371
375.000000 0.191821
376.000000 0.184196
377.000000 0.189553
378.000000 0.188152
379.000000 0.183914
380.000000 0.188488
381.000000 0.186014
382.000000 0.184578
383.000000 0.188970
384.000000 0.184611
385.000000 0.186200
386.000000 0.188438
387.000000 0.185362
388.000000 0.187832
389.000000 0.188412
390.000000 0.186096
391.000000 0.189627
392.000000 0.188474
393.000000 0.187918
394.000000 0.190449
395.000000 0.188966
396.000000 0.189581
397.000000 0.191408
398.000000 0.189522
399.000000 0.191171
400.000000 0.191725
401.000000 8.428441
402.000000 2.807167
403.000000 2.912765
404.000000 3.018076
405.000000 3.125611
406.000000 3.230565
407.000000 3.336684
408.000000 -1.574157
409.000000 2.055521
410.000000 1.469715
411.000000 1.411779
412.000000 1.364875
413.000000 0.750438
414.000000 0.630800
415.000000 3.387314
416.000000 0.840793
417.000000 1.505153
418.000000 1.343679
419.000000 1.261445
420.000000 1.882475
421.000000 1.799967
422.000000 0.201706
423.000000 1.861691
424.000000 1.174190
425.000000 1.392787
426.000000 1.444916
427.000000 0.891748
428.000000 1.051088
429.000000 1.919557
430.000000 0.834127
431.000000 1.408380
432.000000 1.144298
433.000000 1.111301
434.000000 1.524548
435.000000 1.322601
436.000000 0.866640
437.000000 1.546927
438.000000 1.093587
439.000000 1.348658
440.000000 1.347862
441.000000 1.057524
442.000000 1.254416
443.000000 1.473034
444.000000 1.062193
445.000000 1.402526
446.000000 1.182633
447.000000 1.213975
448.000000 1.410871
449.000000 1.246895
450.000000 1.164902
451.000000 1.407816
452.000000 1.169550
453.000000 1.353180
454.000000 1.310311
455.000000 1.189457
456.000000 1.321295
457.000000 1.338123
458.000000 1.206182
459.000000 1.370547
460.000000 1.229634
461.000000 1.280070
462.000000 1.352177
463.000000 1.256209
464.000000 1.272388
465.000000 1.340281
466.000000 1.233975
467.000000 1.340313
468.000000 1.292634
469.000000 1.255238
470.000000 1.323277
471.000000 1.296793
472.000000 1.267617
473.000000 1.334353
474.000000 1.258019
475.000000 1.300383
476.000000 1.316875
477.000000 1.271511
478.000000 1.298867
479.000000 1.307263
480.000000 1.267733
481.000000 1.320883
482.000000 1.285800
483.000000 1.281606
484.000000 1.310325
485.000000 1.286657
486.000000 1.288564
487.000000 1.310322
488.000000 1.274462
489.000000 1.301975
490.000000 1.299547
491.000000 1.282336
492.000000 1.300741
493.000000 1.294400
494.000000 1.283538
495.000000 1.306751
496.000000 1.285919
497.000000 1.291142
498.000000 1.300538
499.000000 1.287074
500.000000 3.353856
501.000000 3.658913
502.000000 3.906348
503.000000 4.149273
504.000000 5.301473
505.000000 5.086617
506.000000 5.330706
507.000000 4.284926
508.000000 3.924170
509.000000 3.846953
510.000000 3.615906
511.000000 2.814483
512.000000 2.860837
513.000000 2.414526
514.000000 2.797149
515.000000 2.708705
516.000000 2.431026
517.000000 2.326805
518.000000 2.519373
519.000000 2.263777
520.000000 2.399949
521.000000 1.993027
522.000000 1.940310
523.000000 1.994217
524.000000 1.915593
525.000000 1.718610
526.000000 1.760883
527.000000 1.545962
528.000000 1.709233
529.000000 1.625118
530.000000 1.507883
531.000000 1.496192
532.000000 1.526023
533.000000 1.448620
534.000000 1.541682
535.000000 1.386888
536.000000 1.418300
537.000000 1.455261
538.000000 1.427959
539.000000 1.405754
540.000000 1.430483
541.000000 1.357123
542.000000 1.451484
543.000000 1.414825
544.000000 1.393885
545.000000 1.413851
546.000000 1.416745
547.000000 1.408969
548.000000 1.457055
549.000000 1.397502
550.000000 1.432172
551.000000 1.444914
552.000000 1.435986
553.000000 1.446698
554.000000 1.452513
555.000000 1.430067
556.000000 1.475490
557.000000 1.454780
558.000000 1.456896
559.000000 1.468362
560.000000 1.462976
561.000000 1.468078
562.000000 1.484884
563.000000 1.459902
564.000000 1.479993
565.000000 1.478927
566.000000 1.475371
567.000000 1.483739
568.000000 1.480332
569.000000 1.473699
570.000000 1.491255
571.000000 1.478221
572.000000 1.482539
573.000000 1.485024
574.000000 1.479475
575.000000 1.483986
576.000000 1.487052
577.000000 1.476539
578.000000 1.485899
579.000000 1.481430
580.000000 1.480451
581.000000 1.484051
582.000000 1.479653
583.000000 1.478379
584.000000 1.483987
585.000000 1.476908
586.000000 1.480189
587.000000 1.479422
588.000000 1.476379
589.000000 1.479135
590.000000 1.478393
591.000000 1.474618
592.000000 1.478640
593.000000 1.475179
594.000000 1.475575
595.000000 1.476764
596.000000 1.474024
597.000000 1.474484
598.000000 1.475889
599.000000 1.472742
600.000000 1.474846
601.000000 1.473672
602.000000 1.472614
603.000000 1.474099
604.000000 1.473012
605.000000 1.472075
606.000000 1.473680
607.000000 1.471774
608.000000 1.472526
609.000000 1.472752
610.000000 1.471484
611.000000 1.472184
612.000000 1.472308
613.000000 1.471165
614.000000 1.472320
615.000000 1.471463
616.000000 1.471313
617.000000 1.471983
618.000000 1.471263
619.000000 1.471249
620.000000 1.471784
621.000000 1.470896
622.000000 1.471489
623.000000 1.471385
624.000000 1.470909
625.000000 1.471381
626.000000 1.471201
627.000000 1.470881
628.000000 1.471409
629.000000 1.470897
630.000000 1.471007
631.000000 1.471232
632.000000 1.470850
633.000000 1.471011
634.000000 1.471115
635.000000 1.470749
636.000000 1.471092
637.000000 1.470926
638.000000 1.470789
639.000000 1.471021
640.000000 1.470838
641.000000 1.470795
642.000000 1.470988
643.000000 1.470719
644.000000 1.470845
645.000000 1.470877
646.000000 1.470704
647.000000 1.470830
648.000000 1.470800
649.000000 1.470672
650.000000 1.470834
651.000000 1.470705
652.000000 1.470690
653.000000 1.470777
654.000000 1.470660
655.000000 1.470687
656.000000 1.470735
657.000000 1.470611
658.000000 1.470695
659.000000 1.470670
660.000000 1.470605
661.000000 1.470674
662.000000 1.470625
663.000000 1.470592
664.000000 1.470658
665.000000 1.470580
666.000000 1.470597
667.000000 1.470619
668.000000 1.470560
669.000000 1.470591
670.000000 1.470591
671.000000 1.470541
672.000000 1.470586
673.000000 1.470556
674.000000 1.470539
675.000000 1.470570
676.000000 1.470535
677.000000 1.470534
678.000000 1.470555
679.000000 1.470516
680.000000 1.470534
681.000000 1.470533
682.000000 1.470508
683.000000 1.470528
684.000000 1.470518
685.000000 1.470502
686.000000 1.470522
687.000000 1.470502
688.000000 1.470502
689.000000 1.470512
690.000000 1.470493
691.000000 1.470499
692.000000 1.470502
693.000000 1.470485
694.000000 1.470497
695.000000 1.470491
696.000000 1.470483
697.000000 1.470493
698.000000 1.470484
699.000000 1.470481
700.000000 1.470488
701.000000 1.470477
702.000000 1.470480
703.000000 1.470482
704.000000 1.470473
705.000000 1.470478
706.000000 1.470477
707.000000 1.470470
708.000000 1.470476
709.000000 1.470471
710.000000 1.470469
711.000000 1.470473
712.000000 1.470468
713.000000 1.470468
714.000000 1.470470
715.000000 1.470465
716.000000 1.470468
717.000000 1.470467
718.000000 1.470463
719.000000 1.470466
720.000000 1.470464
721.000000 1.470462
722.000000 1.470465
723.000000 1.470461
724.000000 1.470462
725.000000 1.470463
726.000000 1.470460
727.000000 1.470461
728.000000 1.470461
729.000000 1.470459
730.000000 1.470460
731.000000 1.470459
732.000000 1.470458
733.000000 1.470459
734.000000 1.470458
735.000000 1.470457
736.000000 1.470458
737.000000 1.470456
738.000000 1.470457
739.000000 1.470457
740.000000 1.470456
741.000000 1.470457
742.000000 1.470456
743.000000 1.470455
744.000000 1.470456
745.000000 1.470455
746.000000 1.470455
747.000000 1.470455
748.000000 1.470454
749.000000 1.470455
750.000000 1.470455
751.000000 1.470454
752.000000 1.470454
753.000000 1.470454
754.000000 1.470454
755.000000 1.470454
756.000000 1.470454
757.000000 1.470453
758.000000 1.470454
759.000000 1.470453
760.000000 1.470453
761.000000 1.470453
762.000000 1.470453
763.000000 1.470453
764.000000 1.470453
765.000000 1.470453
766.000000 1.470453
767.000000 1.470453
768.000000 1.470452
769.000000 1.470453
770.000000 1.470452
771.000000 1.470452
772.000000 1.470452
773.000000 1.470452
774.000000 1.470452
775.000000 1.470452
776.000000 1.470452
777.000000 1.470452
778.000000 1.470452
779.000000 1.470452
780.000000 1.470452
781.000000 1.470452
782.000000 1.470452
783.000000 1.470452
784.000000 1.470452
785.000000 1.470452
786.000000 1.470452
787.000000 1.470452
788.000000 1.470452
789.000000 1.470452
790.000000 1.470452
791.000000 1.470452
792.000000 1.470451
793.000000 1.470451
794.000000 1.470451
795.000000 1.470451
796.000000 1.470451
797.000000 1.470451
798.000000 1.470451
799.000000 1.470451
800.000000 1.470451
801.000000 -4.707895
802.000000 -0.490678
803.000000 1.350775
804.000000 1.183099
805.000000 2.390890
806.000000 3.155786
807.000000 3.137925
808.000000 7.466587
809.000000 4.837028
810.000000 4.211798
811.000000 4.650252
812.000000 3.836803
813.000000 3.900382
814.000000 3.972283
815.000000 1.249522
816.000000 2.958891
817.000000 2.752206
818.000000 2.189719
819.000000 2.472970
820.000000 1.791549
821.000000 1.496892
822.000000 2.828762
823.000000 1.341251
824.000000 1.454466
825.000000 1.491648
826.000000 1.025729
827.000000 1.407323
828.000000 1.282314
829.000000 0.311959
830.000000 1.128688
831.000000 0.725295
832.000000 0.623747
833.000000 0.794568
834.000000 0.327634
835.000000 0.377285
836.000000 0.824365
837.000000 0.187525
838.000000 0.460381
839.000000 0.383227
840.000000 0.215517
841.000000 0.510891
842.000000 0.371482
843.000000 0.107133
844.000000 0.490838
845.000000 0.238287
846.000000 0.328056
847.000000 0.413059
848.000000 0.196277
849.000000 0.329343
850.000000 0.457125
851.000000 0.222949
852.000000 0.424869
853.000000 0.337129
854.000000 0.309738
855.000000 0.468722
856.000000 0.366803
857.000000 0.330337
858.000000 0.482966
859.000000 0.349211
860.000000 0.445229
861.000000 0.459628
862.000000 0.369344
863.000000 0.464348
864.000000 0.475923
865.000000 0.400110
866.000000 0.504346
867.000000 0.435084
868.000000 0.448334
869.000000 0.511668
870.000000 0.448363
871.000000 0.463875
872.000000 0.508697
873.000000 0.444542
874.000000 0.504517
875.000000 0.489694
876.000000 0.456865
877.000000 0.505543
878.000000 0.487464
879.000000 0.468952
880.000000 0.511703
881.000000 0.468270
882.000000 0.486444
883.000000 0.503877
884.000000 0.470994
885.000000 0.489550
886.000000 0.495096
887.000000 0.468805
888.000000 0.499604
889.000000 0.482018
890.000000 0.473929
891.000000 0.494618
892.000000 0.477708
893.000000 0.477806
894.000000 0.491887
895.000000 0.469564
896.000000 0.483395
897.000000 0.484516
898.000000 0.470697
899.000000 0.482930
900.000000 0.478700
901.000000 0.470516
902.000000 0.484468
903.000000 0.472490
904.000000 0.473274
905.000000 0.480567
906.000000 0.470732
907.000000 0.474894
908.000000 0.477943
909.000000 0.468388
910.000000 0.476812
911.000000 0.474066
912.000000 0.469712
913.000000 0.476094
914.000000 0.471591
915.000000 0.470442
916.000000 0.475913
917.000000 0.469435
918.000000 0.472055
919.000000 0.473805
920.000000 0.469290
921.000000 0.472794
922.000000 0.472405
923.000000 0.469066
924.000000 0.473394
925.000000 0.470769
926.000000 0.470115
927.000000 0.472830
928.000000 0.469961
929.000000 0.470741
930.000000 0.472414
931.000000 0.469410
932.000000 0.471499
933.000000 0.471359
934.000000 0.469674
935.000000 0.471707
936.000000 0.470700
937.000000 0.469879
938.000000 0.471759
939.000000 0.470068
940.000000 0.470455
941.000000 0.471331
942.000000 0.469859
943.000000 0.470748
944.000000 0.470981
945.000000 0.469783
946.000000 0.470993
947.000000 0.470461
948.000000 0.470007
949.000000 0.470953
950.000000 0.470167
951.000000 0.470170
952.000000 0.470834
953.000000 0.469940
954.000000 0.470412
955.000000 0.470547
956.000000 0.469914
957.000000 0.470492
958.000000 0.470325
959.000000 0.469941
960.000000 0.470520
961.000000 0.470085
962.000000 0.470067
963.000000 0.470423
964.000000 0.469969
965.000000 0.470144
966.000000 0.470304
967.000000 0.469902
968.000000 0.470222
969.000000 0.470141
970.000000 0.469922
971.000000 0.470219
972.000000 0.470027
973.000000 0.469956
974.000000 0.470188
975.000000 0.469929
976.000000 0.470015
977.000000 0.470110
978.000000 0.469894
979.000000 0.470041
980.000000 0.470034
981.000000 0.469884
982.000000 0.470056
983.000000 0.469954
984.000000 0.469907
985.000000 0.470034
986.000000 0.469906
987.000000 0.469928
988.000000 0.470001
989.000000 0.469873
990.000000 0.469951
991.000000 0.469954
992.000000 0.469868
993.000000 0.469955
994.000000 0.469914
995.000000 0.469873
996.000000 0.469950
997.000000 0.469880
998.000000 0.469887
999.000000 0.469930
1000.000000 0.469863
1001.000000 0.469896
1002.000000 0.469908
1003.000000 0.469854
1004.000000 0.469903
1005.000000 0.469883
1006.000000 0.469857
1007.000000 0.469899
1008.000000 0.469865
1009.000000 0.469862
1010.000000 0.469891
1011.000000 0.469852
1012.000000 0.469869
1013.000000 0.469877
1014.000000 0.469848
1015.000000 0.469871
1016.000000 0.469865
1017.000000 0.469847
1018.000000 0.469871
1019.000000 0.469853
1020.000000 0.469850
1021.000000 0.469866
1022.000000 0.469846
1023.000000 0.469852
1024.000000 0.469860
1025.000000 0.469842
1026.000000 0.469854
1027.000000 0.469852
1028.000000 0.469841
1029.000000 0.469854
1030.000000 0.469846
1031.000000 0.469842
1032.000000 0.469852
1033.000000 0.469841
1034.000000 0.469843
1035.000000 0.469848
1036.000000 0.469838
1037.000000 0.469844
1038.000000 0.469844
1039.000000 0.469837
1040.000000 0.469844
1041.000000 0.469840
1042.000000 0.469837
1043.000000 0.469843
1044.000000 0.469837
1045.000000 0.469838
1046.000000 0.469841
1047.000000 0.469835
1048.000000 0.469838
1049.000000 0.469839
1050.000000 0.469834
1051.000000 0.469838
1052.000000 0.469836
1053.000000 0.469834
1054.000000 0.469838
1055.000000 0.469835
1056.000000 0.469835
1057.000000 0.469836
1058.000000 0.469833
1059.000000 0.469835
1060.000000 0.469835
1061.000000 0.469833
1062.000000 0.469835
1063.000000 0.469834
1064.000000 0.469833
1065.000000 0.469834
1066.000000 0.469833
1067.000000 0.469833
1068.000000 0.469834
1069.000000 0.469832
1070.000000 0.469833
1071.000000 0.469833
1072.000000 0.469832
1073.000000 0.469833
1074.000000 0.469832
1075.000000 0.469832
1076.000000 0.469833
1077.000000 0.469832
1078.000000 0.469832
1079.000000 0.469832
1080.000000 0.469831
1081.000000 0.469832
1082.000000 0.469832
1083.000000 0.469831
1084.000000 0.469832
1085.000000 0.469831
1086.000000 0.469831
1087.000000 0.469831
1088.000000 0.469831
1089.000000 0.469831
1090.000000 0.469831
1091.000000 0.469831
1092.000000 0.469831
1093.000000 0.469831
1094.000000 0.469831
1095.000000 0.469831
1096.000000 0.469831
1097.000000 0.469831
1098.000000 0.469831
1099.000000 0.469831
1100.000000 0.469830
1101.000000 0.469831
1102.000000 0.469830
1103.000000 0.853998
1104.000000 1.028422
1105.000000 1.209510
1106.000000 1.395693
1107.000000 1.425510
1108.000000 1.492122
1109.000000 1.533921
1110.000000 1.316039
1111.000000 1.271012
1112.000000 1.174551
1113.000000 1.068198
1114.000000 1.054721
1115.000000 0.964153
1116.000000 0.886010
1117.000000 0.945465
1118.000000 0.873091
1119.000000 0.856942
1120.000000 0.837929
1121.000000 0.765038
1122.000000 0.764339
1123.000000 0.747583
1124.000000 0.659758
1125.000000 0.664007
1126.000000 0.618958
1127.000000 0.588415
1128.000000 0.591784
1129.000000 0.543083
1130.000000 0.518104
1131.000000 0.532182
1132.000000 0.490117
1133.000000 0.492408
1134.000000 0.480275
1135.000000 0.452891
1136.000000 0.465448
1137.000000 0.458113
1138.000000 0.435588
1139.000000 0.450280
1140.000000 0.433533
1141.000000 0.434305
1142.000000 0.443443
1143.000000 0.427500
1144.000000 0.430640
1145.000000 0.439487
1146.000000 0.427412
1147.000000 0.439198
1148.000000 0.436344
1149.000000 0.431780
1150.000000 0.443894
1151.000000 0.441410
1152.000000 0.439534
1153.000000 0.449591
1154.000000 0.443430
1155.000000 0.449642
1156.000000 0.454721
1157.000000 0.449765
1158.000000 0.455801
1159.000000 0.458800
1160.000000 0.455731
1161.000000 0.463329
1162.000000 0.461167
1163.000000 0.461409
1164.000000 0.467180
1165.000000 0.464959
1166.000000 0.466263
1167.000000 0.469958
1168.000000 0.466731
1169.000000 0.470589
1170.000000 0.471442
1171.000000 0.469341
1172.000000 0.472518
1173.000000 0.472187
1174.000000 0.471207
1175.000000 0.474257
1176.000000 0.472114
1177.000000 0.472675
1178.000000 0.474370
1179.000000 0.472540
1180.000000 0.473530
1181.000000 0.474105
1182.000000 0.472348
1183.000000 0.474091
1184.000000 0.473456
1185.000000 0.472561
1186.000000 0.473791
1187.000000 0.472803
1188.000000 0.472571
1189.000000 0.473498
1190.000000 0.472085
1191.000000 0.472546
1192.000000 0.472769
1193.000000 0.471756
1194.000000 0.472349
1195.000000 0.472103
1196.000000 0.471373
1197.000000 0.472127
1198.000000 0.471467
1199.000000 0.471246
1200.000000 0.471677
1201.000000 -3.647892
1202.000000 -0.836317
1203.000000 -0.889026
1204.000000 -0.942624
1205.000000 -0.995190
1206.000000 -1.048221
1207.000000 -1.101534
1208.000000 1.354720
1209.000000 -0.460826
1210.000000 -0.167768
1211.000000 -0.138239
1212.000000 -0.115576
1213.000000 0.192173
1214.000000 0.252063
1215.000000 -1.126679
1216.000000 0.147145
1217.000000 -0.185231
1218.000000 -0.104756
1219.000000 -0.063096
1220.000000 -0.374021
1221.000000 -0.332703
1222.000000 0.466722
1223.000000 -0.363660
1224.000000 -0.019690
1225.000000 -0.128872
1226.000000 -0.155270
1227.000000 0.121638
1228.000000 0.041870
1229.000000 -0.392512
1230.000000 0.150477
1231.000000 -0.136835
1232.000000 -0.004815
1233.000000 0.011889
1234.000000 -0.194965
1235.000000 -0.093879
1236.000000 0.134170
1237.000000 -0.206149
1238.000000 0.020675
1239.000000 -0.106880
1240.000000 -0.106596
1241.000000 0.038737
1242.000000 -0.059809
1243.000000 -0.169134
1244.000000 0.036398
1245.000000 -0.133884
1246.000000 -0.023897
1247.000000 -0.039508
1248.000000 -0.138064
1249.000000 -0.055992
1250.000000 -0.015001
1251.000000 -0.136522
1252.000000 -0.017304
1253.000000 -0.109160
1254.000000 -0.087750
1255.000000 -0.027252
1256.000000 -0.093235
1257.000000 -0.101630
1258.000000 -0.035624
1259.000000 -0.117863
1260.000000 -0.047368
1261.000000 -0.072579
1262.000000 -0.108673
1263.000000 -0.060641
1264.000000 -0.068751
1265.000000 -0.102713
1266.000000 -0.049521
1267.000000 -0.102720
1268.000000 -0.078877
1269.000000 -0.060154
1270.000000 -0.094206
1271.000000 -0.080944
1272.000000 -0.066350
1273.000000 -0.099741
1274.000000 -0.061549
1275.000000 -0.082738
1276.000000 -0.090997
1277.000000 -0.068292
1278.000000 -0.081986
1279.000000 -0.086183
1280.000000 -0.066403
1281.000000 -0.092995
1282.000000 -0.075445
1283.000000 -0.073342
1284.000000 -0.087715
1285.000000 -0.075868
1286.000000 -0.076824
1287.000000 -0.087711
1288.000000 -0.069768
1289.000000 -0.083532
1290.000000 -0.082320
1291.000000 -0.073705
1292.000000 -0.082917
1293.000000 -0.079742
1294.000000 -0.074307
1295.000000 -0.085921
1296.000000 -0.075499
1297.000000 -0.078111
1298.000000 -0.082814
1299.000000 -0.076075
1300.000000 -1.315414
1301.000000 -1.498016
1302.000000 -1.647923
1303.000000 -1.792171
1304.000000 -2.868257
1305.000000 -2.587098
1306.000000 -2.767287
1307.000000 -2.175521
1308.000000 -1.834453
1309.000000 -1.833524
1310.000000 -1.686231
1311.000000 -0.956902
1312.000000 -1.130843
1313.000000 -0.810136
1314.000000 -1.019294
1315.000000 -1.047236
1316.000000 -0.805268
1317.000000 -0.744174
1318.000000 -0.988873
1319.000000 -0.714776
1320.000000 -0.844178
1321.000000 -0.597382
1322.000000 -0.510995
1323.000000 -0.606467
1324.000000 -0.545206
1325.000000 -0.354685
1326.000000 -0.460668
1327.000000 -0.284287
1328.000000 -0.390815
1329.000000 -0.370702
1330.000000 -0.249536
1331.000000 -0.259379
1332.000000 -0.313306
1333.000000 -0.212969
1334.000000 -0.307151
1335.000000 -0.200510
1336.000000 -0.202277
1337.000000 -0.260360
1338.000000 -0.226035
1339.000000 -0.196207
1340.000000 -0.244956
1341.000000 -0.171537
1342.000000 -0.242942
1343.000000 -0.229352
1344.000000 -0.192855
1345.000000 -0.221307
1346.000000 -0.229126
1347.000000 -0.204548
1348.000000 -0.255296
1349.000000 -0.206528
1350.000000 -0.224936
1351.000000 -0.248431
1352.000000 -0.230118
1353.000000 -0.236550
1354.000000 -0.251612
1355.000000 -0.223244
1356.000000 -0.261797
1357.000000 -0.249082
1358.000000 -0.240929
1359.000000 -0.257960
1360.000000 -0.252537
1361.000000 -0.249844
1362.000000 -0.270096
1363.000000 -0.246425
1364.000000 -0.260481
1365.000000 -0.265390
1366.000000 -0.256081
1367.000000 -0.264247
1368.000000 -0.264801
1369.000000 -0.254409
1370.000000 -0.271538
1371.000000 -0.261299
1372.000000 -0.261042
1373.000000 -0.267509
1374.000000 -0.261162
1375.000000 -0.263156
1376.000000 -0.268911
1377.000000 -0.257873
1378.000000 -0.265880
1379.000000 -0.264448
1380.000000 -0.260597
1381.000000 -0.265319
1382.000000 -0.262445
1383.000000 -0.259440
1384.000000 -0.266069
1385.000000 -0.259726
1386.000000 -0.261350
1387.000000 -0.262909
1388.000000 -0.259067
1389.000000 -0.261339
1390.000000 -0.262045
1391.000000 -0.257591
1392.000000 -0.261682
1393.000000 -0.259456
1394.000000 -0.258501
1395.000000 -0.260684
1396.000000 -0.258307
1397.000000 -0.258067
1398.000000 -0.260303
1399.000000 -0.257123
1400.000000 -0.258733
1401.000000 -0.258662
1402.000000 -0.256995
1403.000000 -0.258561
1404.000000 -0.258051
1405.000000 -0.256635
1406.000000 -0.258537
1407.000000 -0.256988
1408.000000 -0.257144
1409.000000 -0.257964
1410.000000 -0.256640
1411.000000 -0.257106
1412.000000 -0.257671
1413.000000 -0.256328
1414.000000 -0.257400
1415.000000 -0.256981
1416.000000 -0.256459
1417.000000 -0.257299
1418.000000 -0.256740
1419.000000 -0.256473
1420.000000 -0.257238
1421.000000 -0.256387
1422.000000 -0.256756
1423.000000 -0.256951
1424.000000 -0.256346
1425.000000 -0.256780
1426.000000 -0.256792
1427.000000 -0.256314
1428.000000 -0.256881
1429.000000 -0.256514
1430.000000 -0.256440
1431.000000 -0.256799
1432.000000 -0.256431
1433.000000 -0.256489
1434.000000 -0.256729
1435.000000 -0.256324
1436.000000 -0.256606
1437.000000 -0.256576
1438.000000 -0.256344
1439.000000 -0.256601
1440.000000 -0.256487
1441.000000 -0.256359
1442.000000 -0.256607
1443.000000 -0.256372
1444.000000 -0.256423
1445.000000 -0.256538
1446.000000 -0.256343
1447.000000 -0.256442
1448.000000 -0.256479
1449.000000 -0.256312
1450.000000 -0.256473
1451.000000 -0.256397
1452.000000 -0.256331
1453.000000 -0.256450
1454.000000 -0.256351
1455.000000 -0.256341
1456.000000 -0.256430
1457.000000 -0.256305
1458.000000 -0.256365
1459.000000 -0.256382
1460.000000 -0.256296
1461.000000 -0.256365
1462.000000 -0.256345
1463.000000 -0.256289
1464.000000 -0.256366
1465.000000 -0.256305
1466.000000 -0.256299
1467.000000 -0.256345
1468.000000 -0.256285
1469.000000 -0.256304
1470.000000 -0.256325
1471.000000 -0.256269
1472.000000 -0.256310
1473.000000 -0.256299
1474.000000 -0.256268
1475.000000 -0.256305
1476.000000 -0.256280
1477.000000 -0.256268
1478.000000 -0.256299
1479.000000 -0.256263
1480.000000 -0.256273
1481.000000 -0.256285
1482.000000 -0.256256
1483.000000 -0.256273
1484.000000 -0.256273
1485.000000 -0.256251
1486.000000 -0.256273
1487.000000 -0.256260
1488.000000 -0.256252
1489.000000 -0.256268
1490.000000 -0.256251
1491.000000 -0.256253
1492.000000 -0.256263
1493.000000 -0.256245
1494.000000 -0.256255
1495.000000 -0.256255
1496.000000 -0.256243
1497.000000 -0.256254
1498.000000 -0.256248
1499.000000 -0.256242
1500.000000 -0.256252
1501.000000 -0.256243
1502.000000 -0.256243
1503.000000 -0.256248
1504.000000 -0.256239
1505.000000 -0.256243
1506.000000 -0.256245
1507.000000 -0.256237
1508.000000 -0.256243
1509.000000 -0.256241
1510.000000 -0.256237
1511.000000 -0.256242
1512.000000 -0.256238
1513.000000 -0.256237
1514.000000 -0.256240
1515.000000 -0.256235
1516.000000 -0.256237
1517.000000 -0.256238
1518.000000 -0.256234
1519.000000 -0.256237
1520.000000 -0.256236
1521.000000 -0.256233
1522.000000 -0.256236
1523.000000 -0.256234
1524.000000 -0.256233
1525.000000 -0.256235
1526.000000 -0.256233
1527.000000 -0.256233
1528.000000 -0.256234
1529.000000 -0.256232
1530.000000 -0.256233
1531.000000 -0.256233
1532.000000 -0.256231
1533.000000 -0.256233
1534.000000 -0.256232
1535.000000 -0.256231
1536.000000 -0.256232
1537.000000 -0.256231
1538.000000 -0.256231
1539.000000 -0.256232
1540.000000 -0.256230
1541.000000 -0.256231
1542.000000 -0.256231
1543.000000 -0.256230
1544.000000 -0.256231
1545.000000 -0.256230
1546.000000 -0.256230
1547.000000 -0.256230
1548.000000 -0.256230
1549.000000 -0.256230
1550.000000 -0.256230
1551.000000 -0.256229
1552.000000 -0.256230
1553.000000 -0.256230
1554.000000 -0.256229
1555.000000 -0.256230
1556.000000 -0.256229
1557.000000 -0.256229
1558.000000 -0.256229
1559.000000 -0.256229
1560.000000 -0.256229
1561.000000 -0.256229
1562.000000 -0.256229
1563.000000 -0.256229
1564.000000 -0.256229
1565.000000 -0.256229
1566.000000 -0.256229
1567.000000 -0.256229
1568.000000 -0.256228
1569.000000 -0.256229
1570.000000 -0.256228
1571.000000 -0.256228
1572.000000 -0.256229
1573.000000 -0.256228
1574.000000 -0.256228
1575.000000 -0.256228
1576.000000 -0.256228
1577.000000 -0.256228
1578.000000 -0.256228
1579.000000 -0.256228
1580.000000 -0.256228
1581.000000 -0.256228
1582.000000 -0.256228
1583.000000 -0.256228
1584.000000 -0.256228
1585.000000 -0.256228
1586.000000 -0.256228
1587.000000 -0.256228
1588.000000 -0.256228
1589.000000 -0.256228
1590.000000 -0.256228
1591.000000 -0.256228
1592.000000 -0.256228
1593.000000 -0.256228
1594.000000 -0.256228
1595.000000 -0.256228
1596.000000 -0.256228
1597.000000 -0.256228
1598.000000 -0.256228
1599.000000 -0.256228
1600.000000 -0.256228
