1.000000 0.000000
2.000000 0.000000
3.000000 0.000000
4.000000 0.000000
5.000000 0.000000
6.000000 0.000000
7.000000 0.000000
8.000000 0.000000
9.000000 -0.004347
10.000000 -0.012127
11.000000 0.009191
12.000000 0.015915
13.000000 0.028304
14.000000 0.013077
15.000000 1.020986
16.000000 1.087190
17.000000 1.146414
18.000000 0.740083
19.000000 0.675040
20.000000 0.574656
21.000000 0.479568
22.000000 -0.059321
23.000000 -0.110229
24.000000 -0.229701
25.000000 -0.062108
26.000000 -0.144901
27.000000 -0.189170
28.000000 -0.218847
29.000000 -0.020542
30.000000 -0.064365
31.000000 0.009075
32.000000 -0.084230
33.000000 0.013367
34.000000 0.089307
35.000000 0.129139
36.000000 0.039382
37.000000 0.102438
38.000000 0.078287
39.000000 0.161769
40.000000 0.129718
41.000000 0.133168
42.000000 0.166865
43.000000 0.232387
44.000000 0.171955
45.000000 0.184618
46.000000 0.119748
47.000000 0.125776
48.000000 0.094590
49.000000 0.031647
50.000000 -0.073212
51.000000 -0.126314
52.000000 -0.215288
53.000000 -0.209848
54.000000 -0.212665
55.000000 -0.182423
56.000000 -0.097778
57.000000 -0.014566
58.000000 0.049811
59.000000 0.130104
60.000000 0.170722
61.000000 0.211331
62.000000 0.226443
63.000000 0.201381
64.000000 0.185257
65.000000 0.161031
66.000000 0.133996
67.000000 0.099761
68.000000 0.019275
69.000000 -0.055241
70.000000 -0.120408
71.000000 -0.209813
72.000000 -0.303530
73.000000 -0.392336
74.000000 -0.434946
75.000000 -0.424730
76.000000 -0.409310
77.000000 -0.409283
78.000000 -0.390098
79.000000 -0.336124
80.000000 -0.259018
81.000000 -0.173182
82.000000 -0.099787
83.000000 -0.027424
84.000000 0.038667
85.000000 0.105243
86.000000 0.134252
87.000000 0.136289
88.000000 0.131528
89.000000 0.115688
90.000000 0.125282
91.000000 0.120213
92.000000 0.085799
93.000000 0.096230
94.000000 0.129165
95.000000 0.161300
96.000000 0.171334
97.000000 0.175496
98.000000 0.164640
99.000000 0.170104
100.000000 0.165336
101.000000 0.157190
102.000000 0.098508
103.000000 0.083751
104.000000 0.047726
105.000000 0.009104
106.000000 -0.070179
107.000000 -0.144209
108.000000 -0.240033
109.000000 -0.306673
110.000000 -0.415543
111.000000 -0.505041
112.000000 -0.574543
113.000000 -0.621478
114.000000 -0.675930
115.000000 -0.720490
116.000000 -0.773467
117.000000 -0.796572
118.000000 -0.817931
119.000000 -0.831907
120.000000 -0.861550
121.000000 -0.878162
122.000000 -0.866518
123.000000 -0.820407
124.000000 -0.777244
125.000000 -0.737314
126.000000 -0.660269
127.000000 -0.540783
128.000000 -0.415746
129.000000 -0.301147
130.000000 -0.219492
131.000000 -0.139805
132.000000 -0.076191
133.000000 -0.037459
134.000000 -0.070038
135.000000 -0.078789
136.000000 -0.083333
137.000000 -0.055958
138.000000 -0.054728
139.000000 -0.052201
140.000000 -0.031960
141.000000 0.025380
142.000000 0.040330
143.000000 0.070922
144.000000 0.094309
145.000000 0.122030
146.000000 0.144231
147.000000 0.137723
148.000000 0.129263
149.000000 0.134659
150.000000 0.089375
151.000000 0.056683
152.000000 0.011779
153.000000 -0.000582
154.000000 0.023497
155.000000 0.023040
156.000000 0.040501
157.000000 0.064346
158.000000 0.090177
159.000000 0.145292
160.000000 0.165930
161.000000 0.170232
162.000000 0.146154
163.000000 0.126689
164.000000 0.141507
165.000000 0.130575
166.000000 0.094410
167.000000 0.089404
168.000000 0.060879
169.000000 0.089139
170.000000 0.102814
171.000000 0.120828
172.000000 0.157793
173.000000 0.176529
174.000000 0.174298
175.000000 0.197055
176.000000 0.201828
177.000000 0.240144
178.000000 0.296929
179.000000 0.360919
180.000000 0.419797
181.000000 0.456823
182.000000 0.467766
183.000000 0.490399
184.000000 0.494527
185.000000 0.528385
186.000000 0.539080
187.000000 0.558839
188.000000 0.589093
189.000000 0.626246
190.000000 0.637086
191.000000 0.608882
192.000000 0.548960
193.000000 0.493055
194.000000 0.407587
195.000000 0.322924
196.000000 0.211457
197.000000 0.158504
198.000000 0.158456
199.000000 0.166681
200.000000 0.186691
201.000000 0.196947
202.000000 0.206970
203.000000 0.206637
204.000000 0.195773
205.000000 0.174525
206.000000 0.104883
207.000000 0.028521
208.000000 -0.023795
209.000000 -0.043710
210.000000 -0.051287
211.000000 -0.026602
212.000000 -0.024951
213.000000 -0.002551
214.000000 0.035167
215.000000 0.095324
216.000000 0.158826
217.000000 0.213177
218.000000 0.226832
219.000000 0.250080
220.000000 0.255133
221.000000 0.263286
222.000000 0.248442
223.000000 0.216398
224.000000 0.190331
225.000000 0.171431
226.000000 0.150201
227.000000 0.128976
228.000000 0.111288
229.000000 0.103028
230.000000 0.108684
231.000000 0.055622
232.000000 -0.030896
233.000000 -0.123554
234.000000 -0.198772
235.000000 -0.248832
236.000000 -0.312226
237.000000 -0.352849
238.000000 -0.344056
239.000000 -0.344743
240.000000 -0.321481
241.000000 -0.295236
242.000000 -0.283299
243.000000 -0.212002
244.000000 -0.139952
245.000000 -0.071829
246.000000 0.015225
247.000000 0.083687
248.000000 0.120222
249.000000 0.142469
250.000000 0.175536
251.000000 0.205284
252.000000 0.244344
253.000000 0.270318
254.000000 0.281220
255.000000 0.296481
256.000000 0.316604
257.000000 0.343634
258.000000 0.375749
259.000000 0.450656
260.000000 0.499297
261.000000 0.561830
262.000000 0.586029
263.000000 0.586421
264.000000 0.554473
265.000000 0.505643
266.000000 0.445044
267.000000 0.415745
268.000000 0.402606
269.000000 0.397878
270.000000 0.359937
271.000000 0.360693
272.000000 0.350029
273.000000 0.373045
274.000000 0.373343
275.000000 0.336488
276.000000 0.294808
277.000000 0.252234
278.000000 0.155148
279.000000 0.049789
280.000000 -0.039362
281.000000 -0.116496
282.000000 -0.178338
283.000000 -0.235431
284.000000 -0.305665
285.000000 -0.360020
286.000000 -0.394078
287.000000 -0.411647
288.000000 -0.443678
289.000000 -0.460993
290.000000 -0.462353
291.000000 -0.470849
292.000000 -0.487510
293.000000 -0.514904
294.000000 -0.532413
295.000000 -0.521434
296.000000 -0.491657
297.000000 -0.455294
298.000000 -0.409696
299.000000 -0.376816
300.000000 -0.353095
301.000000 -0.353361
302.000000 -0.360868
303.000000 -0.390297
304.000000 -0.442376
305.000000 -0.503091
306.000000 -0.537498
307.000000 -0.548552
308.000000 -0.538941
309.000000 -0.534757
310.000000 -0.512997
311.000000 -0.443422
312.000000 -0.380556
313.000000 -0.335045
314.000000 -0.313557
315.000000 -0.298968
316.000000 -0.273212
317.000000 -0.242078
318.000000 -0.231396
319.000000 -0.241147
320.000000 -0.222164
321.000000 -0.187924
322.000000 -0.177064
323.000000 -0.162980
324.000000 -0.131402
325.000000 -0.067002
326.000000 -0.013321
327.000000 -0.008929
328.000000 -0.030360
329.000000 -0.054710
330.000000 -0.059292
331.000000 -0.040039
332.000000 -0.035597
333.000000 -0.034897
334.000000 -0.033331
335.000000 -0.021846
336.000000 -0.016108
337.000000 -0.009768
338.000000 -0.057140
339.000000 -0.083180
340.000000 -0.100533
341.000000 -0.077980
342.000000 -0.069617
343.000000 -0.079361
344.000000 -0.052019
345.000000 0.012034
346.000000 0.023581
347.000000 0.051706
348.000000 0.068452
349.000000 0.110979
350.000000 0.184941
351.000000 0.240086
352.000000 0.212735
353.000000 0.241449
354.000000 0.252638
355.000000 0.287583
356.000000 0.293134
357.000000 0.243688
358.000000 0.205650
359.000000 0.193825
360.000000 0.111625
361.000000 0.030045
362.000000 -0.048194
363.000000 -0.083840
364.000000 -0.089536
365.000000 -0.111634
366.000000 -0.136822
367.000000 -0.109981
368.000000 -0.102111
369.000000 -0.076569
370.000000 -0.039375
371.000000 -0.038755
372.000000 -0.022424
373.000000 0.016718
374.000000 0.011301
375.000000 0.016231
376.000000 -0.001986
377.000000 -0.008829
378.000000 0.014944
379.000000 0.004530
380.000000 -0.032479
381.000000 -0.020910
382.000000 0.001484
383.000000 0.043615
384.000000 0.082341
385.000000 0.102274
386.000000 0.092409
387.000000 0.079158
388.000000 0.062385
389.000000 0.047069
390.000000 0.029607
391.000000 0.066888
392.000000 0.110599
393.000000 0.154713
394.000000 0.204991
395.000000 0.240498
396.000000 0.280894
397.000000 0.265072
398.000000 0.234999
399.000000 0.193955
400.000000 0.145315
401.000000 2.087733
402.000000 2.064700
403.000000 2.031280
404.000000 2.077300
405.000000 2.113162
406.000000 2.167298
407.000000 2.195151
408.000000 0.987567
409.000000 0.987027
410.000000 0.846128
411.000000 0.671364
412.000000 0.502352
413.000000 0.223834
414.000000 -0.005153
415.000000 0.483068
416.000000 0.199042
417.000000 0.114880
418.000000 0.020311
419.000000 -0.074647
420.000000 0.017462
421.000000 0.040780
422.000000 -0.326188
423.000000 -0.184836
424.000000 -0.203258
425.000000 -0.136124
426.000000 -0.068042
427.000000 -0.130062
428.000000 -0.131591
429.000000 0.089798
430.000000 0.001867
431.000000 0.076290
432.000000 0.041137
433.000000 0.035755
434.000000 0.139478
435.000000 0.192330
436.000000 0.110016
437.000000 0.196656
438.000000 0.115640
439.000000 0.134829
440.000000 0.112718
441.000000 0.002742
442.000000 -0.040650
443.000000 -0.022416
444.000000 -0.082122
445.000000 -0.017844
446.000000 -0.052382
447.000000 -0.063338
448.000000 -0.008713
449.000000 -0.022098
450.000000 -0.058420
451.000000 -0.050153
452.000000 -0.109684
453.000000 -0.095636
454.000000 -0.093757
455.000000 -0.103032
456.000000 -0.048803
457.000000 0.001827
458.000000 0.014965
459.000000 0.074590
460.000000 0.052105
461.000000 0.043747
462.000000 0.067305
463.000000 0.010156
464.000000 -0.044443
465.000000 -0.100041
466.000000 -0.161271
467.000000 -0.162358
468.000000 -0.198699
469.000000 -0.264844
470.000000 -0.273313
471.000000 -0.286778
472.000000 -0.284808
473.000000 -0.269495
474.000000 -0.301865
475.000000 -0.283698
476.000000 -0.244316
477.000000 -0.234378
478.000000 -0.181275
479.000000 -0.126965
480.000000 -0.068471
481.000000 0.009604
482.000000 0.058062
483.000000 0.092111
484.000000 0.132468
485.000000 0.158359
486.000000 0.155453
487.000000 0.129056
488.000000 0.092787
489.000000 0.053762
490.000000 0.012423
491.000000 -0.016126
492.000000 -0.047404
493.000000 -0.087412
494.000000 -0.126607
495.000000 -0.137039
496.000000 -0.130637
497.000000 -0.149032
498.000000 -0.158427
499.000000 -0.170529
500.000000 -0.195428
501.000000 -0.218138
502.000000 -0.293589
503.000000 -0.353298
504.000000 -0.145782
505.000000 -0.084038
506.000000 -0.036922
507.000000 0.026692
508.000000 -0.014256
509.000000 0.021691
510.000000 0.042677
511.000000 -0.069609
512.000000 -0.031561
513.000000 -0.008240
514.000000 0.006839
515.000000 0.108757
516.000000 0.165307
517.000000 0.249996
518.000000 0.435238
519.000000 0.476625
520.000000 0.511020
521.000000 0.542096
522.000000 0.491325
523.000000 0.457493
524.000000 0.369526
525.000000 0.164933
526.000000 0.089192
527.000000 0.032999
528.000000 -0.015703
529.000000 -0.026117
530.000000 -0.064376
531.000000 -0.045988
532.000000 0.043791
533.000000 0.042970
534.000000 0.036876
535.000000 0.053211
536.000000 0.082742
537.000000 0.122269
538.000000 0.144197
539.000000 0.143784
540.000000 0.183977
541.000000 0.186308
542.000000 0.169106
543.000000 0.132881
544.000000 0.096383
545.000000 0.070690
546.000000 0.031564
547.000000 -0.015607
548.000000 -0.058026
549.000000 -0.043515
550.000000 -0.015951
551.000000 0.013525
552.000000 0.011666
553.000000 0.003715
554.000000 0.013798
555.000000 0.010145
556.000000 -0.019320
557.000000 -0.018440
558.000000 0.001471
559.000000 0.045701
560.000000 0.071300
561.000000 0.064401
562.000000 0.048599
563.000000 0.051322
564.000000 0.069273
565.000000 0.089951
566.000000 0.086041
567.000000 0.090137
568.000000 0.133548
569.000000 0.195057
570.000000 0.222470
571.000000 0.246466
572.000000 0.272654
573.000000 0.284639
574.000000 0.277304
575.000000 0.225404
576.000000 0.146860
577.000000 0.094334
578.000000 0.068000
579.000000 0.002389
580.000000 -0.084251
581.000000 -0.146060
582.000000 -0.181584
583.000000 -0.199090
584.000000 -0.189310
585.000000 -0.173011
586.000000 -0.116045
587.000000 -0.004147
588.000000 0.085221
589.000000 0.153998
590.000000 0.226265
591.000000 0.280580
592.000000 0.295240
593.000000 0.306166
594.000000 0.310469
595.000000 0.322149
596.000000 0.383454
597.000000 0.439539
598.000000 0.460433
599.000000 0.461792
600.000000 0.420379
601.000000 0.349642
602.000000 0.251063
603.000000 0.116141
604.000000 -0.019259
605.000000 -0.130086
606.000000 -0.221099
607.000000 -0.273299
608.000000 -0.267001
609.000000 -0.253929
610.000000 -0.202739
611.000000 -0.145672
612.000000 -0.099425
613.000000 -0.045530
614.000000 -0.007094
615.000000 0.003348
616.000000 0.024513
617.000000 0.013779
618.000000 -0.036534
619.000000 -0.068167
620.000000 -0.089375
621.000000 -0.092954
622.000000 -0.103746
623.000000 -0.081140
624.000000 -0.009305
625.000000 0.049525
626.000000 0.058927
627.000000 0.067019
628.000000 0.082196
629.000000 0.093756
630.000000 0.097321
631.000000 0.075927
632.000000 0.094647
633.000000 0.092618
634.000000 0.076507
635.000000 0.041122
636.000000 -0.020560
637.000000 -0.107744
638.000000 -0.155484
639.000000 -0.244564
640.000000 -0.328574
641.000000 -0.406734
642.000000 -0.472256
643.000000 -0.468225
644.000000 -0.448467
645.000000 -0.433873
646.000000 -0.392120
647.000000 -0.293165
648.000000 -0.198578
649.000000 -0.088244
650.000000 -0.029091
651.000000 0.027112
652.000000 0.095723
653.000000 0.147653
654.000000 0.160466
655.000000 0.197938
656.000000 0.214180
657.000000 0.235444
658.000000 0.242542
659.000000 0.230018
660.000000 0.229467
661.000000 0.253745
662.000000 0.245906
663.000000 0.250310
664.000000 0.228834
665.000000 0.206588
666.000000 0.181411
667.000000 0.167100
668.000000 0.134003
669.000000 0.098175
670.000000 0.034364
671.000000 -0.006877
672.000000 -0.025569
673.000000 -0.069763
674.000000 -0.103921
675.000000 -0.125673
676.000000 -0.156366
677.000000 -0.182355
678.000000 -0.224485
679.000000 -0.261887
680.000000 -0.295637
681.000000 -0.295302
682.000000 -0.271522
683.000000 -0.232517
684.000000 -0.173884
685.000000 -0.131184
686.000000 -0.103217
687.000000 -0.071686
688.000000 -0.025131
689.000000 0.023797
690.000000 0.077531
691.000000 0.124626
692.000000 0.203705
693.000000 0.248676
694.000000 0.257746
695.000000 0.243036
696.000000 0.216930
697.000000 0.194116
698.000000 0.198722
699.000000 0.149036
700.000000 0.135480
701.000000 0.146079
702.000000 0.129219
703.000000 0.107242
704.000000 0.046547
705.000000 -0.026094
706.000000 -0.019716
707.000000 -0.030665
708.000000 -0.042203
709.000000 -0.063252
710.000000 -0.080827
711.000000 -0.075369
712.000000 -0.051042
713.000000 -0.040031
714.000000 0.029394
715.000000 0.059438
716.000000 0.101559
717.000000 0.141562
718.000000 0.160870
719.000000 0.195873
720.000000 0.245745
721.000000 0.227042
722.000000 0.220253
723.000000 0.217194
724.000000 0.217336
725.000000 0.219272
726.000000 0.202829
727.000000 0.186756
728.000000 0.230111
729.000000 0.248296
730.000000 0.264030
731.000000 0.260438
732.000000 0.225906
733.000000 0.197962
734.000000 0.161256
735.000000 0.073171
736.000000 -0.014592
737.000000 -0.101681
738.000000 -0.171148
739.000000 -0.221176
740.000000 -0.276719
741.000000 -0.344895
742.000000 -0.366574
743.000000 -0.363198
744.000000 -0.350052
745.000000 -0.347597
746.000000 -0.331992
747.000000 -0.304904
748.000000 -0.273061
749.000000 -0.262762
750.000000 -0.254386
751.000000 -0.228540
752.000000 -0.180275
753.000000 -0.088784
754.000000 0.014430
755.000000 0.111113
756.000000 0.220359
757.000000 0.351959
758.000000 0.497531
759.000000 0.613330
760.000000 0.697932
761.000000 0.758280
762.000000 0.804362
763.000000 0.809042
764.000000 0.771251
765.000000 0.693478
766.000000 0.580175
767.000000 0.466735
768.000000 0.339449
769.000000 0.199033
770.000000 0.079245
771.000000 -0.024472
772.000000 -0.090658
773.000000 -0.128590
774.000000 -0.152683
775.000000 -0.158271
776.000000 -0.138431
777.000000 -0.130265
778.000000 -0.092260
779.000000 -0.025496
780.000000 0.025829
781.000000 0.073131
782.000000 0.135978
783.000000 0.148999
784.000000 0.204099
785.000000 0.232364
786.000000 0.249831
787.000000 0.253272
788.000000 0.224170
789.000000 0.168686
790.000000 0.135764
791.000000 0.058326
792.000000 -0.017404
793.000000 -0.097705
794.000000 -0.185605
795.000000 -0.247216
796.000000 -0.274982
797.000000 -0.327003
798.000000 -0.363904
799.000000 -0.366741
800.000000 -0.346491
801.000000 -1.837131
802.000000 -1.841761
803.000000 -1.846769
804.000000 -2.060886
805.000000 -2.139369
806.000000 -2.210844
807.000000 -2.287824
808.000000 -1.348359
809.000000 -1.358996
810.000000 -1.241522
811.000000 -0.973453
812.000000 -0.856346
813.000000 -0.597380
814.000000 -0.354046
815.000000 -0.704202
816.000000 -0.451497
817.000000 -0.357635
818.000000 -0.344809
819.000000 -0.242130
820.000000 -0.316416
821.000000 -0.329382
822.000000 0.008946
823.000000 -0.042117
824.000000 0.069043
825.000000 0.158042
826.000000 0.181519
827.000000 0.343770
828.000000 0.440472
829.000000 0.339919
830.000000 0.479109
831.000000 0.463990
832.000000 0.495258
833.000000 0.537252
834.000000 0.434487
835.000000 0.362589
836.000000 0.380507
837.000000 0.239090
838.000000 0.192261
839.000000 0.079464
840.000000 -0.022808
841.000000 -0.024624
842.000000 -0.061172
843.000000 -0.112713
844.000000 -0.080750
845.000000 -0.099011
846.000000 -0.073506
847.000000 -0.060880
848.000000 -0.125329
849.000000 -0.154517
850.000000 -0.179011
851.000000 -0.270785
852.000000 -0.278412
853.000000 -0.315907
854.000000 -0.330657
855.000000 -0.293242
856.000000 -0.311864
857.000000 -0.337921
858.000000 -0.331463
859.000000 -0.335565
860.000000 -0.325145
861.000000 -0.334028
862.000000 -0.334573
863.000000 -0.291651
864.000000 -0.226394
865.000000 -0.177119
866.000000 -0.132108
867.000000 -0.063816
868.000000 0.029172
869.000000 0.088478
870.000000 0.137311
871.000000 0.133220
872.000000 0.171466
873.000000 0.181831
874.000000 0.167668
875.000000 0.129854
876.000000 0.058607
877.000000 -0.006412
878.000000 -0.009303
879.000000 -0.036695
880.000000 -0.073982
881.000000 -0.120560
882.000000 -0.162523
883.000000 -0.190876
884.000000 -0.242793
885.000000 -0.332205
886.000000 -0.400454
887.000000 -0.446257
888.000000 -0.465082
889.000000 -0.442720
890.000000 -0.426503
891.000000 -0.395933
892.000000 -0.320218
893.000000 -0.283574
894.000000 -0.244399
895.000000 -0.232676
896.000000 -0.230925
897.000000 -0.192510
898.000000 -0.166355
899.000000 -0.109865
900.000000 -0.042518
901.000000 -0.031457
902.000000 0.014917
903.000000 0.045816
904.000000 0.031888
905.000000 0.056791
906.000000 0.015631
907.000000 -0.039904
908.000000 -0.037233
909.000000 -0.045378
910.000000 -0.031685
911.000000 -0.010231
912.000000 0.007663
913.000000 0.057179
914.000000 0.140229
915.000000 0.148515
916.000000 0.180958
917.000000 0.184079
918.000000 0.224582
919.000000 0.272017
920.000000 0.261140
921.000000 0.264995
922.000000 0.290545
923.000000 0.293099
924.000000 0.304824
925.000000 0.254724
926.000000 0.185608
927.000000 0.137117
928.000000 0.076766
929.000000 -0.010678
930.000000 -0.092212
931.000000 -0.152927
932.000000 -0.185122
933.000000 -0.162433
934.000000 -0.146786
935.000000 -0.108905
936.000000 -0.028797
937.000000 0.050836
938.000000 0.136085
939.000000 0.228010
940.000000 0.317257
941.000000 0.390209
942.000000 0.435866
943.000000 0.419027
944.000000 0.377642
945.000000 0.326380
946.000000 0.284935
947.000000 0.247115
948.000000 0.278067
949.000000 0.348946
950.000000 0.427649
951.000000 0.509354
952.000000 0.544758
953.000000 0.549956
954.000000 0.545418
955.000000 0.500268
956.000000 0.445552
957.000000 0.419413
958.000000 0.361371
959.000000 0.305442
960.000000 0.260853
961.000000 0.195235
962.000000 0.136565
963.000000 0.078842
964.000000 -0.014309
965.000000 -0.086635
966.000000 -0.165471
967.000000 -0.239003
968.000000 -0.278178
969.000000 -0.302437
970.000000 -0.311828
971.000000 -0.302236
972.000000 -0.307050
973.000000 -0.308075
974.000000 -0.308694
975.000000 -0.286706
976.000000 -0.267126
977.000000 -0.236760
978.000000 -0.202767
979.000000 -0.169221
980.000000 -0.121035
981.000000 -0.079100
982.000000 -0.041280
983.000000 -0.037593
984.000000 -0.048925
985.000000 -0.035176
986.000000 -0.028396
987.000000 0.009655
988.000000 0.044336
989.000000 0.044295
990.000000 0.056862
991.000000 0.119369
992.000000 0.163454
993.000000 0.201533
994.000000 0.217832
995.000000 0.253735
996.000000 0.290835
997.000000 0.335858
998.000000 0.349990
999.000000 0.372865
1000.000000 0.395737
1001.000000 0.435759
1002.000000 0.456431
1003.000000 0.484177
1004.000000 0.488258
1005.000000 0.507212
1006.000000 0.497255
1007.000000 0.516852
1008.000000 0.489939
1009.000000 0.469128
1010.000000 0.386397
1011.000000 0.295775
1012.000000 0.199131
1013.000000 0.119970
1014.000000 0.009328
1015.000000 -0.063108
1016.000000 -0.167730
1017.000000 -0.244536
1018.000000 -0.317449
1019.000000 -0.381240
1020.000000 -0.450090
1021.000000 -0.506112
1022.000000 -0.587502
1023.000000 -0.623660
1024.000000 -0.667875
1025.000000 -0.671259
1026.000000 -0.692170
1027.000000 -0.686011
1028.000000 -0.678506
1029.000000 -0.624766
1030.000000 -0.544114
1031.000000 -0.473686
1032.000000 -0.403614
1033.000000 -0.348004
1034.000000 -0.327821
1035.000000 -0.289666
1036.000000 -0.279295
1037.000000 -0.314524
1038.000000 -0.310045
1039.000000 -0.281916
1040.000000 -0.208538
1041.000000 -0.114396
1042.000000 -0.037644
1043.000000 0.017947
1044.000000 0.109200
1045.000000 0.161061
1046.000000 0.200017
1047.000000 0.204637
1048.000000 0.210586
1049.000000 0.238061
1050.000000 0.259558
1051.000000 0.241926
1052.000000 0.233825
1053.000000 0.184693
1054.000000 0.148898
1055.000000 0.095888
1056.000000 0.005150
1057.000000 -0.066895
1058.000000 -0.125782
1059.000000 -0.208629
1060.000000 -0.216350
1061.000000 -0.250359
1062.000000 -0.277763
1063.000000 -0.282545
1064.000000 -0.307368
1065.000000 -0.343920
1066.000000 -0.368169
1067.000000 -0.417109
1068.000000 -0.399998
1069.000000 -0.385580
1070.000000 -0.354299
1071.000000 -0.287487
1072.000000 -0.182678
1073.000000 -0.114277
1074.000000 -0.051223
1075.000000 -0.037725
1076.000000 0.008597
1077.000000 0.027894
1078.000000 0.023984
1079.000000 -0.028931
1080.000000 -0.056967
1081.000000 -0.094326
1082.000000 -0.127279
1083.000000 -0.181637
1084.000000 -0.213281
1085.000000 -0.190487
1086.000000 -0.110693
1087.000000 -0.019091
1088.000000 0.069148
1089.000000 0.165923
1090.000000 0.279866
1091.000000 0.394070
1092.000000 0.436936
1093.000000 0.428971
1094.000000 0.405665
1095.000000 0.326946
1096.000000 0.252048
1097.000000 0.152555
1098.000000 0.060727
1099.000000 0.042961
1100.000000 0.030796
1101.000000 -0.036316
1102.000000 -0.068879
1103.000000 -0.124504
1104.000000 -0.130826
1105.000000 -0.126158
1106.000000 -0.180323
1107.000000 -0.233799
1108.000000 -0.187901
1109.000000 -0.137162
1110.000000 -0.041647
1111.000000 0.021296
1112.000000 0.105689
1113.000000 0.232890
1114.000000 0.334951
1115.000000 0.406965
1116.000000 0.452947
1117.000000 0.444374
1118.000000 0.464202
1119.000000 0.451041
1120.000000 0.403130
1121.000000 0.355776
1122.000000 0.300417
1123.000000 0.236918
1124.000000 0.201857
1125.000000 0.173057
1126.000000 0.213698
1127.000000 0.217076
1128.000000 0.186502
1129.000000 0.151533
1130.000000 0.097097
1131.000000 0.020658
1132.000000 -0.041862
1133.000000 -0.092242
1134.000000 -0.145885
1135.000000 -0.227386
1136.000000 -0.271832
1137.000000 -0.298559
1138.000000 -0.272357
1139.000000 -0.265045
1140.000000 -0.265294
1141.000000 -0.246439
1142.000000 -0.212970
1143.000000 -0.163655
1144.000000 -0.103298
1145.000000 -0.080664
1146.000000 -0.060457
1147.000000 -0.020922
1148.000000 0.039939
1149.000000 0.064366
1150.000000 0.074842
1151.000000 0.080510
1152.000000 0.105230
1153.000000 0.108007
1154.000000 0.109775
1155.000000 0.096588
1156.000000 0.110264
1157.000000 0.107150
1158.000000 0.070380
1159.000000 0.069823
1160.000000 0.081622
1161.000000 0.105486
1162.000000 0.119742
1163.000000 0.105245
1164.000000 0.094525
1165.000000 0.142762
1166.000000 0.118802
1167.000000 0.137883
1168.000000 0.119157
1169.000000 0.114073
1170.000000 0.134684
1171.000000 0.137755
1172.000000 0.096684
1173.000000 0.097898
1174.000000 0.068244
1175.000000 0.086789
1176.000000 0.107437
1177.000000 0.093263
1178.000000 0.063054
1179.000000 0.030755
1180.000000 -0.031518
1181.000000 -0.094861
1182.000000 -0.179157
1183.000000 -0.251197
1184.000000 -0.301042
1185.000000 -0.310178
1186.000000 -0.330295
1187.000000 -0.320461
1188.000000 -0.325640
1189.000000 -0.313554
1190.000000 -0.300598
1191.000000 -0.262144
1192.000000 -0.258993
1193.000000 -0.266646
1194.000000 -0.284174
1195.000000 -0.306776
1196.000000 -0.323618
1197.000000 -0.336434
1198.000000 -0.358963
1199.000000 -0.369697
1200.000000 -0.364010
1201.000000 -1.325715
1202.000000 -1.300155
1203.000000 -1.272529
1204.000000 -1.256179
1205.000000 -1.221017
1206.000000 -1.172075
1207.000000 -1.129570
1208.000000 -0.455439
1209.000000 -0.385967
1210.000000 -0.275891
1211.000000 -0.164110
1212.000000 -0.086201
1213.000000 0.020345
1214.000000 0.120855
1215.000000 -0.162600
1216.000000 -0.050993
1217.000000 -0.049553
1218.000000 -0.025704
1219.000000 -0.025065
1220.000000 -0.058547
1221.000000 -0.101798
1222.000000 0.094716
1223.000000 0.014770
1224.000000 0.071068
1225.000000 0.107927
1226.000000 0.146821
1227.000000 0.217171
1228.000000 0.264072
1229.000000 0.177194
1230.000000 0.218740
1231.000000 0.129629
1232.000000 0.068681
1233.000000 0.018406
1234.000000 -0.031387
1235.000000 -0.033434
1236.000000 0.028677
1237.000000 0.020452
1238.000000 0.142400
1239.000000 0.244272
1240.000000 0.322221
1241.000000 0.384418
1242.000000 0.390618
1243.000000 0.353202
1244.000000 0.353154
1245.000000 0.312086
1246.000000 0.309394
1247.000000 0.331475
1248.000000 0.351627
1249.000000 0.396441
1250.000000 0.449339
1251.000000 0.436093
1252.000000 0.431847
1253.000000 0.391909
1254.000000 0.353430
1255.000000 0.303700
1256.000000 0.267785
1257.000000 0.238974
1258.000000 0.261782
1259.000000 0.308186
1260.000000 0.403344
1261.000000 0.482684
1262.000000 0.535991
1263.000000 0.575708
1264.000000 0.586949
1265.000000 0.574008
1266.000000 0.533816
1267.000000 0.434573
1268.000000 0.332160
1269.000000 0.223408
1270.000000 0.078049
1271.000000 -0.072252
1272.000000 -0.211840
1273.000000 -0.350889
1274.000000 -0.481181
1275.000000 -0.594090
1276.000000 -0.693987
1277.000000 -0.731088
1278.000000 -0.755834
1279.000000 -0.753218
1280.000000 -0.767702
1281.000000 -0.774651
1282.000000 -0.753543
1283.000000 -0.699655
1284.000000 -0.654388
1285.000000 -0.611334
1286.000000 -0.589408
1287.000000 -0.576604
1288.000000 -0.552618
1289.000000 -0.524681
1290.000000 -0.521056
1291.000000 -0.509266
1292.000000 -0.481752
1293.000000 -0.433790
1294.000000 -0.409747
1295.000000 -0.408312
1296.000000 -0.404065
1297.000000 -0.373962
1298.000000 -0.330012
1299.000000 -0.279495
1300.000000 -0.287991
1301.000000 -0.284453
1302.000000 -0.249632
1303.000000 -0.200817
1304.000000 -0.412490
1305.000000 -0.459123
1306.000000 -0.529698
1307.000000 -0.559903
1308.000000 -0.531501
1309.000000 -0.557340
1310.000000 -0.565311
1311.000000 -0.414065
1312.000000 -0.414637
1313.000000 -0.361606
1314.000000 -0.291722
1315.000000 -0.281072
1316.000000 -0.231620
1317.000000 -0.170861
1318.000000 -0.209017
1319.000000 -0.136907
1320.000000 -0.112204
1321.000000 -0.100590
1322.000000 -0.074671
1323.000000 -0.095058
1324.000000 -0.088276
1325.000000 -0.005252
1326.000000 0.013385
1327.000000 0.086952
1328.000000 0.137973
1329.000000 0.164641
1330.000000 0.218645
1331.000000 0.276274
1332.000000 0.335707
1333.000000 0.414422
1334.000000 0.422586
1335.000000 0.405275
1336.000000 0.369207
1337.000000 0.319594
1338.000000 0.283482
1339.000000 0.219354
1340.000000 0.174979
1341.000000 0.141502
1342.000000 0.119315
1343.000000 0.116580
1344.000000 0.122257
1345.000000 0.141660
1346.000000 0.190920
1347.000000 0.199306
1348.000000 0.210609
1349.000000 0.204017
1350.000000 0.178556
1351.000000 0.185196
1352.000000 0.187235
1353.000000 0.190658
1354.000000 0.193984
1355.000000 0.192781
1356.000000 0.204343
1357.000000 0.208490
1358.000000 0.175998
1359.000000 0.148873
1360.000000 0.109071
1361.000000 0.058808
1362.000000 0.023685
1363.000000 -0.024981
1364.000000 -0.062359
1365.000000 -0.055379
1366.000000 -0.078963
1367.000000 -0.128842
1368.000000 -0.129669
1369.000000 -0.137565
1370.000000 -0.142630
1371.000000 -0.165097
1372.000000 -0.227797
1373.000000 -0.240011
1374.000000 -0.249600
1375.000000 -0.273948
1376.000000 -0.279409
1377.000000 -0.277736
1378.000000 -0.272228
1379.000000 -0.236213
1380.000000 -0.200632
1381.000000 -0.167036
1382.000000 -0.098684
1383.000000 -0.053551
1384.000000 -0.011272
1385.000000 0.058941
1386.000000 0.108786
1387.000000 0.143967
1388.000000 0.190208
1389.000000 0.181610
1390.000000 0.239156
1391.000000 0.309320
1392.000000 0.380670
1393.000000 0.437425
1394.000000 0.477753
1395.000000 0.511789
1396.000000 0.591400
1397.000000 0.608987
1398.000000 0.571362
1399.000000 0.523313
1400.000000 0.466125
1401.000000 0.432893
1402.000000 0.391205
1403.000000 0.301872
1404.000000 0.285416
1405.000000 0.275528
1406.000000 0.273458
1407.000000 0.272282
1408.000000 0.250238
1409.000000 0.195176
1410.000000 0.142058
1411.000000 0.053504
1412.000000 -0.016553
1413.000000 -0.088581
1414.000000 -0.148406
1415.000000 -0.179707
1416.000000 -0.201880
1417.000000 -0.182478
1418.000000 -0.144231
1419.000000 -0.088934
1420.000000 0.004668
1421.000000 0.080038
1422.000000 0.131713
1423.000000 0.167424
1424.000000 0.178395
1425.000000 0.168299
1426.000000 0.124141
1427.000000 0.034246
1428.000000 -0.048864
1429.000000 -0.079186
1430.000000 -0.060397
1431.000000 -0.051371
1432.000000 -0.049361
1433.000000 -0.064453
1434.000000 -0.051701
1435.000000 -0.071046
1436.000000 -0.088025
1437.000000 -0.131597
1438.000000 -0.162492
1439.000000 -0.193194
1440.000000 -0.211198
1441.000000 -0.238202
1442.000000 -0.224368
1443.000000 -0.228265
1444.000000 -0.193377
1445.000000 -0.117889
1446.000000 -0.073313
1447.000000 -0.018632
1448.000000 -0.003973
1449.000000 -0.028770
1450.000000 -0.001562
1451.000000 -0.003827
1452.000000 -0.023806
1453.000000 -0.025203
1454.000000 -0.036628
1455.000000 0.002276
1456.000000 0.035992
1457.000000 0.011844
1458.000000 -0.017637
1459.000000 -0.030159
1460.000000 -0.059108
1461.000000 -0.071597
1462.000000 -0.157527
1463.000000 -0.226241
1464.000000 -0.250348
1465.000000 -0.289865
1466.000000 -0.311447
1467.000000 -0.294419
1468.000000 -0.243882
1469.000000 -0.167891
1470.000000 -0.102876
1471.000000 -0.073037
1472.000000 -0.005727
1473.000000 0.048694
1474.000000 0.091576
1475.000000 0.124966
1476.000000 0.154717
1477.000000 0.159611
1478.000000 0.159899
1479.000000 0.159289
1480.000000 0.128149
1481.000000 0.085883
1482.000000 0.031583
1483.000000 -0.065955
1484.000000 -0.131462
1485.000000 -0.204701
1486.000000 -0.257030
1487.000000 -0.284427
1488.000000 -0.296036
1489.000000 -0.299812
1490.000000 -0.302492
1491.000000 -0.347102
1492.000000 -0.334471
1493.000000 -0.313335
1494.000000 -0.296778
1495.000000 -0.263712
1496.000000 -0.257968
1497.000000 -0.241772
1498.000000 -0.170438
1499.000000 -0.120187
1500.000000 -0.070862
1501.000000 0.022229
1502.000000 0.088883
1503.000000 0.186481
1504.000000 0.295998
1505.000000 0.353905
1506.000000 0.439942
1507.000000 0.495453
1508.000000 0.517739
1509.000000 0.572251
1510.000000 0.586483
1511.000000 0.555486
1512.000000 0.540162
1513.000000 0.474151
1514.000000 0.433384
1515.000000 0.397873
1516.000000 0.352478
1517.000000 0.298360
1518.000000 0.249069
1519.000000 0.185010
1520.000000 0.150436
1521.000000 0.116296
1522.000000 0.097436
1523.000000 0.064691
1524.000000 0.075643
1525.000000 0.039248
1526.000000 -0.001246
1527.000000 0.000258
1528.000000 -0.042342
1529.000000 -0.084983
1530.000000 -0.126399
1531.000000 -0.216960
1532.000000 -0.257293
1533.000000 -0.284408
1534.000000 -0.350366
1535.000000 -0.382071
1536.000000 -0.380572
1537.000000 -0.396560
1538.000000 -0.330772
1539.000000 -0.326124
1540.000000 -0.346235
1541.000000 -0.343704
1542.000000 -0.356529
1543.000000 -0.389752
1544.000000 -0.407340
1545.000000 -0.454361
1546.000000 -0.449998
1547.000000 -0.406370
1548.000000 -0.379003
1549.000000 -0.336880
1550.000000 -0.244021
1551.000000 -0.159848
1552.000000 -0.050080
1553.000000 0.029655
1554.000000 0.081351
1555.000000 0.122426
1556.000000 0.147557
1557.000000 0.147610
1558.000000 0.161965
1559.000000 0.155231
1560.000000 0.151459
1561.000000 0.118771
1562.000000 0.105506
1563.000000 0.060550
1564.000000 0.056561
1565.000000 0.035660
1566.000000 0.043575
1567.000000 0.027797
1568.000000 0.035926
1569.000000 0.028618
1570.000000 0.037875
1571.000000 0.045220
1572.000000 0.114013
1573.000000 0.165936
1574.000000 0.188093
1575.000000 0.194062
1576.000000 0.192023
1577.000000 0.191034
1578.000000 0.176138
1579.000000 0.177174
1580.000000 0.202839
1581.000000 0.240717
1582.000000 0.276082
1583.000000 0.342514
1584.000000 0.386917
1585.000000 0.401120
1586.000000 0.387209
1587.000000 0.339008
1588.000000 0.296286
1589.000000 0.253824
1590.000000 0.202000
1591.000000 0.190886
1592.000000 0.170840
1593.000000 0.144180
1594.000000 0.142643
1595.000000 0.122673
1596.000000 0.078479
1597.000000 0.034885
1598.000000 0.001137
1599.000000 -0.017183
1600.000000 -0.006936
