1.000000 0.000000
2.000000 0.000000
3.000000 0.000000
4.000000 0.000000
5.000000 0.000000
6.000000 0.000000
7.000000 0.000000
8.000000 0.000000
9.000000 0.020857
10.000000 0.059474
11.000000 0.113099
12.000000 0.179295
13.000000 0.255903
14.000000 0.341015
15.000000 0.432954
16.000000 0.530241
17.000000 0.631583
18.000000 0.735849
19.000000 0.842052
20.000000 0.949338
21.000000 1.056968
22.000000 1.164307
23.000000 1.270814
24.000000 1.376028
25.000000 1.479561
26.000000 1.581091
27.000000 1.680352
28.000000 1.777129
29.000000 1.871250
30.000000 1.962583
31.000000 2.051031
32.000000 2.136525
33.000000 2.219023
34.000000 2.298504
35.000000 2.374967
36.000000 2.448429
37.000000 2.518919
38.000000 2.586479
39.000000 2.651160
40.000000 2.713022
41.000000 2.772133
42.000000 2.828564
43.000000 2.882392
44.000000 2.933695
45.000000 2.982557
46.000000 3.029061
47.000000 3.073291
48.000000 3.115331
49.000000 3.155267
50.000000 3.193182
51.000000 3.229159
52.000000 3.263279
53.000000 3.295623
54.000000 3.326269
55.000000 3.355292
56.000000 3.382768
57.000000 3.408768
58.000000 3.433361
59.000000 3.456616
60.000000 3.478597
61.000000 3.499366
62.000000 3.518985
63.000000 3.537511
64.000000 3.555000
65.000000 3.571504
66.000000 3.587075
67.000000 3.601762
68.000000 3.615612
69.000000 3.628668
70.000000 3.640973
71.000000 3.652568
72.000000 3.663491
73.000000 3.673780
74.000000 3.683468
75.000000 3.692589
76.000000 3.701174
77.000000 3.709254
78.000000 3.716856
79.000000 3.724009
80.000000 3.730736
81.000000 3.737063
82.000000 3.743012
83.000000 3.748605
84.000000 3.753863
85.000000 3.758804
86.000000 3.763447
87.000000 3.767810
88.000000 3.771909
89.000000 3.775760
90.000000 3.779376
91.000000 3.782773
92.000000 3.785962
93.000000 3.788956
94.000000 3.791767
95.000000 3.794406
96.000000 3.796882
97.000000 3.799206
98.000000 3.801387
99.000000 3.803434
100.000000 3.805354
101.000000 3.807155
102.000000 3.808845
103.000000 3.810429
104.000000 3.811916
105.000000 3.813310
106.000000 3.814617
107.000000 3.815842
108.000000 3.816991
109.000000 3.818069
110.000000 3.819078
111.000000 3.820025
112.000000 3.820912
113.000000 3.821744
114.000000 3.822523
115.000000 3.823253
116.000000 3.823938
117.000000 3.824579
118.000000 3.825180
119.000000 3.825742
120.000000 3.826270
121.000000 3.826764
122.000000 3.827226
123.000000 3.827660
124.000000 3.828066
125.000000 3.828446
126.000000 3.828802
127.000000 3.829135
128.000000 3.829447
129.000000 3.829740
130.000000 3.830014
131.000000 3.830270
132.000000 3.830510
133.000000 3.830735
134.000000 3.830945
135.000000 3.831142
136.000000 3.831326
137.000000 3.831499
138.000000 3.831660
139.000000 3.831811
140.000000 3.831953
141.000000 3.832085
142.000000 3.832209
143.000000 3.832325
144.000000 3.832434
145.000000 3.832535
146.000000 3.832630
147.000000 3.832719
148.000000 3.832802
149.000000 3.832880
150.000000 3.832953
151.000000 3.833021
152.000000 3.833085
153.000000 3.833145
154.000000 3.833201
155.000000 3.833253
156.000000 3.833302
157.000000 3.833348
158.000000 3.833390
159.000000 3.833430
160.000000 3.833468
161.000000 3.833503
162.000000 3.833535
163.000000 3.833566
164.000000 3.833595
165.000000 3.833621
166.000000 3.833647
167.000000 3.833670
168.000000 3.833692
169.000000 3.833712
170.000000 3.833732
171.000000 3.833749
172.000000 3.833766
173.000000 3.833782
174.000000 3.833797
175.000000 3.833810
176.000000 3.833823
177.000000 3.833835
178.000000 3.833846
179.000000 3.833857
180.000000 3.833867
181.000000 3.833876
182.000000 3.833884
183.000000 3.833892
184.000000 3.833900
185.000000 3.833907
186.000000 3.833913
187.000000 3.833920
188.000000 3.833925
189.000000 3.833931
190.000000 3.833936
191.000000 3.833940
192.000000 3.833945
193.000000 3.833949
194.000000 3.833953
195.000000 3.833956
196.000000 3.833960
197.000000 3.833963
198.000000 3.833966
199.000000 3.833968
200.000000 3.833971
201.000000 3.833973
202.000000 3.833975
203.000000 3.833978
204.000000 3.833979
205.000000 3.833981
206.000000 3.833983
207.000000 3.833985
208.000000 3.833986
209.000000 3.833987
210.000000 3.833989
211.000000 3.833990
212.000000 3.833991
213.000000 3.833992
214.000000 3.833993
215.000000 3.833994
216.000000 3.833995
217.000000 3.833996
218.000000 3.833997
219.000000 3.833997
220.000000 3.833998
221.000000 3.833999
222.000000 3.833999
223.000000 3.834000
224.000000 3.834000
225.000000 3.834001
226.000000 3.834001
227.000000 3.834001
228.000000 3.834002
229.000000 3.834002
230.000000 3.834003
231.000000 3.834003
232.000000 3.834003
233.000000 3.834003
234.000000 3.834004
235.000000 3.834004
236.000000 3.834004
237.000000 3.834004
238.000000 3.834005
239.000000 3.834005
240.000000 3.834005
241.000000 3.834005
242.000000 3.834005
243.000000 3.834005
244.000000 3.834005
245.000000 3.834006
246.000000 3.834006
247.000000 3.834006
248.000000 3.834006
249.000000 3.834006
250.000000 3.834006
251.000000 3.834006
252.000000 3.834006
253.000000 3.834006
254.000000 3.834006
255.000000 3.834006
256.000000 3.834007
257.000000 3.834007
258.000000 3.834007
259.000000 3.834007
260.000000 3.834007
261.000000 3.834007
262.000000 3.834007
263.000000 3.834007
264.000000 3.834007
265.000000 3.834007
266.000000 3.834007
267.000000 3.834007
268.000000 3.834007
269.000000 3.834007
270.000000 3.834007
271.000000 3.834007
272.000000 3.834007
273.000000 3.834007
274.000000 3.834007
275.000000 3.834007
276.000000 3.834007
277.000000 3.834007
278.000000 3.834007
279.000000 3.834007
280.000000 3.834007
281.000000 3.834007
282.000000 3.834007
283.000000 3.834007
284.000000 3.834007
285.000000 3.834007
286.000000 3.834007
287.000000 3.834007
288.000000 3.834007
289.000000 3.834007
290.000000 3.834007
291.000000 3.834007
292.000000 3.834007
293.000000 3.834007
294.000000 3.834007
295.000000 3.834007
296.000000 3.834007
297.000000 3.834007
298.000000 3.834007
299.000000 3.834007
300.000000 3.834007
301.000000 3.834007
302.000000 3.834007
303.000000 3.834007
304.000000 3.834007
305.000000 3.834007
306.000000 3.834007
307.000000 3.834007
308.000000 3.834007
309.000000 3.834007
310.000000 3.834007
311.000000 3.834007
312.000000 3.834007
313.000000 3.834007
314.000000 3.834007
315.000000 3.834007
316.000000 3.834007
317.000000 3.834007
318.000000 3.834007
319.000000 3.834007
320.000000 3.834007
321.000000 3.834007
322.000000 3.834007
323.000000 3.834007
324.000000 3.834007
325.000000 3.834007
326.000000 3.834007
327.000000 3.834007
328.000000 3.834007
329.000000 3.834007
330.000000 3.834007
331.000000 3.834007
332.000000 3.834007
333.000000 3.834007
334.000000 3.834007
335.000000 3.834007
336.000000 3.834007
337.000000 3.834007
338.000000 3.834007
339.000000 3.834007
340.000000 3.834007
341.000000 3.834007
342.000000 3.834007
343.000000 3.834007
344.000000 3.834007
345.000000 3.834007
346.000000 3.834007
347.000000 3.834007
348.000000 3.834007
349.000000 3.834007
350.000000 3.834007
351.000000 3.834007
352.000000 3.834007
353.000000 3.834007
354.000000 3.834007
355.000000 3.834007
356.000000 3.834007
357.000000 3.834007
358.000000 3.834007
359.000000 3.834007
360.000000 3.834007
361.000000 3.834007
362.000000 3.834007
363.000000 3.834007
364.000000 3.834007
365.000000 3.834007
366.000000 3.834007
367.000000 3.834007
368.000000 3.834007
369.000000 3.834007
370.000000 3.834007
371.000000 3.834007
372.000000 3.834007
373.000000 3.834007
374.000000 3.834007
375.000000 3.834007
376.000000 3.834007
377.000000 3.834007
378.000000 3.834007
379.000000 3.834007
380.000000 3.834007
381.000000 3.834007
382.000000 3.834007
383.000000 3.834007
384.000000 3.834007
385.000000 3.834007
386.000000 3.834007
387.000000 3.834007
388.000000 3.834007
389.000000 3.834007
390.000000 3.834007
391.000000 3.834007
392.000000 3.834007
393.000000 3.834007
394.000000 3.834007
395.000000 3.834007
396.000000 3.834007
397.000000 3.834007
398.000000 3.834007
399.000000 3.834007
400.000000 3.834007
401.000000 3.834007
402.000000 3.834007
403.000000 3.834007
404.000000 3.834007
405.000000 3.834007
406.000000 3.834007
407.000000 3.834007
408.000000 3.834007
409.000000 3.834007
410.000000 3.834007
411.000000 3.834007
412.000000 3.834007
413.000000 3.834007
414.000000 3.834007
415.000000 3.834007
416.000000 3.834007
417.000000 3.834007
418.000000 3.834007
419.000000 3.834007
420.000000 3.834007
421.000000 3.834007
422.000000 3.834007
423.000000 3.834007
424.000000 3.834007
425.000000 3.834007
426.000000 3.834007
427.000000 3.834007
428.000000 3.834007
429.000000 3.834007
430.000000 3.834007
431.000000 3.834007
432.000000 3.834007
433.000000 3.834007
434.000000 3.834007
435.000000 3.834007
436.000000 3.834007
437.000000 3.834007
438.000000 3.834007
439.000000 3.834007
440.000000 3.834007
441.000000 3.834007
442.000000 3.834007
443.000000 3.834007
444.000000 3.834007
445.000000 3.834007
446.000000 3.834007
447.000000 3.834007
448.000000 3.834007
449.000000 3.834007
450.000000 3.834007
451.000000 3.834007
452.000000 3.834007
453.000000 3.834007
454.000000 3.834007
455.000000 3.834007
456.000000 3.834007
457.000000 3.834007
458.000000 3.834007
459.000000 3.834007
460.000000 3.834007
461.000000 3.834007
462.000000 3.834007
463.000000 3.834007
464.000000 3.834007
465.000000 3.834007
466.000000 3.834007
467.000000 3.834007
468.000000 3.834007
469.000000 3.834007
470.000000 3.834007
471.000000 3.834007
472.000000 3.834007
473.000000 3.834007
474.000000 3.834007
475.000000 3.834007
476.000000 3.834007
477.000000 3.834007
478.000000 3.834007
479.000000 3.834007
480.000000 3.834007
481.000000 3.834007
482.000000 3.834007
483.000000 3.834007
484.000000 3.834007
485.000000 3.834007
486.000000 3.834007
487.000000 3.834007
488.000000 3.834007
489.000000 3.834007
490.000000 3.834007
491.000000 3.834007
492.000000 3.834007
493.000000 3.834007
494.000000 3.834007
495.000000 3.834007
496.000000 3.834007
497.000000 3.834007
498.000000 3.834007
499.000000 3.834007
500.000000 3.834007
