1.000000 0.000000
2.000000 0.000000
3.000000 0.000000
4.000000 0.000000
5.000000 0.000000
6.000000 0.000000
7.000000 0.000000
8.000000 0.000000
9.000000 0.000071
10.000000 0.000016
11.000000 0.000196
12.000000 0.000716
13.000000 0.001113
14.000000 0.001505
15.000000 0.001947
16.000000 0.002325
17.000000 0.002540
18.000000 0.002258
19.000000 0.418928
20.000000 0.920386
21.000000 1.142702
22.000000 1.361722
23.000000 1.234512
24.000000 1.092655
25.000000 0.987342
26.000000 0.843612
27.000000 0.655120
28.000000 0.645925
29.000000 0.622851
30.000000 0.741573
31.000000 0.827377
32.000000 0.862127
33.000000 0.908287
34.000000 0.984358
35.000000 0.972126
36.000000 0.998566
37.000000 0.950023
38.000000 0.935814
39.000000 0.953584
40.000000 0.953471
41.000000 0.933681
42.000000 0.954605
43.000000 0.939608
44.000000 0.972136
45.000000 0.977506
46.000000 0.965954
47.000000 0.970211
48.000000 0.982156
49.000000 0.974154
50.000000 0.990935
51.000000 0.974509
52.000000 0.978072
53.000000 0.989464
54.000000 0.988382
55.000000 0.985968
56.000000 0.992399
57.000000 0.982735
58.000000 0.995733
59.000000 0.993685
60.000000 0.988920
61.000000 0.992312
62.000000 0.993953
63.000000 0.992131
64.000000 1.000082
65.000000 0.992377
66.000000 0.995914
67.000000 0.999779
68.000000 0.998189
69.000000 0.999023
70.000000 1.000324
71.000000 0.995987
72.000000 1.001449
73.000000 0.998568
74.000000 0.997019
75.000000 0.998459
76.000000 0.997450
77.000000 0.997450
78.000000 1.000335
79.000000 0.996800
80.000000 0.999201
81.000000 1.000320
82.000000 0.999652
83.000000 1.000897
84.000000 1.001077
85.000000 0.999834
86.000000 1.002400
87.000000 1.000332
88.000000 0.999901
89.000000 1.000205
90.000000 0.998971
91.000000 0.999056
92.000000 0.999740
93.000000 0.998082
94.000000 0.999337
95.000000 0.999212
96.000000 0.998575
97.000000 0.998903
98.000000 0.997987
99.000000 0.997056
100.000000 0.997302
101.000000 0.995837
102.000000 0.996549
103.000000 0.997087
104.000000 0.997160
105.000000 0.997725
106.000000 0.997825
107.000000 0.997158
108.000000 0.997879
109.000000 0.997658
110.000000 0.997671
111.000000 0.998036
112.000000 0.997637
113.000000 0.997417
114.000000 0.997877
115.000000 0.997326
116.000000 0.997685
117.000000 0.998025
118.000000 0.998198
119.000000 0.998862
120.000000 0.999390
121.000000 0.999856
122.000000 1.000796
123.000000 1.001000
124.000000 1.001406
125.000000 1.002075
126.000000 1.002156
127.000000 1.002315
128.000000 1.002551
129.000000 1.002290
130.000000 1.002346
131.000000 1.002035
132.000000 1.001494
133.000000 1.001222
134.000000 1.000589
135.000000 1.000329
136.000000 1.000533
137.000000 1.000546
138.000000 1.000636
139.000000 1.000737
140.000000 1.000542
141.000000 1.000314
142.000000 1.000008
143.000000 0.999870
144.000000 0.999774
145.000000 0.999900
146.000000 1.000289
147.000000 1.000672
148.000000 1.000587
149.000000 1.000556
150.000000 1.000562
151.000000 1.000588
152.000000 1.000426
153.000000 1.000394
154.000000 1.000032
155.000000 0.999902
156.000000 0.999696
157.000000 0.999333
158.000000 0.999237
159.000000 0.998958
160.000000 0.998299
161.000000 0.997699
162.000000 0.996802
163.000000 0.996246
164.000000 0.996057
165.000000 0.996241
166.000000 0.996738
167.000000 0.996931
168.000000 0.996708
169.000000 0.996621
170.000000 0.996222
171.000000 0.996196
172.000000 0.996141
173.000000 0.996024
174.000000 0.996365
175.000000 0.996642
176.000000 0.997132
177.000000 0.997686
178.000000 0.998069
179.000000 0.998254
180.000000 0.998101
181.000000 0.998157
182.000000 0.998331
183.000000 0.998011
184.000000 0.997516
185.000000 0.997385
186.000000 0.997428
187.000000 0.997711
188.000000 0.997788
189.000000 0.997908
190.000000 0.997904
191.000000 0.997816
192.000000 0.997688
193.000000 0.997523
194.000000 0.997363
195.000000 0.997378
196.000000 0.997136
197.000000 0.997026
198.000000 0.996781
199.000000 0.996427
200.000000 0.996283
201.000000 0.995803
202.000000 0.995601
203.000000 0.995817
204.000000 0.995780
205.000000 0.995790
206.000000 0.995970
207.000000 0.996226
208.000000 0.996384
209.000000 0.996381
210.000000 0.996507
211.000000 0.996882
212.000000 0.997118
213.000000 0.997605
214.000000 0.998177
215.000000 0.998623
216.000000 0.998486
217.000000 0.998490
218.000000 0.998457
219.000000 0.998548
220.000000 0.998463
221.000000 0.998535
222.000000 0.998880
223.000000 0.999487
224.000000 1.000167
225.000000 1.001130
226.000000 1.001586
227.000000 1.001961
228.000000 1.002362
229.000000 1.002080
230.000000 1.001877
231.000000 1.001877
232.000000 1.001765
233.000000 1.002176
234.000000 1.002346
235.000000 1.002362
236.000000 1.002892
237.000000 1.002997
238.000000 1.002731
239.000000 1.002705
240.000000 1.002407
241.000000 1.002415
242.000000 1.002630
243.000000 1.002879
244.000000 1.003480
245.000000 1.004100
246.000000 1.004413
247.000000 1.004411
248.000000 1.003973
249.000000 1.003404
250.000000 1.003119
251.000000 1.002894
252.000000 1.002690
253.000000 1.003034
254.000000 1.003453
255.000000 1.004056
256.000000 1.004381
257.000000 1.004231
258.000000 1.004230
259.000000 1.003873
260.000000 1.003453
261.000000 1.003178
262.000000 1.002590
263.000000 1.002486
264.000000 1.002546
265.000000 1.002260
266.000000 1.002013
267.000000 1.001775
268.000000 1.001285
269.000000 1.000860
270.000000 0.999997
271.000000 0.999037
272.000000 0.998258
273.000000 0.997512
274.000000 0.996733
275.000000 0.996122
276.000000 0.995805
277.000000 0.996173
278.000000 0.996642
279.000000 0.997085
280.000000 0.997591
281.000000 0.997670
282.000000 0.997609
283.000000 0.997341
284.000000 0.996815
285.000000 0.996554
286.000000 0.996669
287.000000 0.996853
288.000000 0.997558
289.000000 0.998367
290.000000 0.999099
291.000000 0.999936
292.000000 1.000326
293.000000 1.000344
294.000000 1.000310
295.000000 0.999771
296.000000 0.999076
297.000000 0.998610
298.000000 0.997853
299.000000 0.997516
300.000000 0.997375
301.000000 0.997445
302.000000 0.998137
303.000000 0.998765
304.000000 0.999459
305.000000 1.000320
306.000000 1.000724
307.000000 1.001527
308.000000 1.002131
309.000000 1.002541
310.000000 1.003056
311.000000 1.003307
312.000000 1.003555
313.000000 1.003758
314.000000 1.003921
315.000000 1.004014
316.000000 1.003870
317.000000 1.003690
318.000000 1.003444
319.000000 1.003285
320.000000 1.003353
321.000000 1.003601
322.000000 1.003459
323.000000 1.003322
324.000000 1.003164
325.000000 1.003209
326.000000 1.003196
327.000000 1.003320
328.000000 1.003253
329.000000 1.003033
330.000000 1.002595
331.000000 1.002026
332.000000 1.001752
333.000000 1.001131
334.000000 1.000836
335.000000 1.000836
336.000000 1.001048
337.000000 1.001650
338.000000 1.002030
339.000000 1.002320
340.000000 1.002294
341.000000 1.001912
342.000000 1.001514
343.000000 1.001001
344.000000 1.000636
345.000000 1.000513
346.000000 1.000600
347.000000 1.000921
348.000000 1.001358
349.000000 1.001556
350.000000 1.001611
351.000000 1.001231
352.000000 1.000432
353.000000 0.999563
354.000000 0.998657
355.000000 0.997824
356.000000 0.997282
357.000000 0.996622
358.000000 0.996430
359.000000 0.996265
360.000000 0.996041
361.000000 0.996038
362.000000 0.995889
363.000000 0.995507
364.000000 0.995296
365.000000 0.995158
366.000000 0.995153
367.000000 0.995248
368.000000 0.995659
369.000000 0.996079
370.000000 0.996235
371.000000 0.996473
372.000000 0.997257
373.000000 0.997974
374.000000 0.998768
375.000000 0.999534
376.000000 1.000451
377.000000 1.001318
378.000000 1.001815
379.000000 1.001874
380.000000 1.001712
381.000000 1.001465
382.000000 1.001558
383.000000 1.001513
384.000000 1.001829
385.000000 1.002585
386.000000 1.003272
387.000000 1.004098
388.000000 1.004621
389.000000 1.004567
390.000000 1.004449
391.000000 1.003999
392.000000 1.003608
393.000000 1.003627
394.000000 1.003812
395.000000 1.004117
396.000000 1.004569
397.000000 1.004456
398.000000 1.004077
399.000000 1.003552
400.000000 1.003201
401.000000 1.003117
402.000000 1.003209
403.000000 1.003019
404.000000 1.003482
405.000000 1.003749
406.000000 1.730350
407.000000 1.900207
408.000000 2.064934
409.000000 2.225059
410.000000 2.078045
411.000000 2.058418
412.000000 2.014756
413.000000 1.505287
414.000000 1.447919
415.000000 1.302940
416.000000 1.167110
417.000000 1.229021
418.000000 1.120545
419.000000 1.051772
420.000000 1.248895
421.000000 1.143179
422.000000 1.164161
423.000000 1.169241
424.000000 1.066381
425.000000 1.118300
426.000000 1.121786
427.000000 0.985313
428.000000 1.049017
429.000000 0.998251
430.000000 0.981401
431.000000 1.027035
432.000000 0.958885
433.000000 0.947527
434.000000 1.008006
435.000000 0.944440
436.000000 0.976982
437.000000 0.971345
438.000000 0.935863
439.000000 0.981495
440.000000 0.976245
441.000000 0.942058
442.000000 0.984613
443.000000 0.956358
444.000000 0.966885
445.000000 0.989487
446.000000 0.958673
447.000000 0.970428
448.000000 0.989367
449.000000 0.964169
450.000000 0.989882
451.000000 0.981587
452.000000 0.972410
453.000000 0.996421
454.000000 0.987192
455.000000 0.981723
456.000000 1.000030
457.000000 0.983731
458.000000 0.994897
459.000000 1.001487
460.000000 0.988087
461.000000 0.998780
462.000000 1.001685
463.000000 0.992951
464.000000 1.006832
465.000000 0.999623
466.000000 0.998874
467.000000 1.008688
468.000000 1.001344
469.000000 1.002272
470.000000 1.007687
471.000000 0.999027
472.000000 1.005778
473.000000 1.005480
474.000000 0.999939
475.000000 1.005759
476.000000 1.003592
477.000000 1.000728
478.000000 1.006214
479.000000 1.000507
480.000000 1.001483
481.000000 1.004392
482.000000 1.000216
483.000000 1.002973
484.000000 1.004326
485.000000 1.000921
486.000000 1.005325
487.000000 1.004126
488.000000 1.002542
489.000000 1.005499
490.000000 1.003233
491.000000 1.002774
492.000000 1.004718
493.000000 1.001653
494.000000 1.002777
495.000000 1.003497
496.000000 1.001670
497.000000 1.003119
498.000000 1.002520
499.000000 1.001184
500.000000 1.003215
501.000000 1.002266
502.000000 1.002361
503.000000 1.003729
504.000000 1.002510
505.000000 0.794341
506.000000 0.724915
507.000000 0.654242
508.000000 0.586328
509.000000 0.689770
510.000000 0.723386
511.000000 0.772371
512.000000 0.833186
513.000000 0.800527
514.000000 0.791531
515.000000 0.765769
516.000000 0.672304
517.000000 0.644661
518.000000 0.599294
519.000000 0.559227
520.000000 0.570023
521.000000 0.548886
522.000000 0.540987
523.000000 0.565949
524.000000 0.547147
525.000000 0.551495
526.000000 0.551968
527.000000 0.527780
528.000000 0.533191
529.000000 0.527676
530.000000 0.507505
531.000000 0.516161
532.000000 0.505325
533.000000 0.501094
534.000000 0.510579
535.000000 0.498886
536.000000 0.498890
537.000000 0.505392
538.000000 0.494435
539.000000 0.499997
540.000000 0.498752
541.000000 0.491275
542.000000 0.498637
543.000000 0.496354
544.000000 0.492644
545.000000 0.499493
546.000000 0.494414
547.000000 0.495618
548.000000 0.499576
549.000000 0.494053
550.000000 0.496414
551.000000 0.498056
552.000000 0.494248
553.000000 0.499194
554.000000 0.498738
555.000000 0.498233
556.000000 0.503543
557.000000 0.502417
558.000000 0.502810
559.000000 0.505402
560.000000 0.502068
561.000000 0.503394
562.000000 0.503913
563.000000 0.501211
564.000000 0.502950
565.000000 0.502291
566.000000 0.500472
567.000000 0.502419
568.000000 0.501172
569.000000 0.501509
570.000000 0.503614
571.000000 0.502649
572.000000 0.503634
573.000000 0.504496
574.000000 0.503009
575.000000 0.503727
576.000000 0.502870
577.000000 0.501338
578.000000 0.501831
579.000000 0.500490
580.000000 0.499781
581.000000 0.500316
582.000000 0.499337
583.000000 0.499537
584.000000 0.499714
585.000000 0.498920
586.000000 0.499327
587.000000 0.499042
588.000000 0.498180
589.000000 0.498415
590.000000 0.497892
591.000000 0.497782
592.000000 0.498333
593.000000 0.498230
594.000000 0.498991
595.000000 0.499727
596.000000 0.499805
597.000000 0.500498
598.000000 0.500188
599.000000 0.499322
600.000000 0.499134
601.000000 0.498728
602.000000 0.498829
603.000000 0.499442
604.000000 0.499541
605.000000 0.499551
606.000000 0.499280
607.000000 0.498469
608.000000 0.498509
609.000000 0.498495
610.000000 0.498369
611.000000 0.499122
612.000000 0.499587
613.000000 0.499985
614.000000 0.500380
615.000000 0.500217
616.000000 0.500101
617.000000 0.499974
618.000000 0.500016
619.000000 0.500472
620.000000 0.500947
621.000000 0.501145
622.000000 0.501718
623.000000 0.501593
624.000000 0.501412
625.000000 0.500944
626.000000 0.500183
627.000000 0.499517
628.000000 0.498725
629.000000 0.497722
630.000000 0.497203
631.000000 0.496789
632.000000 0.496705
633.000000 0.496970
634.000000 0.497228
635.000000 0.497728
636.000000 0.498302
637.000000 0.498525
638.000000 0.498676
639.000000 0.498985
640.000000 0.499108
641.000000 0.499100
642.000000 0.499253
643.000000 0.499339
644.000000 0.499383
645.000000 0.499111
646.000000 0.499245
647.000000 0.499612
648.000000 0.500166
649.000000 0.500621
650.000000 0.500975
651.000000 0.501221
652.000000 0.501424
653.000000 0.501670
654.000000 0.501810
655.000000 0.501991
656.000000 0.502289
657.000000 0.502455
658.000000 0.502748
659.000000 0.503056
660.000000 0.503275
661.000000 0.503934
662.000000 0.504116
663.000000 0.504316
664.000000 0.504289
665.000000 0.504147
666.000000 0.503513
667.000000 0.503154
668.000000 0.502728
669.000000 0.502239
670.000000 0.501974
671.000000 0.501664
672.000000 0.501600
673.000000 0.501678
674.000000 0.501671
675.000000 0.501805
676.000000 0.501466
677.000000 0.501069
678.000000 0.500693
679.000000 0.500355
680.000000 0.500166
681.000000 0.500061
682.000000 0.500039
683.000000 0.500439
684.000000 0.500806
685.000000 0.500839
686.000000 0.500717
687.000000 0.500210
688.000000 0.500037
689.000000 0.499879
690.000000 0.499576
691.000000 0.499749
692.000000 0.499704
693.000000 0.499660
694.000000 0.499682
695.000000 0.499618
696.000000 0.499651
697.000000 0.499788
698.000000 0.500035
699.000000 0.500731
700.000000 0.501234
701.000000 0.501803
702.000000 0.502154
703.000000 0.502502
704.000000 0.503093
705.000000 0.503348
706.000000 0.503670
707.000000 0.503928
708.000000 0.503881
709.000000 0.503842
710.000000 0.503638
711.000000 0.503332
712.000000 0.502819
713.000000 0.502046
714.000000 0.501242
715.000000 0.500919
716.000000 0.500679
717.000000 0.500942
718.000000 0.501319
719.000000 0.501490
720.000000 0.501669
721.000000 0.501648
722.000000 0.501176
723.000000 0.500588
724.000000 0.499903
725.000000 0.499506
726.000000 0.499720
727.000000 0.499885
728.000000 0.500205
729.000000 0.500343
730.000000 0.500381
731.000000 0.500462
732.000000 0.500336
733.000000 0.500331
734.000000 0.500069
735.000000 0.499546
736.000000 0.498992
737.000000 0.498353
738.000000 0.498079
739.000000 0.497891
740.000000 0.497604
741.000000 0.497726
742.000000 0.497785
743.000000 0.497586
744.000000 0.497413
745.000000 0.497191
746.000000 0.496831
747.000000 0.496517
748.000000 0.495987
749.000000 0.495839
750.000000 0.495593
751.000000 0.495234
752.000000 0.495169
753.000000 0.494938
754.000000 0.494927
755.000000 0.495018
756.000000 0.495498
757.000000 0.496070
758.000000 0.496487
759.000000 0.496773
760.000000 0.497002
761.000000 0.496922
762.000000 0.496872
763.000000 0.497341
764.000000 0.497698
765.000000 0.498202
766.000000 0.498841
767.000000 0.499429
768.000000 0.500114
769.000000 0.500715
770.000000 0.501027
771.000000 0.501384
772.000000 0.501656
773.000000 0.501983
774.000000 0.502474
775.000000 0.502541
776.000000 0.502738
777.000000 0.502658
778.000000 0.502216
779.000000 0.501889
780.000000 0.501320
781.000000 0.501186
782.000000 0.501369
783.000000 0.501540
784.000000 0.502030
785.000000 0.502625
786.000000 0.503065
787.000000 0.503419
788.000000 0.503540
789.000000 0.503325
790.000000 0.503025
791.000000 0.502392
792.000000 0.501410
793.000000 0.500800
794.000000 0.500468
795.000000 0.500119
796.000000 0.500342
797.000000 0.500377
798.000000 0.500465
799.000000 0.500419
800.000000 0.500218
801.000000 0.499790
802.000000 0.499355
803.000000 0.499010
804.000000 0.498518
805.000000 0.706554
806.000000 0.230682
807.000000 0.172199
808.000000 0.117348
809.000000 -0.106259
810.000000 -0.030092
811.000000 -0.063120
812.000000 -0.091144
813.000000 0.323968
814.000000 0.377108
815.000000 0.510655
816.000000 0.706036
817.000000 0.687384
818.000000 0.813098
819.000000 0.904782
820.000000 0.746680
821.000000 0.847117
822.000000 0.840874
823.000000 0.812928
824.000000 0.909139
825.000000 0.865839
826.000000 0.862174
827.000000 0.987542
828.000000 0.933166
829.000000 0.975153
830.000000 1.006849
831.000000 0.962708
832.000000 1.023807
833.000000 1.036632
834.000000 0.982402
835.000000 1.042152
836.000000 1.018624
837.000000 1.016218
838.000000 1.053640
839.000000 1.013668
840.000000 1.018055
841.000000 1.050581
842.000000 1.011366
843.000000 1.034980
844.000000 1.031149
845.000000 1.007643
846.000000 1.035603
847.000000 1.024691
848.000000 1.005665
849.000000 1.029157
850.000000 1.006880
851.000000 1.010933
852.000000 1.021954
853.000000 0.999493
854.000000 1.007540
855.000000 1.013542
856.000000 0.995689
857.000000 1.009942
858.000000 1.001409
859.000000 0.993271
860.000000 1.005784
861.000000 0.995580
862.000000 0.992362
863.000000 1.001022
864.000000 0.988959
865.000000 0.995174
866.000000 0.997613
867.000000 0.988318
868.000000 0.995149
869.000000 0.994546
870.000000 0.988922
871.000000 0.996816
872.000000 0.991181
873.000000 0.990127
874.000000 0.995522
875.000000 0.989959
876.000000 0.991654
877.000000 0.994972
878.000000 0.990229
879.000000 0.995056
880.000000 0.994750
881.000000 0.991503
882.000000 0.995559
883.000000 0.993863
884.000000 0.992764
885.000000 0.996687
886.000000 0.993864
887.000000 0.995400
888.000000 0.997494
889.000000 0.995221
890.000000 0.997523
891.000000 0.998287
892.000000 0.996518
893.000000 0.999209
894.000000 0.998385
895.000000 0.997631
896.000000 0.999476
897.000000 0.997906
898.000000 0.997840
899.000000 0.998825
900.000000 0.996375
901.000000 0.996756
902.000000 0.996996
903.000000 0.995906
904.000000 0.997424
905.000000 0.997555
906.000000 0.997448
907.000000 0.999119
908.000000 0.998720
909.000000 0.998968
910.000000 0.999654
911.000000 0.998712
912.000000 0.999224
913.000000 0.999707
914.000000 0.998856
915.000000 0.999680
916.000000 0.999455
917.000000 0.999296
918.000000 1.000243
919.000000 0.999872
920.000000 0.999571
921.000000 0.999910
922.000000 0.998886
923.000000 0.998719
924.000000 0.998281
925.000000 0.997304
926.000000 0.997729
927.000000 0.997786
928.000000 0.997883
929.000000 0.999145
930.000000 0.999573
931.000000 1.000245
932.000000 1.000644
933.000000 1.000039
934.000000 1.000079
935.000000 1.000055
936.000000 0.999674
937.000000 0.999636
938.000000 0.999647
939.000000 0.999693
940.000000 1.000314
941.000000 1.000631
942.000000 1.000961
943.000000 1.001331
944.000000 1.001650
945.000000 1.001991
946.000000 1.002441
947.000000 1.002928
948.000000 1.003650
949.000000 1.004290
950.000000 1.004884
951.000000 1.005308
952.000000 1.005284
953.000000 1.005255
954.000000 1.004782
955.000000 1.003922
956.000000 1.003284
957.000000 1.002714
958.000000 1.002554
959.000000 1.002408
960.000000 1.002491
961.000000 1.002348
962.000000 1.002024
963.000000 1.001486
964.000000 1.000666
965.000000 0.999915
966.000000 0.999483
967.000000 0.999296
968.000000 0.999244
969.000000 0.999550
970.000000 1.000027
971.000000 1.000079
972.000000 0.999975
973.000000 0.999657
974.000000 0.999160
975.000000 0.998991
976.000000 0.998951
977.000000 0.998880
978.000000 0.999247
979.000000 0.999683
980.000000 1.000263
981.000000 1.001079
982.000000 1.001679
983.000000 1.002143
984.000000 1.002498
985.000000 1.002399
986.000000 1.002139
987.000000 1.001821
988.000000 1.001554
989.000000 1.001500
990.000000 1.001509
991.000000 1.001455
992.000000 1.001183
993.000000 1.000495
994.000000 0.999902
995.000000 0.999300
996.000000 0.998969
997.000000 0.998593
998.000000 0.998395
999.000000 0.998166
1000.000000 0.998280
1001.000000 0.998421
1002.000000 0.998843
1003.000000 0.999291
1004.000000 0.999826
1005.000000 1.000119
1006.000000 1.000235
1007.000000 0.999952
1008.000000 0.999879
1009.000000 0.999693
1010.000000 0.999801
1011.000000 0.999964
1012.000000 0.999777
1013.000000 0.999632
1014.000000 0.999489
1015.000000 0.999157
1016.000000 0.999019
1017.000000 0.999256
1018.000000 0.999589
1019.000000 1.000040
1020.000000 1.000620
1021.000000 1.000612
1022.000000 1.000568
1023.000000 1.000424
1024.000000 1.000256
1025.000000 1.000089
1026.000000 0.999915
1027.000000 0.999941
1028.000000 1.000220
1029.000000 1.000713
1030.000000 1.001023
1031.000000 1.000926
1032.000000 1.000657
1033.000000 1.000213
1034.000000 0.999685
1035.000000 0.998933
1036.000000 0.998064
1037.000000 0.997196
1038.000000 0.996671
1039.000000 0.996425
1040.000000 0.996409
1041.000000 0.996707
1042.000000 0.997257
1043.000000 0.997833
1044.000000 0.998148
1045.000000 0.998304
1046.000000 0.998287
1047.000000 0.998338
1048.000000 0.998413
1049.000000 0.998124
1050.000000 0.997922
1051.000000 0.997585
1052.000000 0.997477
1053.000000 0.997523
1054.000000 0.997750
1055.000000 0.998111
1056.000000 0.998476
1057.000000 0.998198
1058.000000 0.997933
1059.000000 0.997345
1060.000000 0.996707
1061.000000 0.996162
1062.000000 0.995578
1063.000000 0.995342
1064.000000 0.995087
1065.000000 0.994683
1066.000000 0.994637
1067.000000 0.994556
1068.000000 0.994818
1069.000000 0.995335
1070.000000 0.995908
1071.000000 0.996638
1072.000000 0.997480
1073.000000 0.998289
1074.000000 0.999091
1075.000000 0.999313
1076.000000 0.999588
1077.000000 0.999831
1078.000000 0.999752
1079.000000 0.999864
1080.000000 1.000148
1081.000000 1.000354
1082.000000 1.000678
1083.000000 1.000825
1084.000000 1.000696
1085.000000 1.000689
1086.000000 1.000461
1087.000000 1.000113
1088.000000 1.000094
1089.000000 1.000210
1090.000000 1.000714
1091.000000 1.001165
1092.000000 1.001213
1093.000000 1.000790
1094.000000 1.000229
1095.000000 0.999576
1096.000000 0.999295
1097.000000 0.999358
1098.000000 0.999517
1099.000000 0.999726
1100.000000 1.000029
1101.000000 1.000220
1102.000000 1.000172
1103.000000 1.000188
1104.000000 1.000426
1105.000000 1.000535
1106.000000 1.000551
1107.000000 1.000392
1108.000000 1.000240
1109.000000 1.000359
1110.000000 1.000537
1111.000000 1.000753
1112.000000 1.001250
1113.000000 1.002129
1114.000000 1.002846
1115.000000 1.003800
1116.000000 1.004455
1117.000000 1.004841
1118.000000 1.005133
1119.000000 1.005311
1120.000000 1.005345
1121.000000 1.005353
1122.000000 1.005123
1123.000000 1.005008
1124.000000 1.005086
1125.000000 1.005110
1126.000000 1.004958
1127.000000 1.004895
1128.000000 1.005130
1129.000000 1.005437
1130.000000 1.005972
1131.000000 1.006437
1132.000000 1.006761
1133.000000 1.006817
1134.000000 1.006605
1135.000000 1.005989
1136.000000 1.004951
1137.000000 1.003702
1138.000000 1.002610
1139.000000 1.001559
1140.000000 1.000830
1141.000000 1.000384
1142.000000 1.000196
1143.000000 1.000457
1144.000000 1.000836
1145.000000 1.000933
1146.000000 1.000965
1147.000000 1.000708
1148.000000 1.000128
1149.000000 0.999421
1150.000000 0.998954
1151.000000 0.998572
1152.000000 0.998312
1153.000000 0.998287
1154.000000 0.997950
1155.000000 0.997565
1156.000000 0.997403
1157.000000 0.997182
1158.000000 0.997356
1159.000000 0.997419
1160.000000 0.997428
1161.000000 0.997785
1162.000000 0.997738
1163.000000 0.997744
1164.000000 0.997515
1165.000000 0.997265
1166.000000 0.997337
1167.000000 0.997387
1168.000000 0.997329
1169.000000 0.997465
1170.000000 0.997805
1171.000000 0.998232
1172.000000 0.998630
1173.000000 0.998898
1174.000000 0.998461
1175.000000 0.998625
1176.000000 0.998686
1177.000000 0.998696
1178.000000 0.998956
1179.000000 0.998990
1180.000000 0.999445
1181.000000 0.999885
1182.000000 1.000046
1183.000000 1.000515
1184.000000 1.000719
1185.000000 1.000769
1186.000000 1.001011
1187.000000 1.000882
1188.000000 1.001061
1189.000000 1.001241
1190.000000 1.001227
1191.000000 1.001234
1192.000000 1.000915
1193.000000 1.000837
1194.000000 1.000858
1195.000000 1.000665
1196.000000 1.000674
1197.000000 1.000620
1198.000000 1.000776
1199.000000 1.000756
1200.000000 1.000413
1201.000000 0.999832
1202.000000 0.999235
1203.000000 0.998377
1204.000000 0.997778
1205.000000 0.997459
1206.000000 0.634207
1207.000000 0.549252
1208.000000 0.466930
1209.000000 0.386874
1210.000000 0.460150
1211.000000 0.469674
1212.000000 0.491059
1213.000000 0.745232
1214.000000 0.773938
1215.000000 0.846444
1216.000000 0.914567
1217.000000 0.883820
1218.000000 0.937880
1219.000000 0.972144
1220.000000 0.873309
1221.000000 0.925890
1222.000000 0.915585
1223.000000 0.913240
1224.000000 0.964873
1225.000000 0.938674
1226.000000 0.936666
1227.000000 1.004330
1228.000000 0.972232
1229.000000 0.997467
1230.000000 1.005698
1231.000000 0.982839
1232.000000 1.016565
1233.000000 1.021924
1234.000000 0.991216
1235.000000 1.022484
1236.000000 1.006089
1237.000000 1.009032
1238.000000 1.027260
1239.000000 1.005450
1240.000000 1.008689
1241.000000 1.026534
1242.000000 1.006396
1243.000000 1.021471
1244.000000 1.016997
1245.000000 1.006142
1246.000000 1.022019
1247.000000 1.016307
1248.000000 1.006566
1249.000000 1.018856
1250.000000 1.005325
1251.000000 1.008771
1252.000000 1.013033
1253.000000 1.000423
1254.000000 1.004700
1255.000000 1.007698
1256.000000 0.998725
1257.000000 1.007241
1258.000000 1.001707
1259.000000 0.998396
1260.000000 1.005099
1261.000000 0.999721
1262.000000 0.998397
1263.000000 1.003247
1264.000000 0.997211
1265.000000 1.001640
1266.000000 1.002735
1267.000000 0.998486
1268.000000 1.002527
1269.000000 1.002092
1270.000000 0.999567
1271.000000 1.004393
1272.000000 1.001707
1273.000000 1.002572
1274.000000 1.006175
1275.000000 1.003710
1276.000000 1.004943
1277.000000 1.006064
1278.000000 1.002722
1279.000000 1.004957
1280.000000 1.003800
1281.000000 1.001884
1282.000000 1.004240
1283.000000 1.003348
1284.000000 1.002916
1285.000000 1.004736
1286.000000 1.002183
1287.000000 1.001983
1288.000000 1.001470
1289.000000 0.998782
1290.000000 0.999071
1291.000000 0.998527
1292.000000 0.997171
1293.000000 0.998454
1294.000000 0.997351
1295.000000 0.996551
1296.000000 0.996892
1297.000000 0.995196
1298.000000 0.994850
1299.000000 0.994970
1300.000000 0.993715
1301.000000 0.994428
1302.000000 0.994853
1303.000000 0.994468
1304.000000 0.995610
1305.000000 1.203940
1306.000000 1.273203
1307.000000 1.343070
1308.000000 1.410861
1309.000000 1.307495
1310.000000 1.273862
1311.000000 1.225847
1312.000000 1.165507
1313.000000 1.199170
1314.000000 1.209209
1315.000000 1.234805
1316.000000 1.328236
1317.000000 1.355941
1318.000000 1.400529
1319.000000 1.439958
1320.000000 1.428630
1321.000000 1.449253
1322.000000 1.457135
1323.000000 1.432165
1324.000000 1.451078
1325.000000 1.447370
1326.000000 1.447309
1327.000000 1.472017
1328.000000 1.466791
1329.000000 1.472221
1330.000000 1.492576
1331.000000 1.484019
1332.000000 1.495609
1333.000000 1.501171
1334.000000 1.492685
1335.000000 1.504509
1336.000000 1.504301
1337.000000 1.496695
1338.000000 1.506249
1339.000000 1.499513
1340.000000 1.500012
1341.000000 1.507059
1342.000000 1.500046
1343.000000 1.503024
1344.000000 1.507605
1345.000000 1.501571
1346.000000 1.507379
1347.000000 1.506167
1348.000000 1.502025
1349.000000 1.506885
1350.000000 1.503810
1351.000000 1.501562
1352.000000 1.505244
1353.000000 1.500754
1354.000000 1.502319
1355.000000 1.504340
1356.000000 1.500484
1357.000000 1.502689
1358.000000 1.502636
1359.000000 1.499477
1360.000000 1.502104
1361.000000 1.499834
1362.000000 1.498528
1363.000000 1.500622
1364.000000 1.498358
1365.000000 1.498506
1366.000000 1.499950
1367.000000 1.497891
1368.000000 1.499626
1369.000000 1.499658
1370.000000 1.498024
1371.000000 1.499089
1372.000000 1.498050
1373.000000 1.497301
1374.000000 1.498583
1375.000000 1.497460
1376.000000 1.497883
1377.000000 1.499175
1378.000000 1.498457
1379.000000 1.498907
1380.000000 1.498962
1381.000000 1.497895
1382.000000 1.498584
1383.000000 1.498226
1384.000000 1.497671
1385.000000 1.498671
1386.000000 1.498297
1387.000000 1.497959
1388.000000 1.498388
1389.000000 1.497489
1390.000000 1.498025
1391.000000 1.498646
1392.000000 1.498359
1393.000000 1.498982
1394.000000 1.499121
1395.000000 1.499293
1396.000000 1.500072
1397.000000 1.500156
1398.000000 1.500104
1399.000000 1.500394
1400.000000 1.500566
1401.000000 1.501281
1402.000000 1.502108
1403.000000 1.502478
1404.000000 1.503187
1405.000000 1.503546
1406.000000 1.503521
1407.000000 1.503855
1408.000000 1.503752
1409.000000 1.503894
1410.000000 1.504396
1411.000000 1.504537
1412.000000 1.504902
1413.000000 1.505192
1414.000000 1.504985
1415.000000 1.504873
1416.000000 1.504573
1417.000000 1.503878
1418.000000 1.503343
1419.000000 1.502738
1420.000000 1.502069
1421.000000 1.501577
1422.000000 1.501017
1423.000000 1.500287
1424.000000 1.499714
1425.000000 1.498997
1426.000000 1.498645
1427.000000 1.498564
1428.000000 1.498312
1429.000000 1.498260
1430.000000 1.498087
1431.000000 1.497341
1432.000000 1.496623
1433.000000 1.495492
1434.000000 1.494690
1435.000000 1.493801
1436.000000 1.492984
1437.000000 1.492689
1438.000000 1.492339
1439.000000 1.492087
1440.000000 1.491799
1441.000000 1.491627
1442.000000 1.491800
1443.000000 1.492118
1444.000000 1.492383
1445.000000 1.492717
1446.000000 1.492633
1447.000000 1.492382
1448.000000 1.492287
1449.000000 1.492126
1450.000000 1.492554
1451.000000 1.493077
1452.000000 1.493679
1453.000000 1.494479
1454.000000 1.495373
1455.000000 1.495799
1456.000000 1.496452
1457.000000 1.497246
1458.000000 1.497746
1459.000000 1.498130
1460.000000 1.498402
1461.000000 1.498095
1462.000000 1.498234
1463.000000 1.498194
1464.000000 1.498379
1465.000000 1.498918
1466.000000 1.499502
1467.000000 1.500320
1468.000000 1.501250
1469.000000 1.501998
1470.000000 1.502650
1471.000000 1.502972
1472.000000 1.503117
1473.000000 1.502939
1474.000000 1.502569
1475.000000 1.502130
1476.000000 1.501891
1477.000000 1.501913
1478.000000 1.502108
1479.000000 1.502069
1480.000000 1.502092
1481.000000 1.501956
1482.000000 1.501922
1483.000000 1.501605
1484.000000 1.501122
1485.000000 1.500620
1486.000000 1.500349
1487.000000 1.499979
1488.000000 1.499505
1489.000000 1.499110
1490.000000 1.498599
1491.000000 1.497851
1492.000000 1.497354
1493.000000 1.496781
1494.000000 1.496645
1495.000000 1.496912
1496.000000 1.497428
1497.000000 1.498273
1498.000000 1.499535
1499.000000 1.500641
1500.000000 1.501529
1501.000000 1.502106
1502.000000 1.502642
1503.000000 1.503250
1504.000000 1.503598
1505.000000 1.504147
1506.000000 1.504610
1507.000000 1.504558
1508.000000 1.504605
1509.000000 1.504490
1510.000000 1.504214
1511.000000 1.504306
1512.000000 1.504242
1513.000000 1.504320
1514.000000 1.504550
1515.000000 1.504641
1516.000000 1.504520
1517.000000 1.504482
1518.000000 1.504046
1519.000000 1.503635
1520.000000 1.503085
1521.000000 1.502330
1522.000000 1.501840
1523.000000 1.501387
1524.000000 1.501114
1525.000000 1.500853
1526.000000 1.500405
1527.000000 1.499999
1528.000000 1.499564
1529.000000 1.499256
1530.000000 1.498847
1531.000000 1.498438
1532.000000 1.498214
1533.000000 1.498193
1534.000000 1.497808
1535.000000 1.497224
1536.000000 1.496834
1537.000000 1.496308
1538.000000 1.495731
1539.000000 1.495157
1540.000000 1.494805
1541.000000 1.494686
1542.000000 1.494483
1543.000000 1.494451
1544.000000 1.494672
1545.000000 1.495194
1546.000000 1.495703
1547.000000 1.495966
1548.000000 1.495942
1549.000000 1.495398
1550.000000 1.494419
1551.000000 1.493806
1552.000000 1.493542
1553.000000 1.493836
1554.000000 1.495152
1555.000000 1.496503
1556.000000 1.497732
1557.000000 1.499091
1558.000000 1.499824
1559.000000 1.500114
1560.000000 1.500492
1561.000000 1.500545
1562.000000 1.500761
1563.000000 1.501016
1564.000000 1.501293
1565.000000 1.501899
1566.000000 1.502163
1567.000000 1.502265
1568.000000 1.502098
1569.000000 1.501554
1570.000000 1.501185
1571.000000 1.500686
1572.000000 1.500839
1573.000000 1.501165
1574.000000 1.501776
1575.000000 1.502514
1576.000000 1.502995
1577.000000 1.503097
1578.000000 1.502931
1579.000000 1.502399
1580.000000 1.501929
1581.000000 1.501328
1582.000000 1.500924
1583.000000 1.500688
1584.000000 1.500637
1585.000000 1.500872
1586.000000 1.501438
1587.000000 1.501673
1588.000000 1.501894
1589.000000 1.502032
1590.000000 1.501964
1591.000000 1.501837
1592.000000 1.502032
1593.000000 1.501949
1594.000000 1.502216
1595.000000 1.502221
1596.000000 1.502329
1597.000000 1.502720
1598.000000 1.502838
1599.000000 1.503214
1600.000000 1.504092
