1.000000 0.000000
2.000000 0.000000
3.000000 0.000000
4.000000 0.000000
5.000000 0.000000
6.000000 0.000000
7.000000 0.000000
8.000000 0.000000
9.000000 0.000000
10.000000 0.000000
11.000000 0.000000
12.000000 0.000000
13.000000 0.000000
14.000000 0.000000
15.000000 1.000000
16.000000 1.000000
17.000000 1.000000
18.000000 1.000000
19.000000 0.583146
20.000000 0.081180
21.000000 -0.141264
22.000000 -0.360222
23.000000 -0.232814
24.000000 -0.090669
25.000000 0.014789
26.000000 0.158609
27.000000 0.347188
28.000000 0.355857
29.000000 0.378488
30.000000 0.259185
31.000000 0.172678
32.000000 0.137575
33.000000 0.090988
34.000000 0.013967
35.000000 0.025411
36.000000 -0.001533
37.000000 0.046772
38.000000 0.060834
39.000000 0.043111
40.000000 0.043105
41.000000 0.062612
42.000000 0.041164
43.000000 0.055795
44.000000 0.022936
45.000000 0.017495
46.000000 0.029193
47.000000 0.024854
48.000000 0.012758
49.000000 0.020828
50.000000 0.004050
51.000000 0.020595
52.000000 0.017211
53.000000 0.006298
54.000000 0.007907
55.000000 0.010856
56.000000 0.004816
57.000000 0.014829
58.000000 0.002083
59.000000 0.004466
60.000000 0.009650
61.000000 0.006558
62.000000 0.005457
63.000000 0.007794
64.000000 0.000643
65.000000 0.008933
66.000000 0.006028
67.000000 0.003043
68.000000 0.005265
69.000000 0.004637
70.000000 0.003556
71.000000 0.007798
72.000000 0.001924
73.000000 0.004284
74.000000 0.005466
75.000000 0.003666
76.000000 0.004572
77.000000 0.004596
78.000000 0.001922
79.000000 0.005698
80.000000 0.003554
81.000000 0.003063
82.000000 0.004088
83.000000 0.002948
84.000000 0.003141
85.000000 0.004470
86.000000 0.001820
87.000000 0.003321
88.000000 0.003132
89.000000 0.002337
90.000000 0.003097
91.000000 0.002522
92.000000 0.001673
93.000000 0.003178
94.000000 0.001847
95.000000 0.002023
96.000000 0.002282
97.000000 0.001518
98.000000 0.001897
99.000000 0.002125
100.000000 0.001040
101.000000 0.001846
102.000000 0.001422
103.000000 0.001189
104.000000 0.001581
105.000000 0.001090
106.000000 0.000932
107.000000 0.001454
108.000000 0.000764
109.000000 0.001031
110.000000 0.001003
111.000000 0.000641
112.000000 0.000926
113.000000 0.000850
114.000000 0.000476
115.000000 0.000859
116.000000 0.000541
117.000000 0.000542
118.000000 0.000696
119.000000 0.000410
120.000000 0.000456
121.000000 0.000598
122.000000 0.000292
123.000000 0.000488
124.000000 0.000397
125.000000 0.000268
126.000000 0.000428
127.000000 0.000320
128.000000 0.000226
129.000000 0.000384
130.000000 0.000201
131.000000 0.000261
132.000000 0.000299
133.000000 0.000162
134.000000 0.000232
135.000000 0.000245
136.000000 0.000128
137.000000 0.000238
138.000000 0.000160
139.000000 0.000132
140.000000 0.000204
141.000000 0.000128
142.000000 0.000123
143.000000 0.000176
144.000000 0.000086
145.000000 0.000138
146.000000 0.000132
147.000000 0.000077
148.000000 0.000124
149.000000 0.000104
150.000000 0.000069
151.000000 0.000119
152.000000 0.000069
153.000000 0.000074
154.000000 0.000098
155.000000 0.000056
156.000000 0.000071
157.000000 0.000080
158.000000 0.000042
159.000000 0.000073
160.000000 0.000058
161.000000 0.000041
162.000000 0.000064
163.000000 0.000045
164.000000 0.000039
165.000000 0.000058
166.000000 0.000031
167.000000 0.000041
168.000000 0.000045
169.000000 0.000026
170.000000 0.000038
171.000000 0.000035
172.000000 0.000022
173.000000 0.000037
174.000000 0.000025
175.000000 0.000022
176.000000 0.000031
177.000000 0.000019
178.000000 0.000021
179.000000 0.000026
180.000000 0.000014
181.000000 0.000022
182.000000 0.000020
183.000000 0.000013
184.000000 0.000020
185.000000 0.000015
186.000000 0.000011
187.000000 0.000018
188.000000 0.000010
189.000000 0.000012
190.000000 0.000014
191.000000 0.000008
192.000000 0.000011
193.000000 0.000011
194.000000 0.000006
195.000000 0.000011
196.000000 0.000008
197.000000 0.000006
198.000000 0.000009
199.000000 0.000006
200.000000 0.000006
201.000000 0.000008
202.000000 0.000004
203.000000 0.000006
204.000000 0.000006
205.000000 0.000004
206.000000 0.000006
207.000000 0.000005
208.000000 0.000003
209.000000 0.000005
210.000000 0.000003
211.000000 0.000003
212.000000 0.000004
213.000000 0.000002
214.000000 0.000003
215.000000 0.000004
216.000000 0.000002
217.000000 0.000003
218.000000 0.000003
219.000000 0.000002
220.000000 0.000003
221.000000 0.000002
222.000000 0.000002
223.000000 0.000002
224.000000 0.000001
225.000000 0.000002
226.000000 0.000002
227.000000 0.000001
228.000000 0.000002
229.000000 0.000002
230.000000 0.000001
231.000000 0.000002
232.000000 0.000001
233.000000 0.000001
234.000000 0.000001
235.000000 0.000001
236.000000 0.000001
237.000000 0.000001
238.000000 0.000001
239.000000 0.000001
240.000000 0.000001
241.000000 0.000000
242.000000 0.000001
243.000000 0.000001
244.000000 0.000000
245.000000 0.000001
246.000000 0.000000
247.000000 0.000000
248.000000 0.000001
249.000000 0.000000
250.000000 0.000000
251.000000 0.000000
252.000000 0.000000
253.000000 0.000000
254.000000 0.000000
255.000000 0.000000
256.000000 0.000000
257.000000 0.000000
258.000000 0.000000
259.000000 0.000000
260.000000 0.000000
261.000000 0.000000
262.000000 0.000000
263.000000 0.000000
264.000000 0.000000
265.000000 0.000000
266.000000 0.000000
267.000000 0.000000
268.000000 0.000000
269.000000 0.000000
270.000000 0.000000
271.000000 0.000000
272.000000 0.000000
273.000000 0.000000
274.000000 0.000000
275.000000 0.000000
276.000000 0.000000
277.000000 0.000000
278.000000 0.000000
279.000000 0.000000
280.000000 0.000000
281.000000 0.000000
282.000000 0.000000
283.000000 0.000000
284.000000 0.000000
285.000000 0.000000
286.000000 0.000000
287.000000 0.000000
288.000000 0.000000
289.000000 0.000000
290.000000 0.000000
291.000000 0.000000
292.000000 0.000000
293.000000 0.000000
294.000000 0.000000
295.000000 0.000000
296.000000 0.000000
297.000000 0.000000
298.000000 0.000000
299.000000 0.000000
300.000000 0.000000
301.000000 0.000000
302.000000 0.000000
303.000000 0.000000
304.000000 0.000000
305.000000 0.000000
306.000000 0.000000
307.000000 0.000000
308.000000 0.000000
309.000000 0.000000
310.000000 0.000000
311.000000 0.000000
312.000000 0.000000
313.000000 0.000000
314.000000 0.000000
315.000000 0.000000
316.000000 0.000000
317.000000 0.000000
318.000000 0.000000
319.000000 0.000000
320.000000 0.000000
321.000000 0.000000
322.000000 0.000000
323.000000 0.000000
324.000000 0.000000
325.000000 0.000000
326.000000 0.000000
327.000000 0.000000
328.000000 0.000000
329.000000 0.000000
330.000000 0.000000
331.000000 0.000000
332.000000 0.000000
333.000000 0.000000
334.000000 0.000000
335.000000 0.000000
336.000000 0.000000
337.000000 0.000000
338.000000 0.000000
339.000000 0.000000
340.000000 0.000000
341.000000 0.000000
342.000000 0.000000
343.000000 0.000000
344.000000 0.000000
345.000000 0.000000
346.000000 0.000000
347.000000 0.000000
348.000000 0.000000
349.000000 0.000000
350.000000 0.000000
351.000000 0.000000
352.000000 0.000000
353.000000 0.000000
354.000000 0.000000
355.000000 0.000000
356.000000 0.000000
357.000000 -0.000000
358.000000 0.000000
359.000000 0.000000
360.000000 -0.000000
361.000000 0.000000
362.000000 0.000000
363.000000 0.000000
364.000000 0.000000
365.000000 -0.000000
366.000000 0.000000
367.000000 0.000000
368.000000 -0.000000
369.000000 0.000000
370.000000 0.000000
371.000000 -0.000000
372.000000 0.000000
373.000000 -0.000000
374.000000 -0.000000
375.000000 0.000000
376.000000 -0.000000
377.000000 -0.000000
378.000000 0.000000
379.000000 -0.000000
380.000000 0.000000
381.000000 -0.000000
382.000000 -0.000000
383.000000 0.000000
384.000000 -0.000000
385.000000 -0.000000
386.000000 0.000000
387.000000 -0.000000
388.000000 -0.000000
389.000000 -0.000000
390.000000 -0.000000
391.000000 -0.000000
392.000000 -0.000000
393.000000 -0.000000
394.000000 -0.000000
395.000000 -0.000000
396.000000 -0.000000
397.000000 -0.000000
398.000000 -0.000000
399.000000 -0.000000
400.000000 -0.000000
401.000000 -0.000000
402.000000 -0.000000
403.000000 -0.000000
404.000000 -0.000000
405.000000 -0.000000
406.000000 -0.726417
407.000000 -0.895972
408.000000 -1.060599
409.000000 -1.220712
410.000000 -1.073875
411.000000 -1.054581
412.000000 -1.011129
413.000000 -0.501995
414.000000 -0.444709
415.000000 -0.300009
416.000000 -0.164456
417.000000 -0.226841
418.000000 -0.119262
419.000000 -0.051393
420.000000 -0.249088
421.000000 -0.143556
422.000000 -0.163907
423.000000 -0.168178
424.000000 -0.064735
425.000000 -0.116415
426.000000 -0.119791
427.000000 0.016318
428.000000 -0.047955
429.000000 0.002197
430.000000 0.018288
431.000000 -0.028018
432.000000 0.039438
433.000000 0.050366
434.000000 -0.010303
435.000000 0.052979
436.000000 0.020640
437.000000 0.026383
438.000000 0.062035
439.000000 0.016507
440.000000 0.021549
441.000000 0.055509
442.000000 0.012882
443.000000 0.041154
444.000000 0.030686
445.000000 0.008020
446.000000 0.038640
447.000000 0.026548
448.000000 0.007270
449.000000 0.032293
450.000000 0.006568
451.000000 0.014782
452.000000 0.024215
453.000000 0.000068
454.000000 0.009134
455.000000 0.014633
456.000000 -0.003772
457.000000 0.012581
458.000000 0.001445
459.000000 -0.005072
460.000000 0.008525
461.000000 -0.002106
462.000000 -0.004672
463.000000 0.004484
464.000000 -0.008902
465.000000 -0.000946
466.000000 0.000283
467.000000 -0.009375
468.000000 -0.001902
469.000000 -0.003109
470.000000 -0.008690
471.000000 -0.000092
472.000000 -0.007066
473.000000 -0.006833
474.000000 -0.001269
475.000000 -0.007087
476.000000 -0.004991
477.000000 -0.002293
478.000000 -0.007898
479.000000 -0.002452
480.000000 -0.003477
481.000000 -0.006413
482.000000 -0.002057
483.000000 -0.004092
484.000000 -0.004863
485.000000 -0.001085
486.000000 -0.004807
487.000000 -0.003148
488.000000 -0.001412
489.000000 -0.004077
490.000000 -0.001910
491.000000 -0.001680
492.000000 -0.003660
493.000000 -0.000746
494.000000 -0.002042
495.000000 -0.002542
496.000000 -0.000582
497.000000 -0.002090
498.000000 -0.001626
499.000000 -0.000343
500.000000 -0.002135
501.000000 -0.500806
502.000000 -0.500606
503.000000 -0.501653
504.000000 -0.500349
505.000000 -0.292361
506.000000 -0.223506
507.000000 -0.153381
508.000000 -0.086001
509.000000 -0.189550
510.000000 -0.223232
511.000000 -0.271988
512.000000 -0.332494
513.000000 -0.299241
514.000000 -0.290006
515.000000 -0.264372
516.000000 -0.171052
517.000000 -0.143705
518.000000 -0.098633
519.000000 -0.058798
520.000000 -0.069731
521.000000 -0.048590
522.000000 -0.040734
523.000000 -0.065683
524.000000 -0.046702
525.000000 -0.051146
526.000000 -0.051623
527.000000 -0.027400
528.000000 -0.032997
529.000000 -0.027392
530.000000 -0.007166
531.000000 -0.016049
532.000000 -0.004781
533.000000 -0.000141
534.000000 -0.009158
535.000000 0.002766
536.000000 0.002826
537.000000 -0.003812
538.000000 0.006777
539.000000 0.000715
540.000000 0.001368
541.000000 0.008288
542.000000 0.000602
543.000000 0.002827
544.000000 0.006439
545.000000 -0.000368
546.000000 0.004775
547.000000 0.003171
548.000000 -0.001004
549.000000 0.004100
550.000000 0.001152
551.000000 -0.000826
552.000000 0.002938
553.000000 -0.001637
554.000000 -0.000391
555.000000 0.001229
556.000000 -0.002819
557.000000 -0.000794
558.000000 -0.000713
559.000000 -0.003473
560.000000 -0.000651
561.000000 -0.002459
562.000000 -0.003496
563.000000 -0.001234
564.000000 -0.003269
565.000000 -0.003114
566.000000 -0.001771
567.000000 -0.003936
568.000000 -0.002546
569.000000 -0.002315
570.000000 -0.003785
571.000000 -0.002286
572.000000 -0.002736
573.000000 -0.003396
574.000000 -0.001917
575.000000 -0.002989
576.000000 -0.002815
577.000000 -0.001870
578.000000 -0.002849
579.000000 -0.002218
580.000000 -0.001830
581.000000 -0.002641
582.000000 -0.001672
583.000000 -0.001816
584.000000 -0.002183
585.000000 -0.001352
586.000000 -0.001751
587.000000 -0.001722
588.000000 -0.001084
589.000000 -0.001636
590.000000 -0.001278
591.000000 -0.000986
592.000000 -0.001398
593.000000 -0.000924
594.000000 -0.000913
595.000000 -0.001163
596.000000 -0.000658
597.000000 -0.000860
598.000000 -0.000878
599.000000 -0.000523
600.000000 -0.000786
601.000000 -0.000638
602.000000 -0.000434
603.000000 -0.000695
604.000000 -0.000441
605.000000 -0.000414
606.000000 -0.000564
607.000000 -0.000310
608.000000 -0.000397
609.000000 -0.000444
610.000000 -0.000230
611.000000 -0.000380
612.000000 -0.000320
613.000000 -0.000204
614.000000 -0.000345
615.000000 -0.000227
616.000000 -0.000194
617.000000 -0.000299
618.000000 -0.000161
619.000000 -0.000201
620.000000 -0.000239
621.000000 -0.000125
622.000000 -0.000200
623.000000 -0.000185
624.000000 -0.000109
625.000000 -0.000192
626.000000 -0.000135
627.000000 -0.000111
628.000000 -0.000171
629.000000 -0.000101
630.000000 -0.000114
631.000000 -0.000145
632.000000 -0.000079
633.000000 -0.000118
634.000000 -0.000115
635.000000 -0.000071
636.000000 -0.000114
637.000000 -0.000089
638.000000 -0.000069
639.000000 -0.000105
640.000000 -0.000067
641.000000 -0.000071
642.000000 -0.000090
643.000000 -0.000053
644.000000 -0.000071
645.000000 -0.000073
646.000000 -0.000046
647.000000 -0.000069
648.000000 -0.000056
649.000000 -0.000043
650.000000 -0.000063
651.000000 -0.000044
652.000000 -0.000042
653.000000 -0.000054
654.000000 -0.000034
655.000000 -0.000042
656.000000 -0.000044
657.000000 -0.000029
658.000000 -0.000040
659.000000 -0.000035
660.000000 -0.000026
661.000000 -0.000037
662.000000 -0.000027
663.000000 -0.000025
664.000000 -0.000032
665.000000 -0.000021
666.000000 -0.000024
667.000000 -0.000026
668.000000 -0.000017
669.000000 -0.000023
670.000000 -0.000021
671.000000 -0.000015
672.000000 -0.000021
673.000000 -0.000016
674.000000 -0.000014
675.000000 -0.000018
676.000000 -0.000012
677.000000 -0.000013
678.000000 -0.000015
679.000000 -0.000010
680.000000 -0.000013
681.000000 -0.000012
682.000000 -0.000009
683.000000 -0.000012
684.000000 -0.000009
685.000000 -0.000008
686.000000 -0.000010
687.000000 -0.000007
688.000000 -0.000008
689.000000 -0.000009
690.000000 -0.000006
691.000000 -0.000007
692.000000 -0.000007
693.000000 -0.000005
694.000000 -0.000007
695.000000 -0.000006
696.000000 -0.000005
697.000000 -0.000006
698.000000 -0.000004
699.000000 -0.000004
700.000000 -0.000005
701.000000 -0.000004
702.000000 -0.000004
703.000000 -0.000004
704.000000 -0.000003
705.000000 -0.000004
706.000000 -0.000003
707.000000 -0.000003
708.000000 -0.000004
709.000000 -0.000003
710.000000 -0.000003
711.000000 -0.000003
712.000000 -0.000002
713.000000 -0.000002
714.000000 -0.000003
715.000000 -0.000002
716.000000 -0.000002
717.000000 -0.000002
718.000000 -0.000002
719.000000 -0.000002
720.000000 -0.000002
721.000000 -0.000001
722.000000 -0.000002
723.000000 -0.000001
724.000000 -0.000001
725.000000 -0.000002
726.000000 -0.000001
727.000000 -0.000001
728.000000 -0.000001
729.000000 -0.000001
730.000000 -0.000001
731.000000 -0.000001
732.000000 -0.000001
733.000000 -0.000001
734.000000 -0.000001
735.000000 -0.000001
736.000000 -0.000001
737.000000 -0.000001
738.000000 -0.000001
739.000000 -0.000001
740.000000 -0.000001
741.000000 -0.000001
742.000000 -0.000001
743.000000 -0.000001
744.000000 -0.000001
745.000000 -0.000000
746.000000 -0.000000
747.000000 -0.000001
748.000000 -0.000000
749.000000 -0.000000
750.000000 -0.000000
751.000000 -0.000000
752.000000 -0.000000
753.000000 -0.000000
754.000000 -0.000000
755.000000 -0.000000
756.000000 -0.000000
757.000000 -0.000000
758.000000 -0.000000
759.000000 -0.000000
760.000000 -0.000000
761.000000 -0.000000
762.000000 -0.000000
763.000000 -0.000000
764.000000 -0.000000
765.000000 -0.000000
766.000000 -0.000000
767.000000 -0.000000
768.000000 -0.000000
769.000000 -0.000000
770.000000 -0.000000
771.000000 -0.000000
772.000000 -0.000000
773.000000 -0.000000
774.000000 -0.000000
775.000000 -0.000000
776.000000 -0.000000
777.000000 -0.000000
778.000000 -0.000000
779.000000 -0.000000
780.000000 -0.000000
781.000000 -0.000000
782.000000 -0.000000
783.000000 -0.000000
784.000000 -0.000000
785.000000 -0.000000
786.000000 -0.000000
787.000000 -0.000000
788.000000 -0.000000
789.000000 -0.000000
790.000000 -0.000000
791.000000 -0.000000
792.000000 -0.000000
793.000000 -0.000000
794.000000 -0.000000
795.000000 -0.000000
796.000000 -0.000000
797.000000 -0.000000
798.000000 -0.000000
799.000000 -0.000000
800.000000 -0.000000
801.000000 0.500000
802.000000 0.500000
803.000000 0.500000
804.000000 0.500000
805.000000 0.291573
806.000000 0.767007
807.000000 0.825339
808.000000 0.880488
809.000000 1.104305
810.000000 1.028541
811.000000 1.061975
812.000000 1.090433
813.000000 0.675589
814.000000 0.622637
815.000000 0.489253
816.000000 0.294049
817.000000 0.313181
818.000000 0.188049
819.000000 0.096886
820.000000 0.256071
821.000000 0.156261
822.000000 0.163140
823.000000 0.191564
824.000000 0.095152
825.000000 0.137970
826.000000 0.141343
827.000000 0.014988
828.000000 0.068536
829.000000 0.025701
830.000000 -0.006820
831.000000 0.036765
832.000000 -0.024841
833.000000 -0.037939
834.000000 0.016682
835.000000 -0.042565
836.000000 -0.018615
837.000000 -0.016086
838.000000 -0.053429
839.000000 -0.013359
840.000000 -0.017596
841.000000 -0.050081
842.000000 -0.010474
843.000000 -0.033739
844.000000 -0.029644
845.000000 -0.005787
846.000000 -0.033815
847.000000 -0.023269
848.000000 -0.004542
849.000000 -0.028396
850.000000 -0.006247
851.000000 -0.010316
852.000000 -0.021200
853.000000 0.001454
854.000000 -0.006502
855.000000 -0.012314
856.000000 0.005550
857.000000 -0.008682
858.000000 -0.000483
859.000000 0.007214
860.000000 -0.005792
861.000000 0.003939
862.000000 0.006959
863.000000 -0.002186
864.000000 0.009863
865.000000 0.003795
866.000000 0.001494
867.000000 0.010906
868.000000 0.003946
869.000000 0.004583
870.000000 0.010260
871.000000 0.002327
872.000000 0.007976
873.000000 0.008493
874.000000 0.002836
875.000000 0.008255
876.000000 0.006539
877.000000 0.003554
878.000000 0.008735
879.000000 0.004041
880.000000 0.004400
881.000000 0.007424
882.000000 0.003198
883.000000 0.004851
884.000000 0.005812
885.000000 0.002147
886.000000 0.005327
887.000000 0.004071
888.000000 0.002123
889.000000 0.004671
890.000000 0.002700
891.000000 0.002225
892.000000 0.004126
893.000000 0.001473
894.000000 0.002424
895.000000 0.003058
896.000000 0.001083
897.000000 0.002411
898.000000 0.002090
899.000000 0.000769
900.000000 0.002372
901.000000 0.001236
902.000000 0.000876
903.000000 0.001924
904.000000 0.000697
905.000000 0.000993
906.000000 0.001540
907.000000 0.000319
908.000000 0.001108
909.000000 0.001023
910.000000 0.000296
911.000000 0.001082
912.000000 0.000622
913.000000 0.000308
914.000000 0.001013
915.000000 0.000318
916.000000 0.000446
917.000000 0.000786
918.000000 0.000179
919.000000 0.000537
920.000000 0.000591
921.000000 0.000117
922.000000 0.000588
923.000000 0.000372
924.000000 0.000181
925.000000 0.000553
926.000000 0.000225
927.000000 0.000238
928.000000 0.000488
929.000000 0.000131
930.000000 0.000313
931.000000 0.000365
932.000000 0.000110
933.000000 0.000344
934.000000 0.000265
935.000000 0.000117
936.000000 0.000343
937.000000 0.000170
938.000000 0.000161
939.000000 0.000300
940.000000 0.000115
941.000000 0.000189
942.000000 0.000246
943.000000 0.000087
944.000000 0.000212
945.000000 0.000177
946.000000 0.000089
947.000000 0.000208
948.000000 0.000126
949.000000 0.000099
950.000000 0.000188
951.000000 0.000084
952.000000 0.000117
953.000000 0.000153
954.000000 0.000065
955.000000 0.000124
956.000000 0.000117
957.000000 0.000057
958.000000 0.000124
959.000000 0.000081
960.000000 0.000062
961.000000 0.000111
962.000000 0.000058
963.000000 0.000067
964.000000 0.000093
965.000000 0.000042
966.000000 0.000072
967.000000 0.000071
968.000000 0.000036
969.000000 0.000070
970.000000 0.000052
971.000000 0.000035
972.000000 0.000065
973.000000 0.000036
974.000000 0.000038
975.000000 0.000054
976.000000 0.000027
977.000000 0.000040
978.000000 0.000043
979.000000 0.000022
980.000000 0.000040
981.000000 0.000032
982.000000 0.000021
983.000000 0.000037
984.000000 0.000023
985.000000 0.000021
986.000000 0.000032
987.000000 0.000016
988.000000 0.000023
989.000000 0.000026
990.000000 0.000013
991.000000 0.000023
992.000000 0.000020
993.000000 0.000012
994.000000 0.000021
995.000000 0.000014
996.000000 0.000013
997.000000 0.000019
998.000000 0.000011
999.000000 0.000013
1000.000000 0.000016
1001.000000 0.000008
1002.000000 0.000013
1003.000000 0.000012
1004.000000 0.000008
1005.000000 0.000012
1006.000000 0.000009
1007.000000 0.000007
1008.000000 0.000011
1009.000000 0.000007
1010.000000 0.000008
1011.000000 0.000009
1012.000000 0.000005
1013.000000 0.000008
1014.000000 0.000007
1015.000000 0.000005
1016.000000 0.000007
1017.000000 0.000006
1018.000000 0.000004
1019.000000 0.000007
1020.000000 0.000004
1021.000000 0.000004
1022.000000 0.000006
1023.000000 0.000003
1024.000000 0.000004
1025.000000 0.000005
1026.000000 0.000003
1027.000000 0.000004
1028.000000 0.000004
1029.000000 0.000003
1030.000000 0.000004
1031.000000 0.000003
1032.000000 0.000003
1033.000000 0.000003
1034.000000 0.000002
1035.000000 0.000003
1036.000000 0.000003
1037.000000 0.000002
1038.000000 0.000003
1039.000000 0.000002
1040.000000 0.000002
1041.000000 0.000002
1042.000000 0.000002
1043.000000 0.000002
1044.000000 0.000002
1045.000000 0.000001
1046.000000 0.000002
1047.000000 0.000002
1048.000000 0.000001
1049.000000 0.000001
1050.000000 0.000001
1051.000000 0.000001
1052.000000 0.000001
1053.000000 0.000001
1054.000000 0.000001
1055.000000 0.000001
1056.000000 0.000001
1057.000000 0.000001
1058.000000 0.000001
1059.000000 0.000001
1060.000000 0.000001
1061.000000 0.000001
1062.000000 0.000001
1063.000000 0.000001
1064.000000 0.000001
1065.000000 0.000001
1066.000000 0.000001
1067.000000 0.000001
1068.000000 0.000001
1069.000000 0.000001
1070.000000 0.000000
1071.000000 0.000001
1072.000000 0.000001
1073.000000 0.000000
1074.000000 0.000000
1075.000000 0.000000
1076.000000 0.000000
1077.000000 0.000000
1078.000000 0.000000
1079.000000 0.000000
1080.000000 0.000000
1081.000000 0.000000
1082.000000 0.000000
1083.000000 0.000000
1084.000000 0.000000
1085.000000 0.000000
1086.000000 0.000000
1087.000000 0.000000
1088.000000 0.000000
1089.000000 0.000000
1090.000000 0.000000
1091.000000 0.000000
1092.000000 0.000000
1093.000000 0.000000
1094.000000 0.000000
1095.000000 0.000000
1096.000000 0.000000
1097.000000 0.000000
1098.000000 0.000000
1099.000000 0.000000
1100.000000 0.000000
1101.000000 0.000000
1102.000000 0.000000
1103.000000 0.000000
1104.000000 0.000000
1105.000000 0.000000
1106.000000 0.000000
1107.000000 0.000000
1108.000000 0.000000
1109.000000 0.000000
1110.000000 0.000000
1111.000000 0.000000
1112.000000 0.000000
1113.000000 0.000000
1114.000000 0.000000
1115.000000 0.000000
1116.000000 0.000000
1117.000000 0.000000
1118.000000 0.000000
1119.000000 0.000000
1120.000000 0.000000
1121.000000 0.000000
1122.000000 0.000000
1123.000000 0.000000
1124.000000 0.000000
1125.000000 0.000000
1126.000000 0.000000
1127.000000 0.000000
1128.000000 0.000000
1129.000000 0.000000
1130.000000 0.000000
1131.000000 0.000000
1132.000000 0.000000
1133.000000 0.000000
1134.000000 0.000000
1135.000000 0.000000
1136.000000 0.000000
1137.000000 0.000000
1138.000000 0.000000
1139.000000 0.000000
1140.000000 0.000000
1141.000000 0.000000
1142.000000 0.000000
1143.000000 0.000000
1144.000000 0.000000
1145.000000 0.000000
1146.000000 0.000000
1147.000000 0.000000
1148.000000 0.000000
1149.000000 0.000000
1150.000000 0.000000
1151.000000 0.000000
1152.000000 0.000000
1153.000000 0.000000
1154.000000 0.000000
1155.000000 0.000000
1156.000000 0.000000
1157.000000 0.000000
1158.000000 0.000000
1159.000000 0.000000
1160.000000 0.000000
1161.000000 0.000000
1162.000000 0.000000
1163.000000 0.000000
1164.000000 0.000000
1165.000000 0.000000
1166.000000 0.000000
1167.000000 0.000000
1168.000000 0.000000
1169.000000 0.000000
1170.000000 0.000000
1171.000000 0.000000
1172.000000 0.000000
1173.000000 0.000000
1174.000000 0.000000
1175.000000 0.000000
1176.000000 0.000000
1177.000000 0.000000
1178.000000 0.000000
1179.000000 0.000000
1180.000000 0.000000
1181.000000 0.000000
1182.000000 0.000000
1183.000000 0.000000
1184.000000 0.000000
1185.000000 0.000000
1186.000000 0.000000
1187.000000 0.000000
1188.000000 0.000000
1189.000000 0.000000
1190.000000 0.000000
1191.000000 0.000000
1192.000000 0.000000
1193.000000 0.000000
1194.000000 0.000000
1195.000000 0.000000
1196.000000 0.000000
1197.000000 0.000000
1198.000000 0.000000
1199.000000 0.000000
1200.000000 0.000000
1201.000000 0.000000
1202.000000 0.000000
1203.000000 0.000000
1204.000000 0.000000
1205.000000 0.000000
1206.000000 0.363208
1207.000000 0.447986
1208.000000 0.530300
1209.000000 0.610356
1210.000000 0.536938
1211.000000 0.527290
1212.000000 0.505564
1213.000000 0.250998
1214.000000 0.222354
1215.000000 0.150005
1216.000000 0.082228
1217.000000 0.113421
1218.000000 0.059631
1219.000000 0.025696
1220.000000 0.124544
1221.000000 0.071778
1222.000000 0.081953
1223.000000 0.084089
1224.000000 0.032368
1225.000000 0.058207
1226.000000 0.059895
1227.000000 -0.008159
1228.000000 0.023977
1229.000000 -0.001098
1230.000000 -0.009144
1231.000000 0.014009
1232.000000 -0.019719
1233.000000 -0.025183
1234.000000 0.005151
1235.000000 -0.026490
1236.000000 -0.010320
1237.000000 -0.013192
1238.000000 -0.031017
1239.000000 -0.008254
1240.000000 -0.010775
1241.000000 -0.027754
1242.000000 -0.006441
1243.000000 -0.020577
1244.000000 -0.015343
1245.000000 -0.004010
1246.000000 -0.019320
1247.000000 -0.013274
1248.000000 -0.003635
1249.000000 -0.016146
1250.000000 -0.003284
1251.000000 -0.007391
1252.000000 -0.012107
1253.000000 -0.000034
1254.000000 -0.004567
1255.000000 -0.007316
1256.000000 0.001886
1257.000000 -0.006290
1258.000000 -0.000722
1259.000000 0.002536
1260.000000 -0.004262
1261.000000 0.001053
1262.000000 0.002336
1263.000000 -0.002242
1264.000000 0.004451
1265.000000 0.000473
1266.000000 -0.000142
1267.000000 0.004687
1268.000000 0.000951
1269.000000 0.001555
1270.000000 0.004345
1271.000000 0.000046
1272.000000 0.003533
1273.000000 0.003416
1274.000000 0.000635
1275.000000 0.003543
1276.000000 0.002495
1277.000000 0.001146
1278.000000 0.003949
1279.000000 0.001226
1280.000000 0.001738
1281.000000 0.003206
1282.000000 0.001028
1283.000000 0.002046
1284.000000 0.002432
1285.000000 0.000542
1286.000000 0.002403
1287.000000 0.001574
1288.000000 0.000706
1289.000000 0.002038
1290.000000 0.000955
1291.000000 0.000840
1292.000000 0.001830
1293.000000 0.000373
1294.000000 0.001021
1295.000000 0.001271
1296.000000 0.000291
1297.000000 0.001045
1298.000000 0.000813
1299.000000 0.000172
1300.000000 0.001067
1301.000000 0.500403
1302.000000 0.500303
1303.000000 0.500826
1304.000000 0.500174
1305.000000 0.291967
1306.000000 0.222850
1307.000000 0.153371
1308.000000 0.085520
1309.000000 0.189160
1310.000000 0.223183
1311.000000 0.271514
1312.000000 0.332291
1313.000000 0.299167
1314.000000 0.289556
1315.000000 0.264309
1316.000000 0.170879
1317.000000 0.143377
1318.000000 0.098618
1319.000000 0.058570
1320.000000 0.069493
1321.000000 0.048592
1322.000000 0.040472
1323.000000 0.065557
1324.000000 0.046651
1325.000000 0.050903
1326.000000 0.051561
1327.000000 0.027313
1328.000000 0.032784
1329.000000 0.027370
1330.000000 0.007031
1331.000000 0.015900
1332.000000 0.004759
1333.000000 -0.000012
1334.000000 0.009056
1335.000000 -0.002798
1336.000000 -0.002981
1337.000000 0.003757
1338.000000 -0.006840
1339.000000 -0.000846
1340.000000 -0.001401
1341.000000 -0.008369
1342.000000 -0.000707
1343.000000 -0.002851
1344.000000 -0.006535
1345.000000 0.000298
1346.000000 -0.004805
1347.000000 -0.003265
1348.000000 0.000958
1349.000000 -0.004138
1350.000000 -0.001236
1351.000000 0.000799
1352.000000 -0.002989
1353.000000 0.001571
1354.000000 0.000370
1355.000000 -0.001285
1356.000000 0.002770
1357.000000 0.000774
1358.000000 0.000657
1359.000000 0.003441
1360.000000 0.000626
1361.000000 0.002409
1362.000000 0.003475
1363.000000 0.001205
1364.000000 0.003228
1365.000000 0.003100
1366.000000 0.001738
1367.000000 0.003905
1368.000000 0.002533
1369.000000 0.002283
1370.000000 0.003764
1371.000000 0.002272
1372.000000 0.002706
1373.000000 0.003382
1374.000000 0.001900
1375.000000 0.002965
1376.000000 0.002806
1377.000000 0.001852
1378.000000 0.002830
1379.000000 0.002210
1380.000000 0.001811
1381.000000 0.002628
1382.000000 0.001664
1383.000000 0.001799
1384.000000 0.002174
1385.000000 0.001343
1386.000000 0.001736
1387.000000 0.001716
1388.000000 0.001074
1389.000000 0.001625
1390.000000 0.001273
1391.000000 0.000975
1392.000000 0.001389
1393.000000 0.000919
1394.000000 0.000903
1395.000000 0.001157
1396.000000 0.000652
1397.000000 0.000852
1398.000000 0.000874
1399.000000 0.000517
1400.000000 0.000779
1401.000000 0.000635
1402.000000 0.000428
1403.000000 0.000689
1404.000000 0.000438
1405.000000 0.000408
1406.000000 0.000560
1407.000000 0.000307
1408.000000 0.000392
1409.000000 0.000441
1410.000000 0.000226
1411.000000 0.000375
1412.000000 0.000318
1413.000000 0.000201
1414.000000 0.000341
1415.000000 0.000225
1416.000000 0.000191
1417.000000 0.000297
1418.000000 0.000159
1419.000000 0.000198
1420.000000 0.000237
1421.000000 0.000123
1422.000000 0.000198
1423.000000 0.000184
1424.000000 0.000107
1425.000000 0.000190
1426.000000 0.000134
1427.000000 0.000109
1428.000000 0.000170
1429.000000 0.000100
1430.000000 0.000112
1431.000000 0.000144
1432.000000 0.000078
1433.000000 0.000117
1434.000000 0.000114
1435.000000 0.000070
1436.000000 0.000113
1437.000000 0.000088
1438.000000 0.000067
1439.000000 0.000104
1440.000000 0.000066
1441.000000 0.000070
1442.000000 0.000089
1443.000000 0.000053
1444.000000 0.000070
1445.000000 0.000072
1446.000000 0.000045
1447.000000 0.000068
1448.000000 0.000056
1449.000000 0.000042
1450.000000 0.000062
1451.000000 0.000043
1452.000000 0.000041
1453.000000 0.000054
1454.000000 0.000034
1455.000000 0.000041
1456.000000 0.000044
1457.000000 0.000028
1458.000000 0.000040
1459.000000 0.000035
1460.000000 0.000025
1461.000000 0.000036
1462.000000 0.000026
1463.000000 0.000024
1464.000000 0.000032
1465.000000 0.000021
1466.000000 0.000023
1467.000000 0.000026
1468.000000 0.000017
1469.000000 0.000023
1470.000000 0.000021
1471.000000 0.000015
1472.000000 0.000021
1473.000000 0.000016
1474.000000 0.000014
1475.000000 0.000018
1476.000000 0.000012
1477.000000 0.000013
1478.000000 0.000015
1479.000000 0.000010
1480.000000 0.000013
1481.000000 0.000012
1482.000000 0.000008
1483.000000 0.000012
1484.000000 0.000009
1485.000000 0.000008
1486.000000 0.000010
1487.000000 0.000007
1488.000000 0.000007
1489.000000 0.000009
1490.000000 0.000006
1491.000000 0.000007
1492.000000 0.000007
1493.000000 0.000005
1494.000000 0.000007
1495.000000 0.000006
1496.000000 0.000004
1497.000000 0.000006
1498.000000 0.000004
1499.000000 0.000004
1500.000000 0.000005
1501.000000 0.000003
1502.000000 0.000004
1503.000000 0.000004
1504.000000 0.000003
1505.000000 0.000004
1506.000000 0.000003
1507.000000 0.000003
1508.000000 0.000003
1509.000000 0.000003
1510.000000 0.000002
1511.000000 0.000003
1512.000000 0.000002
1513.000000 0.000002
1514.000000 0.000003
1515.000000 0.000002
1516.000000 0.000002
1517.000000 0.000002
1518.000000 0.000002
1519.000000 0.000002
1520.000000 0.000002
1521.000000 0.000001
1522.000000 0.000002
1523.000000 0.000001
1524.000000 0.000001
1525.000000 0.000001
1526.000000 0.000001
1527.000000 0.000001
1528.000000 0.000001
1529.000000 0.000001
1530.000000 0.000001
1531.000000 0.000001
1532.000000 0.000001
1533.000000 0.000001
1534.000000 0.000001
1535.000000 0.000001
1536.000000 0.000001
1537.000000 0.000001
1538.000000 0.000001
1539.000000 0.000001
1540.000000 0.000001
1541.000000 0.000001
1542.000000 0.000001
1543.000000 0.000001
1544.000000 0.000001
1545.000000 0.000000
1546.000000 0.000000
1547.000000 0.000001
1548.000000 0.000000
1549.000000 0.000000
1550.000000 0.000000
1551.000000 0.000000
1552.000000 0.000000
1553.000000 0.000000
1554.000000 0.000000
1555.000000 0.000000
1556.000000 0.000000
1557.000000 0.000000
1558.000000 0.000000
1559.000000 0.000000
1560.000000 0.000000
1561.000000 0.000000
1562.000000 0.000000
1563.000000 0.000000
1564.000000 0.000000
1565.000000 0.000000
1566.000000 0.000000
1567.000000 0.000000
1568.000000 0.000000
1569.000000 0.000000
1570.000000 0.000000
1571.000000 0.000000
1572.000000 0.000000
1573.000000 0.000000
1574.000000 0.000000
1575.000000 0.000000
1576.000000 0.000000
1577.000000 0.000000
1578.000000 0.000000
1579.000000 0.000000
1580.000000 0.000000
1581.000000 0.000000
1582.000000 0.000000
1583.000000 0.000000
1584.000000 0.000000
1585.000000 0.000000
1586.000000 0.000000
1587.000000 0.000000
1588.000000 0.000000
1589.000000 0.000000
1590.000000 0.000000
1591.000000 0.000000
1592.000000 0.000000
1593.000000 0.000000
1594.000000 0.000000
1595.000000 0.000000
1596.000000 0.000000
1597.000000 0.000000
1598.000000 0.000000
1599.000000 0.000000
1600.000000 0.000000
