1.100000 2.000000
1.200000 2.000000
1.200000 2.000000
1.200000 2.000000
1.200000 2.000000
1.200000 2.000000
1.200000 2.000000
1.200000 2.000000
1.200000 2.000000
1.200000 2.000000
1.200000 2.000000
1.200000 2.001009
1.200000 2.003821
1.200000 2.008142
1.200000 2.013712
1.200000 2.020307
1.200000 2.027728
1.200000 2.035802
1.200000 2.044379
1.200000 2.053329
1.200000 2.062540
1.200000 2.071913
1.200000 2.081367
1.200000 2.090831
1.200000 2.100245
1.200000 2.109558
1.200000 2.118727
1.200000 2.127720
1.200000 2.136506
1.200000 2.145064
1.200000 2.153375
1.200000 2.161427
1.200000 2.169208
1.200000 2.176714
1.200000 2.183939
1.200000 2.190881
1.200000 2.197543
1.200000 2.203924
1.200000 2.210030
1.200000 2.215864
1.200000 2.221433
1.200000 2.226741
1.200000 2.231798
1.200000 2.236610
1.200000 2.241184
1.200000 2.245530
1.200000 2.249655
1.200000 2.253568
1.200000 2.257277
1.200000 2.260791
1.200000 2.264117
1.200000 2.267264
1.200000 2.270241
1.200000 2.273054
1.200000 2.275712
1.200000 2.278221
1.200000 2.280590
1.200000 2.282825
1.200000 2.284933
1.200000 2.286921
1.200000 2.288794
1.200000 2.290559
1.200000 2.292221
1.200000 2.293785
1.200000 2.295258
1.200000 2.296644
1.200000 2.297948
1.200000 2.299174
1.200000 2.300327
1.200000 2.301411
1.200000 2.302430
1.200000 2.303387
1.200000 2.304286
1.200000 2.305131
1.200000 2.305924
1.200000 2.306668
1.200000 2.307367
1.200000 2.308023
1.200000 2.308639
1.200000 2.309217
1.200000 2.309759
1.200000 2.310267
1.200000 2.310744
1.200000 2.311191
1.200000 2.311610
1.200000 2.312003
1.200000 2.312371
1.200000 2.312716
1.200000 2.313040
1.200000 2.313343
1.200000 2.313627
1.200000 2.313893
1.200000 2.314143
1.200000 2.314376
1.200000 2.314595
1.200000 2.314800
1.200000 2.314992
1.200000 2.315171
1.200000 2.315340
1.200000 2.315497
1.200000 2.315645
1.200000 2.315783
1.200000 2.315912
1.200000 2.316033
1.200000 2.316146
1.200000 2.316252
1.200000 2.316351
1.200000 2.316444
1.200000 2.316531
1.200000 2.316612
1.200000 2.316688
1.200000 2.316759
1.200000 2.316825
1.200000 2.316888
1.200000 2.316946
1.200000 2.317000
1.200000 2.317051
1.200000 2.317099
1.200000 2.317143
1.200000 2.317185
1.200000 2.317224
1.200000 2.317260
1.200000 2.317294
1.200000 2.317326
1.200000 2.317356
1.200000 2.317384
1.200000 2.317410
1.200000 2.317434
1.200000 2.317457
1.200000 2.317478
1.200000 2.317498
1.200000 2.317517
1.200000 2.317534
1.200000 2.317551
1.200000 2.317566
1.200000 2.317580
1.200000 2.317593
1.200000 2.317606
1.200000 2.317617
1.200000 2.317628
1.200000 2.317638
1.200000 2.317648
1.200000 2.317657
1.200000 2.317665
1.200000 2.317673
1.200000 2.317680
1.200000 2.317687
1.200000 2.317693
1.200000 2.317699
1.200000 2.317704
