1.000000 1.000000
2.000000 1.000000
3.000000 1.000000
4.000000 1.000000
5.000000 1.000000
6.000000 1.000000
7.000000 1.000000
8.000000 1.000000
9.000000 1.000000
10.000000 1.000000
11.000000 1.000000
12.000000 1.000000
13.000000 1.000000
14.000000 1.000000
15.000000 1.000000
16.000000 1.000000
17.000000 1.000000
18.000000 1.000000
19.000000 1.000000
20.000000 1.000000
21.000000 0.950000
22.000000 1.000000
23.000000 0.997253
24.000000 0.994466
25.000000 0.991649
26.000000 0.988810
27.000000 0.985957
28.000000 0.983094
29.000000 0.980228
30.000000 0.977363
31.000000 0.976628
32.000000 0.975770
33.000000 0.973016
34.000000 0.970508
35.000000 0.968249
36.000000 0.966239
37.000000 0.964481
38.000000 0.962975
39.000000 0.961721
40.000000 0.960718
41.000000 0.959875
42.000000 0.959113
43.000000 0.958518
44.000000 0.958155
45.000000 0.958005
46.000000 0.958044
47.000000 0.958254
48.000000 0.958613
49.000000 0.959100
50.000000 0.959695
51.000000 0.960381
52.000000 0.961148
53.000000 0.961987
54.000000 0.962881
55.000000 0.963811
56.000000 0.964762
57.000000 0.965719
58.000000 0.966668
59.000000 0.967600
60.000000 0.968503
61.000000 0.969370
62.000000 0.970193
63.000000 0.970968
64.000000 0.971687
65.000000 0.972347
66.000000 0.972945
67.000000 0.973481
68.000000 0.973953
69.000000 0.974363
70.000000 0.974711
71.000000 0.975000
72.000000 0.975233
73.000000 0.975413
74.000000 0.975543
75.000000 0.975628
76.000000 0.975671
77.000000 0.975678
78.000000 0.975652
79.000000 0.975598
80.000000 0.975521
81.000000 0.975425
82.000000 0.975314
83.000000 0.975192
84.000000 0.975062
85.000000 0.974928
86.000000 0.974792
87.000000 0.974658
88.000000 0.974528
89.000000 0.974403
90.000000 0.974286
91.000000 0.974178
92.000000 0.974079
93.000000 0.973991
94.000000 0.973914
95.000000 0.973849
96.000000 0.973795
97.000000 0.973752
98.000000 0.973720
99.000000 0.973698
100.000000 0.973686
101.000000 0.973683
102.000000 0.973688
103.000000 0.973700
104.000000 0.973719
105.000000 0.973743
106.000000 0.973771
107.000000 0.973803
108.000000 0.973838
109.000000 0.973874
110.000000 0.973911
111.000000 0.973949
112.000000 0.973987
113.000000 0.974023
114.000000 0.974058
115.000000 0.974091
116.000000 0.974122
117.000000 0.974151
118.000000 0.974176
119.000000 0.974199
120.000000 0.974219
121.000000 0.974235
122.000000 0.974249
123.000000 0.974260
124.000000 0.974267
125.000000 0.974273
126.000000 0.974275
127.000000 0.974275
128.000000 0.974273
129.000000 0.974270
130.000000 0.974264
131.000000 0.974257
132.000000 0.974249
133.000000 0.974240
134.000000 0.974230
135.000000 0.974220
136.000000 0.974210
137.000000 0.974199
138.000000 0.974189
139.000000 0.974178
140.000000 0.974168
141.000000 0.974159
142.000000 0.974150
143.000000 0.974141
144.000000 0.974134
145.000000 0.974127
146.000000 0.974121
147.000000 0.974116
148.000000 0.974111
149.000000 0.974108
150.000000 0.974105
151.000000 0.974102
152.000000 0.974101
153.000000 0.974100
154.000000 0.974100
155.000000 0.974100
156.000000 0.974100
157.000000 0.974101
158.000000 0.974103
159.000000 0.974104
160.000000 0.974106
161.000000 0.974108
162.000000 0.974111
163.000000 0.974113
164.000000 0.974115
165.000000 0.974117
166.000000 0.974120
167.000000 0.974122
168.000000 0.974124
169.000000 0.974126
170.000000 0.974127
171.000000 0.974129
172.000000 0.974130
173.000000 0.974131
174.000000 0.974132
175.000000 0.974133
176.000000 0.974134
177.000000 0.974135
178.000000 0.974135
179.000000 0.974135
180.000000 0.974135
181.000000 0.974135
182.000000 0.974135
183.000000 0.974135
184.000000 0.974134
185.000000 0.974134
186.000000 0.974133
187.000000 0.974133
188.000000 0.974132
189.000000 0.974132
190.000000 0.974131
191.000000 0.974131
192.000000 0.974130
193.000000 0.974130
194.000000 0.974129
195.000000 0.974129
196.000000 0.974128
197.000000 0.974128
198.000000 0.974127
199.000000 0.974127
200.000000 0.974127
201.000000 0.974127
202.000000 0.974126
203.000000 0.974126
204.000000 0.974126
205.000000 0.974126
206.000000 0.974126
207.000000 0.974126
208.000000 0.974126
209.000000 0.974126
210.000000 0.974126
211.000000 0.974126
212.000000 0.974127
213.000000 0.974127
214.000000 0.974127
215.000000 0.974127
216.000000 0.974127
217.000000 0.974127
218.000000 0.974127
219.000000 0.974128
220.000000 0.974128
221.000000 0.974128
222.000000 0.974128
223.000000 0.974128
224.000000 0.974128
225.000000 0.974128
226.000000 0.974128
227.000000 0.974128
228.000000 0.974128
229.000000 0.974128
230.000000 0.974128
231.000000 0.974128
232.000000 0.974128
233.000000 0.974128
234.000000 0.974128
235.000000 0.974128
236.000000 0.974128
237.000000 0.974128
238.000000 0.974128
239.000000 0.974128
240.000000 0.974128
241.000000 0.974128
242.000000 0.974128
243.000000 0.974128
244.000000 0.974128
245.000000 0.974128
246.000000 0.974128
247.000000 0.974128
248.000000 0.974128
249.000000 0.974128
250.000000 0.974128
251.000000 0.974128
252.000000 0.974128
253.000000 0.974128
254.000000 0.974128
255.000000 0.974128
256.000000 0.974128
257.000000 0.974128
258.000000 0.974128
259.000000 0.974128
260.000000 0.974128
261.000000 0.974128
262.000000 0.974128
263.000000 0.974128
264.000000 0.974128
265.000000 0.974128
266.000000 0.974128
267.000000 0.974128
268.000000 0.974128
269.000000 0.974128
270.000000 0.974128
271.000000 0.974128
272.000000 0.974128
273.000000 0.974128
274.000000 0.974128
275.000000 0.974128
276.000000 0.974128
277.000000 0.974128
278.000000 0.974128
279.000000 0.974128
280.000000 0.974128
281.000000 0.974128
282.000000 0.974128
283.000000 0.974128
284.000000 0.974128
285.000000 0.974128
286.000000 0.974128
287.000000 0.974128
288.000000 0.974128
289.000000 0.974128
290.000000 0.974128
291.000000 0.974128
292.000000 0.974128
293.000000 0.974128
294.000000 0.974128
295.000000 0.974128
296.000000 0.974128
297.000000 0.974128
298.000000 0.974128
299.000000 0.974128
300.000000 0.974128
301.000000 0.974128
302.000000 0.974128
303.000000 0.974128
304.000000 0.974128
305.000000 0.974128
306.000000 0.974128
307.000000 0.974128
308.000000 0.974128
309.000000 0.974128
310.000000 0.974128
311.000000 0.974128
312.000000 0.974128
313.000000 0.974128
314.000000 0.974128
315.000000 0.974128
316.000000 0.974128
317.000000 0.974128
318.000000 0.974128
319.000000 0.974128
320.000000 0.974128
321.000000 0.974128
322.000000 0.974128
323.000000 0.974128
324.000000 0.974128
325.000000 0.974128
326.000000 0.974128
327.000000 0.974128
328.000000 0.974128
329.000000 0.974128
330.000000 0.974128
331.000000 0.974128
332.000000 0.974128
333.000000 0.974128
334.000000 0.974128
335.000000 0.974128
336.000000 0.974128
337.000000 0.974128
338.000000 0.974128
339.000000 0.974128
340.000000 0.974128
341.000000 0.974128
342.000000 0.974128
343.000000 0.974128
344.000000 0.974128
345.000000 0.974128
346.000000 0.974128
347.000000 0.974128
348.000000 0.974128
349.000000 0.974128
350.000000 0.974128
351.000000 0.974128
352.000000 0.974128
353.000000 0.974128
354.000000 0.974128
355.000000 0.974128
356.000000 0.974128
357.000000 0.974128
358.000000 0.974128
359.000000 0.974128
360.000000 0.974128
361.000000 0.974128
362.000000 0.974128
363.000000 0.974128
364.000000 0.974128
365.000000 0.974128
366.000000 0.974128
367.000000 0.974128
368.000000 0.974128
369.000000 0.974128
370.000000 0.974128
371.000000 0.974128
372.000000 0.974128
373.000000 0.974128
374.000000 0.974128
375.000000 0.974128
376.000000 0.974128
377.000000 0.974128
378.000000 0.974128
379.000000 0.974128
380.000000 0.974128
381.000000 0.974128
382.000000 0.974128
383.000000 0.974128
384.000000 0.974128
385.000000 0.974128
386.000000 0.974128
387.000000 0.974128
388.000000 0.974128
389.000000 0.974128
390.000000 0.974128
391.000000 0.974128
392.000000 0.974128
393.000000 0.974128
394.000000 0.974128
395.000000 0.974128
396.000000 0.974128
397.000000 0.974128
398.000000 0.974128
399.000000 0.974128
400.000000 0.974128
401.000000 0.974128
402.000000 0.974128
403.000000 0.974128
404.000000 0.974128
405.000000 0.974128
406.000000 0.974128
407.000000 0.974128
408.000000 0.974128
409.000000 0.974128
410.000000 0.974128
411.000000 0.974128
412.000000 0.974128
413.000000 0.974128
414.000000 0.974128
415.000000 0.974128
416.000000 0.974128
417.000000 0.974128
418.000000 0.974128
419.000000 0.974128
420.000000 0.974128
421.000000 0.974128
422.000000 0.974128
423.000000 0.974128
424.000000 0.974128
425.000000 0.974128
426.000000 0.974128
427.000000 0.974128
428.000000 0.974128
429.000000 0.974128
430.000000 0.974128
431.000000 0.974128
432.000000 0.974128
433.000000 0.974128
434.000000 0.974128
435.000000 0.974128
436.000000 0.974128
437.000000 0.974128
438.000000 0.974128
439.000000 0.974128
440.000000 0.974128
441.000000 0.974128
442.000000 0.974128
443.000000 0.974128
444.000000 0.974128
445.000000 0.974128
446.000000 0.974128
447.000000 0.974128
448.000000 0.974128
449.000000 0.974128
450.000000 0.974128
451.000000 0.974128
452.000000 0.974128
453.000000 0.974128
454.000000 0.974128
455.000000 0.974128
456.000000 0.974128
457.000000 0.974128
458.000000 0.974128
459.000000 0.974128
460.000000 0.974128
461.000000 0.974128
462.000000 0.974128
463.000000 0.974128
464.000000 0.974128
465.000000 0.974128
466.000000 0.974128
467.000000 0.974128
468.000000 0.974128
469.000000 0.974128
470.000000 0.974128
471.000000 0.974128
472.000000 0.974128
473.000000 0.974128
474.000000 0.974128
475.000000 0.974128
476.000000 0.974128
477.000000 0.974128
478.000000 0.974128
479.000000 0.974128
480.000000 0.974128
481.000000 0.974128
482.000000 0.974128
483.000000 0.974128
484.000000 0.974128
485.000000 0.974128
486.000000 0.974128
487.000000 0.974128
488.000000 0.974128
489.000000 0.974128
490.000000 0.974128
491.000000 0.974128
492.000000 0.974128
493.000000 0.974128
494.000000 0.974128
495.000000 0.974128
496.000000 0.974128
497.000000 0.974128
498.000000 0.974128
499.000000 0.974128
500.000000 0.974128
501.000000 0.974128
502.000000 0.974128
503.000000 0.974128
504.000000 0.974128
505.000000 0.974128
506.000000 0.974128
507.000000 0.974128
508.000000 0.974128
509.000000 0.974128
510.000000 0.974128
511.000000 0.974128
512.000000 0.974128
513.000000 0.974128
514.000000 0.974128
515.000000 0.974128
516.000000 0.974128
517.000000 0.974128
518.000000 0.974128
519.000000 0.974128
520.000000 0.974128
521.000000 0.974128
522.000000 0.974128
523.000000 0.974128
524.000000 0.974128
525.000000 0.974128
526.000000 0.974128
527.000000 0.974128
528.000000 0.974128
529.000000 0.974128
530.000000 0.974128
531.000000 0.974128
532.000000 0.974128
533.000000 0.974128
534.000000 0.974128
535.000000 0.974128
536.000000 0.974128
537.000000 0.974128
538.000000 0.974128
539.000000 0.974128
540.000000 0.974128
541.000000 0.974128
542.000000 0.974128
543.000000 0.974128
544.000000 0.974128
545.000000 0.974128
546.000000 0.974128
547.000000 0.974128
548.000000 0.974128
549.000000 0.974128
550.000000 0.974128
551.000000 0.974128
552.000000 0.974128
553.000000 0.974128
554.000000 0.974128
555.000000 0.974128
556.000000 0.974128
557.000000 0.974128
558.000000 0.974128
559.000000 0.974128
560.000000 0.974128
561.000000 0.974128
562.000000 0.974128
563.000000 0.974128
564.000000 0.974128
565.000000 0.974128
566.000000 0.974128
567.000000 0.974128
568.000000 0.974128
569.000000 0.974128
570.000000 0.974128
571.000000 0.974128
572.000000 0.974128
573.000000 0.974128
574.000000 0.974128
575.000000 0.974128
576.000000 0.974128
577.000000 0.974128
578.000000 0.974128
579.000000 0.974128
580.000000 0.974128
581.000000 0.974128
582.000000 0.974128
583.000000 0.974128
584.000000 0.974128
585.000000 0.974128
586.000000 0.974128
587.000000 0.974128
588.000000 0.974128
589.000000 0.974128
590.000000 0.974128
591.000000 0.974128
592.000000 0.974128
593.000000 0.974128
594.000000 0.974128
595.000000 0.974128
596.000000 0.974128
597.000000 0.974128
598.000000 0.974128
599.000000 0.974128
600.000000 0.974128
601.000000 0.974128
602.000000 0.974128
603.000000 0.974128
604.000000 0.974128
605.000000 0.974128
606.000000 0.974128
607.000000 0.974128
608.000000 0.974128
609.000000 0.974128
610.000000 0.974128
611.000000 0.974128
612.000000 0.974128
613.000000 0.974128
614.000000 0.974128
615.000000 0.974128
616.000000 0.974128
617.000000 0.974128
618.000000 0.974128
619.000000 0.974128
620.000000 0.974128
621.000000 0.974128
622.000000 0.974128
623.000000 0.974128
624.000000 0.974128
625.000000 0.974128
626.000000 0.974128
627.000000 0.974128
628.000000 0.974128
629.000000 0.974128
630.000000 0.974128
631.000000 0.974128
632.000000 0.974128
633.000000 0.974128
634.000000 0.974128
635.000000 0.974128
636.000000 0.974128
637.000000 0.974128
638.000000 0.974128
639.000000 0.974128
640.000000 0.974128
641.000000 0.974128
642.000000 0.974128
643.000000 0.974128
644.000000 0.974128
645.000000 0.974128
646.000000 0.974128
647.000000 0.974128
648.000000 0.974128
649.000000 0.974128
650.000000 0.974128
651.000000 0.974128
652.000000 0.974128
653.000000 0.974128
654.000000 0.974128
655.000000 0.974128
656.000000 0.974128
657.000000 0.974128
658.000000 0.974128
659.000000 0.974128
660.000000 0.974128
661.000000 0.974128
662.000000 0.974128
663.000000 0.974128
664.000000 0.974128
665.000000 0.974128
666.000000 0.974128
667.000000 0.974128
668.000000 0.974128
669.000000 0.974128
670.000000 0.974128
671.000000 0.974128
672.000000 0.974128
673.000000 0.974128
674.000000 0.974128
675.000000 0.974128
676.000000 0.974128
677.000000 0.974128
678.000000 0.974128
679.000000 0.974128
680.000000 0.974128
681.000000 0.974128
682.000000 0.974128
683.000000 0.974128
684.000000 0.974128
685.000000 0.974128
686.000000 0.974128
687.000000 0.974128
688.000000 0.974128
689.000000 0.974128
690.000000 0.974128
691.000000 0.974128
692.000000 0.974128
693.000000 0.974128
694.000000 0.974128
695.000000 0.974128
696.000000 0.974128
697.000000 0.974128
698.000000 0.974128
699.000000 0.974128
700.000000 0.974128
701.000000 0.974128
702.000000 0.974128
703.000000 0.974128
704.000000 0.974128
705.000000 0.974128
706.000000 0.974128
707.000000 0.974128
708.000000 0.974128
709.000000 0.974128
710.000000 0.974128
711.000000 0.974128
712.000000 0.974128
713.000000 0.974128
714.000000 0.974128
715.000000 0.974128
716.000000 0.974128
717.000000 0.974128
718.000000 0.974128
719.000000 0.974128
720.000000 0.974128
721.000000 0.974128
722.000000 0.974128
723.000000 0.974128
724.000000 0.974128
725.000000 0.974128
726.000000 0.974128
727.000000 0.974128
728.000000 0.974128
729.000000 0.974128
730.000000 0.974128
731.000000 0.974128
732.000000 0.974128
733.000000 0.974128
734.000000 0.974128
735.000000 0.974128
736.000000 0.974128
737.000000 0.974128
738.000000 0.974128
739.000000 0.974128
740.000000 0.974128
741.000000 0.974128
742.000000 0.974128
743.000000 0.974128
744.000000 0.974128
745.000000 0.974128
746.000000 0.974128
747.000000 0.974128
748.000000 0.974128
749.000000 0.974128
750.000000 0.974128
751.000000 0.974128
752.000000 0.974128
753.000000 0.974128
754.000000 0.974128
755.000000 0.974128
756.000000 0.974128
757.000000 0.974128
758.000000 0.974128
759.000000 0.974128
760.000000 0.974128
761.000000 0.974128
762.000000 0.974128
763.000000 0.974128
764.000000 0.974128
765.000000 0.974128
766.000000 0.974128
767.000000 0.974128
768.000000 0.974128
769.000000 0.974128
770.000000 0.974128
771.000000 0.974128
772.000000 0.974128
773.000000 0.974128
774.000000 0.974128
775.000000 0.974128
776.000000 0.974128
777.000000 0.974128
778.000000 0.974128
779.000000 0.974128
780.000000 0.974128
781.000000 0.974128
782.000000 0.974128
783.000000 0.974128
784.000000 0.974128
785.000000 0.974128
786.000000 0.974128
787.000000 0.974128
788.000000 0.974128
789.000000 0.974128
790.000000 0.974128
791.000000 0.974128
792.000000 0.974128
793.000000 0.974128
794.000000 0.974128
795.000000 0.974128
796.000000 0.974128
797.000000 0.974128
798.000000 0.974128
799.000000 0.974128
800.000000 0.974128
801.000000 0.974128
802.000000 0.974128
803.000000 0.974128
804.000000 0.974128
805.000000 0.974128
806.000000 0.974128
807.000000 0.974128
808.000000 0.974128
809.000000 0.974128
810.000000 0.974128
811.000000 0.974128
812.000000 0.974128
813.000000 0.974128
814.000000 0.974128
815.000000 0.974128
816.000000 0.974128
817.000000 0.974128
818.000000 0.974128
819.000000 0.974128
820.000000 0.974128
821.000000 0.974128
822.000000 0.974128
823.000000 0.974128
824.000000 0.974128
825.000000 0.974128
826.000000 0.974128
827.000000 0.974128
828.000000 0.974128
829.000000 0.974128
830.000000 0.974128
831.000000 0.974128
832.000000 0.974128
833.000000 0.974128
834.000000 0.974128
835.000000 0.974128
836.000000 0.974128
837.000000 0.974128
838.000000 0.974128
839.000000 0.974128
840.000000 0.974128
841.000000 0.974128
842.000000 0.974128
843.000000 0.974128
844.000000 0.974128
845.000000 0.974128
846.000000 0.974128
847.000000 0.974128
848.000000 0.974128
849.000000 0.974128
850.000000 0.974128
851.000000 0.974128
852.000000 0.974128
853.000000 0.974128
854.000000 0.974128
855.000000 0.974128
856.000000 0.974128
857.000000 0.974128
858.000000 0.974128
859.000000 0.974128
860.000000 0.974128
861.000000 0.974128
862.000000 0.974128
863.000000 0.974128
864.000000 0.974128
865.000000 0.974128
866.000000 0.974128
867.000000 0.974128
868.000000 0.974128
869.000000 0.974128
870.000000 0.974128
871.000000 0.974128
872.000000 0.974128
873.000000 0.974128
874.000000 0.974128
875.000000 0.974128
876.000000 0.974128
877.000000 0.974128
878.000000 0.974128
879.000000 0.974128
880.000000 0.974128
881.000000 0.974128
882.000000 0.974128
883.000000 0.974128
884.000000 0.974128
885.000000 0.974128
886.000000 0.974128
887.000000 0.974128
888.000000 0.974128
889.000000 0.974128
890.000000 0.974128
891.000000 0.974128
892.000000 0.974128
893.000000 0.974128
894.000000 0.974128
895.000000 0.974128
896.000000 0.974128
897.000000 0.974128
898.000000 0.974128
899.000000 0.974128
900.000000 0.974128
901.000000 0.974128
902.000000 0.974128
903.000000 0.974128
904.000000 0.974128
905.000000 0.974128
906.000000 0.974128
907.000000 0.974128
908.000000 0.974128
909.000000 0.974128
910.000000 0.974128
911.000000 0.974128
912.000000 0.974128
913.000000 0.974128
914.000000 0.974128
915.000000 0.974128
916.000000 0.974128
917.000000 0.974128
918.000000 0.974128
919.000000 0.974128
920.000000 0.974128
921.000000 0.974128
922.000000 0.974128
923.000000 0.974128
924.000000 0.974128
925.000000 0.974128
926.000000 0.974128
927.000000 0.974128
928.000000 0.974128
929.000000 0.974128
930.000000 0.974128
931.000000 0.974128
932.000000 0.974128
933.000000 0.974128
934.000000 0.974128
935.000000 0.974128
936.000000 0.974128
937.000000 0.974128
938.000000 0.974128
939.000000 0.974128
940.000000 0.974128
941.000000 0.974128
942.000000 0.974128
943.000000 0.974128
944.000000 0.974128
945.000000 0.974128
946.000000 0.974128
947.000000 0.974128
948.000000 0.974128
949.000000 0.974128
950.000000 0.974128
951.000000 0.974128
952.000000 0.974128
953.000000 0.974128
954.000000 0.974128
955.000000 0.974128
956.000000 0.974128
957.000000 0.974128
958.000000 0.974128
959.000000 0.974128
960.000000 0.974128
961.000000 0.974128
962.000000 0.974128
963.000000 0.974128
964.000000 0.974128
965.000000 0.974128
966.000000 0.974128
967.000000 0.974128
968.000000 0.974128
969.000000 0.974128
970.000000 0.974128
971.000000 0.974128
972.000000 0.974128
973.000000 0.974128
974.000000 0.974128
975.000000 0.974128
976.000000 0.974128
977.000000 0.974128
978.000000 0.974128
979.000000 0.974128
980.000000 0.974128
981.000000 0.974128
982.000000 0.974128
983.000000 0.974128
984.000000 0.974128
985.000000 0.974128
986.000000 0.974128
987.000000 0.974128
988.000000 0.974128
989.000000 0.974128
990.000000 0.974128
991.000000 0.974128
992.000000 0.974128
993.000000 0.974128
994.000000 0.974128
995.000000 0.974128
996.000000 0.974128
997.000000 0.974128
998.000000 0.974128
999.000000 0.974128
1000.000000 0.974128
1001.000000 0.924128
1002.000000 0.974128
1003.000000 0.968673
1004.000000 0.963219
1005.000000 0.957764
1006.000000 0.952310
1007.000000 0.946855
1008.000000 0.941401
1009.000000 0.935946
1010.000000 0.930492
1011.000000 0.927163
1012.000000 0.923704
1013.000000 0.918453
1014.000000 0.913658
1015.000000 0.909314
1016.000000 0.905419
1017.000000 0.901969
1018.000000 0.900000
1019.000000 0.900000
1020.000000 0.900000
1021.000000 0.900000
1022.000000 0.900000
1023.000000 0.900000
1024.000000 0.900000
1025.000000 0.900000
1026.000000 0.900000
1027.000000 0.900257
1028.000000 0.900730
1029.000000 0.901278
1030.000000 0.901824
1031.000000 0.902371
1032.000000 0.902922
1033.000000 0.903478
1034.000000 0.904042
1035.000000 0.904615
1036.000000 0.905197
1037.000000 0.905779
1038.000000 0.906343
1039.000000 0.906876
1040.000000 0.907376
1041.000000 0.907845
1042.000000 0.908282
1043.000000 0.908687
1044.000000 0.909059
1045.000000 0.909397
1046.000000 0.909702
1047.000000 0.909971
1048.000000 0.910207
1049.000000 0.910409
1050.000000 0.910581
1051.000000 0.910725
1052.000000 0.910843
1053.000000 0.910937
1054.000000 0.911010
1055.000000 0.911062
1056.000000 0.911098
1057.000000 0.911118
1058.000000 0.911126
1059.000000 0.911123
1060.000000 0.911112
1061.000000 0.911094
1062.000000 0.911071
1063.000000 0.911046
1064.000000 0.911018
1065.000000 0.910990
1066.000000 0.910963
1067.000000 0.910937
1068.000000 0.910914
1069.000000 0.910893
1070.000000 0.910876
1071.000000 0.910863
1072.000000 0.910854
1073.000000 0.910848
1074.000000 0.910847
1075.000000 0.910849
1076.000000 0.910855
1077.000000 0.910865
1078.000000 0.910878
1079.000000 0.910893
1080.000000 0.910911
1081.000000 0.910931
1082.000000 0.910953
1083.000000 0.910976
1084.000000 0.911000
1085.000000 0.911024
1086.000000 0.911048
1087.000000 0.911073
1088.000000 0.911096
1089.000000 0.911119
1090.000000 0.911141
1091.000000 0.911162
1092.000000 0.911181
1093.000000 0.911198
1094.000000 0.911214
1095.000000 0.911228
1096.000000 0.911241
1097.000000 0.911251
1098.000000 0.911260
1099.000000 0.911267
1100.000000 0.911273
1101.000000 0.911277
1102.000000 0.911279
1103.000000 0.911280
1104.000000 0.911280
1105.000000 0.911279
1106.000000 0.911276
1107.000000 0.911273
1108.000000 0.911269
1109.000000 0.911264
1110.000000 0.911259
1111.000000 0.911254
1112.000000 0.911248
1113.000000 0.911243
1114.000000 0.911237
1115.000000 0.911231
1116.000000 0.911225
1117.000000 0.911220
1118.000000 0.911215
1119.000000 0.911210
1120.000000 0.911205
1121.000000 0.911201
1122.000000 0.911197
1123.000000 0.911194
1124.000000 0.911191
1125.000000 0.911188
1126.000000 0.911186
1127.000000 0.911185
1128.000000 0.911183
1129.000000 0.911182
1130.000000 0.911182
1131.000000 0.911181
1132.000000 0.911181
1133.000000 0.911181
1134.000000 0.911182
1135.000000 0.911182
1136.000000 0.911183
1137.000000 0.911184
1138.000000 0.911185
1139.000000 0.911185
1140.000000 0.911186
1141.000000 0.911187
1142.000000 0.911188
1143.000000 0.911189
1144.000000 0.911190
1145.000000 0.911191
1146.000000 0.911192
1147.000000 0.911193
1148.000000 0.911194
1149.000000 0.911194
1150.000000 0.911195
1151.000000 0.911195
1152.000000 0.911195
1153.000000 0.911196
1154.000000 0.911196
1155.000000 0.911196
1156.000000 0.911196
1157.000000 0.911196
1158.000000 0.911196
1159.000000 0.911196
1160.000000 0.911196
1161.000000 0.911195
1162.000000 0.911195
1163.000000 0.911195
1164.000000 0.911194
1165.000000 0.911194
1166.000000 0.911194
1167.000000 0.911194
1168.000000 0.911193
1169.000000 0.911193
1170.000000 0.911193
1171.000000 0.911192
1172.000000 0.911192
1173.000000 0.911192
1174.000000 0.911192
1175.000000 0.911192
1176.000000 0.911191
1177.000000 0.911191
1178.000000 0.911191
1179.000000 0.911191
1180.000000 0.911191
1181.000000 0.911191
1182.000000 0.911191
1183.000000 0.911191
1184.000000 0.911191
1185.000000 0.911191
1186.000000 0.911191
1187.000000 0.911191
1188.000000 0.911191
1189.000000 0.911191
1190.000000 0.911191
1191.000000 0.911191
1192.000000 0.911191
1193.000000 0.911192
1194.000000 0.911192
1195.000000 0.911192
1196.000000 0.911192
1197.000000 0.911192
1198.000000 0.911192
1199.000000 0.911192
1200.000000 0.911192
1201.000000 0.911192
1202.000000 0.911192
1203.000000 0.911192
1204.000000 0.911192
1205.000000 0.911192
1206.000000 0.911192
1207.000000 0.911192
1208.000000 0.911192
1209.000000 0.911192
1210.000000 0.911192
1211.000000 0.911192
1212.000000 0.911192
1213.000000 0.911192
1214.000000 0.911192
1215.000000 0.911192
1216.000000 0.911192
1217.000000 0.911192
1218.000000 0.911192
1219.000000 0.911192
1220.000000 0.911192
1221.000000 0.911192
1222.000000 0.911192
1223.000000 0.911192
1224.000000 0.911192
1225.000000 0.911192
1226.000000 0.911192
1227.000000 0.911192
1228.000000 0.911192
1229.000000 0.911192
1230.000000 0.911192
1231.000000 0.911192
1232.000000 0.911192
1233.000000 0.911192
1234.000000 0.911192
1235.000000 0.911192
1236.000000 0.911192
1237.000000 0.911192
1238.000000 0.911192
1239.000000 0.911192
1240.000000 0.911192
1241.000000 0.911192
1242.000000 0.911192
1243.000000 0.911192
1244.000000 0.911192
1245.000000 0.911192
1246.000000 0.911192
1247.000000 0.911192
1248.000000 0.911192
1249.000000 0.911192
1250.000000 0.911192
1251.000000 0.911192
1252.000000 0.911192
1253.000000 0.911192
1254.000000 0.911192
1255.000000 0.911192
1256.000000 0.911192
1257.000000 0.911192
1258.000000 0.911192
1259.000000 0.911192
1260.000000 0.911192
1261.000000 0.911192
1262.000000 0.911192
1263.000000 0.911192
1264.000000 0.911192
1265.000000 0.911192
1266.000000 0.911192
1267.000000 0.911192
1268.000000 0.911192
1269.000000 0.911192
1270.000000 0.911192
1271.000000 0.911192
1272.000000 0.911192
1273.000000 0.911192
1274.000000 0.911192
1275.000000 0.911192
1276.000000 0.911192
1277.000000 0.911192
1278.000000 0.911192
1279.000000 0.911192
1280.000000 0.911192
1281.000000 0.911192
1282.000000 0.911192
1283.000000 0.911192
1284.000000 0.911192
1285.000000 0.911192
1286.000000 0.911192
1287.000000 0.911192
1288.000000 0.911192
1289.000000 0.911192
1290.000000 0.911192
1291.000000 0.911192
1292.000000 0.911192
1293.000000 0.911192
1294.000000 0.911192
1295.000000 0.911192
1296.000000 0.911192
1297.000000 0.911192
1298.000000 0.911192
1299.000000 0.911192
1300.000000 0.911192
1301.000000 0.911192
1302.000000 0.911192
1303.000000 0.911192
1304.000000 0.911192
1305.000000 0.911192
1306.000000 0.911192
1307.000000 0.911192
1308.000000 0.911192
1309.000000 0.911192
1310.000000 0.911192
1311.000000 0.911192
1312.000000 0.911192
1313.000000 0.911192
1314.000000 0.911192
1315.000000 0.911192
1316.000000 0.911192
1317.000000 0.911192
1318.000000 0.911192
1319.000000 0.911192
1320.000000 0.911192
1321.000000 0.911192
1322.000000 0.911192
1323.000000 0.911192
1324.000000 0.911192
1325.000000 0.911192
1326.000000 0.911192
1327.000000 0.911192
1328.000000 0.911192
1329.000000 0.911192
1330.000000 0.911192
1331.000000 0.911192
1332.000000 0.911192
1333.000000 0.911192
1334.000000 0.911192
1335.000000 0.911192
1336.000000 0.911192
1337.000000 0.911192
1338.000000 0.911192
1339.000000 0.911192
1340.000000 0.911192
1341.000000 0.911192
1342.000000 0.911192
1343.000000 0.911192
1344.000000 0.911192
1345.000000 0.911192
1346.000000 0.911192
1347.000000 0.911192
1348.000000 0.911192
1349.000000 0.911192
1350.000000 0.911192
1351.000000 0.911192
1352.000000 0.911192
1353.000000 0.911192
1354.000000 0.911192
1355.000000 0.911192
1356.000000 0.911192
1357.000000 0.911192
1358.000000 0.911192
1359.000000 0.911192
1360.000000 0.911192
1361.000000 0.911192
1362.000000 0.911192
1363.000000 0.911192
1364.000000 0.911192
1365.000000 0.911192
1366.000000 0.911192
1367.000000 0.911192
1368.000000 0.911192
1369.000000 0.911192
1370.000000 0.911192
1371.000000 0.911192
1372.000000 0.911192
1373.000000 0.911192
1374.000000 0.911192
1375.000000 0.911192
1376.000000 0.911192
1377.000000 0.911192
1378.000000 0.911192
1379.000000 0.911192
1380.000000 0.911192
1381.000000 0.911192
1382.000000 0.911192
1383.000000 0.911192
1384.000000 0.911192
1385.000000 0.911192
1386.000000 0.911192
1387.000000 0.911192
1388.000000 0.911192
1389.000000 0.911192
1390.000000 0.911192
1391.000000 0.911192
1392.000000 0.911192
1393.000000 0.911192
1394.000000 0.911192
1395.000000 0.911192
1396.000000 0.911192
1397.000000 0.911192
1398.000000 0.911192
1399.000000 0.911192
1400.000000 0.911192
1401.000000 0.911192
1402.000000 0.911192
1403.000000 0.911192
1404.000000 0.911192
1405.000000 0.911192
1406.000000 0.911192
1407.000000 0.911192
1408.000000 0.911192
1409.000000 0.911192
1410.000000 0.911192
1411.000000 0.911192
1412.000000 0.911192
1413.000000 0.911192
1414.000000 0.911192
1415.000000 0.911192
1416.000000 0.911192
1417.000000 0.911192
1418.000000 0.911192
1419.000000 0.911192
1420.000000 0.911192
1421.000000 0.911192
1422.000000 0.911192
1423.000000 0.911192
1424.000000 0.911192
1425.000000 0.911192
1426.000000 0.911192
1427.000000 0.911192
1428.000000 0.911192
1429.000000 0.911192
1430.000000 0.911192
1431.000000 0.911192
1432.000000 0.911192
1433.000000 0.911192
1434.000000 0.911192
1435.000000 0.911192
1436.000000 0.911192
1437.000000 0.911192
1438.000000 0.911192
1439.000000 0.911192
1440.000000 0.911192
1441.000000 0.911192
1442.000000 0.911192
1443.000000 0.911192
1444.000000 0.911192
1445.000000 0.911192
1446.000000 0.911192
1447.000000 0.911192
1448.000000 0.911192
1449.000000 0.911192
1450.000000 0.911192
1451.000000 0.911192
1452.000000 0.911192
1453.000000 0.911192
1454.000000 0.911192
1455.000000 0.911192
1456.000000 0.911192
1457.000000 0.911192
1458.000000 0.911192
1459.000000 0.911192
1460.000000 0.911192
1461.000000 0.911192
1462.000000 0.911192
1463.000000 0.911192
1464.000000 0.911192
1465.000000 0.911192
1466.000000 0.911192
1467.000000 0.911192
1468.000000 0.911192
1469.000000 0.911192
1470.000000 0.911192
1471.000000 0.911192
1472.000000 0.911192
1473.000000 0.911192
1474.000000 0.911192
1475.000000 0.911192
1476.000000 0.911192
1477.000000 0.911192
1478.000000 0.911192
1479.000000 0.911192
1480.000000 0.911192
1481.000000 0.911192
1482.000000 0.911192
1483.000000 0.911192
1484.000000 0.911192
1485.000000 0.911192
1486.000000 0.911192
1487.000000 0.911192
1488.000000 0.911192
1489.000000 0.911192
1490.000000 0.911192
1491.000000 0.911192
1492.000000 0.911192
1493.000000 0.911192
1494.000000 0.911192
1495.000000 0.911192
1496.000000 0.911192
1497.000000 0.911192
1498.000000 0.911192
1499.000000 0.911192
1500.000000 0.911192
1501.000000 0.961192
1502.000000 0.911192
1503.000000 0.913919
1504.000000 0.916647
1505.000000 0.919374
1506.000000 0.922101
1507.000000 0.924828
1508.000000 0.927556
1509.000000 0.930283
1510.000000 0.933010
1511.000000 0.933611
1512.000000 0.934343
1513.000000 0.936983
1514.000000 0.939392
1515.000000 0.941572
1516.000000 0.943526
1517.000000 0.945256
1518.000000 0.946761
1519.000000 0.948044
1520.000000 0.949105
1521.000000 0.950035
1522.000000 0.950914
1523.000000 0.951653
1524.000000 0.952187
1525.000000 0.952535
1526.000000 0.952714
1527.000000 0.952745
1528.000000 0.952644
1529.000000 0.952431
1530.000000 0.952122
1531.000000 0.951731
1532.000000 0.951266
1533.000000 0.950733
1534.000000 0.950146
1535.000000 0.949521
1536.000000 0.948871
1537.000000 0.948209
1538.000000 0.947546
1539.000000 0.946891
1540.000000 0.946252
1541.000000 0.945636
1542.000000 0.945049
1543.000000 0.944497
1544.000000 0.943984
1545.000000 0.943514
1546.000000 0.943089
1547.000000 0.942710
1548.000000 0.942379
1549.000000 0.942094
1550.000000 0.941855
1551.000000 0.941660
1552.000000 0.941508
1553.000000 0.941396
1554.000000 0.941321
1555.000000 0.941280
1556.000000 0.941270
1557.000000 0.941287
1558.000000 0.941328
1559.000000 0.941390
1560.000000 0.941469
1561.000000 0.941562
1562.000000 0.941665
1563.000000 0.941775
1564.000000 0.941891
1565.000000 0.942009
1566.000000 0.942126
1567.000000 0.942241
1568.000000 0.942353
1569.000000 0.942458
1570.000000 0.942557
1571.000000 0.942648
1572.000000 0.942731
1573.000000 0.942804
1574.000000 0.942868
1575.000000 0.942922
1576.000000 0.942966
1577.000000 0.943001
1578.000000 0.943027
1579.000000 0.943044
1580.000000 0.943053
1581.000000 0.943055
1582.000000 0.943050
1583.000000 0.943039
1584.000000 0.943023
1585.000000 0.943003
1586.000000 0.942979
1587.000000 0.942952
1588.000000 0.942922
1589.000000 0.942891
1590.000000 0.942860
1591.000000 0.942828
1592.000000 0.942796
1593.000000 0.942766
1594.000000 0.942736
1595.000000 0.942708
1596.000000 0.942682
1597.000000 0.942658
1598.000000 0.942636
1599.000000 0.942617
1600.000000 0.942600
1601.000000 0.942585
1602.000000 0.942574
1603.000000 0.942564
1604.000000 0.942557
1605.000000 0.942552
1606.000000 0.942550
1607.000000 0.942549
1608.000000 0.942550
1609.000000 0.942552
1610.000000 0.942556
1611.000000 0.942561
1612.000000 0.942568
1613.000000 0.942574
1614.000000 0.942582
1615.000000 0.942590
1616.000000 0.942598
1617.000000 0.942606
1618.000000 0.942614
1619.000000 0.942623
1620.000000 0.942630
1621.000000 0.942638
1622.000000 0.942645
1623.000000 0.942651
1624.000000 0.942657
1625.000000 0.942663
1626.000000 0.942667
1627.000000 0.942671
1628.000000 0.942675
1629.000000 0.942678
1630.000000 0.942680
1631.000000 0.942682
1632.000000 0.942683
1633.000000 0.942683
1634.000000 0.942684
1635.000000 0.942683
1636.000000 0.942683
1637.000000 0.942682
1638.000000 0.942681
1639.000000 0.942679
1640.000000 0.942678
1641.000000 0.942676
1642.000000 0.942674
1643.000000 0.942672
1644.000000 0.942670
1645.000000 0.942669
1646.000000 0.942667
1647.000000 0.942665
1648.000000 0.942663
1649.000000 0.942662
1650.000000 0.942660
1651.000000 0.942659
1652.000000 0.942658
1653.000000 0.942657
1654.000000 0.942656
1655.000000 0.942656
1656.000000 0.942655
1657.000000 0.942655
1658.000000 0.942654
1659.000000 0.942654
1660.000000 0.942654
1661.000000 0.942654
1662.000000 0.942654
1663.000000 0.942655
1664.000000 0.942655
1665.000000 0.942655
1666.000000 0.942656
1667.000000 0.942656
1668.000000 0.942656
1669.000000 0.942657
1670.000000 0.942657
1671.000000 0.942658
1672.000000 0.942658
1673.000000 0.942659
1674.000000 0.942659
1675.000000 0.942659
1676.000000 0.942660
1677.000000 0.942660
1678.000000 0.942660
1679.000000 0.942661
1680.000000 0.942661
1681.000000 0.942661
1682.000000 0.942661
1683.000000 0.942661
1684.000000 0.942661
1685.000000 0.942661
1686.000000 0.942662
1687.000000 0.942662
1688.000000 0.942661
1689.000000 0.942661
1690.000000 0.942661
1691.000000 0.942661
1692.000000 0.942661
1693.000000 0.942661
1694.000000 0.942661
1695.000000 0.942661
1696.000000 0.942661
1697.000000 0.942661
1698.000000 0.942661
1699.000000 0.942660
1700.000000 0.942660
1701.000000 0.942660
1702.000000 0.942660
1703.000000 0.942660
1704.000000 0.942660
1705.000000 0.942660
1706.000000 0.942660
1707.000000 0.942660
1708.000000 0.942660
1709.000000 0.942660
1710.000000 0.942660
1711.000000 0.942660
1712.000000 0.942660
1713.000000 0.942660
1714.000000 0.942660
1715.000000 0.942660
1716.000000 0.942660
1717.000000 0.942660
1718.000000 0.942660
1719.000000 0.942660
1720.000000 0.942660
1721.000000 0.942660
1722.000000 0.942660
1723.000000 0.942660
1724.000000 0.942660
1725.000000 0.942660
1726.000000 0.942660
1727.000000 0.942660
1728.000000 0.942660
1729.000000 0.942660
1730.000000 0.942660
1731.000000 0.942660
1732.000000 0.942660
1733.000000 0.942660
1734.000000 0.942660
1735.000000 0.942660
1736.000000 0.942660
1737.000000 0.942660
1738.000000 0.942660
1739.000000 0.942660
1740.000000 0.942660
1741.000000 0.942660
1742.000000 0.942660
1743.000000 0.942660
1744.000000 0.942660
1745.000000 0.942660
1746.000000 0.942660
1747.000000 0.942660
1748.000000 0.942660
1749.000000 0.942660
1750.000000 0.942660
1751.000000 0.942660
1752.000000 0.942660
1753.000000 0.942660
1754.000000 0.942660
1755.000000 0.942660
1756.000000 0.942660
1757.000000 0.942660
1758.000000 0.942660
1759.000000 0.942660
1760.000000 0.942660
1761.000000 0.942660
1762.000000 0.942660
1763.000000 0.942660
1764.000000 0.942660
1765.000000 0.942660
1766.000000 0.942660
1767.000000 0.942660
1768.000000 0.942660
1769.000000 0.942660
1770.000000 0.942660
1771.000000 0.942660
1772.000000 0.942660
1773.000000 0.942660
1774.000000 0.942660
1775.000000 0.942660
1776.000000 0.942660
1777.000000 0.942660
1778.000000 0.942660
1779.000000 0.942660
1780.000000 0.942660
1781.000000 0.942660
1782.000000 0.942660
1783.000000 0.942660
1784.000000 0.942660
1785.000000 0.942660
1786.000000 0.942660
1787.000000 0.942660
1788.000000 0.942660
1789.000000 0.942660
1790.000000 0.942660
1791.000000 0.942660
1792.000000 0.942660
1793.000000 0.942660
1794.000000 0.942660
1795.000000 0.942660
1796.000000 0.942660
1797.000000 0.942660
1798.000000 0.942660
1799.000000 0.942660
1800.000000 0.942660
1801.000000 0.942660
1802.000000 0.942660
1803.000000 0.942660
1804.000000 0.942660
1805.000000 0.942660
1806.000000 0.942660
1807.000000 0.942660
1808.000000 0.942660
1809.000000 0.942660
1810.000000 0.942660
1811.000000 0.942660
1812.000000 0.942660
1813.000000 0.942660
1814.000000 0.942660
1815.000000 0.942660
1816.000000 0.942660
1817.000000 0.942660
1818.000000 0.942660
1819.000000 0.942660
1820.000000 0.942660
1821.000000 0.942660
1822.000000 0.942660
1823.000000 0.942660
1824.000000 0.942660
1825.000000 0.942660
1826.000000 0.942660
1827.000000 0.942660
1828.000000 0.942660
1829.000000 0.942660
1830.000000 0.942660
1831.000000 0.942660
1832.000000 0.942660
1833.000000 0.942660
1834.000000 0.942660
1835.000000 0.942660
1836.000000 0.942660
1837.000000 0.942660
1838.000000 0.942660
1839.000000 0.942660
1840.000000 0.942660
1841.000000 0.942660
1842.000000 0.942660
1843.000000 0.942660
1844.000000 0.942660
1845.000000 0.942660
1846.000000 0.942660
1847.000000 0.942660
1848.000000 0.942660
1849.000000 0.942660
1850.000000 0.942660
1851.000000 0.942660
1852.000000 0.942660
1853.000000 0.942660
1854.000000 0.942660
1855.000000 0.942660
1856.000000 0.942660
1857.000000 0.942660
1858.000000 0.942660
1859.000000 0.942660
1860.000000 0.942660
1861.000000 0.942660
1862.000000 0.942660
1863.000000 0.942660
1864.000000 0.942660
1865.000000 0.942660
1866.000000 0.942660
1867.000000 0.942660
1868.000000 0.942660
1869.000000 0.942660
1870.000000 0.942660
1871.000000 0.942660
1872.000000 0.942660
1873.000000 0.942660
1874.000000 0.942660
1875.000000 0.942660
1876.000000 0.942660
1877.000000 0.942660
1878.000000 0.942660
1879.000000 0.942660
1880.000000 0.942660
1881.000000 0.942660
1882.000000 0.942660
1883.000000 0.942660
1884.000000 0.942660
1885.000000 0.942660
1886.000000 0.942660
1887.000000 0.942660
1888.000000 0.942660
1889.000000 0.942660
1890.000000 0.942660
1891.000000 0.942660
1892.000000 0.942660
1893.000000 0.942660
1894.000000 0.942660
1895.000000 0.942660
1896.000000 0.942660
1897.000000 0.942660
1898.000000 0.942660
1899.000000 0.942660
1900.000000 0.942660
1901.000000 0.942660
1902.000000 0.942660
1903.000000 0.942660
1904.000000 0.942660
1905.000000 0.942660
1906.000000 0.942660
1907.000000 0.942660
1908.000000 0.942660
1909.000000 0.942660
1910.000000 0.942660
1911.000000 0.942660
1912.000000 0.942660
1913.000000 0.942660
1914.000000 0.942660
1915.000000 0.942660
1916.000000 0.942660
1917.000000 0.942660
1918.000000 0.942660
1919.000000 0.942660
1920.000000 0.942660
1921.000000 0.942660
1922.000000 0.942660
1923.000000 0.942660
1924.000000 0.942660
1925.000000 0.942660
1926.000000 0.942660
1927.000000 0.942660
1928.000000 0.942660
1929.000000 0.942660
1930.000000 0.942660
1931.000000 0.942660
1932.000000 0.942660
1933.000000 0.942660
1934.000000 0.942660
1935.000000 0.942660
1936.000000 0.942660
1937.000000 0.942660
1938.000000 0.942660
1939.000000 0.942660
1940.000000 0.942660
1941.000000 0.942660
1942.000000 0.942660
1943.000000 0.942660
1944.000000 0.942660
1945.000000 0.942660
1946.000000 0.942660
1947.000000 0.942660
1948.000000 0.942660
1949.000000 0.942660
1950.000000 0.942660
1951.000000 0.942660
1952.000000 0.942660
1953.000000 0.942660
1954.000000 0.942660
1955.000000 0.942660
1956.000000 0.942660
1957.000000 0.942660
1958.000000 0.942660
1959.000000 0.942660
1960.000000 0.942660
1961.000000 0.942660
1962.000000 0.942660
1963.000000 0.942660
1964.000000 0.942660
1965.000000 0.942660
1966.000000 0.942660
1967.000000 0.942660
1968.000000 0.942660
1969.000000 0.942660
1970.000000 0.942660
1971.000000 0.942660
1972.000000 0.942660
1973.000000 0.942660
1974.000000 0.942660
1975.000000 0.942660
1976.000000 0.942660
1977.000000 0.942660
1978.000000 0.942660
1979.000000 0.942660
1980.000000 0.942660
1981.000000 0.942660
1982.000000 0.942660
1983.000000 0.942660
1984.000000 0.942660
1985.000000 0.942660
1986.000000 0.942660
1987.000000 0.942660
1988.000000 0.942660
1989.000000 0.942660
1990.000000 0.942660
1991.000000 0.942660
1992.000000 0.942660
1993.000000 0.942660
1994.000000 0.942660
1995.000000 0.942660
1996.000000 0.942660
1997.000000 0.942660
1998.000000 0.942660
1999.000000 0.942660
2000.000000 0.942660
2001.000000 0.942660
2002.000000 0.942660
2003.000000 0.942660
2004.000000 0.942660
2005.000000 0.942660
2006.000000 0.942660
2007.000000 0.942660
2008.000000 0.942660
2009.000000 0.942660
2010.000000 0.942660
2011.000000 0.942660
2012.000000 0.942660
2013.000000 0.942660
2014.000000 0.942660
2015.000000 0.942660
2016.000000 0.942660
2017.000000 0.942660
2018.000000 0.942660
2019.000000 0.942660
2020.000000 0.942660
2021.000000 0.942660
2022.000000 0.942660
2023.000000 0.942660
2024.000000 0.942660
2025.000000 0.942660
2026.000000 0.942660
2027.000000 0.942660
2028.000000 0.942660
2029.000000 0.942660
2030.000000 0.942660
2031.000000 0.942660
2032.000000 0.942660
2033.000000 0.942660
2034.000000 0.942660
2035.000000 0.942660
2036.000000 0.942660
2037.000000 0.942660
2038.000000 0.942660
2039.000000 0.942660
2040.000000 0.942660
2041.000000 0.942660
2042.000000 0.942660
2043.000000 0.942660
2044.000000 0.942660
2045.000000 0.942660
2046.000000 0.942660
2047.000000 0.942660
2048.000000 0.942660
2049.000000 0.942660
2050.000000 0.942660
2051.000000 0.942660
2052.000000 0.942660
2053.000000 0.942660
2054.000000 0.942660
2055.000000 0.942660
2056.000000 0.942660
2057.000000 0.942660
2058.000000 0.942660
2059.000000 0.942660
2060.000000 0.942660
2061.000000 0.942660
2062.000000 0.942660
2063.000000 0.942660
2064.000000 0.942660
2065.000000 0.942660
2066.000000 0.942660
2067.000000 0.942660
2068.000000 0.942660
2069.000000 0.942660
2070.000000 0.942660
2071.000000 0.942660
2072.000000 0.942660
2073.000000 0.942660
2074.000000 0.942660
2075.000000 0.942660
2076.000000 0.942660
2077.000000 0.942660
2078.000000 0.942660
2079.000000 0.942660
2080.000000 0.942660
2081.000000 0.942660
2082.000000 0.942660
2083.000000 0.942660
2084.000000 0.942660
2085.000000 0.942660
2086.000000 0.942660
2087.000000 0.942660
2088.000000 0.942660
2089.000000 0.942660
2090.000000 0.942660
2091.000000 0.942660
2092.000000 0.942660
2093.000000 0.942660
2094.000000 0.942660
2095.000000 0.942660
2096.000000 0.942660
2097.000000 0.942660
2098.000000 0.942660
2099.000000 0.942660
2100.000000 0.942660
2101.000000 0.942660
2102.000000 0.942660
2103.000000 0.942660
2104.000000 0.942660
2105.000000 0.942660
2106.000000 0.942660
2107.000000 0.942660
2108.000000 0.942660
2109.000000 0.942660
2110.000000 0.942660
2111.000000 0.942660
2112.000000 0.942660
2113.000000 0.942660
2114.000000 0.942660
2115.000000 0.942660
2116.000000 0.942660
2117.000000 0.942660
2118.000000 0.942660
2119.000000 0.942660
2120.000000 0.942660
2121.000000 0.942660
2122.000000 0.942660
2123.000000 0.942660
2124.000000 0.942660
2125.000000 0.942660
2126.000000 0.942660
2127.000000 0.942660
2128.000000 0.942660
2129.000000 0.942660
2130.000000 0.942660
2131.000000 0.942660
2132.000000 0.942660
2133.000000 0.942660
2134.000000 0.942660
2135.000000 0.942660
2136.000000 0.942660
2137.000000 0.942660
2138.000000 0.942660
2139.000000 0.942660
2140.000000 0.942660
2141.000000 0.942660
2142.000000 0.942660
2143.000000 0.942660
2144.000000 0.942660
2145.000000 0.942660
2146.000000 0.942660
2147.000000 0.942660
2148.000000 0.942660
2149.000000 0.942660
2150.000000 0.942660
2151.000000 0.942660
2152.000000 0.942660
2153.000000 0.942660
2154.000000 0.942660
2155.000000 0.942660
2156.000000 0.942660
2157.000000 0.942660
2158.000000 0.942660
2159.000000 0.942660
2160.000000 0.942660
2161.000000 0.942660
2162.000000 0.942660
2163.000000 0.942660
2164.000000 0.942660
2165.000000 0.942660
2166.000000 0.942660
2167.000000 0.942660
2168.000000 0.942660
2169.000000 0.942660
2170.000000 0.942660
2171.000000 0.942660
2172.000000 0.942660
2173.000000 0.942660
2174.000000 0.942660
2175.000000 0.942660
2176.000000 0.942660
2177.000000 0.942660
2178.000000 0.942660
2179.000000 0.942660
2180.000000 0.942660
2181.000000 0.942660
2182.000000 0.942660
2183.000000 0.942660
2184.000000 0.942660
2185.000000 0.942660
2186.000000 0.942660
2187.000000 0.942660
2188.000000 0.942660
2189.000000 0.942660
2190.000000 0.942660
2191.000000 0.942660
2192.000000 0.942660
2193.000000 0.942660
2194.000000 0.942660
2195.000000 0.942660
2196.000000 0.942660
2197.000000 0.942660
2198.000000 0.942660
2199.000000 0.942660
2200.000000 0.942660
2201.000000 0.992660
2202.000000 0.942660
2203.000000 0.948115
2204.000000 0.953569
2205.000000 0.959024
2206.000000 0.964478
2207.000000 0.969933
2208.000000 0.975387
2209.000000 0.980842
2210.000000 0.986296
2211.000000 0.989625
2212.000000 0.993084
2213.000000 0.998335
2214.000000 1.003130
2215.000000 1.007474
2216.000000 1.011369
2217.000000 1.014819
2218.000000 1.017824
2219.000000 1.020387
2220.000000 1.022508
2221.000000 1.024279
2222.000000 1.025779
2223.000000 1.026925
2224.000000 1.027666
2225.000000 1.028037
2226.000000 1.028077
2227.000000 1.027820
2228.000000 1.027303
2229.000000 1.026561
2230.000000 1.025628
2231.000000 1.024537
2232.000000 1.023310
2233.000000 1.021972
2234.000000 1.020552
2235.000000 1.019082
2236.000000 1.017588
2237.000000 1.016095
2238.000000 1.014624
2239.000000 1.013193
2240.000000 1.011820
2241.000000 1.010516
2242.000000 1.009294
2243.000000 1.008163
2244.000000 1.007130
2245.000000 1.006200
2246.000000 1.005376
2247.000000 1.004659
2248.000000 1.004047
2249.000000 1.003539
2250.000000 1.003131
2251.000000 1.002817
2252.000000 1.002592
2253.000000 1.002450
2254.000000 1.002383
2255.000000 1.002384
2256.000000 1.002444
2257.000000 1.002557
2258.000000 1.002715
2259.000000 1.002908
2260.000000 1.003131
2261.000000 1.003375
2262.000000 1.003634
2263.000000 1.003903
2264.000000 1.004174
2265.000000 1.004444
2266.000000 1.004707
2267.000000 1.004959
2268.000000 1.005198
2269.000000 1.005420
2270.000000 1.005624
2271.000000 1.005808
2272.000000 1.005969
2273.000000 1.006109
2274.000000 1.006227
2275.000000 1.006323
2276.000000 1.006397
2277.000000 1.006451
2278.000000 1.006486
2279.000000 1.006502
2280.000000 1.006502
2281.000000 1.006487
2282.000000 1.006458
2283.000000 1.006419
2284.000000 1.006369
2285.000000 1.006312
2286.000000 1.006248
2287.000000 1.006180
2288.000000 1.006109
2289.000000 1.006036
2290.000000 1.005963
2291.000000 1.005891
2292.000000 1.005821
2293.000000 1.005755
2294.000000 1.005692
2295.000000 1.005633
2296.000000 1.005579
2297.000000 1.005531
2298.000000 1.005488
2299.000000 1.005451
2300.000000 1.005420
2301.000000 1.005394
2302.000000 1.005374
2303.000000 1.005359
2304.000000 1.005350
2305.000000 1.005345
2306.000000 1.005344
2307.000000 1.005347
2308.000000 1.005354
2309.000000 1.005363
2310.000000 1.005376
2311.000000 1.005390
2312.000000 1.005406
2313.000000 1.005423
2314.000000 1.005442
2315.000000 1.005460
2316.000000 1.005479
2317.000000 1.005498
2318.000000 1.005516
2319.000000 1.005534
2320.000000 1.005550
2321.000000 1.005566
2322.000000 1.005581
2323.000000 1.005594
2324.000000 1.005606
2325.000000 1.005616
2326.000000 1.005625
2327.000000 1.005632
2328.000000 1.005638
2329.000000 1.005643
2330.000000 1.005647
2331.000000 1.005649
2332.000000 1.005650
2333.000000 1.005650
2334.000000 1.005649
2335.000000 1.005648
2336.000000 1.005645
2337.000000 1.005642
2338.000000 1.005639
2339.000000 1.005635
2340.000000 1.005631
2341.000000 1.005627
2342.000000 1.005623
2343.000000 1.005619
2344.000000 1.005614
2345.000000 1.005610
2346.000000 1.005606
2347.000000 1.005603
2348.000000 1.005599
2349.000000 1.005596
2350.000000 1.005593
2351.000000 1.005591
2352.000000 1.005589
2353.000000 1.005587
2354.000000 1.005585
2355.000000 1.005584
2356.000000 1.005583
2357.000000 1.005583
2358.000000 1.005582
2359.000000 1.005582
2360.000000 1.005583
2361.000000 1.005583
2362.000000 1.005584
2363.000000 1.005584
2364.000000 1.005585
2365.000000 1.005586
2366.000000 1.005587
2367.000000 1.005588
2368.000000 1.005589
2369.000000 1.005590
2370.000000 1.005591
2371.000000 1.005592
2372.000000 1.005593
2373.000000 1.005594
2374.000000 1.005595
2375.000000 1.005596
2376.000000 1.005597
2377.000000 1.005597
2378.000000 1.005598
2379.000000 1.005598
2380.000000 1.005599
2381.000000 1.005599
2382.000000 1.005599
2383.000000 1.005599
2384.000000 1.005599
2385.000000 1.005599
2386.000000 1.005599
2387.000000 1.005599
2388.000000 1.005599
2389.000000 1.005599
2390.000000 1.005599
2391.000000 1.005599
2392.000000 1.005598
2393.000000 1.005598
2394.000000 1.005598
2395.000000 1.005598
2396.000000 1.005597
2397.000000 1.005597
2398.000000 1.005597
2399.000000 1.005597
2400.000000 1.005596
2401.000000 1.005596
2402.000000 1.005596
2403.000000 1.005596
2404.000000 1.005596
2405.000000 1.005596
2406.000000 1.005595
2407.000000 1.005595
2408.000000 1.005595
2409.000000 1.005595
2410.000000 1.005595
2411.000000 1.005595
2412.000000 1.005595
2413.000000 1.005595
2414.000000 1.005595
2415.000000 1.005595
2416.000000 1.005595
2417.000000 1.005595
2418.000000 1.005595
2419.000000 1.005595
2420.000000 1.005596
2421.000000 1.005596
2422.000000 1.005596
2423.000000 1.005596
2424.000000 1.005596
2425.000000 1.005596
2426.000000 1.005596
2427.000000 1.005596
2428.000000 1.005596
2429.000000 1.005596
2430.000000 1.005596
2431.000000 1.005596
2432.000000 1.005596
2433.000000 1.005596
2434.000000 1.005596
2435.000000 1.005596
2436.000000 1.005596
2437.000000 1.005596
2438.000000 1.005596
2439.000000 1.005596
2440.000000 1.005596
2441.000000 1.005596
2442.000000 1.005596
2443.000000 1.005596
2444.000000 1.005596
2445.000000 1.005596
2446.000000 1.005596
2447.000000 1.005596
2448.000000 1.005596
2449.000000 1.005596
2450.000000 1.005596
2451.000000 1.005596
2452.000000 1.005596
2453.000000 1.005596
2454.000000 1.005596
2455.000000 1.005596
2456.000000 1.005596
2457.000000 1.005596
2458.000000 1.005596
2459.000000 1.005596
2460.000000 1.005596
2461.000000 1.005596
2462.000000 1.005596
2463.000000 1.005596
2464.000000 1.005596
2465.000000 1.005596
2466.000000 1.005596
2467.000000 1.005596
2468.000000 1.005596
2469.000000 1.005596
2470.000000 1.005596
2471.000000 1.005596
2472.000000 1.005596
2473.000000 1.005596
2474.000000 1.005596
2475.000000 1.005596
2476.000000 1.005596
2477.000000 1.005596
2478.000000 1.005596
2479.000000 1.005596
2480.000000 1.005596
2481.000000 1.005596
2482.000000 1.005596
2483.000000 1.005596
2484.000000 1.005596
2485.000000 1.005596
2486.000000 1.005596
2487.000000 1.005596
2488.000000 1.005596
2489.000000 1.005596
2490.000000 1.005596
2491.000000 1.005596
2492.000000 1.005596
2493.000000 1.005596
2494.000000 1.005596
2495.000000 1.005596
2496.000000 1.005596
2497.000000 1.005596
2498.000000 1.005596
2499.000000 1.005596
2500.000000 1.005596
