1.000000 2.000000
2.000000 2.000000
3.000000 2.000000
4.000000 2.000000
5.000000 2.000000
6.000000 2.000000
7.000000 2.000000
8.000000 2.000000
9.000000 2.000000
10.000000 2.000000
11.000000 2.000000
12.000000 2.000000
13.000000 2.000000
14.000000 2.000000
15.000000 2.000000
16.000000 2.000000
17.000000 2.000000
18.000000 2.000000
19.000000 2.000000
20.000000 2.000000
21.000000 2.000000
22.000000 2.000000
23.000000 2.000000
24.000000 2.000000
25.000000 2.000000
26.000000 2.000000
27.000000 2.000000
28.000000 2.000000
29.000000 2.000000
30.000000 2.000000
31.000000 1.999495
32.000000 1.997585
33.000000 1.993514
34.000000 1.986658
35.000000 1.977009
36.000000 1.965055
37.000000 1.951225
38.000000 1.935892
39.000000 1.919381
40.000000 1.901975
41.000000 1.883919
42.000000 1.865425
43.000000 1.846674
44.000000 1.827822
45.000000 1.808999
46.000000 1.790319
47.000000 1.771875
48.000000 1.753745
49.000000 1.735991
50.000000 1.718701
51.000000 1.702078
52.000000 1.686436
53.000000 1.672081
54.000000 1.659252
55.000000 1.648095
56.000000 1.638661
57.000000 1.630917
58.000000 1.624762
59.000000 1.620047
60.000000 1.616589
61.000000 1.614192
62.000000 1.612650
63.000000 1.611762
64.000000 1.611339
65.000000 1.611207
66.000000 1.611219
67.000000 1.611253
68.000000 1.611219
69.000000 1.611055
70.000000 1.610728
71.000000 1.610227
72.000000 1.609560
73.000000 1.608753
74.000000 1.607839
75.000000 1.606857
76.000000 1.605849
77.000000 1.604853
78.000000 1.603906
79.000000 1.603037
80.000000 1.602268
81.000000 1.601613
82.000000 1.601079
83.000000 1.600666
84.000000 1.600368
85.000000 1.600174
86.000000 1.600070
87.000000 1.600039
88.000000 1.600064
89.000000 1.600127
90.000000 1.600214
91.000000 1.600310
92.000000 1.600402
93.000000 1.600483
94.000000 1.600545
95.000000 1.600586
96.000000 1.600602
97.000000 1.600596
98.000000 1.600569
99.000000 1.600525
100.000000 1.600468
101.000000 1.600401
102.000000 1.600330
103.000000 1.600259
104.000000 1.600191
105.000000 1.600128
106.000000 1.600074
107.000000 1.600029
108.000000 1.599995
109.000000 1.599970
110.000000 1.599953
111.000000 1.599943
112.000000 1.599938
113.000000 1.599935
114.000000 1.599930
115.000000 1.599921
116.000000 1.599904
117.000000 1.599876
118.000000 1.599835
119.000000 1.599779
120.000000 1.599706
121.000000 1.599616
122.000000 1.599510
123.000000 1.599387
124.000000 1.599250
125.000000 1.599101
126.000000 1.598944
127.000000 1.598780
128.000000 1.598614
129.000000 1.598448
130.000000 1.598285
131.000000 1.598128
132.000000 1.597979
133.000000 1.597842
134.000000 1.597723
135.000000 1.597626
136.000000 1.597559
137.000000 1.597524
138.000000 1.597525
139.000000 1.597562
140.000000 1.597633
141.000000 1.597736
142.000000 1.597868
143.000000 1.598023
144.000000 1.598197
145.000000 1.598385
146.000000 1.598581
147.000000 1.598779
148.000000 1.598977
149.000000 1.599168
150.000000 1.599351
151.000000 1.599521
152.000000 1.599677
153.000000 1.599818
154.000000 1.599941
155.000000 1.600046
156.000000 1.600131
157.000000 1.600196
158.000000 1.600241
159.000000 1.600267
160.000000 1.600274
161.000000 1.600266
162.000000 1.600244
163.000000 1.600211
164.000000 1.600170
165.000000 1.600124
166.000000 1.600077
167.000000 1.600030
168.000000 1.599987
169.000000 1.599949
170.000000 1.599918
171.000000 1.599894
172.000000 1.599879
173.000000 1.599872
174.000000 1.599873
175.000000 1.599881
176.000000 1.599894
177.000000 1.599911
178.000000 1.599931
179.000000 1.599953
180.000000 1.599975
181.000000 1.599995
182.000000 1.600013
183.000000 1.600028
184.000000 1.600040
185.000000 1.600048
186.000000 1.600053
187.000000 1.600054
188.000000 1.600052
189.000000 1.600047
190.000000 1.600040
191.000000 1.600032
192.000000 1.600024
193.000000 1.600015
194.000000 1.600006
195.000000 1.599999
196.000000 1.599992
197.000000 1.599987
198.000000 1.599983
199.000000 1.599981
200.000000 1.599980
201.000000 1.599980
202.000000 1.599982
203.000000 1.599983
204.000000 1.599986
205.000000 1.599988
206.000000 1.599991
207.000000 1.599993
208.000000 1.599994
209.000000 1.599996
210.000000 1.599996
211.000000 1.599996
212.000000 1.599996
213.000000 1.599995
214.000000 1.599993
215.000000 1.599992
216.000000 1.599990
217.000000 1.599988
218.000000 1.599986
219.000000 1.599984
220.000000 1.599983
221.000000 1.599983
222.000000 1.599982
223.000000 1.599983
224.000000 1.599984
225.000000 1.599986
226.000000 1.599988
227.000000 1.599991
228.000000 1.599994
229.000000 1.599997
230.000000 1.600001
231.000000 1.600004
232.000000 1.600008
233.000000 1.600012
234.000000 1.600015
235.000000 1.600018
236.000000 1.600021
237.000000 1.600023
238.000000 1.600025
239.000000 1.600026
240.000000 1.600026
241.000000 1.600026
242.000000 1.600025
243.000000 1.600024
244.000000 1.600022
245.000000 1.600020
246.000000 1.600018
247.000000 1.600015
248.000000 1.600012
249.000000 1.600009
250.000000 1.600006
251.000000 1.600003
252.000000 1.600000
253.000000 1.599998
254.000000 1.599996
255.000000 1.599994
256.000000 1.599993
257.000000 1.599992
258.000000 1.599992
259.000000 1.599992
260.000000 1.599992
261.000000 1.599992
262.000000 1.599993
263.000000 1.599994
264.000000 1.599995
265.000000 1.599996
266.000000 1.599998
267.000000 1.599999
268.000000 1.600000
269.000000 1.600001
270.000000 1.600002
271.000000 1.600002
272.000000 1.600003
273.000000 1.600003
274.000000 1.600003
275.000000 1.600003
276.000000 1.600003
277.000000 1.600003
278.000000 1.600002
279.000000 1.600002
280.000000 1.600001
281.000000 1.600001
282.000000 1.600000
283.000000 1.600000
284.000000 1.599999
285.000000 1.599999
286.000000 1.599999
287.000000 1.599998
288.000000 1.599998
289.000000 1.599998
290.000000 1.599998
291.000000 1.599999
292.000000 1.599999
293.000000 1.599999
294.000000 1.599999
295.000000 1.600000
296.000000 1.600000
297.000000 1.600000
298.000000 1.600000
299.000000 1.600000
300.000000 1.600001
301.000000 1.600001
302.000000 1.600001
303.000000 1.600001
304.000000 1.600001
305.000000 1.600000
306.000000 1.600000
307.000000 1.600000
308.000000 1.600000
309.000000 1.600000
310.000000 1.600000
311.000000 1.600000
312.000000 1.600000
313.000000 1.600000
314.000000 1.600000
315.000000 1.600000
316.000000 1.600000
317.000000 1.600000
318.000000 1.600000
319.000000 1.600000
320.000000 1.600000
321.000000 1.600000
322.000000 1.600000
323.000000 1.600000
324.000000 1.600000
325.000000 1.600000
326.000000 1.600000
327.000000 1.600000
328.000000 1.600000
329.000000 1.600000
330.000000 1.600000
331.000000 1.600000
332.000000 1.600000
333.000000 1.600000
334.000000 1.600000
335.000000 1.600000
336.000000 1.600000
337.000000 1.600000
338.000000 1.600000
339.000000 1.600000
340.000000 1.600000
341.000000 1.600000
342.000000 1.600000
343.000000 1.600000
344.000000 1.600000
345.000000 1.600000
346.000000 1.600000
347.000000 1.600000
348.000000 1.600000
349.000000 1.600000
350.000000 1.600000
351.000000 1.600000
352.000000 1.600000
353.000000 1.600000
354.000000 1.600000
355.000000 1.600000
356.000000 1.600000
357.000000 1.600000
358.000000 1.600000
359.000000 1.600000
360.000000 1.600000
361.000000 1.600000
362.000000 1.600000
363.000000 1.600000
364.000000 1.600000
365.000000 1.600000
366.000000 1.600000
367.000000 1.600000
368.000000 1.600000
369.000000 1.600000
370.000000 1.600000
371.000000 1.600000
372.000000 1.600000
373.000000 1.600000
374.000000 1.600000
375.000000 1.600000
376.000000 1.600000
377.000000 1.600000
378.000000 1.600000
379.000000 1.600000
380.000000 1.600000
381.000000 1.600000
382.000000 1.600000
383.000000 1.600000
384.000000 1.600000
385.000000 1.600000
386.000000 1.600000
387.000000 1.600000
388.000000 1.600000
389.000000 1.600000
390.000000 1.600000
391.000000 1.600000
392.000000 1.600000
393.000000 1.600000
394.000000 1.600000
395.000000 1.600000
396.000000 1.600000
397.000000 1.600000
398.000000 1.600000
399.000000 1.600000
400.000000 1.600000
401.000000 1.600000
402.000000 1.600000
403.000000 1.600000
404.000000 1.600000
405.000000 1.600000
406.000000 1.600000
407.000000 1.600000
408.000000 1.600000
409.000000 1.600000
410.000000 1.600000
411.000000 1.600000
412.000000 1.600000
413.000000 1.600000
414.000000 1.600000
415.000000 1.600000
416.000000 1.600000
417.000000 1.600000
418.000000 1.600000
419.000000 1.600000
420.000000 1.600000
421.000000 1.600000
422.000000 1.600000
423.000000 1.600000
424.000000 1.600000
425.000000 1.600000
426.000000 1.600000
427.000000 1.600000
428.000000 1.600000
429.000000 1.600000
430.000000 1.600000
431.000000 1.600000
432.000000 1.600000
433.000000 1.600000
434.000000 1.600000
435.000000 1.600000
436.000000 1.600000
437.000000 1.600000
438.000000 1.600000
439.000000 1.600000
440.000000 1.600000
441.000000 1.600000
442.000000 1.600000
443.000000 1.600000
444.000000 1.600000
445.000000 1.600000
446.000000 1.600000
447.000000 1.600000
448.000000 1.600000
449.000000 1.600000
450.000000 1.600000
451.000000 1.600000
452.000000 1.600000
453.000000 1.600000
454.000000 1.600000
455.000000 1.600000
456.000000 1.600000
457.000000 1.600000
458.000000 1.600000
459.000000 1.600000
460.000000 1.600000
461.000000 1.600000
462.000000 1.600000
463.000000 1.600000
464.000000 1.600000
465.000000 1.600000
466.000000 1.600000
467.000000 1.600000
468.000000 1.600000
469.000000 1.600000
470.000000 1.600000
471.000000 1.600000
472.000000 1.600000
473.000000 1.600000
474.000000 1.600000
475.000000 1.600000
476.000000 1.600000
477.000000 1.600000
478.000000 1.600000
479.000000 1.600000
480.000000 1.600000
481.000000 1.600000
482.000000 1.600000
483.000000 1.600000
484.000000 1.600000
485.000000 1.600000
486.000000 1.600000
487.000000 1.600000
488.000000 1.600000
489.000000 1.600000
490.000000 1.600000
491.000000 1.600000
492.000000 1.600000
493.000000 1.600000
494.000000 1.600000
495.000000 1.600000
496.000000 1.600000
497.000000 1.600000
498.000000 1.600000
499.000000 1.600000
500.000000 1.600000
501.000000 1.600000
502.000000 1.600000
503.000000 1.600000
504.000000 1.600000
505.000000 1.600000
506.000000 1.600000
507.000000 1.600000
508.000000 1.600000
509.000000 1.600000
510.000000 1.600000
511.000000 1.600000
512.000000 1.600000
513.000000 1.600000
514.000000 1.600000
515.000000 1.600000
516.000000 1.600000
517.000000 1.600000
518.000000 1.600000
519.000000 1.600000
520.000000 1.600000
521.000000 1.600000
522.000000 1.600000
523.000000 1.600000
524.000000 1.600000
525.000000 1.600000
526.000000 1.600000
527.000000 1.600000
528.000000 1.600000
529.000000 1.600000
530.000000 1.600000
531.000000 1.600000
532.000000 1.600000
533.000000 1.600000
534.000000 1.600000
535.000000 1.600000
536.000000 1.600000
537.000000 1.600000
538.000000 1.600000
539.000000 1.600000
540.000000 1.600000
541.000000 1.600000
542.000000 1.600000
543.000000 1.600000
544.000000 1.600000
545.000000 1.600000
546.000000 1.600000
547.000000 1.600000
548.000000 1.600000
549.000000 1.600000
550.000000 1.600000
551.000000 1.600000
552.000000 1.600000
553.000000 1.600000
554.000000 1.600000
555.000000 1.600000
556.000000 1.600000
557.000000 1.600000
558.000000 1.600000
559.000000 1.600000
560.000000 1.600000
561.000000 1.600000
562.000000 1.600000
563.000000 1.600000
564.000000 1.600000
565.000000 1.600000
566.000000 1.600000
567.000000 1.600000
568.000000 1.600000
569.000000 1.600000
570.000000 1.600000
571.000000 1.600000
572.000000 1.600000
573.000000 1.600000
574.000000 1.600000
575.000000 1.600000
576.000000 1.600000
577.000000 1.600000
578.000000 1.600000
579.000000 1.600000
580.000000 1.600000
581.000000 1.600000
582.000000 1.600000
583.000000 1.600000
584.000000 1.600000
585.000000 1.600000
586.000000 1.600000
587.000000 1.600000
588.000000 1.600000
589.000000 1.600000
590.000000 1.600000
591.000000 1.600000
592.000000 1.600000
593.000000 1.600000
594.000000 1.600000
595.000000 1.600000
596.000000 1.600000
597.000000 1.600000
598.000000 1.600000
599.000000 1.600000
600.000000 1.600000
601.000000 1.600000
602.000000 1.600000
603.000000 1.600000
604.000000 1.600000
605.000000 1.600000
606.000000 1.600000
607.000000 1.600000
608.000000 1.600000
609.000000 1.600000
610.000000 1.600000
611.000000 1.600000
612.000000 1.600000
613.000000 1.600000
614.000000 1.600000
615.000000 1.600000
616.000000 1.600000
617.000000 1.600000
618.000000 1.600000
619.000000 1.600000
620.000000 1.600000
621.000000 1.600000
622.000000 1.600000
623.000000 1.600000
624.000000 1.600000
625.000000 1.600000
626.000000 1.600000
627.000000 1.600000
628.000000 1.600000
629.000000 1.600000
630.000000 1.600000
631.000000 1.600000
632.000000 1.600000
633.000000 1.600000
634.000000 1.600000
635.000000 1.600000
636.000000 1.600000
637.000000 1.600000
638.000000 1.600000
639.000000 1.600000
640.000000 1.600000
641.000000 1.600000
642.000000 1.600000
643.000000 1.600000
644.000000 1.600000
645.000000 1.600000
646.000000 1.600000
647.000000 1.600000
648.000000 1.600000
649.000000 1.600000
650.000000 1.600000
651.000000 1.600000
652.000000 1.600000
653.000000 1.600000
654.000000 1.600000
655.000000 1.600000
656.000000 1.600000
657.000000 1.600000
658.000000 1.600000
659.000000 1.600000
660.000000 1.600000
661.000000 1.600000
662.000000 1.600000
663.000000 1.600000
664.000000 1.600000
665.000000 1.600000
666.000000 1.600000
667.000000 1.600000
668.000000 1.600000
669.000000 1.600000
670.000000 1.600000
671.000000 1.600000
672.000000 1.600000
673.000000 1.600000
674.000000 1.600000
675.000000 1.600000
676.000000 1.600000
677.000000 1.600000
678.000000 1.600000
679.000000 1.600000
680.000000 1.600000
681.000000 1.600000
682.000000 1.600000
683.000000 1.600000
684.000000 1.600000
685.000000 1.600000
686.000000 1.600000
687.000000 1.600000
688.000000 1.600000
689.000000 1.600000
690.000000 1.600000
691.000000 1.600000
692.000000 1.600000
693.000000 1.600000
694.000000 1.600000
695.000000 1.600000
696.000000 1.600000
697.000000 1.600000
698.000000 1.600000
699.000000 1.600000
700.000000 1.600000
701.000000 1.600000
702.000000 1.600000
703.000000 1.600000
704.000000 1.600000
705.000000 1.600000
706.000000 1.600000
707.000000 1.600000
708.000000 1.600000
709.000000 1.600000
710.000000 1.600000
711.000000 1.600000
712.000000 1.600000
713.000000 1.600000
714.000000 1.600000
715.000000 1.600000
716.000000 1.600000
717.000000 1.600000
718.000000 1.600000
719.000000 1.600000
720.000000 1.600000
721.000000 1.600000
722.000000 1.600000
723.000000 1.600000
724.000000 1.600000
725.000000 1.600000
726.000000 1.600000
727.000000 1.600000
728.000000 1.600000
729.000000 1.600000
730.000000 1.600000
731.000000 1.600000
732.000000 1.600000
733.000000 1.600000
734.000000 1.600000
735.000000 1.600000
736.000000 1.600000
737.000000 1.600000
738.000000 1.600000
739.000000 1.600000
740.000000 1.600000
741.000000 1.600000
742.000000 1.600000
743.000000 1.600000
744.000000 1.600000
745.000000 1.600000
746.000000 1.600000
747.000000 1.600000
748.000000 1.600000
749.000000 1.600000
750.000000 1.600000
751.000000 1.600000
752.000000 1.600000
753.000000 1.600000
754.000000 1.600000
755.000000 1.600000
756.000000 1.600000
757.000000 1.600000
758.000000 1.600000
759.000000 1.600000
760.000000 1.600000
761.000000 1.600000
762.000000 1.600000
763.000000 1.600000
764.000000 1.600000
765.000000 1.600000
766.000000 1.600000
767.000000 1.600000
768.000000 1.600000
769.000000 1.600000
770.000000 1.600000
771.000000 1.600000
772.000000 1.600000
773.000000 1.600000
774.000000 1.600000
775.000000 1.600000
776.000000 1.600000
777.000000 1.600000
778.000000 1.600000
779.000000 1.600000
780.000000 1.600000
781.000000 1.600000
782.000000 1.600000
783.000000 1.600000
784.000000 1.600000
785.000000 1.600000
786.000000 1.600000
787.000000 1.600000
788.000000 1.600000
789.000000 1.600000
790.000000 1.600000
791.000000 1.600000
792.000000 1.600000
793.000000 1.600000
794.000000 1.600000
795.000000 1.600000
796.000000 1.600000
797.000000 1.600000
798.000000 1.600000
799.000000 1.600000
800.000000 1.600000
801.000000 1.600000
802.000000 1.600000
803.000000 1.600000
804.000000 1.600000
805.000000 1.600000
806.000000 1.600000
807.000000 1.600000
808.000000 1.600000
809.000000 1.600000
810.000000 1.600000
811.000000 1.600000
812.000000 1.600000
813.000000 1.600000
814.000000 1.600000
815.000000 1.600000
816.000000 1.600000
817.000000 1.600000
818.000000 1.600000
819.000000 1.600000
820.000000 1.600000
821.000000 1.600000
822.000000 1.600000
823.000000 1.600000
824.000000 1.600000
825.000000 1.600000
826.000000 1.600000
827.000000 1.600000
828.000000 1.600000
829.000000 1.600000
830.000000 1.600000
831.000000 1.600000
832.000000 1.600000
833.000000 1.600000
834.000000 1.600000
835.000000 1.600000
836.000000 1.600000
837.000000 1.600000
838.000000 1.600000
839.000000 1.600000
840.000000 1.600000
841.000000 1.600000
842.000000 1.600000
843.000000 1.600000
844.000000 1.600000
845.000000 1.600000
846.000000 1.600000
847.000000 1.600000
848.000000 1.600000
849.000000 1.600000
850.000000 1.600000
851.000000 1.600000
852.000000 1.600000
853.000000 1.600000
854.000000 1.600000
855.000000 1.600000
856.000000 1.600000
857.000000 1.600000
858.000000 1.600000
859.000000 1.600000
860.000000 1.600000
861.000000 1.600000
862.000000 1.600000
863.000000 1.600000
864.000000 1.600000
865.000000 1.600000
866.000000 1.600000
867.000000 1.600000
868.000000 1.600000
869.000000 1.600000
870.000000 1.600000
871.000000 1.600000
872.000000 1.600000
873.000000 1.600000
874.000000 1.600000
875.000000 1.600000
876.000000 1.600000
877.000000 1.600000
878.000000 1.600000
879.000000 1.600000
880.000000 1.600000
881.000000 1.600000
882.000000 1.600000
883.000000 1.600000
884.000000 1.600000
885.000000 1.600000
886.000000 1.600000
887.000000 1.600000
888.000000 1.600000
889.000000 1.600000
890.000000 1.600000
891.000000 1.600000
892.000000 1.600000
893.000000 1.600000
894.000000 1.600000
895.000000 1.600000
896.000000 1.600000
897.000000 1.600000
898.000000 1.600000
899.000000 1.600000
900.000000 1.600000
901.000000 1.600000
902.000000 1.600000
903.000000 1.600000
904.000000 1.600000
905.000000 1.600000
906.000000 1.600000
907.000000 1.600000
908.000000 1.600000
909.000000 1.600000
910.000000 1.600000
911.000000 1.600000
912.000000 1.600000
913.000000 1.600000
914.000000 1.600000
915.000000 1.600000
916.000000 1.600000
917.000000 1.600000
918.000000 1.600000
919.000000 1.600000
920.000000 1.600000
921.000000 1.600000
922.000000 1.600000
923.000000 1.600000
924.000000 1.600000
925.000000 1.600000
926.000000 1.600000
927.000000 1.600000
928.000000 1.600000
929.000000 1.600000
930.000000 1.600000
931.000000 1.600000
932.000000 1.600000
933.000000 1.600000
934.000000 1.600000
935.000000 1.600000
936.000000 1.600000
937.000000 1.600000
938.000000 1.600000
939.000000 1.600000
940.000000 1.600000
941.000000 1.600000
942.000000 1.600000
943.000000 1.600000
944.000000 1.600000
945.000000 1.600000
946.000000 1.600000
947.000000 1.600000
948.000000 1.600000
949.000000 1.600000
950.000000 1.600000
951.000000 1.600000
952.000000 1.600000
953.000000 1.600000
954.000000 1.600000
955.000000 1.600000
956.000000 1.600000
957.000000 1.600000
958.000000 1.600000
959.000000 1.600000
960.000000 1.600000
961.000000 1.600000
962.000000 1.600000
963.000000 1.600000
964.000000 1.600000
965.000000 1.600000
966.000000 1.600000
967.000000 1.600000
968.000000 1.600000
969.000000 1.600000
970.000000 1.600000
971.000000 1.600000
972.000000 1.600000
973.000000 1.600000
974.000000 1.600000
975.000000 1.600000
976.000000 1.600000
977.000000 1.600000
978.000000 1.600000
979.000000 1.600000
980.000000 1.600000
981.000000 1.600000
982.000000 1.600000
983.000000 1.600000
984.000000 1.600000
985.000000 1.600000
986.000000 1.600000
987.000000 1.600000
988.000000 1.600000
989.000000 1.600000
990.000000 1.600000
991.000000 1.600000
992.000000 1.600000
993.000000 1.600000
994.000000 1.600000
995.000000 1.600000
996.000000 1.600000
997.000000 1.600000
998.000000 1.600000
999.000000 1.600000
1000.000000 1.600000
1001.000000 1.600000
1002.000000 1.600000
1003.000000 1.600000
1004.000000 1.600000
1005.000000 1.600000
1006.000000 1.600000
1007.000000 1.600000
1008.000000 1.600000
1009.000000 1.600000
1010.000000 1.600000
1011.000000 1.599495
1012.000000 1.597846
1013.000000 1.595007
1014.000000 1.591179
1015.000000 1.586538
1016.000000 1.581236
1017.000000 1.575409
1018.000000 1.569172
1019.000000 1.562628
1020.000000 1.555863
1021.000000 1.548954
1022.000000 1.541965
1023.000000 1.534952
1024.000000 1.527962
1025.000000 1.521034
1026.000000 1.514202
1027.000000 1.507494
1028.000000 1.500931
1029.000000 1.494532
1030.000000 1.488311
1031.000000 1.482280
1032.000000 1.476447
1033.000000 1.470817
1034.000000 1.465393
1035.000000 1.460179
1036.000000 1.455173
1037.000000 1.450375
1038.000000 1.445782
1039.000000 1.441392
1040.000000 1.437200
1041.000000 1.433202
1042.000000 1.429393
1043.000000 1.425768
1044.000000 1.422341
1045.000000 1.419151
1046.000000 1.416237
1047.000000 1.413632
1048.000000 1.411352
1049.000000 1.409402
1050.000000 1.407772
1051.000000 1.406440
1052.000000 1.405380
1053.000000 1.404558
1054.000000 1.403939
1055.000000 1.403487
1056.000000 1.403165
1057.000000 1.402942
1058.000000 1.402786
1059.000000 1.402671
1060.000000 1.402575
1061.000000 1.402482
1062.000000 1.402380
1063.000000 1.402261
1064.000000 1.402122
1065.000000 1.401964
1066.000000 1.401789
1067.000000 1.401601
1068.000000 1.401407
1069.000000 1.401212
1070.000000 1.401022
1071.000000 1.400843
1072.000000 1.400678
1073.000000 1.400532
1074.000000 1.400407
1075.000000 1.400302
1076.000000 1.400220
1077.000000 1.400157
1078.000000 1.400113
1079.000000 1.400085
1080.000000 1.400070
1081.000000 1.400066
1082.000000 1.400069
1083.000000 1.400077
1084.000000 1.400087
1085.000000 1.400097
1086.000000 1.400106
1087.000000 1.400113
1088.000000 1.400117
1089.000000 1.400117
1090.000000 1.400113
1091.000000 1.400105
1092.000000 1.400093
1093.000000 1.400077
1094.000000 1.400057
1095.000000 1.400032
1096.000000 1.400004
1097.000000 1.399972
1098.000000 1.399935
1099.000000 1.399895
1100.000000 1.399851
1101.000000 1.399802
1102.000000 1.399751
1103.000000 1.399696
1104.000000 1.399640
1105.000000 1.399582
1106.000000 1.399523
1107.000000 1.399464
1108.000000 1.399406
1109.000000 1.399349
1110.000000 1.399294
1111.000000 1.399242
1112.000000 1.399192
1113.000000 1.399148
1114.000000 1.399111
1115.000000 1.399083
1116.000000 1.399066
1117.000000 1.399060
1118.000000 1.399064
1119.000000 1.399079
1120.000000 1.399102
1121.000000 1.399133
1122.000000 1.399170
1123.000000 1.399212
1124.000000 1.399256
1125.000000 1.399302
1126.000000 1.399348
1127.000000 1.399393
1128.000000 1.399436
1129.000000 1.399477
1130.000000 1.399516
1131.000000 1.399552
1132.000000 1.399585
1133.000000 1.399617
1134.000000 1.399646
1135.000000 1.399674
1136.000000 1.399701
1137.000000 1.399727
1138.000000 1.399752
1139.000000 1.399777
1140.000000 1.399802
1141.000000 1.399827
1142.000000 1.399852
1143.000000 1.399876
1144.000000 1.399900
1145.000000 1.399922
1146.000000 1.399944
1147.000000 1.399965
1148.000000 1.399984
1149.000000 1.400000
1150.000000 1.400014
1151.000000 1.400025
1152.000000 1.400034
1153.000000 1.400039
1154.000000 1.400041
1155.000000 1.400041
1156.000000 1.400038
1157.000000 1.400033
1158.000000 1.400027
1159.000000 1.400020
1160.000000 1.400013
1161.000000 1.400005
1162.000000 1.399999
1163.000000 1.399993
1164.000000 1.399988
1165.000000 1.399984
1166.000000 1.399982
1167.000000 1.399981
1168.000000 1.399981
1169.000000 1.399982
1170.000000 1.399984
1171.000000 1.399987
1172.000000 1.399991
1173.000000 1.399994
1174.000000 1.399997
1175.000000 1.400000
1176.000000 1.400003
1177.000000 1.400005
1178.000000 1.400007
1179.000000 1.400008
1180.000000 1.400008
1181.000000 1.400008
1182.000000 1.400007
1183.000000 1.400006
1184.000000 1.400005
1185.000000 1.400003
1186.000000 1.400001
1187.000000 1.399999
1188.000000 1.399998
1189.000000 1.399996
1190.000000 1.399995
1191.000000 1.399993
1192.000000 1.399993
1193.000000 1.399992
1194.000000 1.399991
1195.000000 1.399991
1196.000000 1.399991
1197.000000 1.399991
1198.000000 1.399992
1199.000000 1.399992
1200.000000 1.399993
1201.000000 1.399994
1202.000000 1.399994
1203.000000 1.399995
1204.000000 1.399996
1205.000000 1.399997
1206.000000 1.399998
1207.000000 1.399999
1208.000000 1.400000
1209.000000 1.400001
1210.000000 1.400001
1211.000000 1.400002
1212.000000 1.400003
1213.000000 1.400004
1214.000000 1.400004
1215.000000 1.400005
1216.000000 1.400005
1217.000000 1.400006
1218.000000 1.400006
1219.000000 1.400006
1220.000000 1.400006
1221.000000 1.400006
1222.000000 1.400006
1223.000000 1.400006
1224.000000 1.400006
1225.000000 1.400005
1226.000000 1.400005
1227.000000 1.400004
1228.000000 1.400004
1229.000000 1.400004
1230.000000 1.400003
1231.000000 1.400003
1232.000000 1.400002
1233.000000 1.400002
1234.000000 1.400002
1235.000000 1.400002
1236.000000 1.400002
1237.000000 1.400002
1238.000000 1.400001
1239.000000 1.400001
1240.000000 1.400001
1241.000000 1.400001
1242.000000 1.400001
1243.000000 1.400001
1244.000000 1.400001
1245.000000 1.400001
1246.000000 1.400000
1247.000000 1.400000
1248.000000 1.400000
1249.000000 1.400000
1250.000000 1.400000
1251.000000 1.399999
1252.000000 1.399999
1253.000000 1.399999
1254.000000 1.399999
1255.000000 1.399999
1256.000000 1.399999
1257.000000 1.399999
1258.000000 1.399999
1259.000000 1.399999
1260.000000 1.399999
1261.000000 1.400000
1262.000000 1.400000
1263.000000 1.400000
1264.000000 1.400000
1265.000000 1.400000
1266.000000 1.400000
1267.000000 1.400000
1268.000000 1.400000
1269.000000 1.400000
1270.000000 1.400000
1271.000000 1.400000
1272.000000 1.400000
1273.000000 1.400000
1274.000000 1.400000
1275.000000 1.400000
1276.000000 1.400000
1277.000000 1.400000
1278.000000 1.400000
1279.000000 1.400000
1280.000000 1.400000
1281.000000 1.400000
1282.000000 1.400000
1283.000000 1.400000
1284.000000 1.400000
1285.000000 1.400000
1286.000000 1.400000
1287.000000 1.400000
1288.000000 1.400000
1289.000000 1.400000
1290.000000 1.400000
1291.000000 1.400000
1292.000000 1.400000
1293.000000 1.400000
1294.000000 1.400000
1295.000000 1.400000
1296.000000 1.400000
1297.000000 1.400000
1298.000000 1.400000
1299.000000 1.400000
1300.000000 1.400000
1301.000000 1.400000
1302.000000 1.400000
1303.000000 1.400000
1304.000000 1.400000
1305.000000 1.400000
1306.000000 1.400000
1307.000000 1.400000
1308.000000 1.400000
1309.000000 1.400000
1310.000000 1.400000
1311.000000 1.400000
1312.000000 1.400000
1313.000000 1.400000
1314.000000 1.400000
1315.000000 1.400000
1316.000000 1.400000
1317.000000 1.400000
1318.000000 1.400000
1319.000000 1.400000
1320.000000 1.400000
1321.000000 1.400000
1322.000000 1.400000
1323.000000 1.400000
1324.000000 1.400000
1325.000000 1.400000
1326.000000 1.400000
1327.000000 1.400000
1328.000000 1.400000
1329.000000 1.400000
1330.000000 1.400000
1331.000000 1.400000
1332.000000 1.400000
1333.000000 1.400000
1334.000000 1.400000
1335.000000 1.400000
1336.000000 1.400000
1337.000000 1.400000
1338.000000 1.400000
1339.000000 1.400000
1340.000000 1.400000
1341.000000 1.400000
1342.000000 1.400000
1343.000000 1.400000
1344.000000 1.400000
1345.000000 1.400000
1346.000000 1.400000
1347.000000 1.400000
1348.000000 1.400000
1349.000000 1.400000
1350.000000 1.400000
1351.000000 1.400000
1352.000000 1.400000
1353.000000 1.400000
1354.000000 1.400000
1355.000000 1.400000
1356.000000 1.400000
1357.000000 1.400000
1358.000000 1.400000
1359.000000 1.400000
1360.000000 1.400000
1361.000000 1.400000
1362.000000 1.400000
1363.000000 1.400000
1364.000000 1.400000
1365.000000 1.400000
1366.000000 1.400000
1367.000000 1.400000
1368.000000 1.400000
1369.000000 1.400000
1370.000000 1.400000
1371.000000 1.400000
1372.000000 1.400000
1373.000000 1.400000
1374.000000 1.400000
1375.000000 1.400000
1376.000000 1.400000
1377.000000 1.400000
1378.000000 1.400000
1379.000000 1.400000
1380.000000 1.400000
1381.000000 1.400000
1382.000000 1.400000
1383.000000 1.400000
1384.000000 1.400000
1385.000000 1.400000
1386.000000 1.400000
1387.000000 1.400000
1388.000000 1.400000
1389.000000 1.400000
1390.000000 1.400000
1391.000000 1.400000
1392.000000 1.400000
1393.000000 1.400000
1394.000000 1.400000
1395.000000 1.400000
1396.000000 1.400000
1397.000000 1.400000
1398.000000 1.400000
1399.000000 1.400000
1400.000000 1.400000
1401.000000 1.400000
1402.000000 1.400000
1403.000000 1.400000
1404.000000 1.400000
1405.000000 1.400000
1406.000000 1.400000
1407.000000 1.400000
1408.000000 1.400000
1409.000000 1.400000
1410.000000 1.400000
1411.000000 1.400000
1412.000000 1.400000
1413.000000 1.400000
1414.000000 1.400000
1415.000000 1.400000
1416.000000 1.400000
1417.000000 1.400000
1418.000000 1.400000
1419.000000 1.400000
1420.000000 1.400000
1421.000000 1.400000
1422.000000 1.400000
1423.000000 1.400000
1424.000000 1.400000
1425.000000 1.400000
1426.000000 1.400000
1427.000000 1.400000
1428.000000 1.400000
1429.000000 1.400000
1430.000000 1.400000
1431.000000 1.400000
1432.000000 1.400000
1433.000000 1.400000
1434.000000 1.400000
1435.000000 1.400000
1436.000000 1.400000
1437.000000 1.400000
1438.000000 1.400000
1439.000000 1.400000
1440.000000 1.400000
1441.000000 1.400000
1442.000000 1.400000
1443.000000 1.400000
1444.000000 1.400000
1445.000000 1.400000
1446.000000 1.400000
1447.000000 1.400000
1448.000000 1.400000
1449.000000 1.400000
1450.000000 1.400000
1451.000000 1.400000
1452.000000 1.400000
1453.000000 1.400000
1454.000000 1.400000
1455.000000 1.400000
1456.000000 1.400000
1457.000000 1.400000
1458.000000 1.400000
1459.000000 1.400000
1460.000000 1.400000
1461.000000 1.400000
1462.000000 1.400000
1463.000000 1.400000
1464.000000 1.400000
1465.000000 1.400000
1466.000000 1.400000
1467.000000 1.400000
1468.000000 1.400000
1469.000000 1.400000
1470.000000 1.400000
1471.000000 1.400000
1472.000000 1.400000
1473.000000 1.400000
1474.000000 1.400000
1475.000000 1.400000
1476.000000 1.400000
1477.000000 1.400000
1478.000000 1.400000
1479.000000 1.400000
1480.000000 1.400000
1481.000000 1.400000
1482.000000 1.400000
1483.000000 1.400000
1484.000000 1.400000
1485.000000 1.400000
1486.000000 1.400000
1487.000000 1.400000
1488.000000 1.400000
1489.000000 1.400000
1490.000000 1.400000
1491.000000 1.400000
1492.000000 1.400000
1493.000000 1.400000
1494.000000 1.400000
1495.000000 1.400000
1496.000000 1.400000
1497.000000 1.400000
1498.000000 1.400000
1499.000000 1.400000
1500.000000 1.400000
1501.000000 1.400000
1502.000000 1.400000
1503.000000 1.400000
1504.000000 1.400000
1505.000000 1.400000
1506.000000 1.400000
1507.000000 1.400000
1508.000000 1.400000
1509.000000 1.400000
1510.000000 1.400000
1511.000000 1.400505
1512.000000 1.402415
1513.000000 1.406486
1514.000000 1.413342
1515.000000 1.423496
1516.000000 1.437360
1517.000000 1.455261
1518.000000 1.477337
1519.000000 1.503183
1520.000000 1.532058
1521.000000 1.563321
1522.000000 1.596410
1523.000000 1.630842
1524.000000 1.666196
1525.000000 1.702114
1526.000000 1.738287
1527.000000 1.774451
1528.000000 1.810385
1529.000000 1.845903
1530.000000 1.880847
1531.000000 1.915091
1532.000000 1.948531
1533.000000 1.981083
1534.000000 2.012682
1535.000000 2.043279
1536.000000 2.072840
1537.000000 2.101340
1538.000000 2.128766
1539.000000 2.155114
1540.000000 2.180386
1541.000000 2.204591
1542.000000 2.227744
1543.000000 2.249862
1544.000000 2.270969
1545.000000 2.291089
1546.000000 2.310248
1547.000000 2.328477
1548.000000 2.345805
1549.000000 2.362264
1550.000000 2.377885
1551.000000 2.392700
1552.000000 2.406680
1553.000000 2.419704
1554.000000 2.431628
1555.000000 2.442330
1556.000000 2.451737
1557.000000 2.459831
1558.000000 2.466646
1559.000000 2.472256
1560.000000 2.476769
1561.000000 2.480313
1562.000000 2.483025
1563.000000 2.485047
1564.000000 2.486518
1565.000000 2.487571
1566.000000 2.488327
1567.000000 2.488894
1568.000000 2.489359
1569.000000 2.489793
1570.000000 2.490246
1571.000000 2.490750
1572.000000 2.491322
1573.000000 2.491964
1574.000000 2.492668
1575.000000 2.493418
1576.000000 2.494194
1577.000000 2.494974
1578.000000 2.495735
1579.000000 2.496457
1580.000000 2.497121
1581.000000 2.497715
1582.000000 2.498229
1583.000000 2.498660
1584.000000 2.499006
1585.000000 2.499272
1586.000000 2.499465
1587.000000 2.499592
1588.000000 2.499666
1589.000000 2.499697
1590.000000 2.499698
1591.000000 2.499679
1592.000000 2.499651
1593.000000 2.499624
1594.000000 2.499607
1595.000000 2.499606
1596.000000 2.499627
1597.000000 2.499675
1598.000000 2.499753
1599.000000 2.499864
1600.000000 2.500007
1601.000000 2.500183
1602.000000 2.500390
1603.000000 2.500627
1604.000000 2.500889
1605.000000 2.501174
1606.000000 2.501476
1607.000000 2.501791
1608.000000 2.502113
1609.000000 2.502438
1610.000000 2.502761
1611.000000 2.503077
1612.000000 2.503384
1613.000000 2.503675
1614.000000 2.503945
1615.000000 2.504189
1616.000000 2.504400
1617.000000 2.504572
1618.000000 2.504701
1619.000000 2.504783
1620.000000 2.504814
1621.000000 2.504795
1622.000000 2.504729
1623.000000 2.504620
1624.000000 2.504473
1625.000000 2.504297
1626.000000 2.504099
1627.000000 2.503885
1628.000000 2.503664
1629.000000 2.503441
1630.000000 2.503221
1631.000000 2.503010
1632.000000 2.502810
1633.000000 2.502624
1634.000000 2.502452
1635.000000 2.502295
1636.000000 2.502151
1637.000000 2.502020
1638.000000 2.501899
1639.000000 2.501787
1640.000000 2.501680
1641.000000 2.501577
1642.000000 2.501475
1643.000000 2.501374
1644.000000 2.501271
1645.000000 2.501166
1646.000000 2.501059
1647.000000 2.500950
1648.000000 2.500840
1649.000000 2.500730
1650.000000 2.500620
1651.000000 2.500513
1652.000000 2.500408
1653.000000 2.500309
1654.000000 2.500215
1655.000000 2.500129
1656.000000 2.500052
1657.000000 2.499985
1658.000000 2.499929
1659.000000 2.499886
1660.000000 2.499855
1661.000000 2.499836
1662.000000 2.499830
1663.000000 2.499833
1664.000000 2.499846
1665.000000 2.499866
1666.000000 2.499892
1667.000000 2.499920
1668.000000 2.499950
1669.000000 2.499980
1670.000000 2.500007
1671.000000 2.500030
1672.000000 2.500050
1673.000000 2.500064
1674.000000 2.500073
1675.000000 2.500076
1676.000000 2.500075
1677.000000 2.500070
1678.000000 2.500061
1679.000000 2.500050
1680.000000 2.500038
1681.000000 2.500025
1682.000000 2.500012
1683.000000 2.500000
1684.000000 2.499991
1685.000000 2.499983
1686.000000 2.499978
1687.000000 2.499975
1688.000000 2.499975
1689.000000 2.499977
1690.000000 2.499981
1691.000000 2.499987
1692.000000 2.499993
1693.000000 2.500001
1694.000000 2.500009
1695.000000 2.500017
1696.000000 2.500024
1697.000000 2.500031
1698.000000 2.500036
1699.000000 2.500041
1700.000000 2.500044
1701.000000 2.500045
1702.000000 2.500045
1703.000000 2.500044
1704.000000 2.500042
1705.000000 2.500038
1706.000000 2.500034
1707.000000 2.500029
1708.000000 2.500023
1709.000000 2.500017
1710.000000 2.500011
1711.000000 2.500005
1712.000000 2.499999
1713.000000 2.499993
1714.000000 2.499988
1715.000000 2.499983
1716.000000 2.499979
1717.000000 2.499975
1718.000000 2.499972
1719.000000 2.499970
1720.000000 2.499969
1721.000000 2.499968
1722.000000 2.499967
1723.000000 2.499968
1724.000000 2.499969
1725.000000 2.499970
1726.000000 2.499972
1727.000000 2.499974
1728.000000 2.499976
1729.000000 2.499978
1730.000000 2.499981
1731.000000 2.499983
1732.000000 2.499985
1733.000000 2.499987
1734.000000 2.499988
1735.000000 2.499990
1736.000000 2.499991
1737.000000 2.499991
1738.000000 2.499992
1739.000000 2.499992
1740.000000 2.499992
1741.000000 2.499992
1742.000000 2.499991
1743.000000 2.499991
1744.000000 2.499991
1745.000000 2.499991
1746.000000 2.499991
1747.000000 2.499992
1748.000000 2.499992
1749.000000 2.499993
1750.000000 2.499994
1751.000000 2.499995
1752.000000 2.499996
1753.000000 2.499997
1754.000000 2.499998
1755.000000 2.500000
1756.000000 2.500001
1757.000000 2.500002
1758.000000 2.500003
1759.000000 2.500004
1760.000000 2.500004
1761.000000 2.500004
1762.000000 2.500005
1763.000000 2.500005
1764.000000 2.500004
1765.000000 2.500004
1766.000000 2.500004
1767.000000 2.500003
1768.000000 2.500002
1769.000000 2.500001
1770.000000 2.500001
1771.000000 2.500000
1772.000000 2.499999
1773.000000 2.499999
1774.000000 2.499999
1775.000000 2.499998
1776.000000 2.499998
1777.000000 2.499998
1778.000000 2.499998
1779.000000 2.499998
1780.000000 2.499999
1781.000000 2.499999
1782.000000 2.499999
1783.000000 2.500000
1784.000000 2.500000
1785.000000 2.500000
1786.000000 2.500001
1787.000000 2.500001
1788.000000 2.500001
1789.000000 2.500001
1790.000000 2.500001
1791.000000 2.500001
1792.000000 2.500001
1793.000000 2.500001
1794.000000 2.500001
1795.000000 2.500000
1796.000000 2.500000
1797.000000 2.500000
1798.000000 2.500000
1799.000000 2.500000
1800.000000 2.499999
1801.000000 2.499999
1802.000000 2.499999
1803.000000 2.499999
1804.000000 2.499999
1805.000000 2.499999
1806.000000 2.499999
1807.000000 2.499999
1808.000000 2.499999
1809.000000 2.499999
1810.000000 2.499999
1811.000000 2.500000
1812.000000 2.500000
1813.000000 2.500000
1814.000000 2.500000
1815.000000 2.500000
1816.000000 2.500000
1817.000000 2.500000
1818.000000 2.500000
1819.000000 2.500000
1820.000000 2.500000
1821.000000 2.500000
1822.000000 2.500000
1823.000000 2.500000
1824.000000 2.500000
1825.000000 2.500000
1826.000000 2.500000
1827.000000 2.500000
1828.000000 2.500000
1829.000000 2.500000
1830.000000 2.500000
1831.000000 2.500000
1832.000000 2.500000
1833.000000 2.500000
1834.000000 2.500000
1835.000000 2.500000
1836.000000 2.500000
1837.000000 2.500000
1838.000000 2.500000
1839.000000 2.500000
1840.000000 2.500000
1841.000000 2.500000
1842.000000 2.500000
1843.000000 2.500000
1844.000000 2.500000
1845.000000 2.500000
1846.000000 2.500000
1847.000000 2.500000
1848.000000 2.500000
1849.000000 2.500000
1850.000000 2.500000
1851.000000 2.500000
1852.000000 2.500000
1853.000000 2.500000
1854.000000 2.500000
1855.000000 2.500000
1856.000000 2.500000
1857.000000 2.500000
1858.000000 2.500000
1859.000000 2.500000
1860.000000 2.500000
1861.000000 2.500000
1862.000000 2.500000
1863.000000 2.500000
1864.000000 2.500000
1865.000000 2.500000
1866.000000 2.500000
1867.000000 2.500000
1868.000000 2.500000
1869.000000 2.500000
1870.000000 2.500000
1871.000000 2.500000
1872.000000 2.500000
1873.000000 2.500000
1874.000000 2.500000
1875.000000 2.500000
1876.000000 2.500000
1877.000000 2.500000
1878.000000 2.500000
1879.000000 2.500000
1880.000000 2.500000
1881.000000 2.500000
1882.000000 2.500000
1883.000000 2.500000
1884.000000 2.500000
1885.000000 2.500000
1886.000000 2.500000
1887.000000 2.500000
1888.000000 2.500000
1889.000000 2.500000
1890.000000 2.500000
1891.000000 2.500000
1892.000000 2.500000
1893.000000 2.500000
1894.000000 2.500000
1895.000000 2.500000
1896.000000 2.500000
1897.000000 2.500000
1898.000000 2.500000
1899.000000 2.500000
1900.000000 2.500000
1901.000000 2.500000
1902.000000 2.500000
1903.000000 2.500000
1904.000000 2.500000
1905.000000 2.500000
1906.000000 2.500000
1907.000000 2.500000
1908.000000 2.500000
1909.000000 2.500000
1910.000000 2.500000
1911.000000 2.500000
1912.000000 2.500000
1913.000000 2.500000
1914.000000 2.500000
1915.000000 2.500000
1916.000000 2.500000
1917.000000 2.500000
1918.000000 2.500000
1919.000000 2.500000
1920.000000 2.500000
1921.000000 2.500000
1922.000000 2.500000
1923.000000 2.500000
1924.000000 2.500000
1925.000000 2.500000
1926.000000 2.500000
1927.000000 2.500000
1928.000000 2.500000
1929.000000 2.500000
1930.000000 2.500000
1931.000000 2.500000
1932.000000 2.500000
1933.000000 2.500000
1934.000000 2.500000
1935.000000 2.500000
1936.000000 2.500000
1937.000000 2.500000
1938.000000 2.500000
1939.000000 2.500000
1940.000000 2.500000
1941.000000 2.500000
1942.000000 2.500000
1943.000000 2.500000
1944.000000 2.500000
1945.000000 2.500000
1946.000000 2.500000
1947.000000 2.500000
1948.000000 2.500000
1949.000000 2.500000
1950.000000 2.500000
1951.000000 2.500000
1952.000000 2.500000
1953.000000 2.500000
1954.000000 2.500000
1955.000000 2.500000
1956.000000 2.500000
1957.000000 2.500000
1958.000000 2.500000
1959.000000 2.500000
1960.000000 2.500000
1961.000000 2.500000
1962.000000 2.500000
1963.000000 2.500000
1964.000000 2.500000
1965.000000 2.500000
1966.000000 2.500000
1967.000000 2.500000
1968.000000 2.500000
1969.000000 2.500000
1970.000000 2.500000
1971.000000 2.500000
1972.000000 2.500000
1973.000000 2.500000
1974.000000 2.500000
1975.000000 2.500000
1976.000000 2.500000
1977.000000 2.500000
1978.000000 2.500000
1979.000000 2.500000
1980.000000 2.500000
1981.000000 2.500000
1982.000000 2.500000
1983.000000 2.500000
1984.000000 2.500000
1985.000000 2.500000
1986.000000 2.500000
1987.000000 2.500000
1988.000000 2.500000
1989.000000 2.500000
1990.000000 2.500000
1991.000000 2.500000
1992.000000 2.500000
1993.000000 2.500000
1994.000000 2.500000
1995.000000 2.500000
1996.000000 2.500000
1997.000000 2.500000
1998.000000 2.500000
1999.000000 2.500000
2000.000000 2.500000
2001.000000 2.500000
2002.000000 2.500000
2003.000000 2.500000
2004.000000 2.500000
2005.000000 2.500000
2006.000000 2.500000
2007.000000 2.500000
2008.000000 2.500000
2009.000000 2.500000
2010.000000 2.500000
2011.000000 2.500000
2012.000000 2.500000
2013.000000 2.500000
2014.000000 2.500000
2015.000000 2.500000
2016.000000 2.500000
2017.000000 2.500000
2018.000000 2.500000
2019.000000 2.500000
2020.000000 2.500000
2021.000000 2.500000
2022.000000 2.500000
2023.000000 2.500000
2024.000000 2.500000
2025.000000 2.500000
2026.000000 2.500000
2027.000000 2.500000
2028.000000 2.500000
2029.000000 2.500000
2030.000000 2.500000
2031.000000 2.500000
2032.000000 2.500000
2033.000000 2.500000
2034.000000 2.500000
2035.000000 2.500000
2036.000000 2.500000
2037.000000 2.500000
2038.000000 2.500000
2039.000000 2.500000
2040.000000 2.500000
2041.000000 2.500000
2042.000000 2.500000
2043.000000 2.500000
2044.000000 2.500000
2045.000000 2.500000
2046.000000 2.500000
2047.000000 2.500000
2048.000000 2.500000
2049.000000 2.500000
2050.000000 2.500000
2051.000000 2.500000
2052.000000 2.500000
2053.000000 2.500000
2054.000000 2.500000
2055.000000 2.500000
2056.000000 2.500000
2057.000000 2.500000
2058.000000 2.500000
2059.000000 2.500000
2060.000000 2.500000
2061.000000 2.500000
2062.000000 2.500000
2063.000000 2.500000
2064.000000 2.500000
2065.000000 2.500000
2066.000000 2.500000
2067.000000 2.500000
2068.000000 2.500000
2069.000000 2.500000
2070.000000 2.500000
2071.000000 2.500000
2072.000000 2.500000
2073.000000 2.500000
2074.000000 2.500000
2075.000000 2.500000
2076.000000 2.500000
2077.000000 2.500000
2078.000000 2.500000
2079.000000 2.500000
2080.000000 2.500000
2081.000000 2.500000
2082.000000 2.500000
2083.000000 2.500000
2084.000000 2.500000
2085.000000 2.500000
2086.000000 2.500000
2087.000000 2.500000
2088.000000 2.500000
2089.000000 2.500000
2090.000000 2.500000
2091.000000 2.500000
2092.000000 2.500000
2093.000000 2.500000
2094.000000 2.500000
2095.000000 2.500000
2096.000000 2.500000
2097.000000 2.500000
2098.000000 2.500000
2099.000000 2.500000
2100.000000 2.500000
2101.000000 2.500000
2102.000000 2.500000
2103.000000 2.500000
2104.000000 2.500000
2105.000000 2.500000
2106.000000 2.500000
2107.000000 2.500000
2108.000000 2.500000
2109.000000 2.500000
2110.000000 2.500000
2111.000000 2.500000
2112.000000 2.500000
2113.000000 2.500000
2114.000000 2.500000
2115.000000 2.500000
2116.000000 2.500000
2117.000000 2.500000
2118.000000 2.500000
2119.000000 2.500000
2120.000000 2.500000
2121.000000 2.500000
2122.000000 2.500000
2123.000000 2.500000
2124.000000 2.500000
2125.000000 2.500000
2126.000000 2.500000
2127.000000 2.500000
2128.000000 2.500000
2129.000000 2.500000
2130.000000 2.500000
2131.000000 2.500000
2132.000000 2.500000
2133.000000 2.500000
2134.000000 2.500000
2135.000000 2.500000
2136.000000 2.500000
2137.000000 2.500000
2138.000000 2.500000
2139.000000 2.500000
2140.000000 2.500000
2141.000000 2.500000
2142.000000 2.500000
2143.000000 2.500000
2144.000000 2.500000
2145.000000 2.500000
2146.000000 2.500000
2147.000000 2.500000
2148.000000 2.500000
2149.000000 2.500000
2150.000000 2.500000
2151.000000 2.500000
2152.000000 2.500000
2153.000000 2.500000
2154.000000 2.500000
2155.000000 2.500000
2156.000000 2.500000
2157.000000 2.500000
2158.000000 2.500000
2159.000000 2.500000
2160.000000 2.500000
2161.000000 2.500000
2162.000000 2.500000
2163.000000 2.500000
2164.000000 2.500000
2165.000000 2.500000
2166.000000 2.500000
2167.000000 2.500000
2168.000000 2.500000
2169.000000 2.500000
2170.000000 2.500000
2171.000000 2.500000
2172.000000 2.500000
2173.000000 2.500000
2174.000000 2.500000
2175.000000 2.500000
2176.000000 2.500000
2177.000000 2.500000
2178.000000 2.500000
2179.000000 2.500000
2180.000000 2.500000
2181.000000 2.500000
2182.000000 2.500000
2183.000000 2.500000
2184.000000 2.500000
2185.000000 2.500000
2186.000000 2.500000
2187.000000 2.500000
2188.000000 2.500000
2189.000000 2.500000
2190.000000 2.500000
2191.000000 2.500000
2192.000000 2.500000
2193.000000 2.500000
2194.000000 2.500000
2195.000000 2.500000
2196.000000 2.500000
2197.000000 2.500000
2198.000000 2.500000
2199.000000 2.500000
2200.000000 2.500000
2201.000000 2.500000
2202.000000 2.500000
2203.000000 2.500000
2204.000000 2.500000
2205.000000 2.500000
2206.000000 2.500000
2207.000000 2.500000
2208.000000 2.500000
2209.000000 2.500000
2210.000000 2.500000
2211.000000 2.499495
2212.000000 2.497585
2213.000000 2.493514
2214.000000 2.486658
2215.000000 2.476504
2216.000000 2.462640
2217.000000 2.444739
2218.000000 2.422980
2219.000000 2.398020
2220.000000 2.370504
2221.000000 2.340994
2222.000000 2.309980
2223.000000 2.277884
2224.000000 2.245070
2225.000000 2.211851
2226.000000 2.178495
2227.000000 2.145229
2228.000000 2.112244
2229.000000 2.079702
2230.000000 2.047736
2231.000000 2.016454
2232.000000 1.985945
2233.000000 1.956278
2234.000000 1.927509
2235.000000 1.899676
2236.000000 1.872809
2237.000000 1.846924
2238.000000 1.822032
2239.000000 1.798133
2240.000000 1.775223
2241.000000 1.753291
2242.000000 1.732323
2243.000000 1.712300
2244.000000 1.693202
2245.000000 1.675004
2246.000000 1.657680
2247.000000 1.641203
2248.000000 1.625546
2249.000000 1.610678
2250.000000 1.596572
2251.000000 1.583196
2252.000000 1.570522
2253.000000 1.558520
2254.000000 1.547161
2255.000000 1.536416
2256.000000 1.526259
2257.000000 1.516660
2258.000000 1.507594
2259.000000 1.499036
2260.000000 1.490959
2261.000000 1.483341
2262.000000 1.476157
2263.000000 1.469386
2264.000000 1.463005
2265.000000 1.456995
2266.000000 1.451336
2267.000000 1.446008
2268.000000 1.440994
2269.000000 1.436277
2270.000000 1.431840
2271.000000 1.427687
2272.000000 1.423848
2273.000000 1.420356
2274.000000 1.417238
2275.000000 1.414506
2276.000000 1.412160
2277.000000 1.410183
2278.000000 1.408551
2279.000000 1.407231
2280.000000 1.406184
2281.000000 1.405371
2282.000000 1.404751
2283.000000 1.404286
2284.000000 1.403938
2285.000000 1.403674
2286.000000 1.403465
2287.000000 1.403286
2288.000000 1.403119
2289.000000 1.402950
2290.000000 1.402771
2291.000000 1.402575
2292.000000 1.402362
2293.000000 1.402132
2294.000000 1.401887
2295.000000 1.401630
2296.000000 1.401365
2297.000000 1.401095
2298.000000 1.400821
2299.000000 1.400546
2300.000000 1.400270
2301.000000 1.399994
2302.000000 1.399718
2303.000000 1.399441
2304.000000 1.399162
2305.000000 1.398883
2306.000000 1.398602
2307.000000 1.398321
2308.000000 1.398039
2309.000000 1.397759
2310.000000 1.397482
2311.000000 1.397210
2312.000000 1.396943
2313.000000 1.396687
2314.000000 1.396446
2315.000000 1.396225
2316.000000 1.396031
2317.000000 1.395870
2318.000000 1.395749
2319.000000 1.395671
2320.000000 1.395640
2321.000000 1.395655
2322.000000 1.395715
2323.000000 1.395814
2324.000000 1.395947
2325.000000 1.396108
2326.000000 1.396290
2327.000000 1.396486
2328.000000 1.396689
2329.000000 1.396894
2330.000000 1.397095
2331.000000 1.397288
2332.000000 1.397471
2333.000000 1.397640
2334.000000 1.397795
2335.000000 1.397935
2336.000000 1.398061
2337.000000 1.398173
2338.000000 1.398274
2339.000000 1.398364
2340.000000 1.398446
2341.000000 1.398521
2342.000000 1.398590
2343.000000 1.398656
2344.000000 1.398719
2345.000000 1.398780
2346.000000 1.398840
2347.000000 1.398900
2348.000000 1.398959
2349.000000 1.399018
2350.000000 1.399075
2351.000000 1.399132
2352.000000 1.399187
2353.000000 1.399241
2354.000000 1.399293
2355.000000 1.399343
2356.000000 1.399391
2357.000000 1.399436
2358.000000 1.399479
2359.000000 1.399520
2360.000000 1.399560
2361.000000 1.399597
2362.000000 1.399633
2363.000000 1.399667
2364.000000 1.399701
2365.000000 1.399733
2366.000000 1.399764
2367.000000 1.399794
2368.000000 1.399824
2369.000000 1.399852
2370.000000 1.399879
2371.000000 1.399904
2372.000000 1.399929
2373.000000 1.399951
2374.000000 1.399972
2375.000000 1.399991
2376.000000 1.400007
2377.000000 1.400020
2378.000000 1.400030
2379.000000 1.400037
2380.000000 1.400041
2381.000000 1.400042
2382.000000 1.400041
2383.000000 1.400037
2384.000000 1.400031
2385.000000 1.400023
2386.000000 1.400015
2387.000000 1.400006
2388.000000 1.399997
2389.000000 1.399988
2390.000000 1.399980
2391.000000 1.399973
2392.000000 1.399968
2393.000000 1.399963
2394.000000 1.399960
2395.000000 1.399958
2396.000000 1.399958
2397.000000 1.399958
2398.000000 1.399959
2399.000000 1.399961
2400.000000 1.399964
2401.000000 1.399967
2402.000000 1.399970
2403.000000 1.399973
2404.000000 1.399977
2405.000000 1.399980
2406.000000 1.399984
2407.000000 1.399987
2408.000000 1.399991
2409.000000 1.399994
2410.000000 1.399997
2411.000000 1.400001
2412.000000 1.400004
2413.000000 1.400007
2414.000000 1.400010
2415.000000 1.400013
2416.000000 1.400016
2417.000000 1.400019
2418.000000 1.400021
2419.000000 1.400023
2420.000000 1.400025
2421.000000 1.400026
2422.000000 1.400027
2423.000000 1.400027
2424.000000 1.400027
2425.000000 1.400026
2426.000000 1.400025
2427.000000 1.400024
2428.000000 1.400022
2429.000000 1.400019
2430.000000 1.400017
2431.000000 1.400015
2432.000000 1.400013
2433.000000 1.400010
2434.000000 1.400008
2435.000000 1.400007
2436.000000 1.400005
2437.000000 1.400004
2438.000000 1.400004
2439.000000 1.400003
2440.000000 1.400003
2441.000000 1.400003
2442.000000 1.400003
2443.000000 1.400003
2444.000000 1.400004
2445.000000 1.400004
2446.000000 1.400005
2447.000000 1.400005
2448.000000 1.400005
2449.000000 1.400005
2450.000000 1.400006
2451.000000 1.400006
2452.000000 1.400005
2453.000000 1.400005
2454.000000 1.400005
2455.000000 1.400005
2456.000000 1.400004
2457.000000 1.400004
2458.000000 1.400004
2459.000000 1.400003
2460.000000 1.400003
2461.000000 1.400003
2462.000000 1.400002
2463.000000 1.400002
2464.000000 1.400002
2465.000000 1.400001
2466.000000 1.400001
2467.000000 1.400001
2468.000000 1.400001
2469.000000 1.400001
2470.000000 1.400000
2471.000000 1.400000
2472.000000 1.400000
2473.000000 1.400000
2474.000000 1.400000
2475.000000 1.400000
2476.000000 1.399999
2477.000000 1.399999
2478.000000 1.399999
2479.000000 1.399999
2480.000000 1.399999
2481.000000 1.399999
2482.000000 1.399999
2483.000000 1.399999
2484.000000 1.399999
2485.000000 1.399999
2486.000000 1.399999
2487.000000 1.399999
2488.000000 1.399999
2489.000000 1.400000
2490.000000 1.400000
2491.000000 1.400000
2492.000000 1.400000
2493.000000 1.400000
2494.000000 1.400000
2495.000000 1.400001
2496.000000 1.400001
2497.000000 1.400001
2498.000000 1.400001
2499.000000 1.400001
2500.000000 1.400001
