1.000000 1.100000
2.000000 1.100000
3.000000 1.100000
4.000000 1.100000
5.000000 1.100000
6.000000 1.100000
7.000000 1.100000
8.000000 1.100000
9.000000 1.100000
10.000000 1.100000
11.000000 1.100000
12.000000 1.100000
13.000000 1.100000
14.000000 1.100000
15.000000 1.100000
16.000000 1.100000
17.000000 1.100000
18.000000 1.100000
19.000000 1.100000
20.000000 1.100000
21.000000 1.050000
22.000000 1.100000
23.000000 1.058372
24.000000 1.016743
25.000000 0.975115
26.000000 0.933487
27.000000 0.900000
28.000000 0.900000
29.000000 0.900000
30.000000 0.900000
31.000000 0.900000
32.000000 0.900000
33.000000 0.900000
34.000000 0.900000
35.000000 0.900000
36.000000 0.900000
37.000000 0.902124
38.000000 0.906875
39.000000 0.910171
40.000000 0.912367
41.000000 0.913771
42.000000 0.914646
43.000000 0.915220
44.000000 0.915686
45.000000 0.916211
46.000000 0.916934
47.000000 0.917687
48.000000 0.917964
49.000000 0.917751
50.000000 0.917482
51.000000 0.917470
52.000000 0.917925
53.000000 0.918970
54.000000 0.920663
55.000000 0.923007
56.000000 0.925960
57.000000 0.929481
58.000000 0.933618
59.000000 0.938479
60.000000 0.944106
61.000000 0.950440
62.000000 0.957359
63.000000 0.964703
64.000000 0.972293
65.000000 0.979952
66.000000 0.987511
67.000000 0.994819
68.000000 1.001724
69.000000 1.008059
70.000000 1.013638
71.000000 1.018281
72.000000 1.021834
73.000000 1.024178
74.000000 1.025240
75.000000 1.024983
76.000000 1.023414
77.000000 1.020570
78.000000 1.016521
79.000000 1.011368
80.000000 1.005250
81.000000 0.998340
82.000000 0.990849
83.000000 0.983010
84.000000 0.975071
85.000000 0.967287
86.000000 0.959909
87.000000 0.953178
88.000000 0.947319
89.000000 0.942533
90.000000 0.938993
91.000000 0.936835
92.000000 0.936151
93.000000 0.936987
94.000000 0.939335
95.000000 0.943139
96.000000 0.948288
97.000000 0.954628
98.000000 0.961959
99.000000 0.970043
100.000000 0.978613
101.000000 0.987375
102.000000 0.996024
103.000000 1.004249
104.000000 1.011744
105.000000 1.018221
106.000000 1.023420
107.000000 1.027117
108.000000 1.029132
109.000000 1.029338
110.000000 1.027666
111.000000 1.024110
112.000000 1.018726
113.000000 1.011635
114.000000 1.003020
115.000000 0.993120
116.000000 0.982227
117.000000 0.970675
118.000000 0.958830
119.000000 0.947077
120.000000 0.935815
121.000000 0.925433
122.000000 0.916306
123.000000 0.908777
124.000000 0.903146
125.000000 0.900000
126.000000 0.900000
127.000000 0.901270
128.000000 0.905004
129.000000 0.911151
130.000000 0.919577
131.000000 0.930070
132.000000 0.942341
133.000000 0.956033
134.000000 0.970733
135.000000 0.985935
136.000000 1.000998
137.000000 1.015474
138.000000 1.029009
139.000000 1.041109
140.000000 1.051317
141.000000 1.059224
142.000000 1.064490
143.000000 1.066851
144.000000 1.066137
145.000000 1.062278
146.000000 1.055337
147.000000 1.045490
148.000000 1.032986
149.000000 1.018155
150.000000 1.001421
151.000000 0.983285
152.000000 0.964316
153.000000 0.945128
154.000000 0.926363
155.000000 0.908672
156.000000 0.900000
157.000000 0.900000
158.000000 0.900000
159.000000 0.900000
160.000000 0.900000
161.000000 0.900000
162.000000 0.903749
163.000000 0.911448
164.000000 0.922953
165.000000 0.937988
166.000000 0.955173
167.000000 0.972261
168.000000 0.988330
169.000000 1.003588
170.000000 1.018217
171.000000 1.032374
172.000000 1.045696
173.000000 1.057327
174.000000 1.066432
175.000000 1.072255
176.000000 1.074272
177.000000 1.072431
178.000000 1.067055
179.000000 1.058511
180.000000 1.047068
181.000000 1.032920
182.000000 1.016257
183.000000 0.997408
184.000000 0.976891
185.000000 0.955394
186.000000 0.933734
187.000000 0.912760
188.000000 0.900000
189.000000 0.900000
190.000000 0.900000
191.000000 0.900000
192.000000 0.900000
193.000000 0.900000
194.000000 0.900600
195.000000 0.905713
196.000000 0.915329
197.000000 0.929251
198.000000 0.946212
199.000000 0.963480
200.000000 0.979605
201.000000 0.994815
202.000000 1.009307
203.000000 1.023254
204.000000 1.036724
205.000000 1.049174
206.000000 1.059580
207.000000 1.066985
208.000000 1.070653
209.000000 1.070377
210.000000 1.066471
211.000000 1.059349
212.000000 1.049324
213.000000 1.036621
214.000000 1.021403
215.000000 1.003874
216.000000 0.984419
217.000000 0.963648
218.000000 0.942354
219.000000 0.921410
220.000000 0.901634
221.000000 0.900000
222.000000 0.900000
223.000000 0.900000
224.000000 0.900000
225.000000 0.900000
226.000000 0.900000
227.000000 0.903259
228.000000 0.910981
229.000000 0.923047
230.000000 0.939156
231.000000 0.956681
232.000000 0.973214
233.000000 0.988770
234.000000 1.003554
235.000000 1.017747
236.000000 1.031501
237.000000 1.044516
238.000000 1.055924
239.000000 1.064749
240.000000 1.070101
241.000000 1.071500
242.000000 1.069110
243.000000 1.063355
244.000000 1.054580
245.000000 1.043037
246.000000 1.028901
247.000000 1.012343
248.000000 0.993663
249.000000 0.973375
250.000000 0.952199
251.000000 0.930994
252.000000 0.910614
253.000000 0.900000
254.000000 0.900000
255.000000 0.900000
256.000000 0.900000
257.000000 0.900000
258.000000 0.900000
259.000000 0.901277
260.000000 0.907005
261.000000 0.917148
262.000000 0.931482
263.000000 0.948520
264.000000 0.965638
265.000000 0.981665
266.000000 0.996821
267.000000 1.011297
268.000000 1.025261
269.000000 1.038685
270.000000 1.050948
271.000000 1.061051
272.000000 1.068065
273.000000 1.071311
274.000000 1.070653
275.000000 1.066417
276.000000 1.059000
277.000000 1.048698
278.000000 1.035722
279.000000 1.020237
280.000000 1.002469
281.000000 0.982834
282.000000 0.961964
283.000000 0.940663
284.000000 0.919795
285.000000 0.900162
286.000000 0.900000
287.000000 0.900000
288.000000 0.900000
289.000000 0.900000
290.000000 0.900000
291.000000 0.900000
292.000000 0.903670
293.000000 0.911796
294.000000 0.924239
295.000000 0.940682
296.000000 0.958318
297.000000 0.974780
298.000000 0.990280
299.000000 1.005021
300.000000 1.019179
301.000000 1.032910
302.000000 1.045854
303.000000 1.057094
304.000000 1.065664
305.000000 1.070686
306.000000 1.071715
307.000000 1.068967
308.000000 1.062886
309.000000 1.053806
310.000000 1.041975
311.000000 1.027562
312.000000 1.010740
313.000000 0.991827
314.000000 0.971359
315.000000 0.950072
316.000000 0.928837
317.000000 0.908506
318.000000 0.900000
319.000000 0.900000
320.000000 0.900000
321.000000 0.900000
322.000000 0.900000
323.000000 0.900000
324.000000 0.901695
325.000000 0.907860
326.000000 0.918442
327.000000 0.933200
328.000000 0.950366
329.000000 0.967354
330.000000 0.983274
331.000000 0.998343
332.000000 1.012750
333.000000 1.026658
334.000000 1.039984
335.000000 1.052052
336.000000 1.061864
337.000000 1.068496
338.000000 1.071311
339.000000 1.070246
340.000000 1.065651
341.000000 1.057912
342.000000 1.047315
343.000000 1.034064
344.000000 1.018326
345.000000 1.000343
346.000000 0.980552
347.000000 0.959606
348.000000 0.938321
349.000000 0.917563
350.000000 0.900000
351.000000 0.900000
352.000000 0.900000
353.000000 0.900000
354.000000 0.900000
355.000000 0.900000
356.000000 0.900000
357.000000 0.904159
358.000000 0.912766
359.000000 0.925662
360.000000 0.942261
361.000000 0.959782
362.000000 0.976133
363.000000 0.991545
364.000000 1.006218
365.000000 1.020326
366.000000 1.034020
367.000000 1.046877
368.000000 1.057918
369.000000 1.066186
370.000000 1.070849
371.000000 1.071537
372.000000 1.068494
373.000000 1.062156
374.000000 1.052847
375.000000 1.040807
376.000000 1.026198
377.000000 1.009196
378.000000 0.990140
379.000000 0.969587
380.000000 0.948295
381.000000 0.927132
382.000000 0.906941
383.000000 0.900000
384.000000 0.900000
385.000000 0.900000
386.000000 0.900000
387.000000 0.900000
388.000000 0.900000
389.000000 0.902074
390.000000 0.908618
391.000000 0.919559
392.000000 0.934639
393.000000 0.951899
394.000000 0.968794
395.000000 0.984640
396.000000 0.999652
397.000000 1.014017
398.000000 1.027896
399.000000 1.041153
400.000000 1.053066
401.000000 1.062642
402.000000 1.068967
403.000000 1.071441
404.000000 1.070053
405.000000 1.065170
406.000000 1.057170
407.000000 1.046331
408.000000 1.032850
409.000000 1.016896
410.000000 0.998726
411.000000 0.978795
412.000000 0.957774
413.000000 0.936488
414.000000 0.915801
415.000000 0.900000
416.000000 0.900000
417.000000 0.900000
418.000000 0.900000
419.000000 0.900000
420.000000 0.900000
421.000000 0.900113
422.000000 0.904658
423.000000 0.913646
424.000000 0.926904
425.000000 0.943614
426.000000 0.961031
427.000000 0.977298
428.000000 0.992642
429.000000 1.007262
430.000000 1.021330
431.000000 1.034980
432.000000 1.047736
433.000000 1.058590
434.000000 1.066589
435.000000 1.070941
436.000000 1.071335
437.000000 1.068036
438.000000 1.061470
439.000000 1.051956
440.000000 1.039726
441.000000 1.024939
442.000000 1.007778
443.000000 0.988597
444.000000 0.967976
445.000000 0.946683
446.000000 0.925586
447.000000 0.905519
448.000000 0.900000
449.000000 0.900000
450.000000 0.900000
451.000000 0.900000
452.000000 0.900000
453.000000 0.900000
454.000000 0.902414
455.000000 0.909294
456.000000 0.920554
457.000000 0.935923
458.000000 0.953264
459.000000 0.970070
460.000000 0.985846
461.000000 1.000803
462.000000 1.015126
463.000000 1.028976
464.000000 1.042170
465.000000 1.053942
466.000000 1.063306
467.000000 1.069357
468.000000 1.071526
469.000000 1.069850
470.000000 1.064713
471.000000 1.056483
472.000000 1.045432
473.000000 1.031751
474.000000 1.015611
475.000000 0.997280
476.000000 0.977231
477.000000 0.956149
478.000000 0.934870
479.000000 0.914254
480.000000 0.900000
481.000000 0.900000
482.000000 0.900000
483.000000 0.900000
484.000000 0.900000
485.000000 0.900000
486.000000 0.900447
487.000000 0.905333
488.000000 0.914659
489.000000 0.928235
490.000000 0.945043
491.000000 0.962370
492.000000 0.978563
493.000000 0.993848
494.000000 1.008423
495.000000 1.022456
496.000000 1.036037
497.000000 1.048647
498.000000 1.059280
499.000000 1.066990
500.000000 1.071016
501.000000 1.071099
502.000000 1.067525
503.000000 1.060710
504.000000 1.050966
505.000000 1.038519
506.000000 1.023530
507.000000 1.006195
508.000000 0.986885
509.000000 0.966194
510.000000 0.944903
511.000000 0.923878
512.000000 0.903944
513.000000 0.900000
514.000000 0.900000
515.000000 0.900000
516.000000 0.900000
517.000000 0.900000
518.000000 0.900000
519.000000 0.902785
520.000000 0.910032
521.000000 0.921640
522.000000 0.937324
523.000000 0.954750
524.000000 0.971455
525.000000 0.987149
526.000000 1.002043
527.000000 1.016318
528.000000 1.030133
529.000000 1.043253
530.000000 1.054869
531.000000 1.064001
532.000000 1.069749
533.000000 1.071584
534.000000 1.069594
535.000000 1.064180
536.000000 1.055702
537.000000 1.044423
538.000000 1.030528
539.000000 1.014188
540.000000 0.995687
541.000000 0.975516
542.000000 0.954375
543.000000 0.933109
544.000000 0.912577
545.000000 0.900000
546.000000 0.900000
547.000000 0.900000
548.000000 0.900000
549.000000 0.900000
550.000000 0.900000
551.000000 0.900812
552.000000 0.906073
553.000000 0.915766
554.000000 0.929687
555.000000 0.946600
556.000000 0.963828
557.000000 0.979942
558.000000 0.995165
559.000000 1.009690
560.000000 1.023688
561.000000 1.037194
562.000000 1.049646
563.000000 1.060039
564.000000 1.067433
565.000000 1.071106
566.000000 1.070853
567.000000 1.066980
568.000000 1.059895
569.000000 1.049901
570.000000 1.037218
571.000000 1.022010
572.000000 1.004484
573.000000 0.985033
574.000000 0.964267
575.000000 0.942977
576.000000 0.922029
577.000000 0.902238
578.000000 0.900000
579.000000 0.900000
580.000000 0.900000
581.000000 0.900000
582.000000 0.900000
583.000000 0.900000
584.000000 0.903187
585.000000 0.910832
586.000000 0.922817
587.000000 0.938842
588.000000 0.956362
589.000000 0.972957
590.000000 0.988563
591.000000 1.003388
592.000000 1.017611
593.000000 1.031388
594.000000 1.044430
595.000000 1.055876
596.000000 1.064754
597.000000 1.070176
598.000000 1.071648
599.000000 1.069317
600.000000 1.063603
601.000000 1.054855
602.000000 1.043328
603.000000 1.029200
604.000000 1.012644
605.000000 0.993958
606.000000 0.973653
607.000000 0.952447
608.000000 0.931196
609.000000 0.910755
610.000000 0.900000
611.000000 0.900000
612.000000 0.900000
613.000000 0.900000
614.000000 0.900000
615.000000 0.900000
616.000000 0.901208
617.000000 0.906875
618.000000 0.916968
619.000000 0.931264
620.000000 0.948290
621.000000 0.965412
622.000000 0.981439
623.000000 0.996593
624.000000 1.011066
625.000000 1.025024
626.000000 1.038450
627.000000 1.050729
628.000000 1.060862
629.000000 1.067914
630.000000 1.071202
631.000000 1.070585
632.000000 1.066387
633.000000 1.059008
634.000000 1.048743
635.000000 1.035805
636.000000 1.020358
637.000000 1.002626
638.000000 0.983021
639.000000 0.962174
640.000000 0.940885
641.000000 0.920021
642.000000 0.900386
643.000000 0.900000
644.000000 0.900000
645.000000 0.900000
646.000000 0.900000
647.000000 0.900000
648.000000 0.900000
649.000000 0.903623
650.000000 0.911700
651.000000 0.924095
652.000000 0.940491
653.000000 0.958112
654.000000 0.974587
655.000000 0.990098
656.000000 1.004848
657.000000 1.019014
658.000000 1.032751
659.000000 1.045707
660.000000 1.056970
661.000000 1.065573
662.000000 1.070639
663.000000 1.071717
664.000000 1.069017
665.000000 1.062977
666.000000 1.053936
667.000000 1.042140
668.000000 1.027759
669.000000 1.010968
670.000000 0.992082
671.000000 0.971632
672.000000 0.950356
673.000000 0.929119
674.000000 0.908778
675.000000 0.900000
676.000000 0.900000
677.000000 0.900000
678.000000 0.900000
679.000000 0.900000
680.000000 0.900000
681.000000 0.901639
682.000000 0.907746
683.000000 0.918272
684.000000 0.932975
685.000000 0.950125
686.000000 0.967131
687.000000 0.983064
688.000000 0.998144
689.000000 1.012559
690.000000 1.026474
691.000000 1.039812
692.000000 1.051905
693.000000 1.061755
694.000000 1.068436
695.000000 1.071306
696.000000 1.070293
697.000000 1.065744
698.000000 1.058045
699.000000 1.047486
700.000000 1.034271
701.000000 1.018565
702.000000 1.000609
703.000000 0.980838
704.000000 0.959901
705.000000 0.938614
706.000000 0.917842
707.000000 0.900000
708.000000 0.900000
709.000000 0.900000
710.000000 0.900000
711.000000 0.900000
712.000000 0.900000
713.000000 0.900000
714.000000 0.904097
715.000000 0.912643
716.000000 0.925482
717.000000 0.942064
718.000000 0.959601
719.000000 0.975966
720.000000 0.991388
721.000000 1.006069
722.000000 1.020183
723.000000 1.033882
724.000000 1.046750
725.000000 1.057816
726.000000 1.066122
727.000000 1.070830
728.000000 1.071560
729.000000 1.068554
730.000000 1.062247
731.000000 1.052967
732.000000 1.040953
733.000000 1.026368
734.000000 1.009389
735.000000 0.990350
736.000000 0.969808
737.000000 0.948516
738.000000 0.927344
739.000000 0.907136
740.000000 0.900000
741.000000 0.900000
742.000000 0.900000
743.000000 0.900000
744.000000 0.900000
745.000000 0.900000
746.000000 0.902027
747.000000 0.908523
748.000000 0.919420
749.000000 0.934460
750.000000 0.951708
751.000000 0.968615
752.000000 0.984471
753.000000 0.999490
754.000000 1.013860
755.000000 1.027742
756.000000 1.041008
757.000000 1.052940
758.000000 1.062546
759.000000 1.068909
760.000000 1.071426
761.000000 1.070077
762.000000 1.065231
763.000000 1.057263
764.000000 1.046453
765.000000 1.033001
766.000000 1.017074
767.000000 0.998927
768.000000 0.979014
769.000000 0.958001
770.000000 0.936716
771.000000 0.916020
772.000000 0.900000
773.000000 0.900000
774.000000 0.900000
775.000000 0.900000
776.000000 0.900000
777.000000 0.900000
778.000000 0.900067
779.000000 0.904563
780.000000 0.913504
781.000000 0.926717
782.000000 0.943414
783.000000 0.960844
784.000000 0.977121
785.000000 0.992474
786.000000 1.007100
787.000000 1.021173
788.000000 1.034833
789.000000 1.047610
790.000000 1.058494
791.000000 1.066534
792.000000 1.070932
793.000000 1.071369
794.000000 1.068109
795.000000 1.061578
796.000000 1.052097
797.000000 1.039897
798.000000 1.025138
799.000000 1.008002
800.000000 0.988839
801.000000 0.968227
802.000000 0.946933
803.000000 0.925827
804.000000 0.905741
805.000000 0.900000
806.000000 0.900000
807.000000 0.900000
808.000000 0.900000
809.000000 0.900000
810.000000 0.900000
811.000000 0.902361
812.000000 0.909190
813.000000 0.920401
814.000000 0.935726
815.000000 0.953054
816.000000 0.969875
817.000000 0.985662
818.000000 1.000629
819.000000 1.014959
820.000000 1.028814
821.000000 1.042017
822.000000 1.053811
823.000000 1.063209
824.000000 1.069301
825.000000 1.071518
826.000000 1.069886
827.000000 1.064788
828.000000 1.056592
829.000000 1.045573
830.000000 1.031923
831.000000 1.015810
832.000000 0.997503
833.000000 0.977472
834.000000 0.956398
835.000000 0.935117
836.000000 0.914489
837.000000 0.900000
838.000000 0.900000
839.000000 0.900000
840.000000 0.900000
841.000000 0.900000
842.000000 0.900000
843.000000 0.900395
844.000000 0.905229
845.000000 0.914504
846.000000 0.928031
847.000000 0.944824
848.000000 0.962165
849.000000 0.978369
850.000000 0.993663
851.000000 1.008244
852.000000 1.022283
853.000000 1.035874
854.000000 1.048507
855.000000 1.059174
856.000000 1.066927
857.000000 1.071003
858.000000 1.071134
859.000000 1.067602
860.000000 1.060824
861.000000 1.051116
862.000000 1.038702
863.000000 1.023744
864.000000 1.006435
865.000000 0.987145
866.000000 0.966465
867.000000 0.945173
868.000000 0.924138
869.000000 0.904184
870.000000 0.900000
871.000000 0.900000
872.000000 0.900000
873.000000 0.900000
874.000000 0.900000
875.000000 0.900000
876.000000 0.902728
877.000000 0.909919
878.000000 0.921474
879.000000 0.937110
880.000000 0.954524
881.000000 0.971244
882.000000 0.986950
883.000000 1.001854
884.000000 1.016136
885.000000 1.029957
886.000000 1.043088
887.000000 1.054728
888.000000 1.063895
889.000000 1.069689
890.000000 1.071575
891.000000 1.069633
892.000000 1.064262
893.000000 1.055821
894.000000 1.044576
895.000000 1.030715
896.000000 1.014405
897.000000 0.995930
898.000000 0.975778
899.000000 0.954645
900.000000 0.933377
901.000000 0.912833
902.000000 0.900000
903.000000 0.900000
904.000000 0.900000
905.000000 0.900000
906.000000 0.900000
907.000000 0.900000
908.000000 0.900756
909.000000 0.905960
910.000000 0.915597
911.000000 0.929466
912.000000 0.946362
913.000000 0.963606
914.000000 0.979732
915.000000 0.994964
916.000000 1.009497
917.000000 1.023500
918.000000 1.037018
919.000000 1.049494
920.000000 1.059923
921.000000 1.067366
922.000000 1.071092
923.000000 1.070891
924.000000 1.067064
925.000000 1.060019
926.000000 1.050063
927.000000 1.037417
928.000000 1.022242
929.000000 1.004746
930.000000 0.985315
931.000000 0.964561
932.000000 0.943271
933.000000 0.922311
934.000000 0.902498
935.000000 0.900000
936.000000 0.900000
937.000000 0.900000
938.000000 0.900000
939.000000 0.900000
940.000000 0.900000
941.000000 0.903125
942.000000 0.910709
943.000000 0.922637
944.000000 0.938611
945.000000 0.956116
946.000000 0.972728
947.000000 0.988347
948.000000 1.003182
949.000000 1.017413
950.000000 1.031197
951.000000 1.044250
952.000000 1.055723
953.000000 1.064639
954.000000 1.070110
955.000000 1.071638
956.000000 1.069359
957.000000 1.063691
958.000000 1.054984
959.000000 1.043495
960.000000 1.029403
961.000000 1.012880
962.000000 0.994222
963.000000 0.973938
964.000000 0.952741
965.000000 0.931487
966.000000 0.911033
967.000000 0.900000
968.000000 0.900000
969.000000 0.900000
970.000000 0.900000
971.000000 0.900000
972.000000 0.900000
973.000000 0.901148
974.000000 0.906753
975.000000 0.916784
976.000000 0.931023
977.000000 0.948032
978.000000 0.965170
979.000000 0.981211
980.000000 0.996375
981.000000 1.010856
982.000000 1.024820
983.000000 1.038258
984.000000 1.050564
985.000000 1.060736
986.000000 1.067841
987.000000 1.071187
988.000000 1.070626
989.000000 1.066478
990.000000 1.059143
991.000000 1.048919
992.000000 1.036020
993.000000 1.020610
994.000000 1.002910
995.000000 0.983328
996.000000 0.962493
997.000000 0.941204
998.000000 0.920328
999.000000 0.900668
1000.000000 0.900000
1001.000000 0.900000
1002.000000 0.950000
1003.000000 0.920313
1004.000000 0.900000
1005.000000 0.900000
1006.000000 0.900000
1007.000000 0.900000
1008.000000 0.900000
1009.000000 0.900000
1010.000000 0.900000
1011.000000 0.900000
1012.000000 0.900000
1013.000000 0.900000
1014.000000 0.900000
1015.000000 0.900000
1016.000000 0.900000
1017.000000 0.900000
1018.000000 0.900000
1019.000000 0.900000
1020.000000 0.900000
1021.000000 0.900000
1022.000000 0.900000
1023.000000 0.900000
1024.000000 0.900000
1025.000000 0.900000
1026.000000 0.900000
1027.000000 0.900000
1028.000000 0.900000
1029.000000 0.900000
1030.000000 0.900000
1031.000000 0.900000
1032.000000 0.900000
1033.000000 0.900000
1034.000000 0.900000
1035.000000 0.900000
1036.000000 0.900000
1037.000000 0.900000
1038.000000 0.900000
1039.000000 0.900000
1040.000000 0.900000
1041.000000 0.900000
1042.000000 0.900000
1043.000000 0.900000
1044.000000 0.900000
1045.000000 0.900000
1046.000000 0.900000
1047.000000 0.900000
1048.000000 0.900000
1049.000000 0.900179
1050.000000 0.900551
1051.000000 0.901107
1052.000000 0.901838
1053.000000 0.902736
1054.000000 0.903791
1055.000000 0.904998
1056.000000 0.906346
1057.000000 0.907831
1058.000000 0.909443
1059.000000 0.911153
1060.000000 0.912907
1061.000000 0.914653
1062.000000 0.916345
1063.000000 0.917938
1064.000000 0.919393
1065.000000 0.920673
1066.000000 0.921742
1067.000000 0.922568
1068.000000 0.923120
1069.000000 0.923373
1070.000000 0.923311
1071.000000 0.922931
1072.000000 0.922241
1073.000000 0.921259
1074.000000 0.920012
1075.000000 0.918534
1076.000000 0.916866
1077.000000 0.915056
1078.000000 0.913155
1079.000000 0.911223
1080.000000 0.909322
1081.000000 0.907512
1082.000000 0.905855
1083.000000 0.904405
1084.000000 0.903213
1085.000000 0.902321
1086.000000 0.901761
1087.000000 0.901558
1088.000000 0.901723
1089.000000 0.902258
1090.000000 0.903150
1091.000000 0.904375
1092.000000 0.905897
1093.000000 0.907668
1094.000000 0.909632
1095.000000 0.911723
1096.000000 0.913873
1097.000000 0.916005
1098.000000 0.918046
1099.000000 0.919921
1100.000000 0.921559
1101.000000 0.922895
1102.000000 0.923873
1103.000000 0.924447
1104.000000 0.924585
1105.000000 0.924268
1106.000000 0.923491
1107.000000 0.922266
1108.000000 0.920620
1109.000000 0.918595
1110.000000 0.916247
1111.000000 0.913644
1112.000000 0.910867
1113.000000 0.908003
1114.000000 0.905146
1115.000000 0.902392
1116.000000 0.900000
1117.000000 0.900000
1118.000000 0.900000
1119.000000 0.900000
1120.000000 0.900000
1121.000000 0.900000
1122.000000 0.900213
1123.000000 0.901024
1124.000000 0.902424
1125.000000 0.904382
1126.000000 0.906830
1127.000000 0.909399
1128.000000 0.911806
1129.000000 0.914084
1130.000000 0.916263
1131.000000 0.918366
1132.000000 0.920386
1133.000000 0.922238
1134.000000 0.923789
1135.000000 0.924918
1136.000000 0.925517
1137.000000 0.925542
1138.000000 0.925025
1139.000000 0.924028
1140.000000 0.922595
1141.000000 0.920757
1142.000000 0.918541
1143.000000 0.915980
1144.000000 0.913133
1145.000000 0.910087
1146.000000 0.906954
1147.000000 0.903859
1148.000000 0.900922
1149.000000 0.900000
1150.000000 0.900000
1151.000000 0.900000
1152.000000 0.900000
1153.000000 0.900000
1154.000000 0.900000
1155.000000 0.900412
1156.000000 0.901480
1157.000000 0.903189
1158.000000 0.905498
1159.000000 0.908109
1160.000000 0.910653
1161.000000 0.913043
1162.000000 0.915312
1163.000000 0.917486
1164.000000 0.919590
1165.000000 0.921589
1166.000000 0.923365
1167.000000 0.924773
1168.000000 0.925683
1169.000000 0.926010
1170.000000 0.925757
1171.000000 0.924979
1172.000000 0.923732
1173.000000 0.922057
1174.000000 0.919981
1175.000000 0.917532
1176.000000 0.914751
1177.000000 0.911711
1178.000000 0.908517
1179.000000 0.905292
1180.000000 0.902168
1181.000000 0.900000
1182.000000 0.900000
1183.000000 0.900000
1184.000000 0.900000
1185.000000 0.900000
1186.000000 0.900000
1187.000000 0.900063
1188.000000 0.900799
1189.000000 0.902206
1190.000000 0.904257
1191.000000 0.906798
1192.000000 0.909418
1193.000000 0.911865
1194.000000 0.914175
1195.000000 0.916376
1196.000000 0.918494
1197.000000 0.920544
1198.000000 0.922448
1199.000000 0.924053
1200.000000 0.925216
1201.000000 0.925822
1202.000000 0.925831
1203.000000 0.925288
1204.000000 0.924254
1205.000000 0.922778
1206.000000 0.920894
1207.000000 0.918626
1208.000000 0.916004
1209.000000 0.913084
1210.000000 0.909956
1211.000000 0.906738
1212.000000 0.903560
1213.000000 0.900549
1214.000000 0.900000
1215.000000 0.900000
1216.000000 0.900000
1217.000000 0.900000
1218.000000 0.900000
1219.000000 0.900000
1220.000000 0.900426
1221.000000 0.901527
1222.000000 0.903287
1223.000000 0.905662
1224.000000 0.908295
1225.000000 0.910813
1226.000000 0.913180
1227.000000 0.915426
1228.000000 0.917578
1229.000000 0.919662
1230.000000 0.921641
1231.000000 0.923391
1232.000000 0.924765
1233.000000 0.925626
1234.000000 0.925896
1235.000000 0.925589
1236.000000 0.924766
1237.000000 0.923481
1238.000000 0.921775
1239.000000 0.919674
1240.000000 0.917205
1241.000000 0.914410
1242.000000 0.911364
1243.000000 0.908173
1244.000000 0.904964
1245.000000 0.901868
1246.000000 0.900000
1247.000000 0.900000
1248.000000 0.900000
1249.000000 0.900000
1250.000000 0.900000
1251.000000 0.900000
1252.000000 0.900131
1253.000000 0.900933
1254.000000 0.902403
1255.000000 0.904512
1256.000000 0.907067
1257.000000 0.909666
1258.000000 0.912098
1259.000000 0.914395
1260.000000 0.916588
1261.000000 0.918701
1262.000000 0.920739
1263.000000 0.922616
1264.000000 0.924180
1265.000000 0.925291
1266.000000 0.925839
1267.000000 0.925794
1268.000000 0.925204
1269.000000 0.924129
1270.000000 0.922616
1271.000000 0.920696
1272.000000 0.918396
1273.000000 0.915746
1274.000000 0.912806
1275.000000 0.909669
1276.000000 0.906455
1277.000000 0.903293
1278.000000 0.900308
1279.000000 0.900000
1280.000000 0.900000
1281.000000 0.900000
1282.000000 0.900000
1283.000000 0.900000
1284.000000 0.900000
1285.000000 0.900488
1286.000000 0.901650
1287.000000 0.903466
1288.000000 0.905892
1289.000000 0.908539
1290.000000 0.911043
1291.000000 0.913397
1292.000000 0.915634
1293.000000 0.917781
1294.000000 0.919860
1295.000000 0.921828
1296.000000 0.923553
1297.000000 0.924889
1298.000000 0.925702
1299.000000 0.925917
1300.000000 0.925559
1301.000000 0.924691
1302.000000 0.923365
1303.000000 0.921620
1304.000000 0.919482
1305.000000 0.916979
1306.000000 0.914154
1307.000000 0.911086
1308.000000 0.907883
1309.000000 0.904674
1310.000000 0.901589
1311.000000 0.900000
1312.000000 0.900000
1313.000000 0.900000
1314.000000 0.900000
1315.000000 0.900000
1316.000000 0.900000
1317.000000 0.900190
1318.000000 0.901053
1319.000000 0.902584
1320.000000 0.904750
1321.000000 0.907322
1322.000000 0.909905
1323.000000 0.912324
1324.000000 0.914610
1325.000000 0.916794
1326.000000 0.918901
1327.000000 0.920926
1328.000000 0.922777
1329.000000 0.924302
1330.000000 0.925361
1331.000000 0.925850
1332.000000 0.925750
1333.000000 0.925110
1334.000000 0.923990
1335.000000 0.922436
1336.000000 0.920477
1337.000000 0.918141
1338.000000 0.915460
1339.000000 0.912497
1340.000000 0.909348
1341.000000 0.906134
1342.000000 0.902985
1343.000000 0.900024
1344.000000 0.900000
1345.000000 0.900000
1346.000000 0.900000
1347.000000 0.900000
1348.000000 0.900000
1349.000000 0.900000
1350.000000 0.900555
1351.000000 0.901783
1352.000000 0.903662
1353.000000 0.906144
1354.000000 0.908807
1355.000000 0.911292
1356.000000 0.913632
1357.000000 0.915857
1358.000000 0.917995
1359.000000 0.920068
1360.000000 0.922023
1361.000000 0.923720
1362.000000 0.925014
1363.000000 0.925772
1364.000000 0.925928
1365.000000 0.925513
1366.000000 0.924595
1367.000000 0.923225
1368.000000 0.921439
1369.000000 0.919263
1370.000000 0.916723
1371.000000 0.913868
1372.000000 0.910778
1373.000000 0.907564
1374.000000 0.904358
1375.000000 0.901289
1376.000000 0.900000
1377.000000 0.900000
1378.000000 0.900000
1379.000000 0.900000
1380.000000 0.900000
1381.000000 0.900000
1382.000000 0.900255
1383.000000 0.901186
1384.000000 0.902783
1385.000000 0.905010
1386.000000 0.907602
1387.000000 0.910167
1388.000000 0.912571
1389.000000 0.914847
1390.000000 0.917022
1391.000000 0.919122
1392.000000 0.921135
1393.000000 0.922957
1394.000000 0.924439
1395.000000 0.925441
1396.000000 0.925866
1397.000000 0.925706
1398.000000 0.925012
1399.000000 0.923844
1400.000000 0.922244
1401.000000 0.920244
1402.000000 0.917868
1403.000000 0.915153
1404.000000 0.912165
1405.000000 0.909002
1406.000000 0.905788
1407.000000 0.902653
1408.000000 0.900000
1409.000000 0.900000
1410.000000 0.900000
1411.000000 0.900000
1412.000000 0.900000
1413.000000 0.900000
1414.000000 0.900000
1415.000000 0.900627
1416.000000 0.901926
1417.000000 0.903873
1418.000000 0.906379
1419.000000 0.909025
1420.000000 0.911493
1421.000000 0.913820
1422.000000 0.916036
1423.000000 0.918166
1424.000000 0.920233
1425.000000 0.922174
1426.000000 0.923842
1427.000000 0.925090
1428.000000 0.925794
1429.000000 0.925899
1430.000000 0.925439
1431.000000 0.924483
1432.000000 0.923077
1433.000000 0.921260
1434.000000 0.919054
1435.000000 0.916487
1436.000000 0.913610
1437.000000 0.910507
1438.000000 0.907293
1439.000000 0.904098
1440.000000 0.901049
1441.000000 0.900000
1442.000000 0.900000
1443.000000 0.900000
1444.000000 0.900000
1445.000000 0.900000
1446.000000 0.900000
1447.000000 0.900313
1448.000000 0.901301
1449.000000 0.902952
1450.000000 0.905229
1451.000000 0.907835
1452.000000 0.910386
1453.000000 0.912778
1454.000000 0.915045
1455.000000 0.917214
1456.000000 0.919309
1457.000000 0.921311
1458.000000 0.923109
1459.000000 0.924555
1460.000000 0.925511
1461.000000 0.925884
1462.000000 0.925675
1463.000000 0.924938
1464.000000 0.923730
1465.000000 0.922094
1466.000000 0.920059
1467.000000 0.917650
1468.000000 0.914907
1469.000000 0.911898
1470.000000 0.908724
1471.000000 0.905511
1472.000000 0.902387
1473.000000 0.900000
1474.000000 0.900000
1475.000000 0.900000
1476.000000 0.900000
1477.000000 0.900000
1478.000000 0.900000
1479.000000 0.900017
1480.000000 0.900703
1481.000000 0.902059
1482.000000 0.904061
1483.000000 0.906584
1484.000000 0.909213
1485.000000 0.911670
1486.000000 0.913986
1487.000000 0.916194
1488.000000 0.918318
1489.000000 0.920379
1490.000000 0.922305
1491.000000 0.923944
1492.000000 0.925152
1493.000000 0.925809
1494.000000 0.925869
1495.000000 0.925371
1496.000000 0.924380
1497.000000 0.922944
1498.000000 0.921097
1499.000000 0.918865
1500.000000 0.916274
1501.000000 0.966274
1502.000000 0.916274
1503.000000 0.966274
1504.000000 1.016274
1505.000000 1.066274
1506.000000 1.116274
1507.000000 1.166274
1508.000000 1.216274
1509.000000 1.266274
1510.000000 1.300000
1511.000000 1.300000
1512.000000 1.300000
1513.000000 1.300000
1514.000000 1.300000
1515.000000 1.300000
1516.000000 1.300000
1517.000000 1.300000
1518.000000 1.300000
1519.000000 1.300000
1520.000000 1.300000
1521.000000 1.300000
1522.000000 1.300000
1523.000000 1.300000
1524.000000 1.300000
1525.000000 1.300000
1526.000000 1.300000
1527.000000 1.300000
1528.000000 1.300000
1529.000000 1.300000
1530.000000 1.300000
1531.000000 1.300000
1532.000000 1.300000
1533.000000 1.300000
1534.000000 1.300000
1535.000000 1.300000
1536.000000 1.300000
1537.000000 1.300000
1538.000000 1.300000
1539.000000 1.300000
1540.000000 1.300000
1541.000000 1.300000
1542.000000 1.300000
1543.000000 1.300000
1544.000000 1.300000
1545.000000 1.300000
1546.000000 1.300000
1547.000000 1.300000
1548.000000 1.300000
1549.000000 1.300000
1550.000000 1.300000
1551.000000 1.300000
1552.000000 1.300000
1553.000000 1.300000
1554.000000 1.300000
1555.000000 1.300000
1556.000000 1.299678
1557.000000 1.298595
1558.000000 1.296788
1559.000000 1.294291
1560.000000 1.291139
1561.000000 1.287365
1562.000000 1.283000
1563.000000 1.278075
1564.000000 1.272619
1565.000000 1.266660
1566.000000 1.260268
1567.000000 1.253608
1568.000000 1.246889
1569.000000 1.240301
1570.000000 1.234016
1571.000000 1.228194
1572.000000 1.222985
1573.000000 1.218524
1574.000000 1.214941
1575.000000 1.212356
1576.000000 1.210878
1577.000000 1.210586
1578.000000 1.211513
1579.000000 1.213647
1580.000000 1.216933
1581.000000 1.221286
1582.000000 1.226585
1583.000000 1.232685
1584.000000 1.239415
1585.000000 1.246581
1586.000000 1.253968
1587.000000 1.261345
1588.000000 1.268472
1589.000000 1.275117
1590.000000 1.281056
1591.000000 1.286089
1592.000000 1.290039
1593.000000 1.292765
1594.000000 1.294159
1595.000000 1.294155
1596.000000 1.292729
1597.000000 1.289907
1598.000000 1.285760
1599.000000 1.280409
1600.000000 1.274015
1601.000000 1.266782
1602.000000 1.258945
1603.000000 1.250765
1604.000000 1.242521
1605.000000 1.234500
1606.000000 1.226991
1607.000000 1.220273
1608.000000 1.214606
1609.000000 1.210220
1610.000000 1.207309
1611.000000 1.206022
1612.000000 1.206456
1613.000000 1.208652
1614.000000 1.212594
1615.000000 1.218204
1616.000000 1.225346
1617.000000 1.233829
1618.000000 1.243409
1619.000000 1.253799
1620.000000 1.264674
1621.000000 1.275686
1622.000000 1.286467
1623.000000 1.296651
1624.000000 1.300000
1625.000000 1.300000
1626.000000 1.300000
1627.000000 1.300000
1628.000000 1.300000
1629.000000 1.300000
1630.000000 1.297907
1631.000000 1.293533
1632.000000 1.286955
1633.000000 1.278327
1634.000000 1.268660
1635.000000 1.259224
1636.000000 1.250334
1637.000000 1.241874
1638.000000 1.233743
1639.000000 1.225854
1640.000000 1.218410
1641.000000 1.211900
1642.000000 1.206811
1643.000000 1.203583
1644.000000 1.202497
1645.000000 1.203538
1646.000000 1.206508
1647.000000 1.211210
1648.000000 1.217503
1649.000000 1.225286
1650.000000 1.234458
1651.000000 1.244841
1652.000000 1.256148
1653.000000 1.267987
1654.000000 1.279899
1655.000000 1.291411
1656.000000 1.300000
1657.000000 1.300000
1658.000000 1.300000
1659.000000 1.300000
1660.000000 1.300000
1661.000000 1.300000
1662.000000 1.299571
1663.000000 1.296650
1664.000000 1.291249
1665.000000 1.283479
1666.000000 1.273829
1667.000000 1.263821
1668.000000 1.254459
1669.000000 1.245613
1670.000000 1.237173
1671.000000 1.229041
1672.000000 1.221190
1673.000000 1.213930
1674.000000 1.207824
1675.000000 1.203394
1676.000000 1.201074
1677.000000 1.201023
1678.000000 1.203087
1679.000000 1.207028
1680.000000 1.212667
1681.000000 1.219876
1682.000000 1.228559
1683.000000 1.238597
1684.000000 1.249770
1685.000000 1.261736
1686.000000 1.274049
1687.000000 1.286212
1688.000000 1.297748
1689.000000 1.300000
1690.000000 1.300000
1691.000000 1.300000
1692.000000 1.300000
1693.000000 1.300000
1694.000000 1.300000
1695.000000 1.298410
1696.000000 1.294243
1697.000000 1.287557
1698.000000 1.278514
1699.000000 1.268469
1700.000000 1.258847
1701.000000 1.249811
1702.000000 1.241240
1703.000000 1.233029
1704.000000 1.225085
1705.000000 1.217541
1706.000000 1.210863
1707.000000 1.205618
1708.000000 1.202323
1709.000000 1.201286
1710.000000 1.202454
1711.000000 1.205594
1712.000000 1.210498
1713.000000 1.217013
1714.000000 1.225032
1715.000000 1.234456
1716.000000 1.245122
1717.000000 1.256747
1718.000000 1.268927
1719.000000 1.281174
1720.000000 1.292994
1721.000000 1.300000
1722.000000 1.300000
1723.000000 1.300000
1724.000000 1.300000
1725.000000 1.300000
1726.000000 1.300000
1727.000000 1.299501
1728.000000 1.296438
1729.000000 1.290822
1730.000000 1.282771
1731.000000 1.273029
1732.000000 1.263134
1733.000000 1.253876
1734.000000 1.245129
1735.000000 1.236781
1736.000000 1.228735
1737.000000 1.220973
1738.000000 1.213826
1739.000000 1.207871
1740.000000 1.203649
1741.000000 1.201573
1742.000000 1.201752
1743.000000 1.204009
1744.000000 1.208109
1745.000000 1.213879
1746.000000 1.221194
1747.000000 1.229960
1748.000000 1.240055
1749.000000 1.251253
1750.000000 1.263201
1751.000000 1.275442
1752.000000 1.287478
1753.000000 1.298843
1754.000000 1.300000
1755.000000 1.300000
1756.000000 1.300000
1757.000000 1.300000
1758.000000 1.300000
1759.000000 1.300000
1760.000000 1.298127
1761.000000 1.293690
1762.000000 1.286760
1763.000000 1.277511
1764.000000 1.267422
1765.000000 1.257880
1766.000000 1.248905
1767.000000 1.240378
1768.000000 1.232195
1769.000000 1.224268
1770.000000 1.216768
1771.000000 1.210194
1772.000000 1.205106
1773.000000 1.202013
1774.000000 1.201196
1775.000000 1.202564
1776.000000 1.205877
1777.000000 1.210934
1778.000000 1.217589
1779.000000 1.225739
1780.000000 1.235286
1781.000000 1.246056
1782.000000 1.257754
1783.000000 1.269965
1784.000000 1.282196
1785.000000 1.293953
1786.000000 1.300000
1787.000000 1.300000
1788.000000 1.300000
1789.000000 1.300000
1790.000000 1.300000
1791.000000 1.300000
1792.000000 1.299273
1793.000000 1.295980
1794.000000 1.290140
1795.000000 1.281882
1796.000000 1.272074
1797.000000 1.262229
1798.000000 1.253011
1799.000000 1.244295
1800.000000 1.235970
1801.000000 1.227941
1802.000000 1.220221
1803.000000 1.213168
1804.000000 1.207358
1805.000000 1.203327
1806.000000 1.201466
1807.000000 1.201851
1808.000000 1.204293
1809.000000 1.208564
1810.000000 1.214494
1811.000000 1.221961
1812.000000 1.230871
1813.000000 1.241093
1814.000000 1.252388
1815.000000 1.264393
1816.000000 1.276645
1817.000000 1.288646
1818.000000 1.299935
1819.000000 1.300000
1820.000000 1.300000
1821.000000 1.300000
1822.000000 1.300000
1823.000000 1.300000
1824.000000 1.300000
1825.000000 1.297879
1826.000000 1.293195
1827.000000 1.286028
1828.000000 1.276561
1829.000000 1.266412
1830.000000 1.256941
1831.000000 1.248023
1832.000000 1.239541
1833.000000 1.231393
1834.000000 1.223491
1835.000000 1.216043
1836.000000 1.209576
1837.000000 1.204648
1838.000000 1.201762
1839.000000 1.201175
1840.000000 1.202760
1841.000000 1.206263
1842.000000 1.211490
1843.000000 1.218301
1844.000000 1.226597
1845.000000 1.236280
1846.000000 1.247165
1847.000000 1.258945
1848.000000 1.271195
1849.000000 1.283415
1850.000000 1.295113
1851.000000 1.300000
1852.000000 1.300000
1853.000000 1.300000
1854.000000 1.300000
1855.000000 1.300000
1856.000000 1.300000
1857.000000 1.299021
1858.000000 1.295469
1859.000000 1.289376
1860.000000 1.280881
1861.000000 1.271001
1862.000000 1.261224
1863.000000 1.252062
1864.000000 1.243390
1865.000000 1.235099
1866.000000 1.227094
1867.000000 1.219426
1868.000000 1.212482
1869.000000 1.206837
1870.000000 1.203023
1871.000000 1.201406
1872.000000 1.202022
1873.000000 1.204669
1874.000000 1.209126
1875.000000 1.215227
1876.000000 1.222855
1877.000000 1.231915
1878.000000 1.242267
1879.000000 1.253659
1880.000000 1.265716
1881.000000 1.277966
1882.000000 1.289913
1883.000000 1.300000
1884.000000 1.300000
1885.000000 1.300000
1886.000000 1.300000
1887.000000 1.300000
1888.000000 1.300000
1889.000000 1.300000
1890.000000 1.297603
1891.000000 1.292646
1892.000000 1.285220
1893.000000 1.275666
1894.000000 1.265584
1895.000000 1.256176
1896.000000 1.247307
1897.000000 1.238864
1898.000000 1.230745
1899.000000 1.222865
1900.000000 1.215467
1901.000000 1.209115
1902.000000 1.204359
1903.000000 1.201679
1904.000000 1.201286
1905.000000 1.203040
1906.000000 1.206690
1907.000000 1.212048
1908.000000 1.218979
1909.000000 1.227388
1910.000000 1.237174
1911.000000 1.248142
1912.000000 1.259970
1913.000000 1.272224
1914.000000 1.284402
1915.000000 1.296020
1916.000000 1.300000
1917.000000 1.300000
1918.000000 1.300000
1919.000000 1.300000
1920.000000 1.300000
1921.000000 1.300000
1922.000000 1.298803
1923.000000 1.295034
1924.000000 1.288734
1925.000000 1.280052
1926.000000 1.270119
1927.000000 1.260397
1928.000000 1.251278
1929.000000 1.242639
1930.000000 1.234373
1931.000000 1.226386
1932.000000 1.218757
1933.000000 1.211903
1934.000000 1.206394
1935.000000 1.202757
1936.000000 1.201336
1937.000000 1.202138
1938.000000 1.204950
1939.000000 1.209557
1940.000000 1.215797
1941.000000 1.223556
1942.000000 1.232740
1943.000000 1.243198
1944.000000 1.254669
1945.000000 1.266767
1946.000000 1.279017
1947.000000 1.290921
1948.000000 1.300000
1949.000000 1.300000
1950.000000 1.300000
1951.000000 1.300000
1952.000000 1.300000
1953.000000 1.300000
1954.000000 1.299932
1955.000000 1.297313
1956.000000 1.292137
1957.000000 1.284504
1958.000000 1.274887
1959.000000 1.264864
1960.000000 1.255503
1961.000000 1.246673
1962.000000 1.238260
1963.000000 1.230165
1964.000000 1.222310
1965.000000 1.214970
1966.000000 1.208726
1967.000000 1.204125
1968.000000 1.201624
1969.000000 1.201401
1970.000000 1.203302
1971.000000 1.207083
1972.000000 1.212560
1973.000000 1.219601
1974.000000 1.228112
1975.000000 1.237990
1976.000000 1.249030
1977.000000 1.260898
1978.000000 1.273152
1979.000000 1.285292
1980.000000 1.296839
1981.000000 1.300000
1982.000000 1.300000
1983.000000 1.300000
1984.000000 1.300000
1985.000000 1.300000
1986.000000 1.300000
1987.000000 1.298607
1988.000000 1.294644
1989.000000 1.288161
1990.000000 1.279313
1991.000000 1.269333
1992.000000 1.259662
1993.000000 1.250584
1994.000000 1.241977
1995.000000 1.233734
1996.000000 1.225764
1997.000000 1.218172
1998.000000 1.211399
1999.000000 1.206012
2000.000000 1.202533
2001.000000 1.201288
2002.000000 1.202255
2003.000000 1.205215
2004.000000 1.209953
2005.000000 1.216315
2006.000000 1.224190
2007.000000 1.233481
2008.000000 1.244032
2009.000000 1.255571
2010.000000 1.267704
2011.000000 1.279950
2012.000000 1.291814
2013.000000 1.300000
2014.000000 1.300000
2015.000000 1.300000
2016.000000 1.300000
2017.000000 1.300000
2018.000000 1.300000
2019.000000 1.299739
2020.000000 1.296924
2021.000000 1.291553
2022.000000 1.283736
2023.000000 1.274063
2024.000000 1.264093
2025.000000 1.254774
2026.000000 1.245978
2027.000000 1.237591
2028.000000 1.229515
2029.000000 1.221701
2030.000000 1.214445
2031.000000 1.208328
2032.000000 1.203895
2033.000000 1.201581
2034.000000 1.201536
2035.000000 1.203596
2036.000000 1.207521
2037.000000 1.213131
2038.000000 1.220296
2039.000000 1.228924
2040.000000 1.238902
2041.000000 1.250017
2042.000000 1.261925
2043.000000 1.274178
2044.000000 1.286277
2045.000000 1.297747
2046.000000 1.300000
2047.000000 1.300000
2048.000000 1.300000
2049.000000 1.300000
2050.000000 1.300000
2051.000000 1.300000
2052.000000 1.298394
2053.000000 1.294219
2054.000000 1.287535
2055.000000 1.278506
2056.000000 1.268476
2057.000000 1.258864
2058.000000 1.249833
2059.000000 1.241262
2060.000000 1.233047
2061.000000 1.225097
2062.000000 1.217547
2063.000000 1.210864
2064.000000 1.205612
2065.000000 1.202307
2066.000000 1.201254
2067.000000 1.202403
2068.000000 1.205521
2069.000000 1.210403
2070.000000 1.216897
2071.000000 1.224895
2072.000000 1.234301
2073.000000 1.244950
2074.000000 1.256560
2075.000000 1.268727
2076.000000 1.280965
2077.000000 1.292780
2078.000000 1.300000
2079.000000 1.300000
2080.000000 1.300000
2081.000000 1.300000
2082.000000 1.300000
2083.000000 1.300000
2084.000000 1.299529
2085.000000 1.296497
2086.000000 1.290915
2087.000000 1.282900
2088.000000 1.273166
2089.000000 1.263252
2090.000000 1.253979
2091.000000 1.245219
2092.000000 1.236861
2093.000000 1.228806
2094.000000 1.221034
2095.000000 1.213869
2096.000000 1.207891
2097.000000 1.203639
2098.000000 1.201529
2099.000000 1.201678
2100.000000 1.203910
2101.000000 1.207991
2102.000000 1.213745
2103.000000 1.221046
2104.000000 1.229801
2105.000000 1.239888
2106.000000 1.251084
2107.000000 1.263036
2108.000000 1.275288
2109.000000 1.287342
2110.000000 1.298730
2111.000000 1.300000
2112.000000 1.300000
2113.000000 1.300000
2114.000000 1.300000
2115.000000 1.300000
2116.000000 1.300000
2117.000000 1.298162
2118.000000 1.293758
2119.000000 1.286857
2120.000000 1.277630
2121.000000 1.267547
2122.000000 1.257998
2123.000000 1.249018
2124.000000 1.240487
2125.000000 1.232302
2126.000000 1.224374
2127.000000 1.216869
2128.000000 1.210284
2129.000000 1.205177
2130.000000 1.202061
2131.000000 1.201218
2132.000000 1.202563
2133.000000 1.205854
2134.000000 1.210891
2135.000000 1.217528
2136.000000 1.225660
2137.000000 1.235191
2138.000000 1.245946
2139.000000 1.257633
2140.000000 1.269838
2141.000000 1.282068
2142.000000 1.293830
2143.000000 1.300000
2144.000000 1.300000
2145.000000 1.300000
2146.000000 1.300000
2147.000000 1.300000
2148.000000 1.300000
2149.000000 1.299300
2150.000000 1.296035
2151.000000 1.290223
2152.000000 1.281991
2153.000000 1.272191
2154.000000 1.262339
2155.000000 1.253116
2156.000000 1.244396
2157.000000 1.236068
2158.000000 1.228036
2159.000000 1.220310
2160.000000 1.213245
2161.000000 1.207417
2162.000000 1.203362
2163.000000 1.201474
2164.000000 1.201833
2165.000000 1.204252
2166.000000 1.208502
2167.000000 1.214412
2168.000000 1.221861
2169.000000 1.230753
2170.000000 1.240959
2171.000000 1.252243
2172.000000 1.264242
2173.000000 1.276493
2174.000000 1.288499
2175.000000 1.299798
2176.000000 1.300000
2177.000000 1.300000
2178.000000 1.300000
2179.000000 1.300000
2180.000000 1.300000
2181.000000 1.300000
2182.000000 1.297910
2183.000000 1.293257
2184.000000 1.286120
2185.000000 1.276680
2186.000000 1.266538
2187.000000 1.257058
2188.000000 1.248133
2189.000000 1.239645
2190.000000 1.231493
2191.000000 1.223589
2192.000000 1.216133
2193.000000 1.209654
2194.000000 1.204705
2195.000000 1.201794
2196.000000 1.201178
2197.000000 1.202736
2198.000000 1.206215
2199.000000 1.211421
2200.000000 1.218213
2201.000000 1.168213
2202.000000 1.218213
2203.000000 1.168213
2204.000000 1.118213
2205.000000 1.068213
2206.000000 1.018213
2207.000000 0.968213
2208.000000 0.918213
2209.000000 0.900000
2210.000000 0.900000
2211.000000 0.900000
2212.000000 0.900000
2213.000000 0.900000
2214.000000 0.900000
2215.000000 0.900000
2216.000000 0.900000
2217.000000 0.900000
2218.000000 0.900000
2219.000000 0.900000
2220.000000 0.900000
2221.000000 0.900000
2222.000000 0.900000
2223.000000 0.900000
2224.000000 0.900000
2225.000000 0.900000
2226.000000 0.900000
2227.000000 0.900000
2228.000000 0.900000
2229.000000 0.900000
2230.000000 0.900000
2231.000000 0.900000
2232.000000 0.900000
2233.000000 0.900000
2234.000000 0.900000
2235.000000 0.900000
2236.000000 0.900000
2237.000000 0.900000
2238.000000 0.900000
2239.000000 0.900000
2240.000000 0.900000
2241.000000 0.900000
2242.000000 0.900000
2243.000000 0.900000
2244.000000 0.900000
2245.000000 0.900000
2246.000000 0.900000
2247.000000 0.900000
2248.000000 0.900000
2249.000000 0.900000
2250.000000 0.900000
2251.000000 0.900000
2252.000000 0.900000
2253.000000 0.900000
2254.000000 0.900000
2255.000000 0.900000
2256.000000 0.900000
2257.000000 0.900000
2258.000000 0.900000
2259.000000 0.900000
2260.000000 0.900000
2261.000000 0.900000
2262.000000 0.900000
2263.000000 0.900000
2264.000000 0.900000
2265.000000 0.900000
2266.000000 0.900000
2267.000000 0.900000
2268.000000 0.900000
2269.000000 0.900000
2270.000000 0.900000
2271.000000 0.900000
2272.000000 0.900000
2273.000000 0.900000
2274.000000 0.900000
2275.000000 0.900041
2276.000000 0.900305
2277.000000 0.900779
2278.000000 0.901451
2279.000000 0.902310
2280.000000 0.903343
2281.000000 0.904541
2282.000000 0.905894
2283.000000 0.907393
2284.000000 0.909029
2285.000000 0.910788
2286.000000 0.912627
2287.000000 0.914486
2288.000000 0.916309
2289.000000 0.918046
2290.000000 0.919651
2291.000000 0.921083
2292.000000 0.922304
2293.000000 0.923279
2294.000000 0.923973
2295.000000 0.924358
2296.000000 0.924410
2297.000000 0.924120
2298.000000 0.923490
2299.000000 0.922536
2300.000000 0.921282
2301.000000 0.919764
2302.000000 0.918023
2303.000000 0.916106
2304.000000 0.914069
2305.000000 0.911973
2306.000000 0.909882
2307.000000 0.907863
2308.000000 0.905983
2309.000000 0.904305
2310.000000 0.902886
2311.000000 0.901774
2312.000000 0.901011
2313.000000 0.900625
2314.000000 0.900636
2315.000000 0.901049
2316.000000 0.901857
2317.000000 0.903040
2318.000000 0.904564
2319.000000 0.906383
2320.000000 0.908438
2321.000000 0.910663
2322.000000 0.912984
2323.000000 0.915323
2324.000000 0.917597
2325.000000 0.919726
2326.000000 0.921629
2327.000000 0.923235
2328.000000 0.924478
2329.000000 0.925302
2330.000000 0.925667
2331.000000 0.925545
2332.000000 0.924924
2333.000000 0.923809
2334.000000 0.922223
2335.000000 0.920204
2336.000000 0.917806
2337.000000 0.915098
2338.000000 0.912163
2339.000000 0.909090
2340.000000 0.905981
2341.000000 0.902937
2342.000000 0.900064
2343.000000 0.900000
2344.000000 0.900000
2345.000000 0.900000
2346.000000 0.900000
2347.000000 0.900000
2348.000000 0.900000
2349.000000 0.900600
2350.000000 0.901845
2351.000000 0.903713
2352.000000 0.906159
2353.000000 0.908780
2354.000000 0.911232
2355.000000 0.913539
2356.000000 0.915734
2357.000000 0.917843
2358.000000 0.919888
2359.000000 0.921810
2360.000000 0.923468
2361.000000 0.924724
2362.000000 0.925453
2363.000000 0.925590
2364.000000 0.925167
2365.000000 0.924250
2366.000000 0.922889
2367.000000 0.921119
2368.000000 0.918967
2369.000000 0.916458
2370.000000 0.913641
2371.000000 0.910599
2372.000000 0.907442
2373.000000 0.904296
2374.000000 0.901291
2375.000000 0.900000
2376.000000 0.900000
2377.000000 0.900000
2378.000000 0.900000
2379.000000 0.900000
2380.000000 0.900000
2381.000000 0.900287
2382.000000 0.901238
2383.000000 0.902843
2384.000000 0.905067
2385.000000 0.907650
2386.000000 0.910212
2387.000000 0.912615
2388.000000 0.914892
2389.000000 0.917072
2390.000000 0.919178
2391.000000 0.921193
2392.000000 0.923014
2393.000000 0.924492
2394.000000 0.925491
2395.000000 0.925916
2396.000000 0.925758
2397.000000 0.925067
2398.000000 0.923902
2399.000000 0.922305
2400.000000 0.920306
2401.000000 0.917930
2402.000000 0.915214
2403.000000 0.912226
2404.000000 0.909064
2405.000000 0.905851
2406.000000 0.902717
2407.000000 0.900000
2408.000000 0.900000
2409.000000 0.900000
2410.000000 0.900000
2411.000000 0.900000
2412.000000 0.900000
2413.000000 0.900000
2414.000000 0.900621
2415.000000 0.901912
2416.000000 0.903851
2417.000000 0.906357
2418.000000 0.909010
2419.000000 0.911484
2420.000000 0.913816
2421.000000 0.916035
2422.000000 0.918168
2423.000000 0.920238
2424.000000 0.922181
2425.000000 0.923852
2426.000000 0.925105
2427.000000 0.925815
2428.000000 0.925923
2429.000000 0.925466
2430.000000 0.924510
2431.000000 0.923104
2432.000000 0.921284
2433.000000 0.919076
2434.000000 0.916507
2435.000000 0.913626
2436.000000 0.910518
2437.000000 0.907298
2438.000000 0.904096
2439.000000 0.901040
2440.000000 0.900000
2441.000000 0.900000
2442.000000 0.900000
2443.000000 0.900000
2444.000000 0.900000
2445.000000 0.900000
2446.000000 0.900310
2447.000000 0.901295
2448.000000 0.902946
2449.000000 0.905224
2450.000000 0.907830
2451.000000 0.910380
2452.000000 0.912771
2453.000000 0.915037
2454.000000 0.917204
2455.000000 0.919298
2456.000000 0.921299
2457.000000 0.923098
2458.000000 0.924544
2459.000000 0.925499
2460.000000 0.925872
2461.000000 0.925663
2462.000000 0.924926
2463.000000 0.923719
2464.000000 0.922083
2465.000000 0.920049
2466.000000 0.917642
2467.000000 0.914900
2468.000000 0.911892
2469.000000 0.908720
2470.000000 0.905508
2471.000000 0.902386
2472.000000 0.900000
2473.000000 0.900000
2474.000000 0.900000
2475.000000 0.900000
2476.000000 0.900000
2477.000000 0.900000
2478.000000 0.900018
2479.000000 0.900704
2480.000000 0.902061
2481.000000 0.904062
2482.000000 0.906585
2483.000000 0.909214
2484.000000 0.911670
2485.000000 0.913987
2486.000000 0.916194
2487.000000 0.918318
2488.000000 0.920379
2489.000000 0.922305
2490.000000 0.923944
2491.000000 0.925152
2492.000000 0.925810
2493.000000 0.925870
2494.000000 0.925372
2495.000000 0.924381
2496.000000 0.922945
2497.000000 0.921099
2498.000000 0.918867
2499.000000 0.916277
2500.000000 0.913381
