1.100000 2.000000
1.300000 2.000000
1.300000 2.000000
1.300000 2.000000
1.300000 2.000000
1.300000 2.000000
1.300000 2.000000
1.300000 2.000000
1.300000 2.000000
1.300000 2.000000
1.300000 2.000000
1.300000 2.002018
1.300000 2.007642
1.300000 2.016283
1.300000 2.027425
1.300000 2.040614
1.300000 2.055456
1.300000 2.071604
1.300000 2.088758
1.300000 2.106658
1.300000 2.125079
1.300000 2.143827
1.300000 2.162735
1.300000 2.181663
1.300000 2.200490
1.300000 2.219115
1.300000 2.237455
1.300000 2.255439
1.300000 2.273012
1.300000 2.290128
1.300000 2.306751
1.300000 2.322854
1.300000 2.338417
1.300000 2.353427
1.300000 2.367877
1.300000 2.381763
1.300000 2.395085
1.300000 2.407849
1.300000 2.420060
1.300000 2.431728
1.300000 2.442865
1.300000 2.453483
1.300000 2.463596
1.300000 2.473220
1.300000 2.482369
1.300000 2.491060
1.300000 2.499310
1.300000 2.507136
1.300000 2.514554
1.300000 2.521581
1.300000 2.528234
1.300000 2.534528
1.300000 2.540481
1.300000 2.546108
1.300000 2.551423
1.300000 2.556443
1.300000 2.561181
1.300000 2.565651
1.300000 2.569867
1.300000 2.573842
1.300000 2.577588
1.300000 2.581117
1.300000 2.584441
1.300000 2.587571
1.300000 2.590517
1.300000 2.593288
1.300000 2.595896
1.300000 2.598349
1.300000 2.600655
1.300000 2.602822
1.300000 2.604860
1.300000 2.606774
1.300000 2.608572
1.300000 2.610261
1.300000 2.611848
1.300000 2.613337
1.300000 2.614735
1.300000 2.616047
1.300000 2.617278
1.300000 2.618434
1.300000 2.619517
1.300000 2.620534
1.300000 2.621487
1.300000 2.622382
1.300000 2.623220
1.300000 2.624006
1.300000 2.624742
1.300000 2.625433
1.300000 2.626080
1.300000 2.626686
1.300000 2.627255
1.300000 2.627787
1.300000 2.628286
1.300000 2.628753
1.300000 2.629190
1.300000 2.629600
1.300000 2.629984
1.300000 2.630343
1.300000 2.630679
1.300000 2.630994
1.300000 2.631289
1.300000 2.631565
1.300000 2.631824
1.300000 2.632066
1.300000 2.632292
1.300000 2.632504
1.300000 2.632702
1.300000 2.632888
1.300000 2.633061
1.300000 2.633224
1.300000 2.633375
1.300000 2.633518
1.300000 2.633651
1.300000 2.633775
1.300000 2.633891
1.300000 2.634000
1.300000 2.634102
1.300000 2.634197
1.300000 2.634287
1.300000 2.634370
1.300000 2.634448
1.300000 2.634521
1.300000 2.634589
1.300000 2.634653
1.300000 2.634712
1.300000 2.634768
1.300000 2.634820
1.300000 2.634869
1.300000 2.634914
1.300000 2.634957
1.300000 2.634997
1.300000 2.635034
1.300000 2.635069
1.300000 2.635101
1.300000 2.635132
1.300000 2.635160
1.300000 2.635187
1.300000 2.635211
1.300000 2.635235
1.300000 2.635256
1.300000 2.635277
1.300000 2.635296
1.300000 2.635313
1.300000 2.635330
1.300000 2.635345
1.300000 2.635360
1.300000 2.635373
1.300000 2.635386
1.300000 2.635398
1.300000 2.635409
