1.100000 2.000000
1.102000 2.006350
1.104000 2.012701
1.106000 2.019051
1.108000 2.025401
1.110000 2.031752
1.112000 2.038102
1.114000 2.044452
1.116000 2.050803
1.118000 2.057153
1.120000 2.063503
1.122000 2.069854
1.124000 2.076204
1.126000 2.082554
1.128000 2.088905
1.130000 2.095255
1.132000 2.101605
1.134000 2.107956
1.136000 2.114306
1.138000 2.120656
1.140000 2.127007
1.142000 2.133357
1.144000 2.139707
1.146000 2.146058
1.148000 2.152408
1.150000 2.158758
1.152000 2.165109
1.154000 2.171459
1.156000 2.177809
1.158000 2.184160
1.160000 2.190510
1.162000 2.196860
1.164000 2.203211
1.166000 2.209561
1.168000 2.215912
1.170000 2.222262
1.172000 2.228612
1.174000 2.234963
1.176000 2.241313
1.178000 2.247663
1.180000 2.254014
1.182000 2.260364
1.184000 2.266714
1.186000 2.273065
1.188000 2.279415
1.190000 2.285765
1.192000 2.292116
1.194000 2.298466
1.196000 2.304816
1.198000 2.311167
1.200000 2.317517
1.202000 2.323867
1.204000 2.330218
1.206000 2.336568
1.208000 2.342918
1.210000 2.349269
1.212000 2.355619
1.214000 2.361969
1.216000 2.368320
1.218000 2.374670
1.220000 2.381020
1.222000 2.387371
1.224000 2.393721
1.226000 2.400071
1.228000 2.406422
1.230000 2.412772
1.232000 2.419122
1.234000 2.425473
1.236000 2.431823
1.238000 2.438173
1.240000 2.444524
1.242000 2.450874
1.244000 2.457224
1.246000 2.463575
1.248000 2.469925
1.250000 2.476275
1.252000 2.482626
1.254000 2.488976
1.256000 2.495326
1.258000 2.501677
1.260000 2.508027
1.262000 2.514377
1.264000 2.520728
1.266000 2.527078
1.268000 2.533428
1.270000 2.539779
1.272000 2.546129
1.274000 2.552479
1.276000 2.558830
1.278000 2.565180
1.280000 2.571530
1.282000 2.577881
1.284000 2.584231
1.286000 2.590581
1.288000 2.596932
1.290000 2.603282
1.292000 2.609633
1.294000 2.615983
1.296000 2.622333
1.298000 2.628684
1.300000 2.635034
