1.000000 2.000000
2.000000 2.000000
3.000000 2.000000
4.000000 2.000000
5.000000 2.000000
6.000000 2.000000
7.000000 2.000000
8.000000 2.000000
9.000000 2.000000
10.000000 2.000000
11.000000 2.000000
12.000000 1.998991
13.000000 1.996179
14.000000 1.991858
15.000000 1.986288
16.000000 1.979693
17.000000 1.972272
18.000000 1.964198
19.000000 1.955621
20.000000 1.946671
21.000000 1.937460
22.000000 1.928087
23.000000 1.918633
24.000000 1.909169
25.000000 1.899755
26.000000 1.890442
27.000000 1.881273
28.000000 1.872280
29.000000 1.863494
30.000000 1.854936
31.000000 1.846625
32.000000 1.838573
33.000000 1.830792
34.000000 1.823286
35.000000 1.816061
36.000000 1.809119
37.000000 1.802457
38.000000 1.796076
39.000000 1.789970
40.000000 1.784136
41.000000 1.778567
42.000000 1.773259
43.000000 1.768202
44.000000 1.763390
45.000000 1.758816
46.000000 1.754470
47.000000 1.750345
48.000000 1.746432
49.000000 1.742723
50.000000 1.739209
51.000000 1.735883
52.000000 1.732736
53.000000 1.729759
54.000000 1.726946
55.000000 1.724288
56.000000 1.721779
57.000000 1.719410
58.000000 1.717175
59.000000 1.715067
60.000000 1.713079
61.000000 1.711206
62.000000 1.709441
63.000000 1.707779
64.000000 1.706215
65.000000 1.704742
66.000000 1.703356
67.000000 1.702052
68.000000 1.700826
69.000000 1.699673
70.000000 1.698589
71.000000 1.697570
72.000000 1.696613
73.000000 1.695714
74.000000 1.694869
75.000000 1.694076
76.000000 1.693332
77.000000 1.692633
78.000000 1.691977
79.000000 1.691361
80.000000 1.690783
81.000000 1.690241
82.000000 1.689733
83.000000 1.689256
84.000000 1.688809
85.000000 1.688390
86.000000 1.687997
87.000000 1.687629
88.000000 1.687284
89.000000 1.686960
90.000000 1.686657
91.000000 1.686373
92.000000 1.686107
93.000000 1.685857
94.000000 1.685624
95.000000 1.685405
96.000000 1.685200
97.000000 1.685008
98.000000 1.684829
99.000000 1.684660
100.000000 1.684503
101.000000 1.684355
102.000000 1.684217
103.000000 1.684088
104.000000 1.683967
105.000000 1.683854
106.000000 1.683748
107.000000 1.683649
108.000000 1.683556
109.000000 1.683469
110.000000 1.683388
111.000000 1.683312
112.000000 1.683241
113.000000 1.683175
114.000000 1.683112
115.000000 1.683054
116.000000 1.683000
117.000000 1.682949
118.000000 1.682901
119.000000 1.682857
120.000000 1.682815
121.000000 1.682776
122.000000 1.682740
123.000000 1.682706
124.000000 1.682674
125.000000 1.682644
126.000000 1.682616
127.000000 1.682590
128.000000 1.682566
129.000000 1.682543
130.000000 1.682522
131.000000 1.682502
132.000000 1.682483
133.000000 1.682466
134.000000 1.682449
135.000000 1.682434
136.000000 1.682420
137.000000 1.682407
138.000000 1.682394
139.000000 1.682383
140.000000 1.682372
141.000000 1.682362
142.000000 1.682352
143.000000 1.682343
144.000000 1.682335
145.000000 1.682327
146.000000 1.682320
147.000000 1.682313
148.000000 1.682307
149.000000 1.682301
150.000000 1.682296
