1.000000 1.100000
2.000000 1.100000
3.000000 1.100000
4.000000 1.100000
5.000000 1.100000
6.000000 1.100000
7.000000 1.100000
8.000000 1.100000
9.000000 1.100000
10.000000 1.100000
11.000000 1.100000
12.000000 1.100000
13.000000 1.100000
14.000000 1.100000
15.000000 1.100000
16.000000 1.100000
17.000000 1.100000
18.000000 1.100000
19.000000 1.100000
20.000000 1.100000
21.000000 1.050000
22.000000 1.000000
23.000000 0.950000
24.000000 0.900000
25.000000 0.900000
26.000000 0.900000
27.000000 0.900000
28.000000 0.900000
29.000000 0.900000
30.000000 0.900000
31.000000 0.900000
32.000000 0.900000
33.000000 0.900000
34.000000 0.900000
35.000000 0.900000
36.000000 0.900000
37.000000 0.900000
38.000000 0.900000
39.000000 0.900000
40.000000 0.903283
41.000000 0.916988
42.000000 0.935046
43.000000 0.953625
44.000000 0.970459
45.000000 0.984371
46.000000 0.994913
47.000000 1.002111
48.000000 1.006275
49.000000 1.007870
50.000000 1.007392
51.000000 1.005234
52.000000 1.001713
53.000000 0.997176
54.000000 0.992010
55.000000 0.986616
56.000000 0.981366
57.000000 0.976574
58.000000 0.972472
59.000000 0.969208
60.000000 0.966843
61.000000 0.965367
62.000000 0.964714
63.000000 0.964780
64.000000 0.965436
65.000000 0.966539
66.000000 0.967945
67.000000 0.969515
68.000000 0.971123
69.000000 0.972662
70.000000 0.974046
71.000000 0.975213
72.000000 0.976126
73.000000 0.976768
74.000000 0.977146
75.000000 0.977277
76.000000 0.977196
77.000000 0.976942
78.000000 0.976559
79.000000 0.976092
80.000000 0.975584
81.000000 0.975073
82.000000 0.974591
83.000000 0.974163
84.000000 0.973806
85.000000 0.973530
86.000000 0.973339
87.000000 0.973230
88.000000 0.973196
89.000000 0.973227
90.000000 0.973310
91.000000 0.973430
92.000000 0.973575
93.000000 0.973730
94.000000 0.973885
95.000000 0.974029
96.000000 0.974156
97.000000 0.974258
98.000000 0.974330
99.000000 0.974365
100.000000 0.974359
101.000000 0.974311
102.000000 0.974221
103.000000 0.974092
104.000000 0.973931
105.000000 0.973742
106.000000 0.973535
107.000000 0.973316
108.000000 0.973095
109.000000 0.972880
110.000000 0.972683
111.000000 0.972512
112.000000 0.972375
113.000000 0.972280
114.000000 0.972228
115.000000 0.972215
116.000000 0.972238
117.000000 0.972288
118.000000 0.972360
119.000000 0.972447
120.000000 0.972545
121.000000 0.972650
122.000000 0.972820
123.000000 0.973079
124.000000 0.973430
125.000000 0.973864
126.000000 0.974305
127.000000 0.974707
128.000000 0.975047
129.000000 0.975314
130.000000 0.975507
131.000000 0.975631
132.000000 0.975692
133.000000 0.975696
134.000000 0.975651
135.000000 0.975564
136.000000 0.975444
137.000000 0.975299
138.000000 0.975140
139.000000 0.974977
140.000000 0.974820
141.000000 0.974673
142.000000 0.974526
143.000000 0.974372
144.000000 0.974211
145.000000 0.974046
146.000000 0.973885
147.000000 0.973739
148.000000 0.973616
149.000000 0.973524
150.000000 0.973466
151.000000 0.973444
152.000000 0.973457
153.000000 0.973500
154.000000 0.973570
155.000000 0.973662
156.000000 0.973768
157.000000 0.973883
158.000000 0.973999
159.000000 0.974111
160.000000 0.974212
161.000000 0.974298
162.000000 0.974365
163.000000 0.974411
164.000000 0.974437
165.000000 0.974442
166.000000 0.974429
167.000000 0.974400
168.000000 0.974359
169.000000 0.974310
170.000000 0.974256
171.000000 0.974201
172.000000 0.974149
173.000000 0.974101
174.000000 0.974061
175.000000 0.974030
176.000000 0.974009
177.000000 0.973997
178.000000 0.973994
179.000000 0.973999
180.000000 0.974012
181.000000 0.974029
182.000000 0.974050
183.000000 0.974072
184.000000 0.974095
185.000000 0.974116
186.000000 0.974135
187.000000 0.974151
188.000000 0.974162
189.000000 0.974170
190.000000 0.974174
191.000000 0.974173
192.000000 0.974170
193.000000 0.974164
194.000000 0.974155
195.000000 0.974146
196.000000 0.974136
197.000000 0.974126
198.000000 0.974117
199.000000 0.974110
200.000000 0.974104
201.000000 0.974099
202.000000 0.974097
203.000000 0.974096
204.000000 0.974098
205.000000 0.974101
206.000000 0.974106
207.000000 0.974112
208.000000 0.974119
209.000000 0.974126
210.000000 0.974134
211.000000 0.974141
212.000000 0.974148
213.000000 0.974154
214.000000 0.974160
215.000000 0.974164
216.000000 0.974166
217.000000 0.974167
218.000000 0.974167
219.000000 0.974166
220.000000 0.974163
221.000000 0.974160
222.000000 0.974156
223.000000 0.974151
224.000000 0.974146
225.000000 0.974140
226.000000 0.974135
227.000000 0.974129
228.000000 0.974123
229.000000 0.974117
230.000000 0.974111
231.000000 0.974107
232.000000 0.974103
233.000000 0.974101
234.000000 0.974099
235.000000 0.974099
236.000000 0.974100
237.000000 0.974102
238.000000 0.974104
239.000000 0.974108
240.000000 0.974111
241.000000 0.974116
242.000000 0.974120
243.000000 0.974124
244.000000 0.974128
245.000000 0.974131
246.000000 0.974135
247.000000 0.974137
248.000000 0.974139
249.000000 0.974141
250.000000 0.974142
251.000000 0.974142
252.000000 0.974142
253.000000 0.974141
254.000000 0.974140
255.000000 0.974139
256.000000 0.974137
257.000000 0.974135
258.000000 0.974132
259.000000 0.974130
260.000000 0.974128
261.000000 0.974126
262.000000 0.974124
263.000000 0.974123
264.000000 0.974121
265.000000 0.974121
266.000000 0.974120
267.000000 0.974121
268.000000 0.974121
269.000000 0.974122
270.000000 0.974123
271.000000 0.974124
272.000000 0.974125
273.000000 0.974127
274.000000 0.974128
275.000000 0.974129
276.000000 0.974130
277.000000 0.974131
278.000000 0.974131
279.000000 0.974132
280.000000 0.974132
281.000000 0.974132
282.000000 0.974131
283.000000 0.974131
284.000000 0.974130
285.000000 0.974130
286.000000 0.974129
287.000000 0.974128
288.000000 0.974128
289.000000 0.974127
290.000000 0.974127
291.000000 0.974127
292.000000 0.974126
293.000000 0.974126
294.000000 0.974126
295.000000 0.974127
296.000000 0.974127
297.000000 0.974127
298.000000 0.974127
299.000000 0.974128
300.000000 0.974128
301.000000 0.974128
302.000000 0.974129
303.000000 0.974129
304.000000 0.974129
305.000000 0.974129
306.000000 0.974129
307.000000 0.974129
308.000000 0.974129
309.000000 0.974129
310.000000 0.974129
311.000000 0.974128
312.000000 0.974128
313.000000 0.974128
314.000000 0.974128
315.000000 0.974127
316.000000 0.974127
317.000000 0.974127
318.000000 0.974127
319.000000 0.974127
320.000000 0.974127
321.000000 0.974127
322.000000 0.974127
323.000000 0.974127
324.000000 0.974127
325.000000 0.974128
326.000000 0.974128
327.000000 0.974128
328.000000 0.974128
329.000000 0.974128
330.000000 0.974128
331.000000 0.974128
332.000000 0.974128
333.000000 0.974129
334.000000 0.974129
335.000000 0.974129
336.000000 0.974129
337.000000 0.974129
338.000000 0.974129
339.000000 0.974128
340.000000 0.974128
341.000000 0.974128
342.000000 0.974128
343.000000 0.974128
344.000000 0.974128
345.000000 0.974128
346.000000 0.974128
347.000000 0.974128
348.000000 0.974128
349.000000 0.974128
350.000000 0.974128
351.000000 0.974128
352.000000 0.974128
353.000000 0.974128
354.000000 0.974128
355.000000 0.974128
356.000000 0.974128
357.000000 0.974128
358.000000 0.974128
359.000000 0.974128
360.000000 0.974128
361.000000 0.974128
362.000000 0.974128
363.000000 0.974128
364.000000 0.974128
365.000000 0.974128
366.000000 0.974128
367.000000 0.974128
368.000000 0.974128
369.000000 0.974128
370.000000 0.974128
371.000000 0.974128
372.000000 0.974128
373.000000 0.974128
374.000000 0.974128
375.000000 0.974128
376.000000 0.974128
377.000000 0.974128
378.000000 0.974128
379.000000 0.974128
380.000000 0.974128
381.000000 0.974128
382.000000 0.974128
383.000000 0.974128
384.000000 0.974128
385.000000 0.974128
386.000000 0.974128
387.000000 0.974128
388.000000 0.974128
389.000000 0.974128
390.000000 0.974128
391.000000 0.974128
392.000000 0.974128
393.000000 0.974128
394.000000 0.974128
395.000000 0.974128
396.000000 0.974128
397.000000 0.974128
398.000000 0.974128
399.000000 0.974128
400.000000 0.974128
401.000000 0.974128
402.000000 0.974128
403.000000 0.974128
404.000000 0.974128
405.000000 0.974128
406.000000 0.974128
407.000000 0.974128
408.000000 0.974128
409.000000 0.974128
410.000000 0.974128
411.000000 0.974128
412.000000 0.974128
413.000000 0.974128
414.000000 0.974128
415.000000 0.974128
416.000000 0.974128
417.000000 0.974128
418.000000 0.974128
419.000000 0.974128
420.000000 0.974128
421.000000 0.974128
422.000000 0.974128
423.000000 0.974128
424.000000 0.974128
425.000000 0.974128
426.000000 0.974128
427.000000 0.974128
428.000000 0.974128
429.000000 0.974128
430.000000 0.974128
431.000000 0.974128
432.000000 0.974128
433.000000 0.974128
434.000000 0.974128
435.000000 0.974128
436.000000 0.974128
437.000000 0.974128
438.000000 0.974128
439.000000 0.974128
440.000000 0.974128
441.000000 0.974128
442.000000 0.974128
443.000000 0.974128
444.000000 0.974128
445.000000 0.974128
446.000000 0.974128
447.000000 0.974128
448.000000 0.974128
449.000000 0.974128
450.000000 0.974128
451.000000 0.974128
452.000000 0.974128
453.000000 0.974128
454.000000 0.974128
455.000000 0.974128
456.000000 0.974128
457.000000 0.974128
458.000000 0.974128
459.000000 0.974128
460.000000 0.974128
461.000000 0.974128
462.000000 0.974128
463.000000 0.974128
464.000000 0.974128
465.000000 0.974128
466.000000 0.974128
467.000000 0.974128
468.000000 0.974128
469.000000 0.974128
470.000000 0.974128
471.000000 0.974128
472.000000 0.974128
473.000000 0.974128
474.000000 0.974128
475.000000 0.974128
476.000000 0.974128
477.000000 0.974128
478.000000 0.974128
479.000000 0.974128
480.000000 0.974128
481.000000 0.974128
482.000000 0.974128
483.000000 0.974128
484.000000 0.974128
485.000000 0.974128
486.000000 0.974128
487.000000 0.974128
488.000000 0.974128
489.000000 0.974128
490.000000 0.974128
491.000000 0.974128
492.000000 0.974128
493.000000 0.974128
494.000000 0.974128
495.000000 0.974128
496.000000 0.974128
497.000000 0.974128
498.000000 0.974128
499.000000 0.974128
500.000000 0.974128
501.000000 0.974128
502.000000 0.974128
503.000000 0.974128
504.000000 0.974128
505.000000 0.974128
506.000000 0.974128
507.000000 0.974128
508.000000 0.974128
509.000000 0.974128
510.000000 0.974128
511.000000 0.974128
512.000000 0.974128
513.000000 0.974128
514.000000 0.974128
515.000000 0.974128
516.000000 0.974128
517.000000 0.974128
518.000000 0.974128
519.000000 0.974128
520.000000 0.974128
521.000000 0.974128
522.000000 0.974128
523.000000 0.974128
524.000000 0.974128
525.000000 0.974128
526.000000 0.974128
527.000000 0.974128
528.000000 0.974128
529.000000 0.974128
530.000000 0.974128
531.000000 0.974128
532.000000 0.974128
533.000000 0.974128
534.000000 0.974128
535.000000 0.974128
536.000000 0.974128
537.000000 0.974128
538.000000 0.974128
539.000000 0.974128
540.000000 0.974128
541.000000 0.974128
542.000000 0.974128
543.000000 0.974128
544.000000 0.974128
545.000000 0.974128
546.000000 0.974128
547.000000 0.974128
548.000000 0.974128
549.000000 0.974128
550.000000 0.974128
551.000000 0.974128
552.000000 0.974128
553.000000 0.974128
554.000000 0.974128
555.000000 0.974128
556.000000 0.974128
557.000000 0.974128
558.000000 0.974128
559.000000 0.974128
560.000000 0.974128
561.000000 0.974128
562.000000 0.974128
563.000000 0.974128
564.000000 0.974128
565.000000 0.974128
566.000000 0.974128
567.000000 0.974128
568.000000 0.974128
569.000000 0.974128
570.000000 0.974128
571.000000 0.974128
572.000000 0.974128
573.000000 0.974128
574.000000 0.974128
575.000000 0.974128
576.000000 0.974128
577.000000 0.974128
578.000000 0.974128
579.000000 0.974128
580.000000 0.974128
581.000000 0.974128
582.000000 0.974128
583.000000 0.974128
584.000000 0.974128
585.000000 0.974128
586.000000 0.974128
587.000000 0.974128
588.000000 0.974128
589.000000 0.974128
590.000000 0.974128
591.000000 0.974128
592.000000 0.974128
593.000000 0.974128
594.000000 0.974128
595.000000 0.974128
596.000000 0.974128
597.000000 0.974128
598.000000 0.974128
599.000000 0.974128
600.000000 0.974128
601.000000 0.974128
602.000000 0.974128
603.000000 0.974128
604.000000 0.974128
605.000000 0.974128
606.000000 0.974128
607.000000 0.974128
608.000000 0.974128
609.000000 0.974128
610.000000 0.974128
611.000000 0.974128
612.000000 0.974128
613.000000 0.974128
614.000000 0.974128
615.000000 0.974128
616.000000 0.974128
617.000000 0.974128
618.000000 0.974128
619.000000 0.974128
620.000000 0.974128
621.000000 0.974128
622.000000 0.974128
623.000000 0.974128
624.000000 0.974128
625.000000 0.974128
626.000000 0.974128
627.000000 0.974128
628.000000 0.974128
629.000000 0.974128
630.000000 0.974128
631.000000 0.974128
632.000000 0.974128
633.000000 0.974128
634.000000 0.974128
635.000000 0.974128
636.000000 0.974128
637.000000 0.974128
638.000000 0.974128
639.000000 0.974128
640.000000 0.974128
641.000000 0.974128
642.000000 0.974128
643.000000 0.974128
644.000000 0.974128
645.000000 0.974128
646.000000 0.974128
647.000000 0.974128
648.000000 0.974128
649.000000 0.974128
650.000000 0.974128
651.000000 0.974128
652.000000 0.974128
653.000000 0.974128
654.000000 0.974128
655.000000 0.974128
656.000000 0.974128
657.000000 0.974128
658.000000 0.974128
659.000000 0.974128
660.000000 0.974128
661.000000 0.974128
662.000000 0.974128
663.000000 0.974128
664.000000 0.974128
665.000000 0.974128
666.000000 0.974128
667.000000 0.974128
668.000000 0.974128
669.000000 0.974128
670.000000 0.974128
671.000000 0.974128
672.000000 0.974128
673.000000 0.974128
674.000000 0.974128
675.000000 0.974128
676.000000 0.974128
677.000000 0.974128
678.000000 0.974128
679.000000 0.974128
680.000000 0.974128
681.000000 0.974128
682.000000 0.974128
683.000000 0.974128
684.000000 0.974128
685.000000 0.974128
686.000000 0.974128
687.000000 0.974128
688.000000 0.974128
689.000000 0.974128
690.000000 0.974128
691.000000 0.974128
692.000000 0.974128
693.000000 0.974128
694.000000 0.974128
695.000000 0.974128
696.000000 0.974128
697.000000 0.974128
698.000000 0.974128
699.000000 0.974128
700.000000 0.974128
701.000000 0.974128
702.000000 0.974128
703.000000 0.974128
704.000000 0.974128
705.000000 0.974128
706.000000 0.974128
707.000000 0.974128
708.000000 0.974128
709.000000 0.974128
710.000000 0.974128
711.000000 0.974128
712.000000 0.974128
713.000000 0.974128
714.000000 0.974128
715.000000 0.974128
716.000000 0.974128
717.000000 0.974128
718.000000 0.974128
719.000000 0.974128
720.000000 0.974128
721.000000 0.974128
722.000000 0.974128
723.000000 0.974128
724.000000 0.974128
725.000000 0.974128
726.000000 0.974128
727.000000 0.974128
728.000000 0.974128
729.000000 0.974128
730.000000 0.974128
731.000000 0.974128
732.000000 0.974128
733.000000 0.974128
734.000000 0.974128
735.000000 0.974128
736.000000 0.974128
737.000000 0.974128
738.000000 0.974128
739.000000 0.974128
740.000000 0.974128
741.000000 0.974128
742.000000 0.974128
743.000000 0.974128
744.000000 0.974128
745.000000 0.974128
746.000000 0.974128
747.000000 0.974128
748.000000 0.974128
749.000000 0.974128
750.000000 0.974128
751.000000 0.974128
752.000000 0.974128
753.000000 0.974128
754.000000 0.974128
755.000000 0.974128
756.000000 0.974128
757.000000 0.974128
758.000000 0.974128
759.000000 0.974128
760.000000 0.974128
761.000000 0.974128
762.000000 0.974128
763.000000 0.974128
764.000000 0.974128
765.000000 0.974128
766.000000 0.974128
767.000000 0.974128
768.000000 0.974128
769.000000 0.974128
770.000000 0.974128
771.000000 0.974128
772.000000 0.974128
773.000000 0.974128
774.000000 0.974128
775.000000 0.974128
776.000000 0.974128
777.000000 0.974128
778.000000 0.974128
779.000000 0.974128
780.000000 0.974128
781.000000 0.974128
782.000000 0.974128
783.000000 0.974128
784.000000 0.974128
785.000000 0.974128
786.000000 0.974128
787.000000 0.974128
788.000000 0.974128
789.000000 0.974128
790.000000 0.974128
791.000000 0.974128
792.000000 0.974128
793.000000 0.974128
794.000000 0.974128
795.000000 0.974128
796.000000 0.974128
797.000000 0.974128
798.000000 0.974128
799.000000 0.974128
800.000000 0.974128
801.000000 0.974128
802.000000 0.974128
803.000000 0.974128
804.000000 0.974128
805.000000 0.974128
806.000000 0.974128
807.000000 0.974128
808.000000 0.974128
809.000000 0.974128
810.000000 0.974128
811.000000 0.974128
812.000000 0.974128
813.000000 0.974128
814.000000 0.974128
815.000000 0.974128
816.000000 0.974128
817.000000 0.974128
818.000000 0.974128
819.000000 0.974128
820.000000 0.974128
821.000000 0.974128
822.000000 0.974128
823.000000 0.974128
824.000000 0.974128
825.000000 0.974128
826.000000 0.974128
827.000000 0.974128
828.000000 0.974128
829.000000 0.974128
830.000000 0.974128
831.000000 0.974128
832.000000 0.974128
833.000000 0.974128
834.000000 0.974128
835.000000 0.974128
836.000000 0.974128
837.000000 0.974128
838.000000 0.974128
839.000000 0.974128
840.000000 0.974128
841.000000 0.974128
842.000000 0.974128
843.000000 0.974128
844.000000 0.974128
845.000000 0.974128
846.000000 0.974128
847.000000 0.974128
848.000000 0.974128
849.000000 0.974128
850.000000 0.974128
851.000000 0.974128
852.000000 0.974128
853.000000 0.974128
854.000000 0.974128
855.000000 0.974128
856.000000 0.974128
857.000000 0.974128
858.000000 0.974128
859.000000 0.974128
860.000000 0.974128
861.000000 0.974128
862.000000 0.974128
863.000000 0.974128
864.000000 0.974128
865.000000 0.974128
866.000000 0.974128
867.000000 0.974128
868.000000 0.974128
869.000000 0.974128
870.000000 0.974128
871.000000 0.974128
872.000000 0.974128
873.000000 0.974128
874.000000 0.974128
875.000000 0.974128
876.000000 0.974128
877.000000 0.974128
878.000000 0.974128
879.000000 0.974128
880.000000 0.974128
881.000000 0.974128
882.000000 0.974128
883.000000 0.974128
884.000000 0.974128
885.000000 0.974128
886.000000 0.974128
887.000000 0.974128
888.000000 0.974128
889.000000 0.974128
890.000000 0.974128
891.000000 0.974128
892.000000 0.974128
893.000000 0.974128
894.000000 0.974128
895.000000 0.974128
896.000000 0.974128
897.000000 0.974128
898.000000 0.974128
899.000000 0.974128
900.000000 0.974128
901.000000 0.974128
902.000000 0.974128
903.000000 0.974128
904.000000 0.974128
905.000000 0.974128
906.000000 0.974128
907.000000 0.974128
908.000000 0.974128
909.000000 0.974128
910.000000 0.974128
911.000000 0.974128
912.000000 0.974128
913.000000 0.974128
914.000000 0.974128
915.000000 0.974128
916.000000 0.974128
917.000000 0.974128
918.000000 0.974128
919.000000 0.974128
920.000000 0.974128
921.000000 0.974128
922.000000 0.974128
923.000000 0.974128
924.000000 0.974128
925.000000 0.974128
926.000000 0.974128
927.000000 0.974128
928.000000 0.974128
929.000000 0.974128
930.000000 0.974128
931.000000 0.974128
932.000000 0.974128
933.000000 0.974128
934.000000 0.974128
935.000000 0.974128
936.000000 0.974128
937.000000 0.974128
938.000000 0.974128
939.000000 0.974128
940.000000 0.974128
941.000000 0.974128
942.000000 0.974128
943.000000 0.974128
944.000000 0.974128
945.000000 0.974128
946.000000 0.974128
947.000000 0.974128
948.000000 0.974128
949.000000 0.974128
950.000000 0.974128
951.000000 0.974128
952.000000 0.974128
953.000000 0.974128
954.000000 0.974128
955.000000 0.974128
956.000000 0.974128
957.000000 0.974128
958.000000 0.974128
959.000000 0.974128
960.000000 0.974128
961.000000 0.974128
962.000000 0.974128
963.000000 0.974128
964.000000 0.974128
965.000000 0.974128
966.000000 0.974128
967.000000 0.974128
968.000000 0.974128
969.000000 0.974128
970.000000 0.974128
971.000000 0.974128
972.000000 0.974128
973.000000 0.974128
974.000000 0.974128
975.000000 0.974128
976.000000 0.974128
977.000000 0.974128
978.000000 0.974128
979.000000 0.974128
980.000000 0.974128
981.000000 0.974128
982.000000 0.974128
983.000000 0.974128
984.000000 0.974128
985.000000 0.974128
986.000000 0.974128
987.000000 0.974128
988.000000 0.974128
989.000000 0.974128
990.000000 0.974128
991.000000 0.974128
992.000000 0.974128
993.000000 0.974128
994.000000 0.974128
995.000000 0.974128
996.000000 0.974128
997.000000 0.974128
998.000000 0.974128
999.000000 0.974128
1000.000000 0.974128
1001.000000 0.924128
1002.000000 0.900000
1003.000000 0.900000
1004.000000 0.900000
1005.000000 0.900000
1006.000000 0.900000
1007.000000 0.900000
1008.000000 0.900000
1009.000000 0.900000
1010.000000 0.900000
1011.000000 0.900000
1012.000000 0.900000
1013.000000 0.900000
1014.000000 0.900000
1015.000000 0.900000
1016.000000 0.900000
1017.000000 0.900000
1018.000000 0.900000
1019.000000 0.900000
1020.000000 0.900000
1021.000000 0.900000
1022.000000 0.900000
1023.000000 0.900000
1024.000000 0.900000
1025.000000 0.900000
1026.000000 0.900000
1027.000000 0.900000
1028.000000 0.900000
1029.000000 0.900000
1030.000000 0.900000
1031.000000 0.900000
1032.000000 0.900000
1033.000000 0.900067
1034.000000 0.902033
1035.000000 0.904837
1036.000000 0.907807
1037.000000 0.910540
1038.000000 0.912822
1039.000000 0.914567
1040.000000 0.915768
1041.000000 0.916473
1042.000000 0.916753
1043.000000 0.916694
1044.000000 0.916362
1045.000000 0.915809
1046.000000 0.915086
1047.000000 0.914256
1048.000000 0.913382
1049.000000 0.912524
1050.000000 0.911734
1051.000000 0.911053
1052.000000 0.910504
1053.000000 0.910100
1054.000000 0.909840
1055.000000 0.909715
1056.000000 0.909709
1057.000000 0.909800
1058.000000 0.909967
1059.000000 0.910185
1060.000000 0.910433
1061.000000 0.910690
1062.000000 0.910938
1063.000000 0.911163
1064.000000 0.911354
1065.000000 0.911505
1066.000000 0.911613
1067.000000 0.911678
1068.000000 0.911703
1069.000000 0.911694
1070.000000 0.911655
1071.000000 0.911596
1072.000000 0.911521
1073.000000 0.911440
1074.000000 0.911357
1075.000000 0.911278
1076.000000 0.911208
1077.000000 0.911147
1078.000000 0.911094
1079.000000 0.911049
1080.000000 0.911008
1081.000000 0.910972
1082.000000 0.910937
1083.000000 0.910902
1084.000000 0.910866
1085.000000 0.910828
1086.000000 0.910788
1087.000000 0.910746
1088.000000 0.910703
1089.000000 0.910661
1090.000000 0.910623
1091.000000 0.910592
1092.000000 0.910571
1093.000000 0.910559
1094.000000 0.910557
1095.000000 0.910563
1096.000000 0.910575
1097.000000 0.910591
1098.000000 0.910609
1099.000000 0.910629
1100.000000 0.910648
1101.000000 0.910667
1102.000000 0.910744
1103.000000 0.910875
1104.000000 0.911021
1105.000000 0.911159
1106.000000 0.911276
1107.000000 0.911366
1108.000000 0.911428
1109.000000 0.911465
1110.000000 0.911479
1111.000000 0.911475
1112.000000 0.911458
1113.000000 0.911431
1114.000000 0.911396
1115.000000 0.911358
1116.000000 0.911319
1117.000000 0.911283
1118.000000 0.911252
1119.000000 0.911229
1120.000000 0.911213
1121.000000 0.911206
1122.000000 0.911206
1123.000000 0.911213
1124.000000 0.911226
1125.000000 0.911242
1126.000000 0.911259
1127.000000 0.911276
1128.000000 0.911291
1129.000000 0.911304
1130.000000 0.911313
1131.000000 0.911319
1132.000000 0.911320
1133.000000 0.911318
1134.000000 0.911313
1135.000000 0.911303
1136.000000 0.911287
1137.000000 0.911265
1138.000000 0.911237
1139.000000 0.911207
1140.000000 0.911177
1141.000000 0.911148
1142.000000 0.911123
1143.000000 0.911103
1144.000000 0.911090
1145.000000 0.911083
1146.000000 0.911083
1147.000000 0.911089
1148.000000 0.911099
1149.000000 0.911114
1150.000000 0.911132
1151.000000 0.911151
1152.000000 0.911171
1153.000000 0.911189
1154.000000 0.911206
1155.000000 0.911221
1156.000000 0.911232
1157.000000 0.911239
1158.000000 0.911243
1159.000000 0.911243
1160.000000 0.911240
1161.000000 0.911235
1162.000000 0.911227
1163.000000 0.911219
1164.000000 0.911210
1165.000000 0.911200
1166.000000 0.911192
1167.000000 0.911184
1168.000000 0.911177
1169.000000 0.911172
1170.000000 0.911169
1171.000000 0.911167
1172.000000 0.911167
1173.000000 0.911168
1174.000000 0.911170
1175.000000 0.911173
1176.000000 0.911176
1177.000000 0.911179
1178.000000 0.911183
1179.000000 0.911186
1180.000000 0.911190
1181.000000 0.911192
1182.000000 0.911194
1183.000000 0.911196
1184.000000 0.911197
1185.000000 0.911198
1186.000000 0.911199
1187.000000 0.911199
1188.000000 0.911199
1189.000000 0.911199
1190.000000 0.911199
1191.000000 0.911199
1192.000000 0.911199
1193.000000 0.911199
1194.000000 0.911199
1195.000000 0.911199
1196.000000 0.911199
1197.000000 0.911199
1198.000000 0.911198
1199.000000 0.911198
1200.000000 0.911197
1201.000000 0.911197
1202.000000 0.911197
1203.000000 0.911196
1204.000000 0.911195
1205.000000 0.911194
1206.000000 0.911193
1207.000000 0.911192
1208.000000 0.911191
1209.000000 0.911190
1210.000000 0.911189
1211.000000 0.911189
1212.000000 0.911188
1213.000000 0.911188
1214.000000 0.911188
1215.000000 0.911188
1216.000000 0.911189
1217.000000 0.911189
1218.000000 0.911190
1219.000000 0.911191
1220.000000 0.911191
1221.000000 0.911192
1222.000000 0.911193
1223.000000 0.911193
1224.000000 0.911193
1225.000000 0.911193
1226.000000 0.911193
1227.000000 0.911193
1228.000000 0.911192
1229.000000 0.911192
1230.000000 0.911191
1231.000000 0.911191
1232.000000 0.911191
1233.000000 0.911190
1234.000000 0.911190
1235.000000 0.911190
1236.000000 0.911190
1237.000000 0.911190
1238.000000 0.911190
1239.000000 0.911191
1240.000000 0.911191
1241.000000 0.911192
1242.000000 0.911192
1243.000000 0.911193
1244.000000 0.911193
1245.000000 0.911193
1246.000000 0.911194
1247.000000 0.911194
1248.000000 0.911194
1249.000000 0.911194
1250.000000 0.911194
1251.000000 0.911194
1252.000000 0.911193
1253.000000 0.911193
1254.000000 0.911193
1255.000000 0.911192
1256.000000 0.911192
1257.000000 0.911191
1258.000000 0.911191
1259.000000 0.911191
1260.000000 0.911191
1261.000000 0.911191
1262.000000 0.911191
1263.000000 0.911191
1264.000000 0.911191
1265.000000 0.911191
1266.000000 0.911191
1267.000000 0.911192
1268.000000 0.911192
1269.000000 0.911192
1270.000000 0.911192
1271.000000 0.911192
1272.000000 0.911193
1273.000000 0.911193
1274.000000 0.911193
1275.000000 0.911193
1276.000000 0.911193
1277.000000 0.911193
1278.000000 0.911193
1279.000000 0.911192
1280.000000 0.911192
1281.000000 0.911192
1282.000000 0.911192
1283.000000 0.911192
1284.000000 0.911192
1285.000000 0.911192
1286.000000 0.911192
1287.000000 0.911192
1288.000000 0.911192
1289.000000 0.911192
1290.000000 0.911192
1291.000000 0.911192
1292.000000 0.911192
1293.000000 0.911192
1294.000000 0.911192
1295.000000 0.911192
1296.000000 0.911192
1297.000000 0.911192
1298.000000 0.911192
1299.000000 0.911192
1300.000000 0.911192
1301.000000 0.911192
1302.000000 0.911192
1303.000000 0.911192
1304.000000 0.911192
1305.000000 0.911192
1306.000000 0.911192
1307.000000 0.911192
1308.000000 0.911192
1309.000000 0.911192
1310.000000 0.911192
1311.000000 0.911192
1312.000000 0.911192
1313.000000 0.911192
1314.000000 0.911192
1315.000000 0.911192
1316.000000 0.911192
1317.000000 0.911192
1318.000000 0.911192
1319.000000 0.911192
1320.000000 0.911192
1321.000000 0.911192
1322.000000 0.911192
1323.000000 0.911192
1324.000000 0.911192
1325.000000 0.911192
1326.000000 0.911192
1327.000000 0.911192
1328.000000 0.911192
1329.000000 0.911192
1330.000000 0.911192
1331.000000 0.911192
1332.000000 0.911192
1333.000000 0.911192
1334.000000 0.911192
1335.000000 0.911192
1336.000000 0.911192
1337.000000 0.911192
1338.000000 0.911192
1339.000000 0.911192
1340.000000 0.911192
1341.000000 0.911192
1342.000000 0.911192
1343.000000 0.911192
1344.000000 0.911192
1345.000000 0.911192
1346.000000 0.911192
1347.000000 0.911192
1348.000000 0.911192
1349.000000 0.911192
1350.000000 0.911192
1351.000000 0.911192
1352.000000 0.911192
1353.000000 0.911192
1354.000000 0.911192
1355.000000 0.911192
1356.000000 0.911192
1357.000000 0.911192
1358.000000 0.911192
1359.000000 0.911192
1360.000000 0.911192
1361.000000 0.911192
1362.000000 0.911192
1363.000000 0.911192
1364.000000 0.911192
1365.000000 0.911192
1366.000000 0.911192
1367.000000 0.911192
1368.000000 0.911192
1369.000000 0.911192
1370.000000 0.911192
1371.000000 0.911192
1372.000000 0.911192
1373.000000 0.911192
1374.000000 0.911192
1375.000000 0.911192
1376.000000 0.911192
1377.000000 0.911192
1378.000000 0.911192
1379.000000 0.911192
1380.000000 0.911192
1381.000000 0.911192
1382.000000 0.911192
1383.000000 0.911192
1384.000000 0.911192
1385.000000 0.911192
1386.000000 0.911192
1387.000000 0.911192
1388.000000 0.911192
1389.000000 0.911192
1390.000000 0.911192
1391.000000 0.911192
1392.000000 0.911192
1393.000000 0.911192
1394.000000 0.911192
1395.000000 0.911192
1396.000000 0.911192
1397.000000 0.911192
1398.000000 0.911192
1399.000000 0.911192
1400.000000 0.911192
1401.000000 0.911192
1402.000000 0.911192
1403.000000 0.911192
1404.000000 0.911192
1405.000000 0.911192
1406.000000 0.911192
1407.000000 0.911192
1408.000000 0.911192
1409.000000 0.911192
1410.000000 0.911192
1411.000000 0.911192
1412.000000 0.911192
1413.000000 0.911192
1414.000000 0.911192
1415.000000 0.911192
1416.000000 0.911192
1417.000000 0.911192
1418.000000 0.911192
1419.000000 0.911192
1420.000000 0.911192
1421.000000 0.911192
1422.000000 0.911192
1423.000000 0.911192
1424.000000 0.911192
1425.000000 0.911192
1426.000000 0.911192
1427.000000 0.911192
1428.000000 0.911192
1429.000000 0.911192
1430.000000 0.911192
1431.000000 0.911192
1432.000000 0.911192
1433.000000 0.911192
1434.000000 0.911192
1435.000000 0.911192
1436.000000 0.911192
1437.000000 0.911192
1438.000000 0.911192
1439.000000 0.911192
1440.000000 0.911192
1441.000000 0.911192
1442.000000 0.911192
1443.000000 0.911192
1444.000000 0.911192
1445.000000 0.911192
1446.000000 0.911192
1447.000000 0.911192
1448.000000 0.911192
1449.000000 0.911192
1450.000000 0.911192
1451.000000 0.911192
1452.000000 0.911192
1453.000000 0.911192
1454.000000 0.911192
1455.000000 0.911192
1456.000000 0.911192
1457.000000 0.911192
1458.000000 0.911192
1459.000000 0.911192
1460.000000 0.911192
1461.000000 0.911192
1462.000000 0.911192
1463.000000 0.911192
1464.000000 0.911192
1465.000000 0.911192
1466.000000 0.911192
1467.000000 0.911192
1468.000000 0.911192
1469.000000 0.911192
1470.000000 0.911192
1471.000000 0.911192
1472.000000 0.911192
1473.000000 0.911192
1474.000000 0.911192
1475.000000 0.911192
1476.000000 0.911192
1477.000000 0.911192
1478.000000 0.911192
1479.000000 0.911192
1480.000000 0.911192
1481.000000 0.911192
1482.000000 0.911192
1483.000000 0.911192
1484.000000 0.911192
1485.000000 0.911192
1486.000000 0.911192
1487.000000 0.911192
1488.000000 0.911192
1489.000000 0.911192
1490.000000 0.911192
1491.000000 0.911192
1492.000000 0.911192
1493.000000 0.911192
1494.000000 0.911192
1495.000000 0.911192
1496.000000 0.911192
1497.000000 0.911192
1498.000000 0.911192
1499.000000 0.911192
1500.000000 0.911192
1501.000000 0.961192
1502.000000 1.011192
1503.000000 1.061192
1504.000000 1.111192
1505.000000 1.161192
1506.000000 1.211192
1507.000000 1.261192
1508.000000 1.300000
1509.000000 1.300000
1510.000000 1.300000
1511.000000 1.300000
1512.000000 1.300000
1513.000000 1.300000
1514.000000 1.300000
1515.000000 1.300000
1516.000000 1.300000
1517.000000 1.300000
1518.000000 1.300000
1519.000000 1.300000
1520.000000 1.300000
1521.000000 1.300000
1522.000000 1.300000
1523.000000 1.300000
1524.000000 1.300000
1525.000000 1.300000
1526.000000 1.300000
1527.000000 1.300000
1528.000000 1.300000
1529.000000 1.300000
1530.000000 1.300000
1531.000000 1.300000
1532.000000 1.300000
1533.000000 1.300000
1534.000000 1.300000
1535.000000 1.300000
1536.000000 1.300000
1537.000000 1.300000
1538.000000 1.300000
1539.000000 1.300000
1540.000000 1.300000
1541.000000 1.300000
1542.000000 1.293848
1543.000000 1.283660
1544.000000 1.272331
1545.000000 1.261620
1546.000000 1.252493
1547.000000 1.245382
1548.000000 1.240366
1549.000000 1.237304
1550.000000 1.235934
1551.000000 1.235935
1552.000000 1.237034
1553.000000 1.239024
1554.000000 1.241703
1555.000000 1.244840
1556.000000 1.248193
1557.000000 1.251525
1558.000000 1.254630
1559.000000 1.257346
1560.000000 1.259567
1561.000000 1.261237
1562.000000 1.262347
1563.000000 1.262931
1564.000000 1.263044
1565.000000 1.262764
1566.000000 1.262177
1567.000000 1.261372
1568.000000 1.260437
1569.000000 1.259453
1570.000000 1.258490
1571.000000 1.257606
1572.000000 1.256844
1573.000000 1.256233
1574.000000 1.255786
1575.000000 1.255504
1576.000000 1.255378
1577.000000 1.255393
1578.000000 1.255528
1579.000000 1.255762
1580.000000 1.256072
1581.000000 1.256437
1582.000000 1.256840
1583.000000 1.257264
1584.000000 1.257697
1585.000000 1.258129
1586.000000 1.258550
1587.000000 1.258952
1588.000000 1.259330
1589.000000 1.259678
1590.000000 1.259990
1591.000000 1.260259
1592.000000 1.260480
1593.000000 1.260648
1594.000000 1.260762
1595.000000 1.260822
1596.000000 1.260829
1597.000000 1.260790
1598.000000 1.260713
1599.000000 1.260607
1600.000000 1.260483
1601.000000 1.260353
1602.000000 1.260164
1603.000000 1.259896
1604.000000 1.259550
1605.000000 1.259136
1606.000000 1.258671
1607.000000 1.258173
1608.000000 1.257658
1609.000000 1.257153
1610.000000 1.256722
1611.000000 1.256394
1612.000000 1.256179
1613.000000 1.256069
1614.000000 1.256052
1615.000000 1.256112
1616.000000 1.256231
1617.000000 1.256391
1618.000000 1.256576
1619.000000 1.256771
1620.000000 1.256962
1621.000000 1.257139
1622.000000 1.257290
1623.000000 1.257408
1624.000000 1.257490
1625.000000 1.257533
1626.000000 1.257538
1627.000000 1.257509
1628.000000 1.257450
1629.000000 1.257369
1630.000000 1.257272
1631.000000 1.257166
1632.000000 1.257060
1633.000000 1.256961
1634.000000 1.256873
1635.000000 1.256804
1636.000000 1.256754
1637.000000 1.256726
1638.000000 1.256719
1639.000000 1.256732
1640.000000 1.256762
1641.000000 1.256805
1642.000000 1.256857
1643.000000 1.256921
1644.000000 1.257002
1645.000000 1.257101
1646.000000 1.257213
1647.000000 1.257333
1648.000000 1.257450
1649.000000 1.257558
1650.000000 1.257649
1651.000000 1.257718
1652.000000 1.257762
1653.000000 1.257780
1654.000000 1.257775
1655.000000 1.257747
1656.000000 1.257701
1657.000000 1.257639
1658.000000 1.257568
1659.000000 1.257492
1660.000000 1.257415
1661.000000 1.257342
1662.000000 1.257277
1663.000000 1.257223
1664.000000 1.257182
1665.000000 1.257155
1666.000000 1.257143
1667.000000 1.257143
1668.000000 1.257156
1669.000000 1.257179
1670.000000 1.257209
1671.000000 1.257244
1672.000000 1.257282
1673.000000 1.257319
1674.000000 1.257354
1675.000000 1.257385
1676.000000 1.257411
1677.000000 1.257431
1678.000000 1.257444
1679.000000 1.257451
1680.000000 1.257451
1681.000000 1.257446
1682.000000 1.257437
1683.000000 1.257424
1684.000000 1.257408
1685.000000 1.257391
1686.000000 1.257373
1687.000000 1.257356
1688.000000 1.257339
1689.000000 1.257324
1690.000000 1.257311
1691.000000 1.257300
1692.000000 1.257291
1693.000000 1.257285
1694.000000 1.257281
1695.000000 1.257279
1696.000000 1.257279
1697.000000 1.257280
1698.000000 1.257283
1699.000000 1.257288
1700.000000 1.257293
1701.000000 1.257299
1702.000000 1.257305
1703.000000 1.257311
1704.000000 1.257317
1705.000000 1.257323
1706.000000 1.257329
1707.000000 1.257335
1708.000000 1.257340
1709.000000 1.257345
1710.000000 1.257350
1711.000000 1.257354
1712.000000 1.257357
1713.000000 1.257360
1714.000000 1.257361
1715.000000 1.257361
1716.000000 1.257361
1717.000000 1.257359
1718.000000 1.257356
1719.000000 1.257353
1720.000000 1.257349
1721.000000 1.257345
1722.000000 1.257341
1723.000000 1.257338
1724.000000 1.257334
1725.000000 1.257332
1726.000000 1.257330
1727.000000 1.257329
1728.000000 1.257329
1729.000000 1.257329
1730.000000 1.257330
1731.000000 1.257332
1732.000000 1.257335
1733.000000 1.257338
1734.000000 1.257341
1735.000000 1.257344
1736.000000 1.257346
1737.000000 1.257349
1738.000000 1.257350
1739.000000 1.257352
1740.000000 1.257352
1741.000000 1.257352
1742.000000 1.257352
1743.000000 1.257351
1744.000000 1.257349
1745.000000 1.257347
1746.000000 1.257345
1747.000000 1.257343
1748.000000 1.257341
1749.000000 1.257339
1750.000000 1.257337
1751.000000 1.257335
1752.000000 1.257333
1753.000000 1.257332
1754.000000 1.257331
1755.000000 1.257331
1756.000000 1.257331
1757.000000 1.257332
1758.000000 1.257333
1759.000000 1.257334
1760.000000 1.257336
1761.000000 1.257337
1762.000000 1.257339
1763.000000 1.257341
1764.000000 1.257342
1765.000000 1.257343
1766.000000 1.257344
1767.000000 1.257345
1768.000000 1.257345
1769.000000 1.257345
1770.000000 1.257345
1771.000000 1.257344
1772.000000 1.257344
1773.000000 1.257343
1774.000000 1.257342
1775.000000 1.257341
1776.000000 1.257340
1777.000000 1.257339
1778.000000 1.257338
1779.000000 1.257338
1780.000000 1.257337
1781.000000 1.257337
1782.000000 1.257337
1783.000000 1.257337
1784.000000 1.257337
1785.000000 1.257337
1786.000000 1.257338
1787.000000 1.257338
1788.000000 1.257339
1789.000000 1.257339
1790.000000 1.257340
1791.000000 1.257340
1792.000000 1.257341
1793.000000 1.257341
1794.000000 1.257341
1795.000000 1.257342
1796.000000 1.257342
1797.000000 1.257342
1798.000000 1.257342
1799.000000 1.257341
1800.000000 1.257341
1801.000000 1.257341
1802.000000 1.257341
1803.000000 1.257341
1804.000000 1.257340
1805.000000 1.257340
1806.000000 1.257340
1807.000000 1.257340
1808.000000 1.257340
1809.000000 1.257340
1810.000000 1.257340
1811.000000 1.257339
1812.000000 1.257339
1813.000000 1.257339
1814.000000 1.257339
1815.000000 1.257339
1816.000000 1.257340
1817.000000 1.257340
1818.000000 1.257340
1819.000000 1.257340
1820.000000 1.257340
1821.000000 1.257340
1822.000000 1.257340
1823.000000 1.257340
1824.000000 1.257340
1825.000000 1.257340
1826.000000 1.257340
1827.000000 1.257340
1828.000000 1.257340
1829.000000 1.257340
1830.000000 1.257340
1831.000000 1.257340
1832.000000 1.257340
1833.000000 1.257340
1834.000000 1.257340
1835.000000 1.257340
1836.000000 1.257340
1837.000000 1.257340
1838.000000 1.257340
1839.000000 1.257340
1840.000000 1.257340
1841.000000 1.257340
1842.000000 1.257340
1843.000000 1.257340
1844.000000 1.257340
1845.000000 1.257340
1846.000000 1.257340
1847.000000 1.257340
1848.000000 1.257340
1849.000000 1.257340
1850.000000 1.257340
1851.000000 1.257340
1852.000000 1.257340
1853.000000 1.257340
1854.000000 1.257340
1855.000000 1.257340
1856.000000 1.257340
1857.000000 1.257340
1858.000000 1.257340
1859.000000 1.257340
1860.000000 1.257340
1861.000000 1.257340
1862.000000 1.257340
1863.000000 1.257340
1864.000000 1.257340
1865.000000 1.257340
1866.000000 1.257340
1867.000000 1.257340
1868.000000 1.257340
1869.000000 1.257340
1870.000000 1.257340
1871.000000 1.257340
1872.000000 1.257340
1873.000000 1.257340
1874.000000 1.257340
1875.000000 1.257340
1876.000000 1.257340
1877.000000 1.257340
1878.000000 1.257340
1879.000000 1.257340
1880.000000 1.257340
1881.000000 1.257340
1882.000000 1.257340
1883.000000 1.257340
1884.000000 1.257340
1885.000000 1.257340
1886.000000 1.257340
1887.000000 1.257340
1888.000000 1.257340
1889.000000 1.257340
1890.000000 1.257340
1891.000000 1.257340
1892.000000 1.257340
1893.000000 1.257340
1894.000000 1.257340
1895.000000 1.257340
1896.000000 1.257340
1897.000000 1.257340
1898.000000 1.257340
1899.000000 1.257340
1900.000000 1.257340
1901.000000 1.257340
1902.000000 1.257340
1903.000000 1.257340
1904.000000 1.257340
1905.000000 1.257340
1906.000000 1.257340
1907.000000 1.257340
1908.000000 1.257340
1909.000000 1.257340
1910.000000 1.257340
1911.000000 1.257340
1912.000000 1.257340
1913.000000 1.257340
1914.000000 1.257340
1915.000000 1.257340
1916.000000 1.257340
1917.000000 1.257340
1918.000000 1.257340
1919.000000 1.257340
1920.000000 1.257340
1921.000000 1.257340
1922.000000 1.257340
1923.000000 1.257340
1924.000000 1.257340
1925.000000 1.257340
1926.000000 1.257340
1927.000000 1.257340
1928.000000 1.257340
1929.000000 1.257340
1930.000000 1.257340
1931.000000 1.257340
1932.000000 1.257340
1933.000000 1.257340
1934.000000 1.257340
1935.000000 1.257340
1936.000000 1.257340
1937.000000 1.257340
1938.000000 1.257340
1939.000000 1.257340
1940.000000 1.257340
1941.000000 1.257340
1942.000000 1.257340
1943.000000 1.257340
1944.000000 1.257340
1945.000000 1.257340
1946.000000 1.257340
1947.000000 1.257340
1948.000000 1.257340
1949.000000 1.257340
1950.000000 1.257340
1951.000000 1.257340
1952.000000 1.257340
1953.000000 1.257340
1954.000000 1.257340
1955.000000 1.257340
1956.000000 1.257340
1957.000000 1.257340
1958.000000 1.257340
1959.000000 1.257340
1960.000000 1.257340
1961.000000 1.257340
1962.000000 1.257340
1963.000000 1.257340
1964.000000 1.257340
1965.000000 1.257340
1966.000000 1.257340
1967.000000 1.257340
1968.000000 1.257340
1969.000000 1.257340
1970.000000 1.257340
1971.000000 1.257340
1972.000000 1.257340
1973.000000 1.257340
1974.000000 1.257340
1975.000000 1.257340
1976.000000 1.257340
1977.000000 1.257340
1978.000000 1.257340
1979.000000 1.257340
1980.000000 1.257340
1981.000000 1.257340
1982.000000 1.257340
1983.000000 1.257340
1984.000000 1.257340
1985.000000 1.257340
1986.000000 1.257340
1987.000000 1.257340
1988.000000 1.257340
1989.000000 1.257340
1990.000000 1.257340
1991.000000 1.257340
1992.000000 1.257340
1993.000000 1.257340
1994.000000 1.257340
1995.000000 1.257340
1996.000000 1.257340
1997.000000 1.257340
1998.000000 1.257340
1999.000000 1.257340
2000.000000 1.257340
2001.000000 1.257340
2002.000000 1.257340
2003.000000 1.257340
2004.000000 1.257340
2005.000000 1.257340
2006.000000 1.257340
2007.000000 1.257340
2008.000000 1.257340
2009.000000 1.257340
2010.000000 1.257340
2011.000000 1.257340
2012.000000 1.257340
2013.000000 1.257340
2014.000000 1.257340
2015.000000 1.257340
2016.000000 1.257340
2017.000000 1.257340
2018.000000 1.257340
2019.000000 1.257340
2020.000000 1.257340
2021.000000 1.257340
2022.000000 1.257340
2023.000000 1.257340
2024.000000 1.257340
2025.000000 1.257340
2026.000000 1.257340
2027.000000 1.257340
2028.000000 1.257340
2029.000000 1.257340
2030.000000 1.257340
2031.000000 1.257340
2032.000000 1.257340
2033.000000 1.257340
2034.000000 1.257340
2035.000000 1.257340
2036.000000 1.257340
2037.000000 1.257340
2038.000000 1.257340
2039.000000 1.257340
2040.000000 1.257340
2041.000000 1.257340
2042.000000 1.257340
2043.000000 1.257340
2044.000000 1.257340
2045.000000 1.257340
2046.000000 1.257340
2047.000000 1.257340
2048.000000 1.257340
2049.000000 1.257340
2050.000000 1.257340
2051.000000 1.257340
2052.000000 1.257340
2053.000000 1.257340
2054.000000 1.257340
2055.000000 1.257340
2056.000000 1.257340
2057.000000 1.257340
2058.000000 1.257340
2059.000000 1.257340
2060.000000 1.257340
2061.000000 1.257340
2062.000000 1.257340
2063.000000 1.257340
2064.000000 1.257340
2065.000000 1.257340
2066.000000 1.257340
2067.000000 1.257340
2068.000000 1.257340
2069.000000 1.257340
2070.000000 1.257340
2071.000000 1.257340
2072.000000 1.257340
2073.000000 1.257340
2074.000000 1.257340
2075.000000 1.257340
2076.000000 1.257340
2077.000000 1.257340
2078.000000 1.257340
2079.000000 1.257340
2080.000000 1.257340
2081.000000 1.257340
2082.000000 1.257340
2083.000000 1.257340
2084.000000 1.257340
2085.000000 1.257340
2086.000000 1.257340
2087.000000 1.257340
2088.000000 1.257340
2089.000000 1.257340
2090.000000 1.257340
2091.000000 1.257340
2092.000000 1.257340
2093.000000 1.257340
2094.000000 1.257340
2095.000000 1.257340
2096.000000 1.257340
2097.000000 1.257340
2098.000000 1.257340
2099.000000 1.257340
2100.000000 1.257340
2101.000000 1.257340
2102.000000 1.257340
2103.000000 1.257340
2104.000000 1.257340
2105.000000 1.257340
2106.000000 1.257340
2107.000000 1.257340
2108.000000 1.257340
2109.000000 1.257340
2110.000000 1.257340
2111.000000 1.257340
2112.000000 1.257340
2113.000000 1.257340
2114.000000 1.257340
2115.000000 1.257340
2116.000000 1.257340
2117.000000 1.257340
2118.000000 1.257340
2119.000000 1.257340
2120.000000 1.257340
2121.000000 1.257340
2122.000000 1.257340
2123.000000 1.257340
2124.000000 1.257340
2125.000000 1.257340
2126.000000 1.257340
2127.000000 1.257340
2128.000000 1.257340
2129.000000 1.257340
2130.000000 1.257340
2131.000000 1.257340
2132.000000 1.257340
2133.000000 1.257340
2134.000000 1.257340
2135.000000 1.257340
2136.000000 1.257340
2137.000000 1.257340
2138.000000 1.257340
2139.000000 1.257340
2140.000000 1.257340
2141.000000 1.257340
2142.000000 1.257340
2143.000000 1.257340
2144.000000 1.257340
2145.000000 1.257340
2146.000000 1.257340
2147.000000 1.257340
2148.000000 1.257340
2149.000000 1.257340
2150.000000 1.257340
2151.000000 1.257340
2152.000000 1.257340
2153.000000 1.257340
2154.000000 1.257340
2155.000000 1.257340
2156.000000 1.257340
2157.000000 1.257340
2158.000000 1.257340
2159.000000 1.257340
2160.000000 1.257340
2161.000000 1.257340
2162.000000 1.257340
2163.000000 1.257340
2164.000000 1.257340
2165.000000 1.257340
2166.000000 1.257340
2167.000000 1.257340
2168.000000 1.257340
2169.000000 1.257340
2170.000000 1.257340
2171.000000 1.257340
2172.000000 1.257340
2173.000000 1.257340
2174.000000 1.257340
2175.000000 1.257340
2176.000000 1.257340
2177.000000 1.257340
2178.000000 1.257340
2179.000000 1.257340
2180.000000 1.257340
2181.000000 1.257340
2182.000000 1.257340
2183.000000 1.257340
2184.000000 1.257340
2185.000000 1.257340
2186.000000 1.257340
2187.000000 1.257340
2188.000000 1.257340
2189.000000 1.257340
2190.000000 1.257340
2191.000000 1.257340
2192.000000 1.257340
2193.000000 1.257340
2194.000000 1.257340
2195.000000 1.257340
2196.000000 1.257340
2197.000000 1.257340
2198.000000 1.257340
2199.000000 1.257340
2200.000000 1.257340
2201.000000 1.207340
2202.000000 1.157340
2203.000000 1.107340
2204.000000 1.057340
2205.000000 1.007340
2206.000000 0.957340
2207.000000 0.907340
2208.000000 0.900000
2209.000000 0.900000
2210.000000 0.900000
2211.000000 0.900000
2212.000000 0.900000
2213.000000 0.900000
2214.000000 0.900000
2215.000000 0.900000
2216.000000 0.900000
2217.000000 0.900000
2218.000000 0.900000
2219.000000 0.900000
2220.000000 0.900000
2221.000000 0.900000
2222.000000 0.900000
2223.000000 0.900000
2224.000000 0.900000
2225.000000 0.900000
2226.000000 0.900000
2227.000000 0.900000
2228.000000 0.900000
2229.000000 0.900000
2230.000000 0.900000
2231.000000 0.900000
2232.000000 0.900000
2233.000000 0.900000
2234.000000 0.900000
2235.000000 0.900000
2236.000000 0.900000
2237.000000 0.900000
2238.000000 0.900000
2239.000000 0.900000
2240.000000 0.900000
2241.000000 0.900000
2242.000000 0.900000
2243.000000 0.900000
2244.000000 0.900000
2245.000000 0.900000
2246.000000 0.900000
2247.000000 0.900000
2248.000000 0.900000
2249.000000 0.900000
2250.000000 0.900000
2251.000000 0.900000
2252.000000 0.900000
2253.000000 0.900000
2254.000000 0.900000
2255.000000 0.900000
2256.000000 0.900000
2257.000000 0.900000
2258.000000 0.900000
2259.000000 0.900000
2260.000000 0.900000
2261.000000 0.901942
2262.000000 0.904807
2263.000000 0.907873
2264.000000 0.910705
2265.000000 0.913073
2266.000000 0.914881
2267.000000 0.916122
2268.000000 0.916843
2269.000000 0.917120
2270.000000 0.917043
2271.000000 0.916683
2272.000000 0.916093
2273.000000 0.915329
2274.000000 0.914454
2275.000000 0.913535
2276.000000 0.912633
2277.000000 0.911801
2278.000000 0.911076
2279.000000 0.910481
2280.000000 0.910021
2281.000000 0.909690
2282.000000 0.909473
2283.000000 0.909346
2284.000000 0.909285
2285.000000 0.909266
2286.000000 0.909267
2287.000000 0.909267
2288.000000 0.909254
2289.000000 0.909218
2290.000000 0.909155
2291.000000 0.909068
2292.000000 0.908963
2293.000000 0.908850
2294.000000 0.908738
2295.000000 0.908636
2296.000000 0.908553
2297.000000 0.908492
2298.000000 0.908454
2299.000000 0.908440
2300.000000 0.908445
2301.000000 0.908466
2302.000000 0.908561
2303.000000 0.908752
2304.000000 0.909041
2305.000000 0.909418
2306.000000 0.909864
2307.000000 0.910360
2308.000000 0.910888
2309.000000 0.911378
2310.000000 0.911784
2311.000000 0.912087
2312.000000 0.912285
2313.000000 0.912385
2314.000000 0.912399
2315.000000 0.912343
2316.000000 0.912233
2317.000000 0.912084
2318.000000 0.911910
2319.000000 0.911725
2320.000000 0.911541
2321.000000 0.911369
2322.000000 0.911217
2323.000000 0.911091
2324.000000 0.910994
2325.000000 0.910928
2326.000000 0.910892
2327.000000 0.910881
2328.000000 0.910894
2329.000000 0.910923
2330.000000 0.910966
2331.000000 0.911016
2332.000000 0.911070
2333.000000 0.911123
2334.000000 0.911172
2335.000000 0.911215
2336.000000 0.911250
2337.000000 0.911275
2338.000000 0.911292
2339.000000 0.911301
2340.000000 0.911303
2341.000000 0.911300
2342.000000 0.911292
2343.000000 0.911283
2344.000000 0.911274
2345.000000 0.911266
2346.000000 0.911260
2347.000000 0.911257
2348.000000 0.911257
2349.000000 0.911260
2350.000000 0.911266
2351.000000 0.911274
2352.000000 0.911283
2353.000000 0.911292
2354.000000 0.911300
2355.000000 0.911307
2356.000000 0.911311
2357.000000 0.911312
2358.000000 0.911311
2359.000000 0.911308
2360.000000 0.911302
2361.000000 0.911295
2362.000000 0.911284
2363.000000 0.911269
2364.000000 0.911247
2365.000000 0.911221
2366.000000 0.911193
2367.000000 0.911163
2368.000000 0.911136
2369.000000 0.911111
2370.000000 0.911092
2371.000000 0.911079
2372.000000 0.911071
2373.000000 0.911070
2374.000000 0.911074
2375.000000 0.911083
2376.000000 0.911097
2377.000000 0.911113
2378.000000 0.911130
2379.000000 0.911149
2380.000000 0.911167
2381.000000 0.911183
2382.000000 0.911197
2383.000000 0.911209
2384.000000 0.911217
2385.000000 0.911223
2386.000000 0.911227
2387.000000 0.911228
2388.000000 0.911227
2389.000000 0.911225
2390.000000 0.911222
2391.000000 0.911219
2392.000000 0.911217
2393.000000 0.911215
2394.000000 0.911213
2395.000000 0.911212
2396.000000 0.911212
2397.000000 0.911213
2398.000000 0.911213
2399.000000 0.911214
2400.000000 0.911215
2401.000000 0.911216
2402.000000 0.911216
2403.000000 0.911216
2404.000000 0.911215
2405.000000 0.911214
2406.000000 0.911211
2407.000000 0.911208
2408.000000 0.911204
2409.000000 0.911199
2410.000000 0.911194
2411.000000 0.911188
2412.000000 0.911183
2413.000000 0.911178
2414.000000 0.911174
2415.000000 0.911172
2416.000000 0.911170
2417.000000 0.911170
2418.000000 0.911171
2419.000000 0.911173
2420.000000 0.911176
2421.000000 0.911179
2422.000000 0.911183
2423.000000 0.911187
2424.000000 0.911191
2425.000000 0.911194
2426.000000 0.911197
2427.000000 0.911200
2428.000000 0.911202
2429.000000 0.911202
2430.000000 0.911203
2431.000000 0.911202
2432.000000 0.911202
2433.000000 0.911200
2434.000000 0.911199
2435.000000 0.911197
2436.000000 0.911195
2437.000000 0.911194
2438.000000 0.911192
2439.000000 0.911191
2440.000000 0.911190
2441.000000 0.911189
2442.000000 0.911189
2443.000000 0.911188
2444.000000 0.911189
2445.000000 0.911189
2446.000000 0.911189
2447.000000 0.911190
2448.000000 0.911190
2449.000000 0.911191
2450.000000 0.911191
2451.000000 0.911191
2452.000000 0.911192
2453.000000 0.911192
2454.000000 0.911192
2455.000000 0.911192
2456.000000 0.911191
2457.000000 0.911191
2458.000000 0.911191
2459.000000 0.911191
2460.000000 0.911191
2461.000000 0.911191
2462.000000 0.911191
2463.000000 0.911191
2464.000000 0.911191
2465.000000 0.911191
2466.000000 0.911191
2467.000000 0.911191
2468.000000 0.911192
2469.000000 0.911192
2470.000000 0.911193
2471.000000 0.911193
2472.000000 0.911193
2473.000000 0.911194
2474.000000 0.911194
2475.000000 0.911194
2476.000000 0.911194
2477.000000 0.911194
2478.000000 0.911194
2479.000000 0.911194
2480.000000 0.911193
2481.000000 0.911193
2482.000000 0.911193
2483.000000 0.911192
2484.000000 0.911192
2485.000000 0.911192
2486.000000 0.911192
2487.000000 0.911191
2488.000000 0.911191
2489.000000 0.911191
2490.000000 0.911191
2491.000000 0.911191
2492.000000 0.911191
2493.000000 0.911191
2494.000000 0.911191
2495.000000 0.911192
2496.000000 0.911192
2497.000000 0.911192
2498.000000 0.911192
2499.000000 0.911192
2500.000000 0.911192
