1.000000 0.000000
2.000000 0.000000
3.000000 0.000000
4.000000 0.000000
5.000000 0.000000
6.000000 0.000000
7.000000 0.000000
8.000000 0.000000
9.000000 0.000000
10.000000 0.000000
11.000000 0.010092
12.000000 0.038211
13.000000 0.081417
14.000000 0.137125
15.000000 0.203072
16.000000 0.277280
17.000000 0.358020
18.000000 0.443791
19.000000 0.533292
20.000000 0.625395
21.000000 0.719133
22.000000 0.813675
23.000000 0.908313
24.000000 1.002448
25.000000 1.095576
26.000000 1.187274
27.000000 1.277197
28.000000 1.365061
29.000000 1.450639
30.000000 1.533753
31.000000 1.614268
32.000000 1.692085
33.000000 1.767137
34.000000 1.839385
35.000000 1.908814
36.000000 1.975426
37.000000 2.039243
38.000000 2.100299
39.000000 2.158641
40.000000 2.214325
41.000000 2.267415
42.000000 2.317981
43.000000 2.366098
44.000000 2.411844
45.000000 2.455301
46.000000 2.496552
47.000000 2.535681
48.000000 2.572771
49.000000 2.607906
50.000000 2.641169
51.000000 2.672642
52.000000 2.702406
53.000000 2.730539
54.000000 2.757116
55.000000 2.782214
56.000000 2.805903
57.000000 2.828255
58.000000 2.849335
59.000000 2.869209
60.000000 2.887939
61.000000 2.905586
62.000000 2.922206
63.000000 2.937854
64.000000 2.952583
65.000000 2.966442
66.000000 2.979481
67.000000 2.991743
68.000000 3.003273
69.000000 3.014112
70.000000 3.024298
71.000000 3.033870
72.000000 3.042862
73.000000 3.051307
74.000000 3.059238
75.000000 3.066684
76.000000 3.073674
77.000000 3.080235
78.000000 3.086391
79.000000 3.092168
80.000000 3.097587
81.000000 3.102670
82.000000 3.107437
83.000000 3.111908
84.000000 3.116099
85.000000 3.120029
86.000000 3.123712
87.000000 3.127165
88.000000 3.130400
89.000000 3.133432
90.000000 3.136273
91.000000 3.138935
92.000000 3.141428
93.000000 3.143763
94.000000 3.145951
95.000000 3.148000
96.000000 3.149918
97.000000 3.151715
98.000000 3.153397
99.000000 3.154972
100.000000 3.156446
101.000000 3.157827
102.000000 3.159118
103.000000 3.160328
104.000000 3.161460
105.000000 3.162519
106.000000 3.163510
107.000000 3.164438
108.000000 3.165306
109.000000 3.166118
110.000000 3.166877
111.000000 3.167588
112.000000 3.168253
113.000000 3.168876
114.000000 3.169457
115.000000 3.170002
116.000000 3.170511
117.000000 3.170987
118.000000 3.171433
119.000000 3.171849
120.000000 3.172239
121.000000 3.172603
122.000000 3.172944
123.000000 3.173263
124.000000 3.173561
125.000000 3.173839
126.000000 3.174100
127.000000 3.174343
128.000000 3.174571
129.000000 3.174784
130.000000 3.174983
