1.000000 2.000000
2.000000 2.000000
3.000000 2.000000
4.000000 2.000000
5.000000 2.000000
6.000000 2.000000
7.000000 2.000000
8.000000 2.000000
9.000000 2.000000
10.000000 2.000000
11.000000 2.000000
12.000000 2.002018
13.000000 2.007642
14.000000 2.016283
15.000000 2.027425
16.000000 2.040614
17.000000 2.055456
18.000000 2.071604
19.000000 2.088758
20.000000 2.106658
21.000000 2.125079
22.000000 2.143827
23.000000 2.162735
24.000000 2.181663
25.000000 2.200490
26.000000 2.219115
27.000000 2.237455
28.000000 2.255439
29.000000 2.273012
30.000000 2.290128
31.000000 2.306751
32.000000 2.322854
33.000000 2.338417
34.000000 2.353427
35.000000 2.367877
36.000000 2.381763
37.000000 2.395085
38.000000 2.407849
39.000000 2.420060
40.000000 2.431728
41.000000 2.442865
42.000000 2.453483
43.000000 2.463596
44.000000 2.473220
45.000000 2.482369
46.000000 2.491060
47.000000 2.499310
48.000000 2.507136
49.000000 2.514554
50.000000 2.521581
51.000000 2.528234
52.000000 2.534528
53.000000 2.540481
54.000000 2.546108
55.000000 2.551423
56.000000 2.556443
57.000000 2.561181
58.000000 2.565651
59.000000 2.569867
60.000000 2.573842
61.000000 2.577588
62.000000 2.581117
63.000000 2.584441
64.000000 2.587571
65.000000 2.590517
66.000000 2.593288
67.000000 2.595896
68.000000 2.598349
69.000000 2.600655
70.000000 2.602822
71.000000 2.604860
72.000000 2.606774
73.000000 2.608572
74.000000 2.610261
75.000000 2.611848
76.000000 2.613337
77.000000 2.614735
78.000000 2.616047
79.000000 2.617278
80.000000 2.618434
81.000000 2.619517
82.000000 2.620534
83.000000 2.621487
84.000000 2.622382
85.000000 2.623220
86.000000 2.624006
87.000000 2.624742
88.000000 2.625433
89.000000 2.626080
90.000000 2.626686
91.000000 2.627255
92.000000 2.627787
93.000000 2.628286
94.000000 2.628753
95.000000 2.629190
96.000000 2.629600
97.000000 2.629984
98.000000 2.630343
99.000000 2.630679
100.000000 2.630994
101.000000 2.631289
102.000000 2.631565
103.000000 2.631824
104.000000 2.632066
105.000000 2.632292
106.000000 2.632504
107.000000 2.632702
108.000000 2.632888
109.000000 2.633061
110.000000 2.633224
111.000000 2.633375
112.000000 2.633518
113.000000 2.633651
114.000000 2.633775
115.000000 2.633891
116.000000 2.634000
117.000000 2.634102
118.000000 2.634197
119.000000 2.634287
120.000000 2.634370
121.000000 2.634448
122.000000 2.634521
123.000000 2.634589
124.000000 2.634653
125.000000 2.634712
126.000000 2.634768
127.000000 2.634820
128.000000 2.634869
129.000000 2.634914
130.000000 2.634957
131.000000 2.634997
132.000000 2.635034
133.000000 2.635069
134.000000 2.635101
135.000000 2.635132
136.000000 2.635160
137.000000 2.635187
138.000000 2.635211
139.000000 2.635235
140.000000 2.635256
141.000000 2.635277
142.000000 2.635296
143.000000 2.635313
144.000000 2.635330
145.000000 2.635345
146.000000 2.635360
147.000000 2.635373
148.000000 2.635386
149.000000 2.635398
150.000000 2.635409
