1.000000 0.000000
2.000000 0.000000
3.000000 0.000000
4.000000 0.000000
5.000000 0.000000
6.000000 0.000000
7.000000 0.000000
8.000000 0.000000
9.000000 0.000000
10.000000 0.000000
11.000000 0.000000
12.000000 0.000000
13.000000 0.000000
14.000000 0.000000
15.000000 0.000731
16.000000 0.001453
17.000000 0.002165
18.000000 0.002869
19.000000 0.003564
20.000000 0.004250
21.000000 0.004928
22.000000 0.005597
23.000000 0.006258
24.000000 0.006911
25.000000 0.007555
26.000000 0.008191
27.000000 0.008820
28.000000 0.009440
29.000000 0.010053
30.000000 0.010658
31.000000 0.011255
32.000000 0.011845
33.000000 0.012428
34.000000 0.013003
35.000000 0.013571
36.000000 0.014132
37.000000 0.014686
38.000000 0.015233
39.000000 0.015773
40.000000 0.016307
41.000000 0.016833
42.000000 0.017353
43.000000 0.017867
44.000000 0.018374
45.000000 0.018875
46.000000 0.019369
47.000000 0.019858
48.000000 0.020340
49.000000 0.020816
50.000000 0.021286
51.000000 0.021751
52.000000 0.022209
53.000000 0.022662
54.000000 0.023109
55.000000 0.023551
56.000000 0.023987
57.000000 0.024417
58.000000 0.024842
59.000000 0.025262
60.000000 0.025677
61.000000 0.026086
62.000000 0.026490
63.000000 0.026890
64.000000 0.027284
65.000000 0.027673
66.000000 0.028057
67.000000 0.028437
68.000000 0.028812
69.000000 0.029182
70.000000 0.029547
71.000000 0.029908
72.000000 0.030265
73.000000 0.030616
74.000000 0.030964
75.000000 0.031307
76.000000 0.031646
77.000000 0.031981
78.000000 0.032311
79.000000 0.032637
80.000000 0.032960
81.000000 0.033278
82.000000 0.033592
83.000000 0.033902
84.000000 0.034208
85.000000 0.034511
86.000000 0.034810
87.000000 0.035105
88.000000 0.035396
89.000000 0.035684
90.000000 0.035968
91.000000 0.036248
92.000000 0.036525
93.000000 0.036799
94.000000 0.037069
95.000000 0.037336
96.000000 0.037599
97.000000 0.037859
98.000000 0.038116
99.000000 0.038369
100.000000 0.038620
101.000000 0.038867
102.000000 0.039111
103.000000 0.039352
104.000000 0.039591
105.000000 0.039826
106.000000 0.040058
107.000000 0.040287
108.000000 0.040514
109.000000 0.040737
110.000000 0.040958
111.000000 0.041176
112.000000 0.041391
113.000000 0.041604
114.000000 0.041814
115.000000 0.042021
116.000000 0.042226
117.000000 0.042428
118.000000 0.042627
119.000000 0.042824
120.000000 0.043019
121.000000 0.043211
122.000000 0.043401
123.000000 0.043588
124.000000 0.043774
125.000000 0.043956
126.000000 0.044137
127.000000 0.044315
128.000000 0.044491
129.000000 0.044665
130.000000 0.044836
131.000000 0.045006
132.000000 0.045173
133.000000 0.045338
134.000000 0.045501
135.000000 0.045663
136.000000 0.045822
137.000000 0.045979
138.000000 0.046134
139.000000 0.046287
140.000000 0.046438
141.000000 0.046588
142.000000 0.046735
143.000000 0.046881
144.000000 0.047025
145.000000 0.047167
146.000000 0.047307
147.000000 0.047445
148.000000 0.047582
149.000000 0.047717
150.000000 0.047851
151.000000 0.047982
152.000000 0.048112
153.000000 0.048241
154.000000 0.048368
155.000000 0.048493
156.000000 0.048616
157.000000 0.048739
158.000000 0.048859
159.000000 0.048978
160.000000 0.049096
161.000000 0.049212
162.000000 0.049327
163.000000 0.049440
164.000000 0.049552
165.000000 0.049662
166.000000 0.049771
167.000000 0.049879
168.000000 0.049985
169.000000 0.050090
170.000000 0.050193
171.000000 0.050296
172.000000 0.050397
173.000000 0.050497
174.000000 0.050595
175.000000 0.050693
176.000000 0.050789
177.000000 0.050884
178.000000 0.050977
179.000000 0.051070
180.000000 0.051161
181.000000 0.051251
182.000000 0.051341
183.000000 0.051429
184.000000 0.051515
185.000000 0.051601
186.000000 0.051686
187.000000 0.051770
188.000000 0.051852
189.000000 0.051934
190.000000 0.052014
191.000000 0.052094
192.000000 0.052172
193.000000 0.052250
194.000000 0.052327
195.000000 0.052402
196.000000 0.052477
197.000000 0.052551
198.000000 0.052624
199.000000 0.052696
200.000000 0.052767
201.000000 0.052837
202.000000 0.052906
203.000000 0.052974
204.000000 0.053042
205.000000 0.053109
206.000000 0.053174
207.000000 0.053239
208.000000 0.053304
209.000000 0.053367
210.000000 0.053430
211.000000 0.053491
212.000000 0.053553
213.000000 0.053613
214.000000 0.053672
215.000000 0.053731
216.000000 0.053789
217.000000 0.053846
218.000000 0.053903
219.000000 0.053959
220.000000 0.054014
221.000000 0.054069
222.000000 0.054123
223.000000 0.054176
224.000000 0.054228
225.000000 0.054280
226.000000 0.054331
227.000000 0.054382
228.000000 0.054432
229.000000 0.054481
230.000000 0.054530
231.000000 0.054578
232.000000 0.054625
233.000000 0.054672
234.000000 0.054718
235.000000 0.054764
236.000000 0.054809
237.000000 0.054854
238.000000 0.054898
239.000000 0.054941
240.000000 0.054984
241.000000 0.055026
242.000000 0.055068
243.000000 0.055109
244.000000 0.055150
245.000000 0.055191
246.000000 0.055230
247.000000 0.055270
248.000000 0.055308
249.000000 0.055347
250.000000 0.055384
251.000000 0.055422
252.000000 0.055459
253.000000 0.055495
254.000000 0.055531
255.000000 0.055567
256.000000 0.055602
257.000000 0.055636
258.000000 0.055670
259.000000 0.055704
260.000000 0.055738
261.000000 0.055771
262.000000 0.055803
263.000000 0.055835
264.000000 0.055867
265.000000 0.055898
266.000000 0.055929
267.000000 0.055960
268.000000 0.055990
269.000000 0.056020
270.000000 0.056049
271.000000 0.056078
272.000000 0.056107
273.000000 0.056135
274.000000 0.056163
275.000000 0.056190
276.000000 0.056218
277.000000 0.056245
278.000000 0.056271
279.000000 0.056297
280.000000 0.056323
281.000000 0.056349
282.000000 0.056374
283.000000 0.056399
284.000000 0.056424
285.000000 0.056448
286.000000 0.056472
287.000000 0.056496
288.000000 0.056519
289.000000 0.056542
290.000000 0.056565
291.000000 0.056588
292.000000 0.056610
293.000000 0.056632
294.000000 0.056654
295.000000 0.056675
296.000000 0.056697
297.000000 0.056717
298.000000 0.056738
299.000000 0.056759
300.000000 0.056779
301.000000 0.056799
302.000000 0.056818
303.000000 0.056838
304.000000 0.056857
305.000000 0.056876
306.000000 0.056894
307.000000 0.056913
308.000000 0.056931
309.000000 0.056949
310.000000 0.056967
311.000000 0.056984
312.000000 0.057002
313.000000 0.057019
314.000000 0.057036
315.000000 0.057052
316.000000 0.057069
317.000000 0.057085
318.000000 0.057101
319.000000 0.057117
320.000000 0.057133
321.000000 0.057148
322.000000 0.057163
323.000000 0.057178
324.000000 0.057193
325.000000 0.057208
326.000000 0.057222
327.000000 0.057237
328.000000 0.057251
329.000000 0.057265
330.000000 0.057279
331.000000 0.057292
332.000000 0.057306
333.000000 0.057319
334.000000 0.057332
335.000000 0.057345
336.000000 0.057358
337.000000 0.057371
338.000000 0.057383
339.000000 0.057395
340.000000 0.057408
341.000000 0.057420
342.000000 0.057431
343.000000 0.057443
344.000000 0.057455
345.000000 0.057466
346.000000 0.057477
347.000000 0.057489
348.000000 0.057500
349.000000 0.057510
350.000000 0.057521
