1.000000 0.000000
2.000000 0.000000
3.000000 0.000000
4.000000 0.000000
5.000000 0.000000
6.000000 0.000000
7.000000 0.000000
8.000000 0.000000
9.000000 0.000000
10.000000 0.000000
11.000000 0.000000
12.000000 0.000000
13.000000 0.000000
14.000000 0.000000
15.000000 0.000105
16.000000 0.000409
17.000000 0.000899
18.000000 0.001562
19.000000 0.002385
20.000000 0.003358
21.000000 0.004468
22.000000 0.005707
23.000000 0.007064
24.000000 0.008530
25.000000 0.010096
26.000000 0.011755
27.000000 0.013498
28.000000 0.015319
29.000000 0.017211
30.000000 0.019166
31.000000 0.021181
32.000000 0.023248
33.000000 0.025362
34.000000 0.027518
35.000000 0.029713
36.000000 0.031940
37.000000 0.034197
38.000000 0.036479
39.000000 0.038782
40.000000 0.041104
41.000000 0.043441
42.000000 0.045789
43.000000 0.048147
44.000000 0.050512
45.000000 0.052880
46.000000 0.055251
47.000000 0.057621
48.000000 0.059989
49.000000 0.062352
50.000000 0.064710
51.000000 0.067061
52.000000 0.069402
53.000000 0.071733
54.000000 0.074053
55.000000 0.076360
56.000000 0.078652
57.000000 0.080930
58.000000 0.083193
59.000000 0.085438
60.000000 0.087666
61.000000 0.089876
62.000000 0.092067
63.000000 0.094239
64.000000 0.096391
65.000000 0.098522
66.000000 0.100633
67.000000 0.102722
68.000000 0.104790
69.000000 0.106836
70.000000 0.108860
71.000000 0.110861
72.000000 0.112840
73.000000 0.114797
74.000000 0.116730
75.000000 0.118641
76.000000 0.120529
77.000000 0.122394
78.000000 0.124235
79.000000 0.126054
80.000000 0.127849
81.000000 0.129622
82.000000 0.131372
83.000000 0.133099
84.000000 0.134803
85.000000 0.136484
86.000000 0.138143
87.000000 0.139779
88.000000 0.141393
89.000000 0.142985
90.000000 0.144554
91.000000 0.146102
92.000000 0.147628
93.000000 0.149133
94.000000 0.150616
95.000000 0.152078
96.000000 0.153519
97.000000 0.154939
98.000000 0.156338
99.000000 0.157718
100.000000 0.159077
101.000000 0.160416
102.000000 0.161735
103.000000 0.163035
104.000000 0.164315
105.000000 0.165577
106.000000 0.166819
107.000000 0.168043
108.000000 0.169249
109.000000 0.170436
110.000000 0.171605
111.000000 0.172756
112.000000 0.173890
113.000000 0.175007
114.000000 0.176107
115.000000 0.177189
116.000000 0.178255
117.000000 0.179305
118.000000 0.180338
119.000000 0.181356
120.000000 0.182357
121.000000 0.183343
122.000000 0.184314
123.000000 0.185270
124.000000 0.186211
125.000000 0.187137
126.000000 0.188048
127.000000 0.188945
128.000000 0.189829
129.000000 0.190698
130.000000 0.191553
131.000000 0.192396
132.000000 0.193224
133.000000 0.194040
134.000000 0.194843
135.000000 0.195633
136.000000 0.196411
137.000000 0.197176
138.000000 0.197929
139.000000 0.198671
140.000000 0.199400
141.000000 0.200118
142.000000 0.200824
143.000000 0.201520
144.000000 0.202204
145.000000 0.202877
146.000000 0.203539
147.000000 0.204191
148.000000 0.204832
149.000000 0.205464
150.000000 0.206085
151.000000 0.206696
152.000000 0.207297
153.000000 0.207889
154.000000 0.208471
155.000000 0.209044
156.000000 0.209607
157.000000 0.210162
158.000000 0.210708
159.000000 0.211245
160.000000 0.211773
161.000000 0.212293
162.000000 0.212804
163.000000 0.213307
164.000000 0.213802
165.000000 0.214290
166.000000 0.214769
167.000000 0.215240
168.000000 0.215704
169.000000 0.216161
170.000000 0.216610
171.000000 0.217052
172.000000 0.217486
173.000000 0.217914
174.000000 0.218335
175.000000 0.218749
176.000000 0.219156
177.000000 0.219557
178.000000 0.219951
179.000000 0.220339
180.000000 0.220720
181.000000 0.221096
182.000000 0.221465
183.000000 0.221829
184.000000 0.222186
185.000000 0.222538
186.000000 0.222884
187.000000 0.223224
188.000000 0.223559
189.000000 0.223889
190.000000 0.224213
191.000000 0.224532
192.000000 0.224845
193.000000 0.225154
194.000000 0.225458
195.000000 0.225756
196.000000 0.226050
197.000000 0.226339
198.000000 0.226624
199.000000 0.226904
200.000000 0.227179
201.000000 0.227450
202.000000 0.227716
203.000000 0.227978
204.000000 0.228236
205.000000 0.228490
206.000000 0.228739
207.000000 0.228985
208.000000 0.229227
209.000000 0.229464
210.000000 0.229698
211.000000 0.229928
212.000000 0.230154
213.000000 0.230377
214.000000 0.230596
215.000000 0.230811
216.000000 0.231023
217.000000 0.231232
218.000000 0.231437
219.000000 0.231638
220.000000 0.231837
221.000000 0.232032
222.000000 0.232224
223.000000 0.232413
224.000000 0.232599
225.000000 0.232782
226.000000 0.232962
227.000000 0.233139
228.000000 0.233313
229.000000 0.233484
230.000000 0.233653
231.000000 0.233819
232.000000 0.233982
233.000000 0.234142
234.000000 0.234300
235.000000 0.234455
236.000000 0.234608
237.000000 0.234758
238.000000 0.234906
239.000000 0.235052
240.000000 0.235195
241.000000 0.235336
242.000000 0.235474
243.000000 0.235610
244.000000 0.235744
245.000000 0.235876
246.000000 0.236006
247.000000 0.236133
248.000000 0.236259
249.000000 0.236382
250.000000 0.236504
251.000000 0.236623
252.000000 0.236741
253.000000 0.236856
254.000000 0.236970
255.000000 0.237082
256.000000 0.237192
257.000000 0.237301
258.000000 0.237407
259.000000 0.237512
260.000000 0.237615
261.000000 0.237716
262.000000 0.237816
263.000000 0.237914
264.000000 0.238011
265.000000 0.238106
266.000000 0.238199
267.000000 0.238291
268.000000 0.238382
269.000000 0.238471
270.000000 0.238558
271.000000 0.238645
272.000000 0.238729
273.000000 0.238813
274.000000 0.238895
275.000000 0.238975
276.000000 0.239055
277.000000 0.239133
278.000000 0.239209
279.000000 0.239285
280.000000 0.239359
281.000000 0.239432
282.000000 0.239504
283.000000 0.239575
284.000000 0.239645
285.000000 0.239713
286.000000 0.239781
287.000000 0.239847
288.000000 0.239912
289.000000 0.239976
290.000000 0.240039
291.000000 0.240101
292.000000 0.240162
293.000000 0.240222
294.000000 0.240281
295.000000 0.240340
296.000000 0.240397
297.000000 0.240453
298.000000 0.240508
299.000000 0.240563
300.000000 0.240616
301.000000 0.240669
302.000000 0.240721
303.000000 0.240772
304.000000 0.240822
305.000000 0.240871
306.000000 0.240920
307.000000 0.240968
308.000000 0.241015
309.000000 0.241061
310.000000 0.241106
311.000000 0.241151
312.000000 0.241195
313.000000 0.241238
314.000000 0.241281
315.000000 0.241323
316.000000 0.241364
317.000000 0.241404
318.000000 0.241444
319.000000 0.241484
320.000000 0.241522
321.000000 0.241560
322.000000 0.241598
323.000000 0.241634
324.000000 0.241670
325.000000 0.241706
326.000000 0.241741
327.000000 0.241775
328.000000 0.241809
329.000000 0.241843
330.000000 0.241875
331.000000 0.241908
332.000000 0.241939
333.000000 0.241970
334.000000 0.242001
335.000000 0.242031
336.000000 0.242061
337.000000 0.242090
338.000000 0.242119
339.000000 0.242147
340.000000 0.242175
341.000000 0.242202
342.000000 0.242229
343.000000 0.242256
344.000000 0.242282
345.000000 0.242307
346.000000 0.242333
347.000000 0.242357
348.000000 0.242382
349.000000 0.242406
350.000000 0.242429
