1.000000 0.006271
2.000000 0.006271
3.000000 0.006271
4.000000 0.006271
5.000000 0.006271
6.000000 0.006271
7.000000 0.006271
8.000000 0.006271
9.000000 0.006271
10.000000 0.006271
11.000000 0.006271
12.000000 0.006271
13.000000 0.006271
14.000000 0.006271
15.000000 0.006271
16.000000 0.006271
17.000000 0.006271
18.000000 0.006271
19.000000 0.006271
20.000000 0.006271
21.000000 0.006271
22.000000 0.006271
23.000000 0.006271
24.000000 0.006271
25.000000 0.006271
26.000000 0.006271
27.000000 0.006271
28.000000 0.006271
29.000000 0.006271
30.000000 0.006271
31.000000 0.006271
32.000000 0.006271
33.000000 0.007458
34.000000 0.006271
35.000000 0.007458
36.000000 0.007458
37.000000 0.007458
38.000000 0.007458
39.000000 0.007458
40.000000 0.007458
41.000000 0.007458
42.000000 0.007458
43.000000 0.007458
44.000000 0.007458
45.000000 0.007458
46.000000 0.007458
47.000000 0.007458
48.000000 0.008475
49.000000 0.008475
50.000000 0.008475
51.000000 0.008475
52.000000 0.009492
53.000000 0.009492
54.000000 0.009492
55.000000 0.009492
56.000000 0.009492
57.000000 0.010508
58.000000 0.009492
59.000000 0.009492
60.000000 0.010508
61.000000 0.010508
62.000000 0.010508
63.000000 0.010508
64.000000 0.010508
65.000000 0.011695
66.000000 0.011695
67.000000 0.011695
68.000000 0.011695
69.000000 0.012712
70.000000 0.012712
71.000000 0.012712
72.000000 0.013729
73.000000 0.013729
74.000000 0.013729
75.000000 0.013729
76.000000 0.014746
77.000000 0.014746
78.000000 0.014746
79.000000 0.015932
80.000000 0.015932
81.000000 0.015932
82.000000 0.015932
83.000000 0.016949
84.000000 0.016949
85.000000 0.017966
86.000000 0.017966
87.000000 0.017966
88.000000 0.018983
89.000000 0.018983
90.000000 0.018983
91.000000 0.018983
92.000000 0.020169
93.000000 0.018983
94.000000 0.020169
95.000000 0.020169
96.000000 0.020169
97.000000 0.021186
98.000000 0.021186
99.000000 0.021186
100.000000 0.021186
101.000000 0.022203
102.000000 0.022203
103.000000 0.022203
104.000000 0.023220
105.000000 0.023220
106.000000 0.023220
107.000000 0.023220
108.000000 0.023220
109.000000 0.023220
110.000000 0.024407
111.000000 0.024407
112.000000 0.024407
113.000000 0.025424
114.000000 0.025424
115.000000 0.026441
116.000000 0.026441
117.000000 0.026441
118.000000 0.027458
119.000000 0.027458
120.000000 0.027458
121.000000 0.028644
122.000000 0.028644
123.000000 0.028644
124.000000 0.028644
125.000000 0.029661
126.000000 0.029661
127.000000 0.029661
128.000000 0.029661
129.000000 0.030678
130.000000 0.030678
131.000000 0.030678
132.000000 0.031695
133.000000 0.031695
134.000000 0.031695
135.000000 0.031695
136.000000 0.031695
137.000000 0.031695
138.000000 0.031695
139.000000 0.031695
140.000000 0.032881
141.000000 0.032881
142.000000 0.032881
143.000000 0.032881
144.000000 0.032881
145.000000 0.033898
146.000000 0.033898
147.000000 0.033898
148.000000 0.033898
149.000000 0.033898
150.000000 0.033898
151.000000 0.033898
152.000000 0.033898
153.000000 0.034915
154.000000 0.034915
155.000000 0.034915
156.000000 0.035932
157.000000 0.035932
158.000000 0.035932
159.000000 0.035932
160.000000 0.035932
161.000000 0.035932
162.000000 0.037119
163.000000 0.037119
164.000000 0.037119
165.000000 0.037119
166.000000 0.037119
167.000000 0.038136
168.000000 0.038136
169.000000 0.038136
170.000000 0.038136
171.000000 0.039153
172.000000 0.039153
173.000000 0.039153
174.000000 0.039153
175.000000 0.039153
176.000000 0.039153
177.000000 0.039153
178.000000 0.039153
179.000000 0.040169
180.000000 0.040169
181.000000 0.040169
182.000000 0.040169
183.000000 0.040169
184.000000 0.040169
185.000000 0.040169
186.000000 0.040169
187.000000 0.041356
188.000000 0.041356
189.000000 0.041356
190.000000 0.042373
191.000000 0.042373
192.000000 0.042373
193.000000 0.042373
194.000000 0.042373
195.000000 0.042373
196.000000 0.042373
197.000000 0.043390
198.000000 0.043390
199.000000 0.043390
200.000000 0.043390
201.000000 0.043390
202.000000 0.044407
203.000000 0.044407
204.000000 0.044407
205.000000 0.044407
206.000000 0.044407
207.000000 0.044407
208.000000 0.044407
209.000000 0.045593
210.000000 0.045593
211.000000 0.045593
212.000000 0.045593
213.000000 0.045593
214.000000 0.045593
215.000000 0.045593
216.000000 0.045593
217.000000 0.045593
218.000000 0.046610
219.000000 0.045593
220.000000 0.045593
221.000000 0.045593
222.000000 0.046610
223.000000 0.046610
224.000000 0.046610
225.000000 0.046610
226.000000 0.046610
227.000000 0.046610
228.000000 0.046610
229.000000 0.046610
230.000000 0.047627
231.000000 0.047627
232.000000 0.047627
233.000000 0.047627
234.000000 0.047627
235.000000 0.047627
236.000000 0.047627
237.000000 0.047627
238.000000 0.048644
239.000000 0.048644
240.000000 0.048644
241.000000 0.048644
242.000000 0.048644
243.000000 0.048644
244.000000 0.048644
245.000000 0.048644
246.000000 0.048644
247.000000 0.048644
248.000000 0.048644
249.000000 0.048644
250.000000 0.048644
251.000000 0.049831
252.000000 0.048644
253.000000 0.048644
254.000000 0.049831
255.000000 0.048644
256.000000 0.048644
257.000000 0.049831
258.000000 0.048644
259.000000 0.048644
260.000000 0.048644
261.000000 0.049831
262.000000 0.048644
263.000000 0.049831
264.000000 0.048644
265.000000 0.049831
266.000000 0.048644
267.000000 0.048644
268.000000 0.048644
269.000000 0.048644
270.000000 0.048644
271.000000 0.048644
272.000000 0.048644
273.000000 0.048644
274.000000 0.048644
275.000000 0.049831
276.000000 0.048644
277.000000 0.049831
278.000000 0.049831
279.000000 0.048644
280.000000 0.049831
281.000000 0.049831
282.000000 0.049831
283.000000 0.049831
284.000000 0.049831
285.000000 0.049831
286.000000 0.049831
287.000000 0.049831
288.000000 0.049831
289.000000 0.049831
290.000000 0.049831
291.000000 0.049831
292.000000 0.049831
293.000000 0.049831
294.000000 0.050847
295.000000 0.049831
296.000000 0.049831
297.000000 0.050847
298.000000 0.050847
299.000000 0.050847
300.000000 0.050847
301.000000 0.050847
302.000000 0.050847
303.000000 0.050847
304.000000 0.050847
305.000000 0.050847
306.000000 0.050847
307.000000 0.050847
308.000000 0.050847
309.000000 0.050847
310.000000 0.050847
311.000000 0.050847
312.000000 0.050847
313.000000 0.050847
314.000000 0.051864
315.000000 0.051864
316.000000 0.051864
317.000000 0.050847
318.000000 0.051864
319.000000 0.051864
320.000000 0.051864
321.000000 0.051864
322.000000 0.051864
323.000000 0.050847
324.000000 0.051864
325.000000 0.050847
326.000000 0.050847
327.000000 0.050847
328.000000 0.050847
329.000000 0.050847
330.000000 0.050847
331.000000 0.050847
332.000000 0.050847
333.000000 0.050847
334.000000 0.051864
335.000000 0.051864
336.000000 0.050847
337.000000 0.050847
338.000000 0.050847
339.000000 0.051864
340.000000 0.051864
341.000000 0.050847
342.000000 0.050847
343.000000 0.051864
344.000000 0.051864
345.000000 0.050847
346.000000 0.050847
347.000000 0.051864
348.000000 0.050847
349.000000 0.051864
350.000000 0.050847
351.000000 0.051864
352.000000 0.050847
353.000000 0.050847
354.000000 0.050847
355.000000 0.051864
356.000000 0.051864
357.000000 0.051864
358.000000 0.050847
359.000000 0.051864
360.000000 0.051864
361.000000 0.050847
362.000000 0.050847
363.000000 0.051864
364.000000 0.051864
365.000000 0.051864
366.000000 0.050847
367.000000 0.050847
368.000000 0.050847
369.000000 0.050847
370.000000 0.050847
371.000000 0.050847
372.000000 0.050847
373.000000 0.050847
374.000000 0.051864
375.000000 0.051864
376.000000 0.051864
377.000000 0.051864
378.000000 0.051864
379.000000 0.051864
380.000000 0.051864
381.000000 0.051864
382.000000 0.052881
383.000000 0.052881
384.000000 0.052881
385.000000 0.052881
386.000000 0.052881
387.000000 0.052881
388.000000 0.052881
389.000000 0.052881
390.000000 0.052881
391.000000 0.052881
392.000000 0.052881
393.000000 0.052881
394.000000 0.052881
395.000000 0.052881
396.000000 0.052881
397.000000 0.052881
398.000000 0.052881
399.000000 0.052881
400.000000 0.052881
401.000000 0.000000
