1.000000 0.019231
2.000000 0.019231
3.000000 0.019231
4.000000 0.019231
5.000000 0.019231
6.000000 0.019231
7.000000 0.019231
8.000000 0.019231
9.000000 0.019231
10.000000 0.019231
11.000000 0.019231
12.000000 0.017692
13.000000 0.019231
14.000000 0.017692
15.000000 0.017692
16.000000 0.017692
17.000000 0.017692
18.000000 0.017692
19.000000 0.017692
20.000000 0.017692
21.000000 0.017692
22.000000 0.017692
23.000000 0.017692
24.000000 0.017692
25.000000 0.017692
26.000000 0.019231
27.000000 0.019231
28.000000 0.019231
29.000000 0.019231
30.000000 0.019231
31.000000 0.019231
32.000000 0.019231
33.000000 0.021026
34.000000 0.019231
35.000000 0.021026
36.000000 0.021026
37.000000 0.021026
38.000000 0.021026
39.000000 0.021026
40.000000 0.021026
41.000000 0.022564
42.000000 0.021026
43.000000 0.022564
44.000000 0.022564
45.000000 0.022564
46.000000 0.022564
47.000000 0.022564
48.000000 0.022564
49.000000 0.022564
50.000000 0.022564
51.000000 0.024103
52.000000 0.024103
53.000000 0.024103
54.000000 0.024103
55.000000 0.024103
56.000000 0.024103
57.000000 0.024103
58.000000 0.024103
59.000000 0.022564
60.000000 0.022564
61.000000 0.022564
62.000000 0.022564
63.000000 0.024103
64.000000 0.024103
65.000000 0.024103
66.000000 0.024103
67.000000 0.024103
68.000000 0.024103
69.000000 0.025641
70.000000 0.025641
71.000000 0.025641
72.000000 0.025641
73.000000 0.027436
74.000000 0.027436
75.000000 0.027436
76.000000 0.027436
77.000000 0.028974
78.000000 0.028974
79.000000 0.028974
80.000000 0.030513
81.000000 0.030513
82.000000 0.030513
83.000000 0.030513
84.000000 0.032051
85.000000 0.032051
86.000000 0.032051
87.000000 0.032051
88.000000 0.032051
89.000000 0.032051
90.000000 0.032051
91.000000 0.033846
92.000000 0.033846
93.000000 0.033846
94.000000 0.033846
95.000000 0.033846
96.000000 0.035385
97.000000 0.035385
98.000000 0.035385
99.000000 0.035385
100.000000 0.036923
101.000000 0.036923
102.000000 0.036923
103.000000 0.036923
104.000000 0.036923
105.000000 0.038462
106.000000 0.038462
107.000000 0.038462
108.000000 0.038462
109.000000 0.036923
110.000000 0.038462
111.000000 0.036923
112.000000 0.036923
113.000000 0.036923
114.000000 0.036923
115.000000 0.036923
116.000000 0.036923
117.000000 0.036923
118.000000 0.036923
119.000000 0.038462
120.000000 0.036923
121.000000 0.036923
122.000000 0.038462
123.000000 0.038462
124.000000 0.038462
125.000000 0.038462
126.000000 0.040256
127.000000 0.040256
128.000000 0.040256
129.000000 0.040256
130.000000 0.040256
131.000000 0.041795
132.000000 0.041795
133.000000 0.041795
134.000000 0.041795
135.000000 0.043333
136.000000 0.043333
137.000000 0.043333
138.000000 0.043333
139.000000 0.043333
140.000000 0.043333
141.000000 0.043333
142.000000 0.044872
143.000000 0.044872
144.000000 0.043333
145.000000 0.044872
146.000000 0.044872
147.000000 0.043333
148.000000 0.044872
149.000000 0.044872
150.000000 0.044872
151.000000 0.044872
152.000000 0.044872
153.000000 0.044872
154.000000 0.046667
155.000000 0.046667
156.000000 0.046667
157.000000 0.046667
158.000000 0.046667
159.000000 0.046667
160.000000 0.046667
161.000000 0.046667
162.000000 0.046667
163.000000 0.046667
164.000000 0.044872
165.000000 0.046667
166.000000 0.046667
167.000000 0.046667
168.000000 0.046667
169.000000 0.048205
170.000000 0.048205
171.000000 0.048205
172.000000 0.048205
173.000000 0.048205
174.000000 0.048205
175.000000 0.046667
176.000000 0.046667
177.000000 0.046667
178.000000 0.046667
179.000000 0.046667
180.000000 0.048205
181.000000 0.046667
182.000000 0.048205
183.000000 0.048205
184.000000 0.048205
185.000000 0.048205
186.000000 0.048205
187.000000 0.048205
188.000000 0.048205
189.000000 0.048205
190.000000 0.048205
191.000000 0.048205
192.000000 0.048205
193.000000 0.048205
194.000000 0.048205
195.000000 0.048205
196.000000 0.048205
197.000000 0.049744
198.000000 0.049744
199.000000 0.049744
200.000000 0.049744
201.000000 0.049744
202.000000 0.049744
203.000000 0.049744
204.000000 0.049744
205.000000 0.049744
206.000000 0.051282
207.000000 0.051282
208.000000 0.051282
209.000000 0.051282
210.000000 0.049744
211.000000 0.051282
212.000000 0.049744
213.000000 0.049744
214.000000 0.051282
215.000000 0.051282
216.000000 0.049744
217.000000 0.051282
218.000000 0.051282
219.000000 0.049744
220.000000 0.051282
221.000000 0.051282
222.000000 0.051282
223.000000 0.051282
224.000000 0.053077
225.000000 0.051282
226.000000 0.053077
227.000000 0.053077
228.000000 0.053077
229.000000 0.053077
230.000000 0.053077
231.000000 0.054615
232.000000 0.053077
233.000000 0.054615
234.000000 0.054615
235.000000 0.054615
236.000000 0.056154
237.000000 0.056154
238.000000 0.056154
239.000000 0.056154
240.000000 0.057692
241.000000 0.057692
242.000000 0.057692
243.000000 0.056154
244.000000 0.057692
245.000000 0.056154
246.000000 0.056154
247.000000 0.057692
248.000000 0.057692
249.000000 0.057692
250.000000 0.057692
251.000000 0.057692
252.000000 0.057692
253.000000 0.057692
254.000000 0.057692
255.000000 0.057692
256.000000 0.056154
257.000000 0.057692
258.000000 0.057692
259.000000 0.056154
260.000000 0.057692
261.000000 0.057692
262.000000 0.056154
263.000000 0.057692
264.000000 0.057692
265.000000 0.057692
266.000000 0.057692
267.000000 0.057692
268.000000 0.057692
269.000000 0.057692
270.000000 0.057692
271.000000 0.057692
272.000000 0.057692
273.000000 0.056154
274.000000 0.057692
275.000000 0.056154
276.000000 0.056154
277.000000 0.056154
278.000000 0.056154
279.000000 0.056154
280.000000 0.056154
281.000000 0.056154
282.000000 0.054615
283.000000 0.056154
284.000000 0.056154
285.000000 0.056154
286.000000 0.056154
287.000000 0.056154
288.000000 0.056154
289.000000 0.056154
290.000000 0.056154
291.000000 0.056154
292.000000 0.056154
293.000000 0.056154
294.000000 0.056154
295.000000 0.056154
296.000000 0.057692
297.000000 0.056154
298.000000 0.057692
299.000000 0.056154
300.000000 0.057692
301.000000 0.056154
302.000000 0.057692
303.000000 0.057692
304.000000 0.057692
305.000000 0.059487
306.000000 0.059487
307.000000 0.059487
308.000000 0.057692
309.000000 0.059487
310.000000 0.059487
311.000000 0.057692
312.000000 0.059487
313.000000 0.059487
314.000000 0.059487
315.000000 0.059487
316.000000 0.059487
317.000000 0.059487
318.000000 0.059487
319.000000 0.061026
320.000000 0.059487
321.000000 0.061026
322.000000 0.061026
323.000000 0.061026
324.000000 0.061026
325.000000 0.061026
326.000000 0.061026
327.000000 0.061026
328.000000 0.061026
329.000000 0.061026
330.000000 0.061026
331.000000 0.061026
332.000000 0.061026
333.000000 0.061026
334.000000 0.061026
335.000000 0.061026
336.000000 0.061026
337.000000 0.061026
338.000000 0.061026
339.000000 0.059487
340.000000 0.061026
341.000000 0.061026
342.000000 0.059487
343.000000 0.059487
344.000000 0.059487
345.000000 0.059487
346.000000 0.059487
347.000000 0.059487
348.000000 0.059487
349.000000 0.059487
350.000000 0.059487
