1.000000 0.003529
2.000000 0.003529
3.000000 0.003529
4.000000 0.003529
5.000000 0.003529
6.000000 0.003529
7.000000 0.003529
8.000000 0.001765
9.000000 0.003529
10.000000 0.001765
11.000000 0.001765
12.000000 0.003529
13.000000 0.003529
14.000000 0.003529
15.000000 0.003529
16.000000 0.003529
17.000000 0.005588
18.000000 0.005588
19.000000 0.005588
20.000000 0.007353
21.000000 0.007353
22.000000 0.007353
23.000000 0.009118
24.000000 0.010882
25.000000 0.012941
26.000000 0.012941
27.000000 0.014706
28.000000 0.016471
29.000000 0.018235
30.000000 0.020294
31.000000 0.022059
32.000000 0.023824
33.000000 0.025588
34.000000 0.027647
35.000000 0.029412
36.000000 0.031176
37.000000 0.032941
38.000000 0.035000
39.000000 0.038529
40.000000 0.040294
41.000000 0.040294
42.000000 0.044118
43.000000 0.045882
44.000000 0.049706
45.000000 0.051471
46.000000 0.053235
47.000000 0.057059
48.000000 0.058824
49.000000 0.060588
50.000000 0.064412
51.000000 0.066176
52.000000 0.067941
53.000000 0.071765
54.000000 0.071765
55.000000 0.075294
56.000000 0.077059
57.000000 0.080882
58.000000 0.082647
59.000000 0.084412
60.000000 0.088235
61.000000 0.090000
62.000000 0.091765
63.000000 0.093824
64.000000 0.095588
65.000000 0.099118
66.000000 0.101176
67.000000 0.102941
68.000000 0.104706
69.000000 0.106471
70.000000 0.108529
71.000000 0.110294
72.000000 0.112059
73.000000 0.115882
74.000000 0.117647
75.000000 0.119412
76.000000 0.121176
77.000000 0.123235
78.000000 0.125000
79.000000 0.126765
80.000000 0.128529
81.000000 0.130588
82.000000 0.132353
83.000000 0.134118
84.000000 0.135882
85.000000 0.137941
86.000000 0.139706
87.000000 0.141471
88.000000 0.143235
89.000000 0.143235
90.000000 0.145294
91.000000 0.147059
92.000000 0.148824
93.000000 0.150588
94.000000 0.150588
95.000000 0.152647
96.000000 0.152647
97.000000 0.156176
98.000000 0.156176
99.000000 0.157941
100.000000 0.160000
101.000000 0.160000
102.000000 0.161765
103.000000 0.161765
104.000000 0.165294
105.000000 0.165294
106.000000 0.167353
107.000000 0.167353
108.000000 0.169118
109.000000 0.170882
110.000000 0.172647
111.000000 0.172647
112.000000 0.174706
113.000000 0.176471
114.000000 0.176471
115.000000 0.178235
116.000000 0.180000
117.000000 0.180000
118.000000 0.182059
119.000000 0.182059
120.000000 0.182059
121.000000 0.183824
122.000000 0.183824
123.000000 0.185588
124.000000 0.185588
125.000000 0.187353
126.000000 0.187353
127.000000 0.189412
128.000000 0.189412
129.000000 0.189412
130.000000 0.191176
131.000000 0.191176
132.000000 0.192941
133.000000 0.192941
134.000000 0.194706
135.000000 0.194706
136.000000 0.194706
137.000000 0.196765
138.000000 0.196765
139.000000 0.198529
140.000000 0.198529
141.000000 0.200294
142.000000 0.200294
143.000000 0.200294
144.000000 0.200294
145.000000 0.202059
146.000000 0.204118
147.000000 0.204118
148.000000 0.204118
149.000000 0.204118
150.000000 0.205882
151.000000 0.205882
152.000000 0.205882
153.000000 0.207647
154.000000 0.207647
155.000000 0.209412
156.000000 0.209412
157.000000 0.209412
158.000000 0.211471
159.000000 0.211471
160.000000 0.211471
161.000000 0.211471
162.000000 0.213235
163.000000 0.213235
164.000000 0.213235
165.000000 0.215000
166.000000 0.215000
167.000000 0.215000
168.000000 0.215000
169.000000 0.216765
170.000000 0.216765
171.000000 0.216765
172.000000 0.216765
173.000000 0.218824
174.000000 0.218824
175.000000 0.218824
176.000000 0.218824
177.000000 0.220588
178.000000 0.220588
179.000000 0.220588
180.000000 0.222353
181.000000 0.222353
182.000000 0.222353
183.000000 0.222353
184.000000 0.224118
185.000000 0.224118
186.000000 0.224118
187.000000 0.224118
188.000000 0.224118
189.000000 0.224118
190.000000 0.224118
191.000000 0.226176
192.000000 0.226176
193.000000 0.226176
194.000000 0.226176
195.000000 0.226176
196.000000 0.226176
197.000000 0.227941
198.000000 0.227941
199.000000 0.227941
200.000000 0.227941
201.000000 0.227941
202.000000 0.227941
203.000000 0.227941
204.000000 0.229706
205.000000 0.227941
206.000000 0.227941
207.000000 0.227941
208.000000 0.229706
209.000000 0.229706
210.000000 0.229706
211.000000 0.229706
212.000000 0.229706
213.000000 0.229706
214.000000 0.229706
215.000000 0.231471
216.000000 0.231471
217.000000 0.231471
218.000000 0.231471
219.000000 0.231471
220.000000 0.231471
221.000000 0.231471
222.000000 0.231471
223.000000 0.231471
224.000000 0.231471
225.000000 0.231471
226.000000 0.233529
227.000000 0.233529
228.000000 0.233529
229.000000 0.233529
230.000000 0.233529
231.000000 0.233529
232.000000 0.233529
233.000000 0.233529
234.000000 0.233529
235.000000 0.233529
236.000000 0.233529
237.000000 0.233529
238.000000 0.233529
239.000000 0.233529
240.000000 0.233529
241.000000 0.233529
242.000000 0.233529
243.000000 0.233529
244.000000 0.233529
245.000000 0.233529
246.000000 0.233529
247.000000 0.233529
248.000000 0.233529
249.000000 0.233529
250.000000 0.233529
251.000000 0.235294
252.000000 0.235294
253.000000 0.235294
254.000000 0.235294
255.000000 0.235294
256.000000 0.235294
257.000000 0.235294
258.000000 0.235294
259.000000 0.235294
260.000000 0.235294
261.000000 0.237059
262.000000 0.237059
263.000000 0.237059
264.000000 0.237059
265.000000 0.237059
266.000000 0.237059
267.000000 0.237059
268.000000 0.237059
269.000000 0.238824
270.000000 0.238824
271.000000 0.238824
272.000000 0.238824
273.000000 0.238824
274.000000 0.238824
275.000000 0.238824
276.000000 0.240882
277.000000 0.238824
278.000000 0.238824
279.000000 0.238824
280.000000 0.240882
281.000000 0.240882
282.000000 0.240882
283.000000 0.240882
284.000000 0.240882
285.000000 0.240882
286.000000 0.242647
287.000000 0.242647
288.000000 0.242647
289.000000 0.242647
290.000000 0.242647
291.000000 0.242647
292.000000 0.242647
293.000000 0.242647
294.000000 0.242647
295.000000 0.242647
296.000000 0.240882
297.000000 0.242647
298.000000 0.240882
299.000000 0.240882
300.000000 0.240882
301.000000 0.240882
302.000000 0.240882
303.000000 0.240882
304.000000 0.240882
305.000000 0.242647
306.000000 0.240882
307.000000 0.240882
308.000000 0.240882
309.000000 0.242647
310.000000 0.240882
311.000000 0.242647
312.000000 0.240882
313.000000 0.240882
314.000000 0.240882
315.000000 0.240882
316.000000 0.240882
317.000000 0.240882
318.000000 0.240882
319.000000 0.240882
320.000000 0.240882
321.000000 0.240882
322.000000 0.240882
323.000000 0.240882
324.000000 0.240882
325.000000 0.240882
326.000000 0.240882
327.000000 0.240882
328.000000 0.240882
329.000000 0.240882
330.000000 0.240882
331.000000 0.240882
332.000000 0.240882
333.000000 0.240882
334.000000 0.240882
335.000000 0.240882
336.000000 0.240882
337.000000 0.240882
338.000000 0.240882
339.000000 0.242647
340.000000 0.242647
341.000000 0.242647
342.000000 0.242647
343.000000 0.242647
344.000000 0.242647
345.000000 0.242647
346.000000 0.242647
347.000000 0.242647
348.000000 0.242647
349.000000 0.242647
350.000000 0.242647
