1.000000 0.000000
2.000000 0.000000
3.000000 0.000000
4.000000 0.000000
5.000000 0.000000
6.000000 0.000000
7.000000 0.000000
8.000000 0.000000
9.000000 0.000000
10.000000 0.000000
11.000000 0.000000
12.000000 0.001946
13.000000 0.005390
14.000000 0.009971
15.000000 0.015397
16.000000 0.021434
17.000000 0.027892
18.000000 0.034623
19.000000 0.041505
20.000000 0.048447
21.000000 0.055372
22.000000 0.062224
23.000000 0.068959
24.000000 0.075544
25.000000 0.081953
26.000000 0.088169
27.000000 0.094180
28.000000 0.099979
29.000000 0.105562
30.000000 0.110926
31.000000 0.116074
32.000000 0.121007
33.000000 0.125731
34.000000 0.130249
35.000000 0.134568
36.000000 0.138693
37.000000 0.142631
38.000000 0.146389
39.000000 0.149973
40.000000 0.153391
41.000000 0.156649
42.000000 0.159754
43.000000 0.162712
44.000000 0.165530
45.000000 0.168214
46.000000 0.170770
47.000000 0.173204
48.000000 0.175521
49.000000 0.177727
50.000000 0.179827
51.000000 0.181826
52.000000 0.183729
53.000000 0.185540
54.000000 0.187264
55.000000 0.188904
56.000000 0.190466
57.000000 0.191951
58.000000 0.193365
59.000000 0.194711
60.000000 0.195992
61.000000 0.197210
62.000000 0.198370
63.000000 0.199473
64.000000 0.200523
65.000000 0.201522
66.000000 0.202473
67.000000 0.203377
68.000000 0.204238
69.000000 0.205057
70.000000 0.205837
71.000000 0.206578
72.000000 0.207284
73.000000 0.207956
74.000000 0.208595
75.000000 0.209203
76.000000 0.209781
77.000000 0.210332
78.000000 0.210855
79.000000 0.211354
80.000000 0.211828
81.000000 0.212279
82.000000 0.212709
83.000000 0.213117
84.000000 0.213506
85.000000 0.213876
86.000000 0.214228
87.000000 0.214563
88.000000 0.214881
89.000000 0.215185
90.000000 0.215473
91.000000 0.215748
92.000000 0.216009
93.000000 0.216258
94.000000 0.216494
95.000000 0.216719
96.000000 0.216933
97.000000 0.217137
98.000000 0.217331
99.000000 0.217515
100.000000 0.217691
101.000000 0.217858
102.000000 0.218017
103.000000 0.218168
104.000000 0.218312
105.000000 0.218449
106.000000 0.218579
107.000000 0.218703
108.000000 0.218821
109.000000 0.218933
110.000000 0.219040
111.000000 0.219142
112.000000 0.219239
113.000000 0.219331
114.000000 0.219418
115.000000 0.219501
116.000000 0.219581
117.000000 0.219656
118.000000 0.219728
119.000000 0.219796
120.000000 0.219861
121.000000 0.219923
122.000000 0.219982
123.000000 0.220038
124.000000 0.220091
125.000000 0.220142
126.000000 0.220190
127.000000 0.220236
128.000000 0.220279
129.000000 0.220321
130.000000 0.220360
131.000000 0.220398
132.000000 0.220434
133.000000 0.220468
134.000000 0.220500
135.000000 0.220531
136.000000 0.220561
137.000000 0.220588
138.000000 0.220615
139.000000 0.220640
140.000000 0.220664
141.000000 0.220687
142.000000 0.220709
143.000000 0.220730
144.000000 0.220749
145.000000 0.220768
146.000000 0.220786
147.000000 0.220803
148.000000 0.220819
149.000000 0.220835
150.000000 0.220849
