1.000000 0.000000
2.000000 0.000000
3.000000 0.000000
4.000000 0.000000
5.000000 0.000000
6.000000 0.000000
7.000000 0.000000
8.000000 0.000000
9.000000 0.000000
10.000000 0.000000
11.000000 0.000000
12.000000 0.000000
13.000000 0.000000
14.000000 0.000000
15.000000 0.000000
16.000000 0.000000
17.000000 0.000000
18.000000 0.000000
19.000000 0.000000
20.000000 0.000000
21.000000 1.797740
22.000000 2.724021
23.000000 3.046511
24.000000 2.985659
25.000000 2.710537
26.000000 2.342069
27.000000 1.763156
28.000000 1.221950
29.000000 0.827972
30.000000 0.604029
31.000000 0.526091
32.000000 0.551050
33.000000 0.655618
34.000000 0.790450
35.000000 0.911791
36.000000 0.993409
37.000000 1.027179
38.000000 1.018392
39.000000 0.977316
40.000000 0.918817
41.000000 0.858168
42.000000 0.807281
43.000000 0.772839
44.000000 0.756312
45.000000 0.755456
46.000000 0.765630
47.000000 0.781277
48.000000 0.797290
49.000000 0.809953
50.000000 0.817330
51.000000 0.819134
52.000000 0.816317
53.000000 0.810544
54.000000 0.803659
55.000000 0.797254
56.000000 0.792406
57.000000 0.789596
58.000000 0.788773
59.000000 0.789508
60.000000 0.791182
61.000000 0.793160
62.000000 0.794924
63.000000 0.796149
64.000000 0.796709
65.000000 0.796655
66.000000 0.796151
67.000000 0.795408
68.000000 0.794635
69.000000 0.793988
70.000000 0.793559
71.000000 0.793371
72.000000 0.793394
73.000000 0.793565
74.000000 0.793806
75.000000 0.794052
76.000000 0.794252
77.000000 0.794380
78.000000 0.794434
79.000000 0.794427
80.000000 0.794383
81.000000 0.794327
82.000000 0.794280
83.000000 0.794258
84.000000 0.633548
85.000000 0.417629
86.000000 0.209694
87.000000 0.042300
88.000000 -0.072676
89.000000 -0.136132
90.000000 -0.138254
91.000000 -0.093007
92.000000 -0.021651
93.000000 0.056241
94.000000 0.126642
95.000000 0.181792
96.000000 0.217330
97.000000 0.234028
98.000000 0.236400
99.000000 0.230502
100.000000 0.222052
101.000000 0.215299
102.000000 0.212842
103.000000 0.215510
104.000000 0.222630
105.000000 0.232587
106.000000 0.243455
107.000000 0.253509
108.000000 0.261524
109.000000 0.266897
110.000000 0.269621
111.000000 0.270144
112.000000 0.269163
113.000000 0.267426
114.000000 0.265575
115.000000 0.264057
116.000000 0.263092
117.000000 0.262698
118.000000 0.262751
119.000000 0.263050
120.000000 0.263388
121.000000 0.263599
122.000000 0.263587
123.000000 0.263331
124.000000 0.262857
125.000000 0.262194
126.000000 0.261320
127.000000 0.260224
128.000000 0.258922
129.000000 0.257457
130.000000 0.255887
131.000000 0.254282
132.000000 0.251605
133.000000 0.247952
134.000000 0.243885
135.000000 0.240023
136.000000 0.236837
137.000000 0.234577
138.000000 0.233530
139.000000 0.233694
140.000000 0.234780
141.000000 0.236348
142.000000 0.237955
143.000000 0.239255
144.000000 0.240009
145.000000 0.240132
146.000000 0.239690
147.000000 0.238867
148.000000 0.237896
149.000000 0.236998
150.000000 0.236345
151.000000 0.236033
152.000000 0.236082
153.000000 0.236440
154.000000 0.237013
155.000000 0.237694
156.000000 0.238387
157.000000 0.239022
158.000000 0.239566
159.000000 0.240023
160.000000 0.240422
161.000000 0.240807
162.000000 0.241224
163.000000 0.241713
164.000000 0.242300
165.000000 0.242994
166.000000 0.243792
167.000000 0.244678
168.000000 0.245634
169.000000 0.246640
170.000000 0.247682
171.000000 0.248751
172.000000 0.249843
173.000000 0.250962
174.000000 0.252114
175.000000 0.253306
176.000000 0.254544
177.000000 0.255833
178.000000 0.257177
179.000000 0.258574
180.000000 0.260022
181.000000 0.261519
182.000000 0.263059
183.000000 0.264641
184.000000 0.266261
185.000000 0.267917
186.000000 0.269608
187.000000 0.271333
188.000000 0.273097
189.000000 0.274913
190.000000 0.276802
191.000000 0.278783
192.000000 0.280874
193.000000 0.283083
194.000000 0.285410
195.000000 0.287949
196.000000 0.290763
197.000000 0.293854
198.000000 0.297167
199.000000 0.300614
200.000000 0.304101
201.000000 0.307525
202.000000 0.310800
203.000000 0.313882
204.000000 0.316776
205.000000 0.319524
206.000000 0.322192
207.000000 0.324856
208.000000 0.327585
209.000000 0.330431
210.000000 0.333420
211.000000 0.336552
212.000000 0.339809
213.000000 0.343158
214.000000 0.346566
215.000000 0.350002
216.000000 0.353446
217.000000 0.356889
218.000000 0.360335
219.000000 0.363793
220.000000 0.367278
221.000000 0.370805
222.000000 0.374387
223.000000 0.378031
224.000000 0.381738
225.000000 0.385507
226.000000 0.389331
227.000000 0.393202
228.000000 0.397116
229.000000 0.401065
230.000000 0.405047
231.000000 0.409060
232.000000 0.413106
233.000000 0.417185
234.000000 0.421301
235.000000 0.425456
236.000000 0.429650
237.000000 0.433884
238.000000 0.438159
239.000000 0.442474
240.000000 0.446827
241.000000 0.451219
242.000000 0.455647
243.000000 0.460111
244.000000 0.464610
245.000000 0.469146
246.000000 0.473716
247.000000 0.478320
248.000000 0.482955
249.000000 0.487621
250.000000 0.492314
251.000000 0.497034
252.000000 0.501780
253.000000 0.506551
254.000000 0.511348
255.000000 0.516172
256.000000 0.521025
257.000000 0.525907
258.000000 0.530818
259.000000 0.535759
260.000000 0.540729
261.000000 0.545726
262.000000 0.550748
263.000000 0.555796
264.000000 0.560866
265.000000 0.565958
266.000000 0.571072
267.000000 0.576206
268.000000 0.581362
269.000000 0.586539
270.000000 0.591737
271.000000 0.596956
272.000000 0.602196
273.000000 0.607457
274.000000 0.612737
275.000000 0.618035
276.000000 0.623352
277.000000 0.628686
278.000000 0.634037
279.000000 0.639403
280.000000 0.644785
281.000000 0.650181
282.000000 0.655592
283.000000 0.661018
284.000000 0.666457
285.000000 0.671909
286.000000 0.677374
287.000000 0.682851
288.000000 0.688339
289.000000 0.693839
290.000000 0.699349
291.000000 0.704869
292.000000 0.710398
293.000000 0.715936
294.000000 0.721482
295.000000 0.727036
296.000000 0.732596
297.000000 0.738164
298.000000 0.743737
299.000000 0.749316
300.000000 0.754900
301.000000 0.760488
302.000000 0.766080
303.000000 0.771675
304.000000 0.777272
305.000000 0.782870
306.000000 0.788469
307.000000 0.794068
308.000000 0.799667
309.000000 0.805264
310.000000 0.810859
311.000000 0.816451
312.000000 0.822042
313.000000 0.827629
314.000000 0.833214
315.000000 0.838795
316.000000 0.844374
317.000000 0.849948
318.000000 0.855518
319.000000 0.861083
320.000000 0.866642
321.000000 0.872194
322.000000 0.877738
323.000000 0.883274
324.000000 0.888800
325.000000 0.894317
326.000000 0.899824
327.000000 0.905320
328.000000 0.910805
329.000000 0.916279
330.000000 0.921742
331.000000 0.927192
332.000000 0.932629
333.000000 0.938052
334.000000 0.943462
335.000000 0.948857
336.000000 0.954237
337.000000 0.959600
338.000000 0.964948
339.000000 0.970278
340.000000 0.975591
341.000000 0.980886
342.000000 0.986162
343.000000 0.991419
344.000000 0.996657
345.000000 1.001875
346.000000 1.007073
347.000000 1.012249
348.000000 1.017404
349.000000 1.022537
350.000000 1.027647
351.000000 1.032734
352.000000 1.037798
353.000000 1.042837
354.000000 1.047851
355.000000 1.052840
356.000000 1.057804
357.000000 1.062741
358.000000 1.067652
359.000000 1.072536
360.000000 1.077392
361.000000 1.082220
362.000000 1.087019
363.000000 1.091790
364.000000 1.096530
365.000000 1.101241
366.000000 1.105922
367.000000 1.110571
368.000000 1.115189
369.000000 1.119775
370.000000 1.124329
371.000000 1.128850
372.000000 1.133337
373.000000 1.137791
374.000000 1.142211
375.000000 1.146596
376.000000 1.150946
377.000000 1.155261
378.000000 1.159540
379.000000 1.163782
380.000000 1.167988
381.000000 1.172157
382.000000 1.176288
383.000000 1.180381
384.000000 1.184435
385.000000 1.188451
386.000000 1.192428
387.000000 1.196365
388.000000 1.200262
389.000000 1.204118
390.000000 1.207934
391.000000 1.211709
392.000000 1.215442
393.000000 1.219133
394.000000 1.222782
395.000000 1.226388
396.000000 1.229952
397.000000 1.233471
398.000000 1.236948
399.000000 1.240380
400.000000 1.243768
401.000000 1.247111
402.000000 1.250408
403.000000 1.253661
404.000000 1.256868
405.000000 1.260028
406.000000 1.263143
407.000000 1.266210
408.000000 1.269231
409.000000 1.272205
410.000000 1.275130
411.000000 1.278008
412.000000 1.280838
413.000000 1.283619
414.000000 1.286352
415.000000 1.289035
416.000000 1.291670
417.000000 1.294254
418.000000 1.296789
419.000000 1.299274
420.000000 1.301709
421.000000 1.304093
422.000000 1.306426
423.000000 1.308709
424.000000 1.310940
425.000000 1.313120
426.000000 1.315248
427.000000 1.317324
428.000000 1.319348
429.000000 1.321319
430.000000 1.323238
431.000000 1.325105
432.000000 1.326919
433.000000 1.328679
434.000000 1.330386
435.000000 1.332040
436.000000 1.333641
437.000000 1.335187
438.000000 1.336680
439.000000 1.338119
440.000000 1.339503
441.000000 1.340833
442.000000 1.342109
443.000000 1.343330
444.000000 1.344497
445.000000 1.345608
446.000000 1.346665
447.000000 1.347667
448.000000 1.348613
449.000000 1.349505
450.000000 1.350341
451.000000 1.351121
452.000000 1.351846
453.000000 1.352516
454.000000 1.353130
455.000000 1.353688
456.000000 1.354191
457.000000 1.354638
458.000000 1.355028
459.000000 1.355364
460.000000 1.355643
461.000000 1.355866
462.000000 1.356033
463.000000 1.356145
464.000000 1.356200
465.000000 1.356199
466.000000 1.356143
467.000000 1.356030
468.000000 1.355861
469.000000 1.355637
470.000000 1.355356
471.000000 1.355020
472.000000 1.354628
473.000000 1.354180
474.000000 1.353676
475.000000 1.353116
476.000000 1.352501
477.000000 1.351830
478.000000 1.351104
479.000000 1.350322
480.000000 1.349484
481.000000 1.348592
482.000000 1.347644
483.000000 1.346641
484.000000 1.345583
485.000000 1.344470
486.000000 1.343302
487.000000 1.342080
488.000000 1.340803
489.000000 1.339471
490.000000 1.338086
491.000000 1.336646
492.000000 1.335152
493.000000 1.333604
494.000000 1.332002
495.000000 1.330347
496.000000 1.328639
497.000000 1.326877
498.000000 1.325062
499.000000 1.323194
500.000000 1.321274
501.000000 1.319301
502.000000 1.317276
503.000000 1.315199
504.000000 1.313069
505.000000 1.310889
506.000000 1.308656
507.000000 1.306373
508.000000 1.304038
509.000000 1.301653
510.000000 1.299217
511.000000 1.296731
512.000000 1.294195
513.000000 1.291609
514.000000 1.288973
515.000000 1.286289
516.000000 1.283555
517.000000 1.280773
518.000000 1.277942
519.000000 1.275063
520.000000 1.272136
521.000000 1.269161
522.000000 1.266139
523.000000 1.263071
524.000000 1.259955
525.000000 1.256793
526.000000 1.253586
527.000000 1.250332
528.000000 1.247033
529.000000 1.243689
530.000000 1.240300
531.000000 1.236867
532.000000 1.233390
533.000000 1.229869
534.000000 1.226305
535.000000 1.222697
536.000000 1.219047
537.000000 1.215355
538.000000 1.211621
539.000000 1.207846
540.000000 1.204029
541.000000 1.200171
542.000000 1.196273
543.000000 1.192335
544.000000 1.188358
545.000000 1.184341
546.000000 1.180286
547.000000 1.176192
548.000000 1.172060
549.000000 1.167891
550.000000 1.163684
551.000000 1.159441
552.000000 1.155161
553.000000 1.150845
554.000000 1.146494
555.000000 1.142108
556.000000 1.137688
557.000000 1.133233
558.000000 1.128745
559.000000 1.124223
560.000000 1.119669
561.000000 1.115082
562.000000 1.110463
563.000000 1.105813
564.000000 1.101132
565.000000 1.096421
566.000000 1.091679
567.000000 1.086908
568.000000 1.082108
569.000000 1.077279
570.000000 1.072422
571.000000 1.067538
572.000000 1.062627
573.000000 1.057689
574.000000 1.052724
575.000000 1.047734
576.000000 1.042719
577.000000 1.037680
578.000000 1.032616
579.000000 1.027528
580.000000 1.022418
581.000000 1.017285
582.000000 1.012129
583.000000 1.006953
584.000000 1.001755
585.000000 0.996536
586.000000 0.991298
587.000000 0.986040
588.000000 0.980763
589.000000 0.975468
590.000000 0.970154
591.000000 0.964824
592.000000 0.959476
593.000000 0.954112
594.000000 0.948733
595.000000 0.943338
596.000000 0.937928
597.000000 0.932505
598.000000 0.927067
599.000000 0.921617
600.000000 0.916154
601.000000 0.910679
602.000000 0.905193
603.000000 0.899696
604.000000 0.894188
605.000000 0.888671
606.000000 0.883144
607.000000 0.877609
608.000000 0.872065
609.000000 0.866515
610.000000 0.860957
611.000000 0.855392
612.000000 0.849822
613.000000 0.844246
614.000000 0.838666
615.000000 0.833081
616.000000 0.827493
617.000000 0.821901
618.000000 0.816307
619.000000 0.810711
620.000000 0.805113
621.000000 0.799515
622.000000 0.793916
623.000000 0.788318
624.000000 0.782720
625.000000 0.777124
626.000000 0.771530
627.000000 0.765938
628.000000 0.760349
629.000000 0.754764
630.000000 0.749183
631.000000 0.743606
632.000000 0.738035
633.000000 0.732470
634.000000 0.726911
635.000000 0.721359
636.000000 0.715815
637.000000 0.710278
638.000000 0.704750
639.000000 0.699232
640.000000 0.693723
641.000000 0.688224
642.000000 0.682736
643.000000 0.677260
644.000000 0.671795
645.000000 0.666343
646.000000 0.660904
647.000000 0.655478
648.000000 0.650067
649.000000 0.644670
650.000000 0.639288
651.000000 0.633922
652.000000 0.628573
653.000000 0.623240
654.000000 0.617924
655.000000 0.612626
656.000000 0.607347
657.000000 0.602086
658.000000 0.596845
659.000000 0.591624
660.000000 0.586423
661.000000 0.581243
662.000000 0.576085
663.000000 0.570949
664.000000 0.565835
665.000000 0.560745
666.000000 0.555678
667.000000 0.550635
668.000000 0.545616
669.000000 0.540623
670.000000 0.535655
671.000000 0.530713
672.000000 0.525798
673.000000 0.520910
674.000000 0.516050
675.000000 0.511217
676.000000 0.506413
677.000000 0.501638
678.000000 0.496893
679.000000 0.492177
680.000000 0.487492
681.000000 0.482837
682.000000 0.478215
683.000000 0.473623
684.000000 0.469064
685.000000 0.464538
686.000000 0.460045
687.000000 0.455586
688.000000 0.451161
689.000000 0.446770
690.000000 0.442414
691.000000 0.438094
692.000000 0.433809
693.000000 0.429561
694.000000 0.425349
695.000000 0.421175
696.000000 0.417038
697.000000 0.412939
698.000000 0.408878
699.000000 0.404856
700.000000 0.400873
701.000000 0.396930
702.000000 0.393026
703.000000 0.389163
704.000000 0.385341
705.000000 0.381560
706.000000 0.377820
707.000000 0.374122
708.000000 0.370466
709.000000 0.366853
710.000000 0.363283
711.000000 0.359756
712.000000 0.356273
713.000000 0.352834
714.000000 0.349439
715.000000 0.346089
716.000000 0.342784
717.000000 0.339524
718.000000 0.336310
719.000000 0.333142
720.000000 0.330020
721.000000 0.326945
722.000000 0.323917
723.000000 0.320936
724.000000 0.318003
725.000000 0.315117
726.000000 0.312280
727.000000 0.309491
728.000000 0.306750
729.000000 0.304059
730.000000 0.301417
731.000000 0.298824
732.000000 0.296281
733.000000 0.293788
734.000000 0.291345
735.000000 0.288953
736.000000 0.286612
737.000000 0.284321
738.000000 0.282082
739.000000 0.279894
740.000000 0.277758
741.000000 0.275674
742.000000 0.273641
743.000000 0.271661
744.000000 0.269734
745.000000 0.267859
746.000000 0.266037
747.000000 0.264268
748.000000 0.262552
749.000000 0.260890
750.000000 0.259281
751.000000 0.257726
752.000000 0.256224
753.000000 0.254777
754.000000 0.253384
755.000000 0.252045
756.000000 0.250761
757.000000 0.249531
758.000000 0.248356
759.000000 0.247235
760.000000 0.246170
761.000000 0.245159
762.000000 0.244204
763.000000 0.243304
764.000000 0.242459
765.000000 0.241669
766.000000 0.240935
767.000000 0.240257
768.000000 0.239634
769.000000 0.239067
770.000000 0.238556
771.000000 0.238100
772.000000 0.237700
773.000000 0.237356
774.000000 0.237068
775.000000 0.236836
776.000000 0.236660
777.000000 0.236540
778.000000 0.236475
779.000000 0.236467
780.000000 0.236515
781.000000 0.236618
782.000000 0.236778
783.000000 0.236994
784.000000 0.237265
785.000000 0.237593
786.000000 0.237976
787.000000 0.238415
788.000000 0.238910
789.000000 0.239461
790.000000 0.240067
791.000000 0.240729
792.000000 0.241447
793.000000 0.242220
794.000000 0.243049
795.000000 0.243932
796.000000 0.244871
797.000000 0.245866
798.000000 0.246915
799.000000 0.248019
800.000000 0.249178
801.000000 0.250392
802.000000 0.251660
803.000000 0.252983
804.000000 0.254360
805.000000 0.255791
806.000000 0.257277
807.000000 0.258816
808.000000 0.260409
809.000000 0.262056
810.000000 0.263756
811.000000 0.265509
812.000000 0.267315
813.000000 0.269175
814.000000 0.271087
815.000000 0.273051
816.000000 0.275068
817.000000 0.277137
818.000000 0.279258
819.000000 0.281431
820.000000 0.283655
821.000000 0.285930
822.000000 0.288257
823.000000 0.290634
824.000000 0.293062
825.000000 0.295540
826.000000 0.298068
827.000000 0.300646
828.000000 0.303274
829.000000 0.305950
830.000000 0.308676
831.000000 0.311451
832.000000 0.314274
833.000000 0.317146
834.000000 0.320065
835.000000 0.323032
836.000000 0.326046
837.000000 0.329108
838.000000 0.332216
839.000000 0.335370
840.000000 0.338571
841.000000 0.341817
842.000000 0.345109
843.000000 0.348445
844.000000 0.351827
845.000000 0.355253
846.000000 0.358723
847.000000 0.362237
848.000000 0.365795
849.000000 0.369395
850.000000 0.373038
851.000000 0.376724
852.000000 0.380451
853.000000 0.384220
854.000000 0.388031
855.000000 0.391882
856.000000 0.395773
857.000000 0.399705
858.000000 0.403676
859.000000 0.407686
860.000000 0.411736
861.000000 0.415824
862.000000 0.419950
863.000000 0.424113
864.000000 0.428314
865.000000 0.432551
866.000000 0.436825
867.000000 0.441135
868.000000 0.445480
869.000000 0.449861
870.000000 0.454276
871.000000 0.458725
872.000000 0.463208
873.000000 0.467725
874.000000 0.472274
875.000000 0.476856
876.000000 0.481469
877.000000 0.486114
878.000000 0.490791
879.000000 0.495497
880.000000 0.500234
881.000000 0.505000
882.000000 0.509796
883.000000 0.514620
884.000000 0.519472
885.000000 0.524352
886.000000 0.529259
887.000000 0.534193
888.000000 0.539153
889.000000 0.544139
890.000000 0.549150
891.000000 0.554186
892.000000 0.559246
893.000000 0.564330
894.000000 0.569437
895.000000 0.574566
896.000000 0.579718
897.000000 0.584892
898.000000 0.590086
899.000000 0.595301
900.000000 0.600537
901.000000 0.605792
902.000000 0.611065
903.000000 0.616358
904.000000 0.621668
905.000000 0.626996
906.000000 0.632341
907.000000 0.637702
908.000000 0.643080
909.000000 0.648472
910.000000 0.653879
911.000000 0.659301
912.000000 0.664736
913.000000 0.670184
914.000000 0.675645
915.000000 0.681118
916.000000 0.686603
917.000000 0.692098
918.000000 0.697604
919.000000 0.703120
920.000000 0.708645
921.000000 0.714179
922.000000 0.719721
923.000000 0.725271
924.000000 0.730828
925.000000 0.736391
926.000000 0.741961
927.000000 0.747536
928.000000 0.753115
929.000000 0.758699
930.000000 0.764287
931.000000 0.769878
932.000000 0.775472
933.000000 0.781068
934.000000 0.786665
935.000000 0.792263
936.000000 0.797862
937.000000 0.803461
938.000000 0.809058
939.000000 0.814655
940.000000 0.820250
941.000000 0.825842
942.000000 0.831431
943.000000 0.837017
944.000000 0.842599
945.000000 0.848176
946.000000 0.853748
947.000000 0.859314
948.000000 0.864874
949.000000 0.870427
950.000000 0.875973
951.000000 0.881511
952.000000 0.887040
953.000000 0.892560
954.000000 0.898071
955.000000 0.903571
956.000000 0.909061
957.000000 0.914539
958.000000 0.920005
959.000000 0.925460
960.000000 0.930901
961.000000 0.936329
962.000000 0.941742
963.000000 0.947142
964.000000 0.952526
965.000000 0.957894
966.000000 0.963247
967.000000 0.968582
968.000000 0.973901
969.000000 0.979201
970.000000 0.984484
971.000000 0.989748
972.000000 0.994992
973.000000 1.000216
974.000000 1.005420
975.000000 1.010603
976.000000 1.015765
977.000000 1.020905
978.000000 1.026022
979.000000 1.031116
980.000000 1.036187
981.000000 1.041234
982.000000 1.046256
983.000000 1.051254
984.000000 1.056226
985.000000 1.061171
986.000000 1.066091
987.000000 1.070983
988.000000 1.075848
989.000000 1.080685
990.000000 1.085494
991.000000 1.090273
992.000000 1.095024
993.000000 1.099744
994.000000 1.104434
995.000000 1.109093
996.000000 1.113721
997.000000 1.118318
998.000000 1.122882
999.000000 1.127413
1000.000000 1.131911
1001.000000 0.911659
1002.000000 0.800304
1003.000000 0.764389
1004.000000 0.776357
1005.000000 0.815073
1006.000000 0.865422
1007.000000 0.942040
1008.000000 1.013909
1009.000000 1.067336
1010.000000 1.099472
1011.000000 1.113320
1012.000000 1.114267
1013.000000 1.105224
1014.000000 1.092359
1015.000000 1.081141
1016.000000 1.074849
1017.000000 1.074497
1018.000000 1.079424
1019.000000 1.088346
1020.000000 1.099405
1021.000000 1.110691
1022.000000 1.120714
1023.000000 1.128639
1024.000000 1.134282
1025.000000 1.137923
1026.000000 1.140141
1027.000000 1.141632
1028.000000 1.143032
1029.000000 1.144806
1030.000000 1.147197
1031.000000 1.150238
1032.000000 1.153812
1033.000000 1.157709
1034.000000 1.161698
1035.000000 1.165582
1036.000000 1.169223
1037.000000 1.172563
1038.000000 1.175607
1039.000000 1.178408
1040.000000 1.181044
1041.000000 1.183594
1042.000000 1.186121
1043.000000 1.188667
1044.000000 1.191247
1045.000000 1.193855
1046.000000 1.196469
1047.000000 1.199062
1048.000000 1.201610
1049.000000 1.204091
1050.000000 1.206494
1051.000000 1.208816
1052.000000 1.211061
1053.000000 1.213235
1054.000000 1.215350
1055.000000 1.217412
1056.000000 1.219427
1057.000000 1.221399
1058.000000 1.223329
1059.000000 1.225213
1060.000000 1.227049
1061.000000 1.228833
1062.000000 1.230563
1063.000000 1.232237
1064.000000 1.233853
1065.000000 1.235412
1066.000000 1.236914
1067.000000 1.238359
1068.000000 1.239750
1069.000000 1.241086
1070.000000 1.242368
1071.000000 1.243595
1072.000000 1.244769
1073.000000 1.245887
1074.000000 1.246950
1075.000000 1.247958
1076.000000 1.248909
1077.000000 1.249804
1078.000000 1.250642
1079.000000 1.251423
1080.000000 1.252147
1081.000000 1.252815
1082.000000 1.253425
1083.000000 1.253979
1084.000000 1.254476
1085.000000 1.254916
1086.000000 1.255299
1087.000000 1.255624
1088.000000 1.255892
1089.000000 1.256102
1090.000000 1.256254
1091.000000 1.256348
1092.000000 1.256385
1093.000000 1.256363
1094.000000 1.256283
1095.000000 1.256144
1096.000000 1.255947
1097.000000 1.255692
1098.000000 1.255378
1099.000000 1.255005
1100.000000 1.254573
1101.000000 1.254082
1102.000000 1.253532
1103.000000 1.252921
1104.000000 1.252250
1105.000000 1.251525
1106.000000 1.250760
1107.000000 1.249966
1108.000000 1.249150
1109.000000 1.248312
1110.000000 1.247446
1111.000000 1.246542
1112.000000 1.245729
1113.000000 1.244990
1114.000000 1.244253
1115.000000 1.243438
1116.000000 1.242486
1117.000000 1.241367
1118.000000 1.240044
1119.000000 1.238520
1120.000000 1.236832
1121.000000 1.235036
1122.000000 1.233189
1123.000000 1.231334
1124.000000 1.229502
1125.000000 1.227703
1126.000000 1.225929
1127.000000 1.224155
1128.000000 1.222355
1129.000000 1.220498
1130.000000 1.218565
1131.000000 1.216543
1132.000000 1.214431
1133.000000 1.212235
1134.000000 1.209966
1135.000000 1.207640
1136.000000 1.205268
1137.000000 1.202859
1138.000000 1.200417
1139.000000 1.197942
1140.000000 1.195432
1141.000000 1.192879
1142.000000 1.190280
1143.000000 1.187628
1144.000000 1.184921
1145.000000 1.182159
1146.000000 1.179341
1147.000000 1.176470
1148.000000 1.173549
1149.000000 1.170580
1150.000000 1.167565
1151.000000 1.164506
1152.000000 1.161403
1153.000000 1.158256
1154.000000 1.155066
1155.000000 1.151830
1156.000000 1.148548
1157.000000 1.145221
1158.000000 1.141848
1159.000000 1.138429
1160.000000 1.134965
1161.000000 1.131456
1162.000000 1.127904
1163.000000 1.124309
1164.000000 1.120672
1165.000000 1.116992
1166.000000 1.113271
1167.000000 1.109509
1168.000000 1.105706
1169.000000 1.101862
1170.000000 1.097977
1171.000000 1.094052
1172.000000 1.090087
1173.000000 1.086082
1174.000000 1.082039
1175.000000 1.077957
1176.000000 1.073837
1177.000000 1.069679
1178.000000 1.065484
1179.000000 1.061252
1180.000000 1.056984
1181.000000 1.052680
1182.000000 1.048340
1183.000000 1.043965
1184.000000 1.039555
1185.000000 1.035111
1186.000000 1.030633
1187.000000 1.026122
1188.000000 1.021578
1189.000000 1.017001
1190.000000 1.012393
1191.000000 1.007752
1192.000000 1.003081
1193.000000 0.998379
1194.000000 0.993647
1195.000000 0.988886
1196.000000 0.984095
1197.000000 0.979275
1198.000000 0.974427
1199.000000 0.969552
1200.000000 0.964649
1201.000000 0.959719
1202.000000 0.954764
1203.000000 0.949782
1204.000000 0.944775
1205.000000 0.939744
1206.000000 0.934688
1207.000000 0.929608
1208.000000 0.924505
1209.000000 0.919380
1210.000000 0.914232
1211.000000 0.909063
1212.000000 0.903872
1213.000000 0.898661
1214.000000 0.893429
1215.000000 0.888178
1216.000000 0.882908
1217.000000 0.877620
1218.000000 0.872313
1219.000000 0.866988
1220.000000 0.861647
1221.000000 0.856288
1222.000000 0.850913
1223.000000 0.845523
1224.000000 0.840117
1225.000000 0.834697
1226.000000 0.829262
1227.000000 0.823814
1228.000000 0.818353
1229.000000 0.812880
1230.000000 0.807397
1231.000000 0.801902
1232.000000 0.796398
1233.000000 0.790884
1234.000000 0.785361
1235.000000 0.779830
1236.000000 0.774290
1237.000000 0.768742
1238.000000 0.763187
1239.000000 0.757625
1240.000000 0.752056
1241.000000 0.746481
1242.000000 0.740902
1243.000000 0.735318
1244.000000 0.729730
1245.000000 0.724139
1246.000000 0.718546
1247.000000 0.712951
1248.000000 0.707354
1249.000000 0.701756
1250.000000 0.696158
1251.000000 0.690559
1252.000000 0.684962
1253.000000 0.679365
1254.000000 0.673770
1255.000000 0.668177
1256.000000 0.662587
1257.000000 0.657000
1258.000000 0.651418
1259.000000 0.645840
1260.000000 0.640267
1261.000000 0.634700
1262.000000 0.629139
1263.000000 0.623585
1264.000000 0.618038
1265.000000 0.612499
1266.000000 0.606968
1267.000000 0.601447
1268.000000 0.595935
1269.000000 0.590433
1270.000000 0.584941
1271.000000 0.579461
1272.000000 0.573993
1273.000000 0.568536
1274.000000 0.563093
1275.000000 0.557663
1276.000000 0.552247
1277.000000 0.546846
1278.000000 0.541459
1279.000000 0.536088
1280.000000 0.530733
1281.000000 0.525395
1282.000000 0.520073
1283.000000 0.514770
1284.000000 0.509484
1285.000000 0.504218
1286.000000 0.498970
1287.000000 0.493743
1288.000000 0.488535
1289.000000 0.483349
1290.000000 0.478184
1291.000000 0.473041
1292.000000 0.467920
1293.000000 0.462822
1294.000000 0.457747
1295.000000 0.452696
1296.000000 0.447670
1297.000000 0.442669
1298.000000 0.437693
1299.000000 0.432743
1300.000000 0.427819
1301.000000 0.422922
1302.000000 0.418053
1303.000000 0.413211
1304.000000 0.408398
1305.000000 0.403614
1306.000000 0.398859
1307.000000 0.394134
1308.000000 0.389439
1309.000000 0.384775
1310.000000 0.380142
1311.000000 0.375540
1312.000000 0.370971
1313.000000 0.366435
1314.000000 0.361931
1315.000000 0.357461
1316.000000 0.353025
1317.000000 0.348623
1318.000000 0.344256
1319.000000 0.339924
1320.000000 0.335628
1321.000000 0.331368
1322.000000 0.327145
1323.000000 0.322959
1324.000000 0.318810
1325.000000 0.314698
1326.000000 0.310625
1327.000000 0.306591
1328.000000 0.302596
1329.000000 0.298640
1330.000000 0.294723
1331.000000 0.290848
1332.000000 0.287012
1333.000000 0.283218
1334.000000 0.279465
1335.000000 0.275754
1336.000000 0.272084
1337.000000 0.268458
1338.000000 0.264874
1339.000000 0.261333
1340.000000 0.257836
1341.000000 0.254383
1342.000000 0.250974
1343.000000 0.247609
1344.000000 0.244290
1345.000000 0.241016
1346.000000 0.237787
1347.000000 0.234604
1348.000000 0.231468
1349.000000 0.228378
1350.000000 0.225335
1351.000000 0.222339
1352.000000 0.219390
1353.000000 0.216489
1354.000000 0.213636
1355.000000 0.210832
1356.000000 0.208076
1357.000000 0.205369
1358.000000 0.202711
1359.000000 0.200102
1360.000000 0.197544
1361.000000 0.195035
1362.000000 0.192576
1363.000000 0.190168
1364.000000 0.187810
1365.000000 0.185503
1366.000000 0.183248
1367.000000 0.181044
1368.000000 0.178891
1369.000000 0.176790
1370.000000 0.174741
1371.000000 0.172744
1372.000000 0.170800
1373.000000 0.168909
1374.000000 0.167070
1375.000000 0.165284
1376.000000 0.163551
1377.000000 0.161871
1378.000000 0.160246
1379.000000 0.158673
1380.000000 0.157155
1381.000000 0.155690
1382.000000 0.154280
1383.000000 0.152924
1384.000000 0.151622
1385.000000 0.150375
1386.000000 0.149182
1387.000000 0.148044
1388.000000 0.146961
1389.000000 0.145933
1390.000000 0.144960
1391.000000 0.144043
1392.000000 0.143180
1393.000000 0.142373
1394.000000 0.141621
1395.000000 0.140925
1396.000000 0.140285
1397.000000 0.139700
1398.000000 0.139171
1399.000000 0.138697
1400.000000 0.138280
1401.000000 0.137918
1402.000000 0.137612
1403.000000 0.137362
1404.000000 0.137168
1405.000000 0.137030
1406.000000 0.136948
1407.000000 0.136922
1408.000000 0.136952
1409.000000 0.137037
1410.000000 0.137179
1411.000000 0.137377
1412.000000 0.137631
1413.000000 0.137941
1414.000000 0.138306
1415.000000 0.138727
1416.000000 0.139205
1417.000000 0.139738
1418.000000 0.140326
1419.000000 0.140971
1420.000000 0.141671
1421.000000 0.142426
1422.000000 0.143237
1423.000000 0.144103
1424.000000 0.145024
1425.000000 0.146001
1426.000000 0.147033
1427.000000 0.148119
1428.000000 0.149261
1429.000000 0.150457
1430.000000 0.151708
1431.000000 0.153014
1432.000000 0.154374
1433.000000 0.155788
1434.000000 0.157256
1435.000000 0.158778
1436.000000 0.160354
1437.000000 0.161984
1438.000000 0.163667
1439.000000 0.165403
1440.000000 0.167192
1441.000000 0.169035
1442.000000 0.170930
1443.000000 0.172878
1444.000000 0.174878
1445.000000 0.176931
1446.000000 0.179035
1447.000000 0.181191
1448.000000 0.183399
1449.000000 0.185658
1450.000000 0.187968
1451.000000 0.190329
1452.000000 0.192741
1453.000000 0.195203
1454.000000 0.197715
1455.000000 0.200278
1456.000000 0.202889
1457.000000 0.205551
1458.000000 0.208261
1459.000000 0.211020
1460.000000 0.213828
1461.000000 0.216684
1462.000000 0.219588
1463.000000 0.222540
1464.000000 0.225539
1465.000000 0.228585
1466.000000 0.231679
1467.000000 0.234818
1468.000000 0.238004
1469.000000 0.241236
1470.000000 0.244513
1471.000000 0.247836
1472.000000 0.251203
1473.000000 0.254615
1474.000000 0.258071
1475.000000 0.261572
1476.000000 0.265115
1477.000000 0.268702
1478.000000 0.272332
1479.000000 0.276004
1480.000000 0.279718
1481.000000 0.283473
1482.000000 0.287271
1483.000000 0.291109
1484.000000 0.294987
1485.000000 0.298906
1486.000000 0.302865
1487.000000 0.306863
1488.000000 0.310900
1489.000000 0.314976
1490.000000 0.319089
1491.000000 0.323241
1492.000000 0.327430
1493.000000 0.331656
1494.000000 0.335918
1495.000000 0.340216
1496.000000 0.344551
1497.000000 0.348920
1498.000000 0.353324
1499.000000 0.357763
1500.000000 0.362235
1501.000000 1.602687
1502.000000 2.244044
1503.000000 2.470327
1504.000000 2.433095
1505.000000 2.248583
1506.000000 1.999928
1507.000000 1.606623
1508.000000 1.239271
1509.000000 0.973168
1510.000000 0.823993
1511.000000 0.775226
1512.000000 0.797229
1513.000000 0.873991
1514.000000 0.971586
1515.000000 1.059933
1516.000000 1.120997
1517.000000 1.149192
1518.000000 1.148154
1519.000000 1.124942
1520.000000 1.089777
1521.000000 1.053157
1522.000000 1.023271
1523.000000 1.004715
1524.000000 0.998497
1525.000000 1.003075
1526.000000 1.015258
1527.000000 1.031224
1528.000000 1.047462
1529.000000 1.061416
1530.000000 1.071756
1531.000000 1.078283
1532.000000 1.081651
1533.000000 1.083004
1534.000000 1.083611
1535.000000 1.084563
1536.000000 1.086602
1537.000000 1.090058
1538.000000 1.094895
1539.000000 1.100817
1540.000000 1.107399
1541.000000 1.114203
1542.000000 1.120873
1543.000000 1.127184
1544.000000 1.133050
1545.000000 1.138505
1546.000000 1.143661
1547.000000 1.148663
1548.000000 1.153654
1549.000000 1.158740
1550.000000 1.163985
1551.000000 1.169403
1552.000000 1.174974
1553.000000 1.180652
1554.000000 1.186386
1555.000000 1.192128
1556.000000 1.197844
1557.000000 1.203515
1558.000000 1.209139
1559.000000 1.214724
1560.000000 1.220286
1561.000000 1.225843
1562.000000 1.231408
1563.000000 1.236990
1564.000000 1.242595
1565.000000 1.248222
1566.000000 1.253865
1567.000000 1.259518
1568.000000 1.265176
1569.000000 1.270833
1570.000000 1.276485
1571.000000 1.282132
1572.000000 1.287774
1573.000000 1.293410
1574.000000 1.299045
1575.000000 1.304678
1576.000000 1.310311
1577.000000 1.315945
1578.000000 1.321579
1579.000000 1.327213
1580.000000 1.332847
1581.000000 1.338478
1582.000000 1.344107
1583.000000 1.349732
1584.000000 1.355354
1585.000000 1.360972
1586.000000 1.366586
1587.000000 1.372196
1588.000000 1.377802
1589.000000 1.383404
1590.000000 1.389003
1591.000000 1.394598
1592.000000 1.400190
1593.000000 1.405779
1594.000000 1.411364
1595.000000 1.416945
1596.000000 1.422522
1597.000000 1.428097
1598.000000 1.433668
1599.000000 1.439236
1600.000000 1.444802
1601.000000 1.450365
1602.000000 1.455930
1603.000000 1.461501
1604.000000 1.467073
1605.000000 1.472616
1606.000000 1.478051
1607.000000 1.483314
1608.000000 1.488371
1609.000000 1.493223
1610.000000 1.497900
1611.000000 1.502456
1612.000000 1.506189
1613.000000 1.509182
1614.000000 1.511838
1615.000000 1.514591
1616.000000 1.517770
1617.000000 1.521547
1618.000000 1.526113
1619.000000 1.531460
1620.000000 1.537381
1621.000000 1.543569
1622.000000 1.549713
1623.000000 1.555573
1624.000000 1.560984
1625.000000 1.565889
1626.000000 1.570335
1627.000000 1.574449
1628.000000 1.578393
1629.000000 1.582319
1630.000000 1.586346
1631.000000 1.590539
1632.000000 1.594910
1633.000000 1.599423
1634.000000 1.604013
1635.000000 1.608604
1636.000000 1.613129
1637.000000 1.617541
1638.000000 1.621817
1639.000000 1.625958
1640.000000 1.629986
1641.000000 1.633929
1642.000000 1.637821
1643.000000 1.641687
1644.000000 1.645547
1645.000000 1.649405
1646.000000 1.653259
1647.000000 1.657099
1648.000000 1.660911
1649.000000 1.664683
1650.000000 1.668403
1651.000000 1.672065
1652.000000 1.675668
1653.000000 1.679213
1654.000000 1.682704
1655.000000 1.686147
1656.000000 1.689546
1657.000000 1.692904
1658.000000 1.696224
1659.000000 1.699504
1660.000000 1.702744
1661.000000 1.705942
1662.000000 1.709095
1663.000000 1.712200
1664.000000 1.715257
1665.000000 1.718264
1666.000000 1.721221
1667.000000 1.724129
1668.000000 1.726987
1669.000000 1.729797
1670.000000 1.732559
1671.000000 1.735273
1672.000000 1.737938
1673.000000 1.740556
1674.000000 1.743124
1675.000000 1.745642
1676.000000 1.748111
1677.000000 1.750529
1678.000000 1.752896
1679.000000 1.755212
1680.000000 1.757476
1681.000000 1.759689
1682.000000 1.761850
1683.000000 1.763959
1684.000000 1.766017
1685.000000 1.768022
1686.000000 1.769975
1687.000000 1.771876
1688.000000 1.773724
1689.000000 1.775519
1690.000000 1.777261
1691.000000 1.778949
1692.000000 1.780584
1693.000000 1.782165
1694.000000 1.783692
1695.000000 1.785165
1696.000000 1.786584
1697.000000 1.787949
1698.000000 1.789259
1699.000000 1.790515
1700.000000 1.791715
1701.000000 1.792861
1702.000000 1.793952
1703.000000 1.794988
1704.000000 1.795969
1705.000000 1.796894
1706.000000 1.797763
1707.000000 1.798577
1708.000000 1.799335
1709.000000 1.800038
1710.000000 1.800684
1711.000000 1.801275
1712.000000 1.801809
1713.000000 1.802288
1714.000000 1.802710
1715.000000 1.803076
1716.000000 1.803386
1717.000000 1.803640
1718.000000 1.803839
1719.000000 1.803982
1720.000000 1.804070
1721.000000 1.804104
1722.000000 1.804083
1723.000000 1.804009
1724.000000 1.803880
1725.000000 1.803698
1726.000000 1.803462
1727.000000 1.803171
1728.000000 1.802825
1729.000000 1.802421
1730.000000 1.801959
1731.000000 1.801438
1732.000000 1.800858
1733.000000 1.800220
1734.000000 1.799524
1735.000000 1.798772
1736.000000 1.797964
1737.000000 1.797102
1738.000000 1.796187
1739.000000 1.795218
1740.000000 1.794197
1741.000000 1.793121
1742.000000 1.791992
1743.000000 1.790807
1744.000000 1.789567
1745.000000 1.788271
1746.000000 1.786920
1747.000000 1.785514
1748.000000 1.784052
1749.000000 1.782537
1750.000000 1.780968
1751.000000 1.779345
1752.000000 1.777670
1753.000000 1.775942
1754.000000 1.774162
1755.000000 1.772328
1756.000000 1.770442
1757.000000 1.768503
1758.000000 1.766512
1759.000000 1.764468
1760.000000 1.762372
1761.000000 1.760224
1762.000000 1.758024
1763.000000 1.755772
1764.000000 1.753470
1765.000000 1.751117
1766.000000 1.748713
1767.000000 1.746259
1768.000000 1.743755
1769.000000 1.741201
1770.000000 1.738597
1771.000000 1.735943
1772.000000 1.733241
1773.000000 1.730490
1774.000000 1.727690
1775.000000 1.724841
1776.000000 1.721945
1777.000000 1.719000
1778.000000 1.716008
1779.000000 1.712970
1780.000000 1.709884
1781.000000 1.706752
1782.000000 1.703573
1783.000000 1.700349
1784.000000 1.697079
1785.000000 1.693763
1786.000000 1.690403
1787.000000 1.686998
1788.000000 1.683549
1789.000000 1.680056
1790.000000 1.676519
1791.000000 1.672939
1792.000000 1.669316
1793.000000 1.665651
1794.000000 1.661943
1795.000000 1.658194
1796.000000 1.654404
1797.000000 1.650572
1798.000000 1.646700
1799.000000 1.642787
1800.000000 1.638835
1801.000000 1.634843
1802.000000 1.630812
1803.000000 1.626743
1804.000000 1.622635
1805.000000 1.618489
1806.000000 1.614306
1807.000000 1.610086
1808.000000 1.605830
1809.000000 1.601537
1810.000000 1.597209
1811.000000 1.592845
1812.000000 1.588446
1813.000000 1.584013
1814.000000 1.579546
1815.000000 1.575046
1816.000000 1.570512
1817.000000 1.565946
1818.000000 1.561347
1819.000000 1.556717
1820.000000 1.552056
1821.000000 1.547364
1822.000000 1.542641
1823.000000 1.537889
1824.000000 1.533108
1825.000000 1.528297
1826.000000 1.523458
1827.000000 1.518591
1828.000000 1.513697
1829.000000 1.508776
1830.000000 1.503828
1831.000000 1.498855
1832.000000 1.493856
1833.000000 1.488832
1834.000000 1.483783
1835.000000 1.478711
1836.000000 1.473615
1837.000000 1.468496
1838.000000 1.463355
1839.000000 1.458192
1840.000000 1.453007
1841.000000 1.447802
1842.000000 1.442576
1843.000000 1.437330
1844.000000 1.432065
1845.000000 1.426782
1846.000000 1.421480
1847.000000 1.416160
1848.000000 1.410823
1849.000000 1.405470
1850.000000 1.400100
1851.000000 1.394715
1852.000000 1.389315
1853.000000 1.383900
1854.000000 1.378471
1855.000000 1.373029
1856.000000 1.367574
1857.000000 1.362107
1858.000000 1.356628
1859.000000 1.351137
1860.000000 1.345636
1861.000000 1.340125
1862.000000 1.334604
1863.000000 1.329075
1864.000000 1.323536
1865.000000 1.317990
1866.000000 1.312437
1867.000000 1.306876
1868.000000 1.301310
1869.000000 1.295737
1870.000000 1.290160
1871.000000 1.284578
1872.000000 1.278992
1873.000000 1.273402
1874.000000 1.267809
1875.000000 1.262215
1876.000000 1.256618
1877.000000 1.251020
1878.000000 1.245422
1879.000000 1.239823
1880.000000 1.234225
1881.000000 1.228627
1882.000000 1.223032
1883.000000 1.217438
1884.000000 1.211847
1885.000000 1.206260
1886.000000 1.200676
1887.000000 1.195097
1888.000000 1.189522
1889.000000 1.183953
1890.000000 1.178390
1891.000000 1.172834
1892.000000 1.167284
1893.000000 1.161743
1894.000000 1.156209
1895.000000 1.150685
1896.000000 1.145170
1897.000000 1.139664
1898.000000 1.134170
1899.000000 1.128686
1900.000000 1.123214
1901.000000 1.117753
1902.000000 1.112306
1903.000000 1.106872
1904.000000 1.101451
1905.000000 1.096045
1906.000000 1.090653
1907.000000 1.085277
1908.000000 1.079917
1909.000000 1.074574
1910.000000 1.069247
1911.000000 1.063937
1912.000000 1.058646
1913.000000 1.053374
1914.000000 1.048120
1915.000000 1.042886
1916.000000 1.037672
1917.000000 1.032479
1918.000000 1.027307
1919.000000 1.022157
1920.000000 1.017029
1921.000000 1.011923
1922.000000 1.006841
1923.000000 1.001783
1924.000000 0.996749
1925.000000 0.991739
1926.000000 0.986755
1927.000000 0.981797
1928.000000 0.976865
1929.000000 0.971959
1930.000000 0.967081
1931.000000 0.962231
1932.000000 0.957409
1933.000000 0.952615
1934.000000 0.947851
1935.000000 0.943116
1936.000000 0.938411
1937.000000 0.933737
1938.000000 0.929094
1939.000000 0.924483
1940.000000 0.919903
1941.000000 0.915356
1942.000000 0.910842
1943.000000 0.906361
1944.000000 0.901914
1945.000000 0.897502
1946.000000 0.893124
1947.000000 0.888781
1948.000000 0.884473
1949.000000 0.880202
1950.000000 0.875967
1951.000000 0.871768
1952.000000 0.867607
1953.000000 0.863484
1954.000000 0.859399
1955.000000 0.855352
1956.000000 0.851344
1957.000000 0.847376
1958.000000 0.843447
1959.000000 0.839558
1960.000000 0.835710
1961.000000 0.831902
1962.000000 0.828136
1963.000000 0.824412
1964.000000 0.820729
1965.000000 0.817089
1966.000000 0.813491
1967.000000 0.809937
1968.000000 0.806426
1969.000000 0.802958
1970.000000 0.799535
1971.000000 0.796157
1972.000000 0.792823
1973.000000 0.789534
1974.000000 0.786291
1975.000000 0.783093
1976.000000 0.779942
1977.000000 0.776837
1978.000000 0.773779
1979.000000 0.770768
1980.000000 0.767804
1981.000000 0.764888
1982.000000 0.762020
1983.000000 0.759200
1984.000000 0.756429
1985.000000 0.753706
1986.000000 0.751033
1987.000000 0.748408
1988.000000 0.745834
1989.000000 0.743309
1990.000000 0.740834
1991.000000 0.738410
1992.000000 0.736036
1993.000000 0.733713
1994.000000 0.731441
1995.000000 0.729220
1996.000000 0.727051
1997.000000 0.724934
1998.000000 0.722868
1999.000000 0.720855
2000.000000 0.718894
2001.000000 0.716986
2002.000000 0.715130
2003.000000 0.713327
2004.000000 0.711577
2005.000000 0.709881
2006.000000 0.708238
2007.000000 0.706649
2008.000000 0.705113
2009.000000 0.703631
2010.000000 0.702204
2011.000000 0.700830
2012.000000 0.699511
2013.000000 0.698246
2014.000000 0.697036
2015.000000 0.695881
2016.000000 0.694781
2017.000000 0.693735
2018.000000 0.692745
2019.000000 0.691809
2020.000000 0.690929
2021.000000 0.690104
2022.000000 0.689335
2023.000000 0.688621
2024.000000 0.687963
2025.000000 0.687360
2026.000000 0.686813
2027.000000 0.686322
2028.000000 0.685887
2029.000000 0.685507
2030.000000 0.685184
2031.000000 0.684916
2032.000000 0.684704
2033.000000 0.684548
2034.000000 0.684448
2035.000000 0.684404
2036.000000 0.684416
2037.000000 0.684484
2038.000000 0.684608
2039.000000 0.684788
2040.000000 0.685024
2041.000000 0.685316
2042.000000 0.685664
2043.000000 0.686068
2044.000000 0.686527
2045.000000 0.687042
2046.000000 0.687613
2047.000000 0.688240
2048.000000 0.688922
2049.000000 0.689660
2050.000000 0.690453
2051.000000 0.691301
2052.000000 0.692205
2053.000000 0.693164
2054.000000 0.694179
2055.000000 0.695248
2056.000000 0.696372
2057.000000 0.697551
2058.000000 0.698784
2059.000000 0.700072
2060.000000 0.701415
2061.000000 0.702812
2062.000000 0.704263
2063.000000 0.705768
2064.000000 0.707326
2065.000000 0.708939
2066.000000 0.710605
2067.000000 0.712324
2068.000000 0.714097
2069.000000 0.715923
2070.000000 0.717801
2071.000000 0.719732
2072.000000 0.721716
2073.000000 0.723752
2074.000000 0.725839
2075.000000 0.727979
2076.000000 0.730170
2077.000000 0.732413
2078.000000 0.734707
2079.000000 0.737052
2080.000000 0.739448
2081.000000 0.741894
2082.000000 0.744390
2083.000000 0.746936
2084.000000 0.749532
2085.000000 0.752178
2086.000000 0.754873
2087.000000 0.757616
2088.000000 0.760409
2089.000000 0.763249
2090.000000 0.766138
2091.000000 0.769075
2092.000000 0.772059
2093.000000 0.775090
2094.000000 0.778169
2095.000000 0.781294
2096.000000 0.784465
2097.000000 0.787682
2098.000000 0.790945
2099.000000 0.794253
2100.000000 0.797606
2101.000000 0.801004
2102.000000 0.804446
2103.000000 0.807932
2104.000000 0.811462
2105.000000 0.815035
2106.000000 0.818651
2107.000000 0.822310
2108.000000 0.826010
2109.000000 0.829753
2110.000000 0.833537
2111.000000 0.837362
2112.000000 0.841228
2113.000000 0.845134
2114.000000 0.849080
2115.000000 0.853066
2116.000000 0.857090
2117.000000 0.861154
2118.000000 0.865255
2119.000000 0.869395
2120.000000 0.873572
2121.000000 0.877786
2122.000000 0.882037
2123.000000 0.886324
2124.000000 0.890647
2125.000000 0.895005
2126.000000 0.899398
2127.000000 0.903825
2128.000000 0.908287
2129.000000 0.912782
2130.000000 0.917311
2131.000000 0.921872
2132.000000 0.926465
2133.000000 0.931090
2134.000000 0.935746
2135.000000 0.940434
2136.000000 0.945151
2137.000000 0.949899
2138.000000 0.954676
2139.000000 0.959482
2140.000000 0.964316
2141.000000 0.969179
2142.000000 0.974069
2143.000000 0.978986
2144.000000 0.983929
2145.000000 0.988899
2146.000000 0.993894
2147.000000 0.998914
2148.000000 1.003958
2149.000000 1.009027
2150.000000 1.014119
2151.000000 1.019234
2152.000000 1.024372
2153.000000 1.029532
2154.000000 1.034713
2155.000000 1.039915
2156.000000 1.045138
2157.000000 1.050380
2158.000000 1.055642
2159.000000 1.060923
2160.000000 1.066222
2161.000000 1.071539
2162.000000 1.076873
2163.000000 1.082224
2164.000000 1.087591
2165.000000 1.092973
2166.000000 1.098371
2167.000000 1.103784
2168.000000 1.109210
2169.000000 1.114650
2170.000000 1.120103
2171.000000 1.125569
2172.000000 1.131046
2173.000000 1.136535
2174.000000 1.142034
2175.000000 1.147543
2176.000000 1.153063
2177.000000 1.158591
2178.000000 1.164128
2179.000000 1.169673
2180.000000 1.175225
2181.000000 1.180785
2182.000000 1.186351
2183.000000 1.191922
2184.000000 1.197499
2185.000000 1.203080
2186.000000 1.208666
2187.000000 1.214255
2188.000000 1.219847
2189.000000 1.225441
2190.000000 1.231038
2191.000000 1.236635
2192.000000 1.242234
2193.000000 1.247833
2194.000000 1.253431
2195.000000 1.259028
2196.000000 1.264624
2197.000000 1.270218
2198.000000 1.275809
2199.000000 1.281398
2200.000000 1.286982
2201.000000 1.292562
2202.000000 1.298138
2203.000000 1.303708
2204.000000 1.309272
2205.000000 1.314829
2206.000000 1.320379
2207.000000 1.325922
2208.000000 1.331457
2209.000000 1.336983
2210.000000 1.342500
2211.000000 1.348007
2212.000000 1.353503
2213.000000 1.358989
2214.000000 1.364463
2215.000000 1.369925
2216.000000 1.375374
2217.000000 1.380811
2218.000000 1.386234
2219.000000 1.391642
2220.000000 1.397036
2221.000000 1.402414
2222.000000 1.407777
2223.000000 1.413124
2224.000000 1.418453
2225.000000 1.423765
2226.000000 1.429059
2227.000000 1.434335
2228.000000 1.439592
2229.000000 1.444829
2230.000000 1.450046
2231.000000 1.455242
2232.000000 1.460418
2233.000000 1.465571
2234.000000 1.470703
2235.000000 1.475812
2236.000000 1.480898
2237.000000 1.485960
2238.000000 1.490998
2239.000000 1.496011
2240.000000 1.501000
2241.000000 1.505962
2242.000000 1.510898
2243.000000 1.515808
2244.000000 1.520691
2245.000000 1.525546
2246.000000 1.530372
2247.000000 1.535170
2248.000000 1.539939
2249.000000 1.544679
2250.000000 1.549388
2251.000000 1.554067
2252.000000 1.558715
2253.000000 1.563332
2254.000000 1.567916
2255.000000 1.572469
2256.000000 1.576988
2257.000000 1.581474
2258.000000 1.585927
2259.000000 1.590345
2260.000000 1.594728
2261.000000 1.599077
2262.000000 1.603390
2263.000000 1.607667
2264.000000 1.611908
2265.000000 1.616112
2266.000000 1.620279
2267.000000 1.624409
2268.000000 1.628500
2269.000000 1.632553
2270.000000 1.636567
2271.000000 1.640542
2272.000000 1.644477
2273.000000 1.648372
2274.000000 1.652227
2275.000000 1.656041
2276.000000 1.659814
2277.000000 1.663545
2278.000000 1.667234
2279.000000 1.670881
2280.000000 1.674486
2281.000000 1.678047
2282.000000 1.681565
2283.000000 1.685039
2284.000000 1.688470
2285.000000 1.691855
2286.000000 1.695196
2287.000000 1.698492
2288.000000 1.701743
2289.000000 1.704947
2290.000000 1.708106
2291.000000 1.711218
2292.000000 1.714284
2293.000000 1.717303
2294.000000 1.720274
2295.000000 1.723198
2296.000000 1.726073
2297.000000 1.728901
2298.000000 1.731680
2299.000000 1.734411
2300.000000 1.737092
2301.000000 1.739724
2302.000000 1.742307
2303.000000 1.744839
2304.000000 1.747322
2305.000000 1.749755
2306.000000 1.752136
2307.000000 1.754467
2308.000000 1.756748
2309.000000 1.758976
2310.000000 1.761154
2311.000000 1.763279
2312.000000 1.765353
2313.000000 1.767375
2314.000000 1.769344
2315.000000 1.771261
2316.000000 1.773125
2317.000000 1.774936
2318.000000 1.776694
2319.000000 1.778399
2320.000000 1.780051
2321.000000 1.781649
2322.000000 1.783193
2323.000000 1.784683
2324.000000 1.786120
2325.000000 1.787502
2326.000000 1.788830
2327.000000 1.790103
2328.000000 1.791322
2329.000000 1.792486
2330.000000 1.793595
2331.000000 1.794649
2332.000000 1.795648
2333.000000 1.796593
2334.000000 1.797481
2335.000000 1.798315
2336.000000 1.799093
2337.000000 1.799816
2338.000000 1.800483
2339.000000 1.801094
2340.000000 1.801650
2341.000000 1.802150
2342.000000 1.802595
2343.000000 1.802983
2344.000000 1.803316
2345.000000 1.803592
2346.000000 1.803813
2347.000000 1.803978
2348.000000 1.804087
2349.000000 1.804140
2350.000000 1.804136
2351.000000 1.804077
2352.000000 1.803962
2353.000000 1.803791
2354.000000 1.803564
2355.000000 1.803281
2356.000000 1.802942
2357.000000 1.802548
2358.000000 1.802097
2359.000000 1.801591
2360.000000 1.801029
2361.000000 1.800411
2362.000000 1.799738
2363.000000 1.799009
2364.000000 1.798224
2365.000000 1.797384
2366.000000 1.796489
2367.000000 1.795539
2368.000000 1.794534
2369.000000 1.793473
2370.000000 1.792358
2371.000000 1.791188
2372.000000 1.789963
2373.000000 1.788683
2374.000000 1.787350
2375.000000 1.785961
2376.000000 1.784519
2377.000000 1.783023
2378.000000 1.781472
2379.000000 1.779868
2380.000000 1.778211
2381.000000 1.776500
2382.000000 1.774736
2383.000000 1.772919
2384.000000 1.771049
2385.000000 1.769126
2386.000000 1.767151
2387.000000 1.765123
2388.000000 1.763044
2389.000000 1.760912
2390.000000 1.758729
2391.000000 1.756494
2392.000000 1.754209
2393.000000 1.751872
2394.000000 1.749484
2395.000000 1.747046
2396.000000 1.744558
2397.000000 1.742020
2398.000000 1.739431
2399.000000 1.736794
2400.000000 1.734107
2401.000000 1.731371
2402.000000 1.728586
2403.000000 1.725753
2404.000000 1.722872
2405.000000 1.719943
2406.000000 1.716967
2407.000000 1.713943
2408.000000 1.710872
2409.000000 1.707754
2410.000000 1.704590
2411.000000 1.701381
2412.000000 1.698125
2413.000000 1.694824
2414.000000 1.691478
2415.000000 1.688087
2416.000000 1.684652
2417.000000 1.681173
2418.000000 1.677650
2419.000000 1.674084
2420.000000 1.670475
2421.000000 1.666823
2422.000000 1.663129
2423.000000 1.659393
2424.000000 1.655615
2425.000000 1.651797
2426.000000 1.647938
2427.000000 1.644038
2428.000000 1.640098
2429.000000 1.636119
2430.000000 1.632100
2431.000000 1.628043
2432.000000 1.623948
2433.000000 1.619814
2434.000000 1.615643
2435.000000 1.611435
2436.000000 1.607190
2437.000000 1.602908
2438.000000 1.598591
2439.000000 1.594239
2440.000000 1.589851
2441.000000 1.585429
2442.000000 1.580973
2443.000000 1.576483
2444.000000 1.571960
2445.000000 1.567404
2446.000000 1.562816
2447.000000 1.558196
2448.000000 1.553544
2449.000000 1.548862
2450.000000 1.544149
2451.000000 1.539406
2452.000000 1.534634
2453.000000 1.529833
2454.000000 1.525003
2455.000000 1.520145
2456.000000 1.515259
2457.000000 1.510346
2458.000000 1.505407
2459.000000 1.500442
2460.000000 1.495451
2461.000000 1.490435
2462.000000 1.485394
2463.000000 1.480329
2464.000000 1.475240
2465.000000 1.470129
2466.000000 1.464995
2467.000000 1.459838
2468.000000 1.454661
2469.000000 1.449462
2470.000000 1.444243
2471.000000 1.439003
2472.000000 1.433744
2473.000000 1.428467
2474.000000 1.423170
2475.000000 1.417856
2476.000000 1.412525
2477.000000 1.407177
2478.000000 1.401812
2479.000000 1.396432
2480.000000 1.391036
2481.000000 1.385626
2482.000000 1.380202
2483.000000 1.374764
2484.000000 1.369313
2485.000000 1.363850
2486.000000 1.358374
2487.000000 1.352887
2488.000000 1.347390
2489.000000 1.341882
2490.000000 1.336364
2491.000000 1.330837
2492.000000 1.325301
2493.000000 1.319758
2494.000000 1.314206
2495.000000 1.308648
2496.000000 1.303083
2497.000000 1.297513
2498.000000 1.291937
2499.000000 1.286356
2500.000000 1.280771
