1.000000 0.000000
2.000000 0.000000
3.000000 0.000000
4.000000 0.000000
5.000000 0.000000
6.000000 0.000000
7.000000 0.000000
8.000000 0.000000
9.000000 0.000000
10.000000 0.000000
11.000000 0.000000
12.000000 0.000000
13.000000 0.000000
14.000000 0.000000
15.000000 0.000000
16.000000 0.000000
17.000000 0.000000
18.000000 0.000000
19.000000 0.000000
20.000000 0.000000
21.000000 1.797740
22.000000 2.726731
23.000000 3.048526
24.000000 2.989886
25.000000 2.717915
26.000000 2.344566
27.000000 1.762265
28.000000 1.216357
29.000000 0.825627
30.000000 0.603927
31.000000 0.526615
32.000000 0.553642
33.000000 0.646799
34.000000 0.783378
35.000000 0.908947
36.000000 0.991759
37.000000 1.023702
38.000000 1.014998
39.000000 0.974918
40.000000 0.919135
41.000000 0.866466
42.000000 0.817514
43.000000 0.777451
44.000000 0.759801
45.000000 0.755736
46.000000 0.763450
47.000000 0.781986
48.000000 0.795721
49.000000 0.810237
50.000000 0.821559
51.000000 0.819774
52.000000 0.818803
53.000000 0.811556
54.000000 0.807327
55.000000 0.799201
56.000000 0.789133
57.000000 0.779334
58.000000 0.783899
59.000000 0.784360
60.000000 0.786743
61.000000 0.787112
62.000000 0.788539
63.000000 0.799100
64.000000 0.801263
65.000000 0.798516
66.000000 0.797181
67.000000 0.793013
68.000000 0.791656
69.000000 0.786131
70.000000 0.800506
71.000000 0.802038
72.000000 0.803639
73.000000 0.805364
74.000000 0.802222
75.000000 0.793375
76.000000 0.789914
77.000000 0.784901
78.000000 0.781472
79.000000 0.786777
80.000000 0.792166
81.000000 0.800706
82.000000 0.801727
83.000000 0.803137
84.000000 0.800855
85.000000 0.798173
86.000000 0.796933
87.000000 0.796575
88.000000 0.793716
89.000000 0.790386
90.000000 0.791596
91.000000 0.788956
92.000000 0.790039
93.000000 0.791242
94.000000 0.789302
95.000000 0.784345
96.000000 0.786854
97.000000 0.790860
98.000000 0.797291
99.000000 0.800769
100.000000 0.801199
101.000000 0.804918
102.000000 0.809110
103.000000 0.803935
104.000000 0.802594
105.000000 0.796207
106.000000 0.796994
107.000000 0.798288
108.000000 0.799734
109.000000 0.795111
110.000000 0.786466
111.000000 0.788131
112.000000 0.789722
113.000000 0.794253
114.000000 0.797187
115.000000 0.792865
116.000000 0.802237
117.000000 0.805644
118.000000 0.810445
119.000000 0.806554
120.000000 0.804711
121.000000 0.805339
122.000000 0.801559
123.000000 0.805184
124.000000 0.802992
125.000000 0.802677
126.000000 0.797542
127.000000 0.798477
128.000000 0.801738
129.000000 0.809076
130.000000 0.813793
131.000000 0.808471
132.000000 0.807078
133.000000 0.801376
134.000000 0.798489
135.000000 0.790669
136.000000 0.784809
137.000000 0.776677
138.000000 0.773334
139.000000 0.776709
140.000000 0.782149
141.000000 0.796378
142.000000 0.798046
143.000000 0.807481
144.000000 0.813479
145.000000 0.799835
146.000000 0.798713
147.000000 0.798114
148.000000 0.797488
149.000000 0.795605
150.000000 0.800309
151.000000 0.799881
152.000000 0.795249
153.000000 0.792685
154.000000 0.796988
155.000000 0.796652
156.000000 0.794990
157.000000 0.792361
158.000000 0.797525
159.000000 0.794678
160.000000 0.788591
161.000000 0.794974
162.000000 0.793015
163.000000 0.790626
164.000000 0.791065
165.000000 0.791885
166.000000 0.797993
167.000000 0.800026
168.000000 0.804643
169.000000 0.803075
170.000000 0.802677
171.000000 0.801321
172.000000 0.792408
173.000000 0.792030
174.000000 0.788952
175.000000 0.790030
176.000000 0.795880
177.000000 0.803123
178.000000 0.806703
179.000000 0.801472
180.000000 0.798752
181.000000 0.792467
182.000000 0.792720
183.000000 0.795727
184.000000 0.793438
185.000000 0.789400
186.000000 0.789808
187.000000 0.793184
188.000000 0.797243
189.000000 0.793814
190.000000 0.793089
191.000000 0.797483
192.000000 0.804014
193.000000 0.806048
194.000000 0.801294
195.000000 0.802038
196.000000 0.799239
197.000000 0.796387
198.000000 0.795144
199.000000 0.794267
200.000000 0.793402
201.000000 0.793957
202.000000 0.797377
203.000000 0.792940
204.000000 0.796034
205.000000 0.790861
206.000000 0.793734
207.000000 0.795106
208.000000 0.791300
209.000000 0.793113
210.000000 0.796227
211.000000 0.801174
212.000000 0.802511
213.000000 0.799157
214.000000 0.795118
215.000000 0.794890
216.000000 0.796787
217.000000 0.795296
218.000000 0.793185
219.000000 0.795801
220.000000 0.791925
221.000000 0.796368
222.000000 0.794226
223.000000 0.793932
224.000000 0.796682
225.000000 0.798982
226.000000 0.797804
227.000000 0.805080
228.000000 0.802627
229.000000 0.800891
230.000000 0.796590
231.000000 0.797965
232.000000 0.800760
233.000000 0.805833
234.000000 0.797279
235.000000 0.789489
236.000000 0.789318
237.000000 0.781218
238.000000 0.788436
239.000000 0.795144
240.000000 0.798322
241.000000 0.799389
242.000000 0.796741
243.000000 0.797744
244.000000 0.800489
245.000000 0.804190
246.000000 0.802441
247.000000 0.802836
248.000000 0.794943
249.000000 0.792772
250.000000 0.796752
251.000000 0.792424
252.000000 0.794844
253.000000 0.787773
254.000000 0.790025
255.000000 0.791180
256.000000 0.796537
257.000000 0.795995
258.000000 0.797068
259.000000 0.797324
260.000000 0.799331
261.000000 0.796953
262.000000 0.805290
263.000000 0.800834
264.000000 0.795099
265.000000 0.794002
266.000000 0.791185
267.000000 0.795065
268.000000 0.793995
269.000000 0.797061
270.000000 0.793271
271.000000 0.793664
272.000000 0.790931
273.000000 0.794817
274.000000 0.797723
275.000000 0.798583
276.000000 0.795137
277.000000 0.805577
278.000000 0.809243
279.000000 0.800943
280.000000 0.790924
281.000000 0.791035
282.000000 0.787967
283.000000 0.784254
284.000000 0.788856
285.000000 0.796267
286.000000 0.803207
287.000000 0.805608
288.000000 0.802194
289.000000 0.802480
290.000000 0.793784
291.000000 0.796182
292.000000 0.797949
293.000000 0.795845
294.000000 0.795450
295.000000 0.793781
296.000000 0.802841
297.000000 0.801169
298.000000 0.805372
299.000000 0.799088
300.000000 0.793145
301.000000 0.787412
302.000000 0.785571
303.000000 0.787299
304.000000 0.788634
305.000000 0.794027
306.000000 0.798245
307.000000 0.797974
308.000000 0.797134
309.000000 0.801179
310.000000 0.808062
311.000000 0.812905
312.000000 0.811165
313.000000 0.805424
314.000000 0.794967
315.000000 0.791679
316.000000 0.787032
317.000000 0.783993
318.000000 0.789277
319.000000 0.792503
320.000000 0.796286
321.000000 0.798350
322.000000 0.798438
323.000000 0.794301
324.000000 0.795406
325.000000 0.791884
326.000000 0.791780
327.000000 0.792214
328.000000 0.790907
329.000000 0.787366
330.000000 0.788080
331.000000 0.800408
332.000000 0.801881
333.000000 0.808705
334.000000 0.812872
335.000000 0.811926
336.000000 0.812103
337.000000 0.804687
338.000000 0.790528
339.000000 0.786696
340.000000 0.774176
341.000000 0.777856
342.000000 0.779729
343.000000 0.789192
344.000000 0.797708
345.000000 0.805298
346.000000 0.806843
347.000000 0.811347
348.000000 0.809740
349.000000 0.807383
350.000000 0.798920
351.000000 0.787848
352.000000 0.779074
353.000000 0.788379
354.000000 0.789482
355.000000 0.795939
356.000000 0.800807
357.000000 0.800883
358.000000 0.802784
359.000000 0.799781
360.000000 0.795320
361.000000 0.797432
362.000000 0.795778
363.000000 0.800753
364.000000 0.798287
365.000000 0.792426
366.000000 0.797757
367.000000 0.793671
368.000000 0.798439
369.000000 0.794321
370.000000 0.795111
371.000000 0.795058
372.000000 0.799499
373.000000 0.800093
374.000000 0.797281
375.000000 0.794174
376.000000 0.793020
377.000000 0.794457
378.000000 0.788866
379.000000 0.791234
380.000000 0.795219
381.000000 0.799290
382.000000 0.799252
383.000000 0.794892
384.000000 0.797029
385.000000 0.793798
386.000000 0.794516
387.000000 0.797022
388.000000 0.800088
389.000000 0.798920
390.000000 0.798170
391.000000 0.800051
392.000000 0.800729
393.000000 0.796062
394.000000 0.792380
395.000000 0.793045
396.000000 0.790690
397.000000 0.793938
398.000000 0.795115
399.000000 0.792565
400.000000 0.797267
401.000000 0.804941
402.000000 0.807576
403.000000 0.802023
404.000000 0.798177
405.000000 0.785345
406.000000 0.792361
407.000000 0.792481
408.000000 0.793902
409.000000 0.799207
410.000000 0.794342
411.000000 0.794064
412.000000 0.789570
413.000000 0.791117
414.000000 0.807084
415.000000 0.807862
416.000000 0.803814
417.000000 0.801635
418.000000 0.796262
419.000000 0.794515
420.000000 0.793144
421.000000 0.791069
422.000000 0.789439
423.000000 0.786946
424.000000 0.793860
425.000000 0.797951
426.000000 0.801787
427.000000 0.797835
428.000000 0.792520
429.000000 0.791038
430.000000 0.789521
431.000000 0.793432
432.000000 0.799717
433.000000 0.799416
434.000000 0.795695
435.000000 0.796628
436.000000 0.796135
437.000000 0.804605
438.000000 0.801291
439.000000 0.801535
440.000000 0.797778
441.000000 0.793069
442.000000 0.796622
443.000000 0.790973
444.000000 0.797274
445.000000 0.797050
446.000000 0.797286
447.000000 0.794283
448.000000 0.796703
449.000000 0.800972
450.000000 0.795241
451.000000 0.794847
452.000000 0.801560
453.000000 0.799200
454.000000 0.804075
455.000000 0.796127
456.000000 0.790231
457.000000 0.791253
458.000000 0.794887
459.000000 0.791507
460.000000 0.794853
461.000000 0.798307
462.000000 0.803358
463.000000 0.805976
464.000000 0.799941
465.000000 0.797543
466.000000 0.791088
467.000000 0.790641
468.000000 0.790936
469.000000 0.797291
470.000000 0.798816
471.000000 0.796827
472.000000 0.796921
473.000000 0.790998
474.000000 0.798547
475.000000 0.796787
476.000000 0.795690
477.000000 0.796854
478.000000 0.794908
479.000000 0.789596
480.000000 0.794739
481.000000 0.796270
482.000000 0.802274
483.000000 0.797314
484.000000 0.800657
485.000000 0.800909
486.000000 0.793239
487.000000 0.789843
488.000000 0.792613
489.000000 0.790659
490.000000 0.795796
491.000000 0.795838
492.000000 0.791682
493.000000 0.787739
494.000000 0.794708
495.000000 0.799199
496.000000 0.798789
497.000000 0.798819
498.000000 0.801455
499.000000 0.803401
500.000000 0.805169
501.000000 0.809521
502.000000 0.803772
503.000000 0.802455
504.000000 0.796116
505.000000 0.783303
506.000000 0.783968
507.000000 0.780355
508.000000 0.791043
509.000000 0.790197
510.000000 0.801687
511.000000 0.803939
512.000000 0.803336
513.000000 0.800077
514.000000 0.798785
515.000000 0.801382
516.000000 0.802273
517.000000 0.800401
518.000000 0.799316
519.000000 0.796699
520.000000 0.796322
521.000000 0.788155
522.000000 0.787004
523.000000 0.787041
524.000000 0.793085
525.000000 0.794001
526.000000 0.794864
527.000000 0.800004
528.000000 0.804097
529.000000 0.808706
530.000000 0.799749
531.000000 0.799439
532.000000 0.794340
533.000000 0.791855
534.000000 0.789878
535.000000 0.791644
536.000000 0.793193
537.000000 0.794996
538.000000 0.790903
539.000000 0.797463
540.000000 0.798390
541.000000 0.795381
542.000000 0.794638
543.000000 0.799125
544.000000 0.796684
545.000000 0.806339
546.000000 0.803175
547.000000 0.794722
548.000000 0.791313
549.000000 0.788168
550.000000 0.791631
551.000000 0.794488
552.000000 0.793729
553.000000 0.788724
554.000000 0.794817
555.000000 0.793699
556.000000 0.800824
557.000000 0.803474
558.000000 0.801624
559.000000 0.804908
560.000000 0.798749
561.000000 0.803984
562.000000 0.807527
563.000000 0.801696
564.000000 0.794991
565.000000 0.785947
566.000000 0.786235
567.000000 0.784571
568.000000 0.787732
569.000000 0.789709
570.000000 0.798365
571.000000 0.801480
572.000000 0.804839
573.000000 0.804138
574.000000 0.793983
575.000000 0.799560
576.000000 0.796909
577.000000 0.797850
578.000000 0.794431
579.000000 0.787913
580.000000 0.788446
581.000000 0.794361
582.000000 0.802350
583.000000 0.799381
584.000000 0.802971
585.000000 0.803220
586.000000 0.799391
587.000000 0.801987
588.000000 0.791573
589.000000 0.791303
590.000000 0.791381
591.000000 0.789783
592.000000 0.789862
593.000000 0.793499
594.000000 0.793174
595.000000 0.796058
596.000000 0.794899
597.000000 0.797813
598.000000 0.800910
599.000000 0.795964
600.000000 0.801210
601.000000 0.798512
602.000000 0.793103
603.000000 0.796853
604.000000 0.795537
605.000000 0.797567
606.000000 0.799575
607.000000 0.799837
608.000000 0.798090
609.000000 0.790085
610.000000 0.790382
611.000000 0.794897
612.000000 0.804840
613.000000 0.802964
614.000000 0.800694
615.000000 0.801581
616.000000 0.795786
617.000000 0.793952
618.000000 0.790690
619.000000 0.793833
620.000000 0.797177
621.000000 0.798682
622.000000 0.801720
623.000000 0.800829
624.000000 0.795768
625.000000 0.801639
626.000000 0.802808
627.000000 0.797666
628.000000 0.791614
629.000000 0.791917
630.000000 0.788761
631.000000 0.785065
632.000000 0.785180
633.000000 0.795066
634.000000 0.800256
635.000000 0.803884
636.000000 0.802812
637.000000 0.802659
638.000000 0.802137
639.000000 0.791019
640.000000 0.791345
641.000000 0.790792
642.000000 0.791372
643.000000 0.798775
644.000000 0.801259
645.000000 0.798497
646.000000 0.795672
647.000000 0.798526
648.000000 0.793063
649.000000 0.793565
650.000000 0.792477
651.000000 0.793630
652.000000 0.797091
653.000000 0.803292
654.000000 0.801563
655.000000 0.804384
656.000000 0.799682
657.000000 0.795354
658.000000 0.791615
659.000000 0.794738
660.000000 0.791775
661.000000 0.795770
662.000000 0.793193
663.000000 0.791752
664.000000 0.787618
665.000000 0.798115
666.000000 0.795775
667.000000 0.798364
668.000000 0.798130
669.000000 0.800322
670.000000 0.798975
671.000000 0.798326
672.000000 0.798900
673.000000 0.798796
674.000000 0.794597
675.000000 0.791990
676.000000 0.788662
677.000000 0.790431
678.000000 0.794078
679.000000 0.800617
680.000000 0.799960
681.000000 0.801246
682.000000 0.799225
683.000000 0.795547
684.000000 0.797261
685.000000 0.797727
686.000000 0.797917
687.000000 0.795762
688.000000 0.788246
689.000000 0.794295
690.000000 0.790839
691.000000 0.795749
692.000000 0.794169
693.000000 0.797213
694.000000 0.801373
695.000000 0.802302
696.000000 0.798397
697.000000 0.793561
698.000000 0.791698
699.000000 0.796347
700.000000 0.801974
701.000000 0.799644
702.000000 0.797169
703.000000 0.805197
704.000000 0.801474
705.000000 0.791584
706.000000 0.791025
707.000000 0.793318
708.000000 0.798256
709.000000 0.802750
710.000000 0.800551
711.000000 0.796635
712.000000 0.797434
713.000000 0.793510
714.000000 0.789588
715.000000 0.791473
716.000000 0.790253
717.000000 0.790983
718.000000 0.793439
719.000000 0.789353
720.000000 0.798983
721.000000 0.799155
722.000000 0.804429
723.000000 0.804967
724.000000 0.800490
725.000000 0.794863
726.000000 0.793061
727.000000 0.788927
728.000000 0.794776
729.000000 0.794322
730.000000 0.798466
731.000000 0.801308
732.000000 0.809277
733.000000 0.801724
734.000000 0.791588
735.000000 0.788615
736.000000 0.785052
737.000000 0.789495
738.000000 0.796598
739.000000 0.801535
740.000000 0.804770
741.000000 0.798801
742.000000 0.799862
743.000000 0.797309
744.000000 0.800623
745.000000 0.797663
746.000000 0.800442
747.000000 0.798635
748.000000 0.792472
749.000000 0.785171
750.000000 0.785240
751.000000 0.788830
752.000000 0.789496
753.000000 0.792033
754.000000 0.805154
755.000000 0.811707
756.000000 0.811389
757.000000 0.807555
758.000000 0.805478
759.000000 0.799919
760.000000 0.795503
761.000000 0.784857
762.000000 0.785331
763.000000 0.789327
764.000000 0.791216
765.000000 0.794233
766.000000 0.792974
767.000000 0.795351
768.000000 0.800838
769.000000 0.796985
770.000000 0.797529
771.000000 0.797404
772.000000 0.799052
773.000000 0.794049
774.000000 0.793379
775.000000 0.798225
776.000000 0.789443
777.000000 0.793049
778.000000 0.792361
779.000000 0.794373
780.000000 0.801066
781.000000 0.795947
782.000000 0.797175
783.000000 0.796737
784.000000 0.793387
785.000000 0.795358
786.000000 0.802228
787.000000 0.801746
788.000000 0.796702
789.000000 0.791961
790.000000 0.792975
791.000000 0.801106
792.000000 0.796377
793.000000 0.797286
794.000000 0.796075
795.000000 0.793014
796.000000 0.793996
797.000000 0.807786
798.000000 0.809919
799.000000 0.807266
800.000000 0.803579
801.000000 0.795453
802.000000 0.790398
803.000000 0.788807
804.000000 0.782875
805.000000 0.787875
806.000000 0.790542
807.000000 0.795844
808.000000 0.799978
809.000000 0.799064
810.000000 0.803399
811.000000 0.800836
812.000000 0.795053
813.000000 0.790284
814.000000 0.796857
815.000000 0.794138
816.000000 0.795824
817.000000 0.792843
818.000000 0.793440
819.000000 0.796021
820.000000 0.796351
821.000000 0.794946
822.000000 0.793367
823.000000 0.797946
824.000000 0.802989
825.000000 0.802690
826.000000 0.796436
827.000000 0.794034
828.000000 0.792649
829.000000 0.795336
830.000000 0.797924
831.000000 0.790184
832.000000 0.793499
833.000000 0.795247
834.000000 0.798899
835.000000 0.799145
836.000000 0.799868
837.000000 0.803002
838.000000 0.798836
839.000000 0.792376
840.000000 0.791782
841.000000 0.795449
842.000000 0.796152
843.000000 0.792995
844.000000 0.788530
845.000000 0.797814
846.000000 0.799077
847.000000 0.802080
848.000000 0.798692
849.000000 0.797949
850.000000 0.799960
851.000000 0.804325
852.000000 0.804359
853.000000 0.800929
854.000000 0.796541
855.000000 0.788536
856.000000 0.789987
857.000000 0.788004
858.000000 0.786934
859.000000 0.789410
860.000000 0.792912
861.000000 0.799222
862.000000 0.797807
863.000000 0.794191
864.000000 0.795439
865.000000 0.797065
866.000000 0.798809
867.000000 0.796256
868.000000 0.799289
869.000000 0.801802
870.000000 0.799706
871.000000 0.800157
872.000000 0.795346
873.000000 0.800947
874.000000 0.794023
875.000000 0.797132
876.000000 0.794836
877.000000 0.796902
878.000000 0.794087
879.000000 0.799217
880.000000 0.801451
881.000000 0.793545
882.000000 0.796795
883.000000 0.797050
884.000000 0.796371
885.000000 0.797570
886.000000 0.794484
887.000000 0.790433
888.000000 0.791324
889.000000 0.787037
890.000000 0.796836
891.000000 0.798819
892.000000 0.803289
893.000000 0.800392
894.000000 0.803337
895.000000 0.806141
896.000000 0.801816
897.000000 0.802494
898.000000 0.797984
899.000000 0.794536
900.000000 0.795280
901.000000 0.788154
902.000000 0.786089
903.000000 0.788160
904.000000 0.794319
905.000000 0.795592
906.000000 0.795788
907.000000 0.802758
908.000000 0.795271
909.000000 0.793549
910.000000 0.798124
911.000000 0.789666
912.000000 0.792637
913.000000 0.797369
914.000000 0.801032
915.000000 0.798980
916.000000 0.801638
917.000000 0.800151
918.000000 0.797804
919.000000 0.795993
920.000000 0.792486
921.000000 0.794296
922.000000 0.793809
923.000000 0.792893
924.000000 0.800695
925.000000 0.804490
926.000000 0.804091
927.000000 0.797739
928.000000 0.792442
929.000000 0.792639
930.000000 0.786105
931.000000 0.783773
932.000000 0.787708
933.000000 0.781122
934.000000 0.792030
935.000000 0.794240
936.000000 0.802112
937.000000 0.811354
938.000000 0.803452
939.000000 0.807930
940.000000 0.803096
941.000000 0.794421
942.000000 0.791630
943.000000 0.790303
944.000000 0.794050
945.000000 0.794960
946.000000 0.790613
947.000000 0.796778
948.000000 0.799946
949.000000 0.803566
950.000000 0.803806
951.000000 0.801973
952.000000 0.797686
953.000000 0.795637
954.000000 0.796878
955.000000 0.789668
956.000000 0.794252
957.000000 0.795158
958.000000 0.796176
959.000000 0.802151
960.000000 0.802735
961.000000 0.804419
962.000000 0.807719
963.000000 0.792239
964.000000 0.791950
965.000000 0.784912
966.000000 0.786570
967.000000 0.791488
968.000000 0.792375
969.000000 0.793641
970.000000 0.799169
971.000000 0.795380
972.000000 0.793211
973.000000 0.795066
974.000000 0.794847
975.000000 0.801632
976.000000 0.798516
977.000000 0.799464
978.000000 0.793132
979.000000 0.798261
980.000000 0.791199
981.000000 0.794239
982.000000 0.794317
983.000000 0.792393
984.000000 0.793006
985.000000 0.799698
986.000000 0.805206
987.000000 0.807828
988.000000 0.800667
989.000000 0.799210
990.000000 0.798347
991.000000 0.796029
992.000000 0.790718
993.000000 0.791361
994.000000 0.791601
995.000000 0.801896
996.000000 0.802180
997.000000 0.803600
998.000000 0.801298
999.000000 0.799578
1000.000000 0.796658
1001.000000 0.569191
1002.000000 0.448005
1003.000000 0.402437
1004.000000 0.418212
1005.000000 0.448123
1006.000000 0.495214
1007.000000 0.571966
1008.000000 0.639554
1009.000000 0.694735
1010.000000 0.729178
1011.000000 0.736275
1012.000000 0.726807
1013.000000 0.718261
1014.000000 0.705323
1015.000000 0.685403
1016.000000 0.674129
1017.000000 0.672970
1018.000000 0.668328
1019.000000 0.673885
1020.000000 0.682147
1021.000000 0.691109
1022.000000 0.697813
1023.000000 0.696378
1024.000000 0.702509
1025.000000 0.699387
1026.000000 0.695250
1027.000000 0.697251
1028.000000 0.694304
1029.000000 0.700406
1030.000000 0.694749
1031.000000 0.698263
1032.000000 0.693237
1033.000000 0.692204
1034.000000 0.694449
1035.000000 0.699785
1036.000000 0.694466
1037.000000 0.694593
1038.000000 0.689313
1039.000000 0.693521
1040.000000 0.702248
1041.000000 0.696146
1042.000000 0.699376
1043.000000 0.695593
1044.000000 0.700721
1045.000000 0.698229
1046.000000 0.695397
1047.000000 0.693160
1048.000000 0.693810
1049.000000 0.697167
1050.000000 0.698507
1051.000000 0.698980
1052.000000 0.702541
1053.000000 0.700046
1054.000000 0.703557
1055.000000 0.706941
1056.000000 0.701522
1057.000000 0.696825
1058.000000 0.692268
1059.000000 0.685456
1060.000000 0.684032
1061.000000 0.682087
1062.000000 0.689574
1063.000000 0.693654
1064.000000 0.702827
1065.000000 0.707021
1066.000000 0.714027
1067.000000 0.710027
1068.000000 0.702179
1069.000000 0.701667
1070.000000 0.697412
1071.000000 0.696862
1072.000000 0.695428
1073.000000 0.689527
1074.000000 0.689885
1075.000000 0.688175
1076.000000 0.690377
1077.000000 0.690613
1078.000000 0.702652
1079.000000 0.706308
1080.000000 0.705323
1081.000000 0.700531
1082.000000 0.693678
1083.000000 0.695784
1084.000000 0.696240
1085.000000 0.696138
1086.000000 0.692522
1087.000000 0.692798
1088.000000 0.690548
1089.000000 0.696350
1090.000000 0.695990
1091.000000 0.696618
1092.000000 0.703436
1093.000000 0.700758
1094.000000 0.694252
1095.000000 0.698256
1096.000000 0.699126
1097.000000 0.701945
1098.000000 0.694241
1099.000000 0.695190
1100.000000 0.691626
1101.000000 0.698394
1102.000000 0.702571
1103.000000 0.695493
1104.000000 0.692143
1105.000000 0.690213
1106.000000 0.688681
1107.000000 0.691151
1108.000000 0.692636
1109.000000 0.698722
1110.000000 0.699549
1111.000000 0.703624
1112.000000 0.704368
1113.000000 0.702713
1114.000000 0.698403
1115.000000 0.689751
1116.000000 0.689119
1117.000000 0.689375
1118.000000 0.691048
1119.000000 0.690738
1120.000000 0.693714
1121.000000 0.698603
1122.000000 0.703679
1123.000000 0.702676
1124.000000 0.708598
1125.000000 0.704911
1126.000000 0.698833
1127.000000 0.696925
1128.000000 0.692697
1129.000000 0.692741
1130.000000 0.690924
1131.000000 0.694790
1132.000000 0.690816
1133.000000 0.693570
1134.000000 0.696285
1135.000000 0.703494
1136.000000 0.704177
1137.000000 0.707500
1138.000000 0.704147
1139.000000 0.704155
1140.000000 0.698407
1141.000000 0.693308
1142.000000 0.692012
1143.000000 0.684594
1144.000000 0.682757
1145.000000 0.682527
1146.000000 0.688321
1147.000000 0.693342
1148.000000 0.702276
1149.000000 0.705369
1150.000000 0.710911
1151.000000 0.707563
1152.000000 0.700643
1153.000000 0.701978
1154.000000 0.698662
1155.000000 0.701258
1156.000000 0.694155
1157.000000 0.688276
1158.000000 0.685516
1159.000000 0.692594
1160.000000 0.697661
1161.000000 0.699095
1162.000000 0.700565
1163.000000 0.701646
1164.000000 0.708846
1165.000000 0.700679
1166.000000 0.697394
1167.000000 0.690510
1168.000000 0.689080
1169.000000 0.699851
1170.000000 0.697403
1171.000000 0.693481
1172.000000 0.688773
1173.000000 0.692086
1174.000000 0.692780
1175.000000 0.694143
1176.000000 0.692929
1177.000000 0.689756
1178.000000 0.698539
1179.000000 0.693828
1180.000000 0.698448
1181.000000 0.703260
1182.000000 0.707098
1183.000000 0.705485
1184.000000 0.701712
1185.000000 0.697849
1186.000000 0.693543
1187.000000 0.692302
1188.000000 0.696488
1189.000000 0.698779
1190.000000 0.700817
1191.000000 0.700717
1192.000000 0.697143
1193.000000 0.694620
1194.000000 0.694443
1195.000000 0.697390
1196.000000 0.697118
1197.000000 0.693776
1198.000000 0.694182
1199.000000 0.689635
1200.000000 0.695588
1201.000000 0.695285
1202.000000 0.693424
1203.000000 0.698880
1204.000000 0.699506
1205.000000 0.704775
1206.000000 0.704916
1207.000000 0.706041
1208.000000 0.703635
1209.000000 0.696173
1210.000000 0.692920
1211.000000 0.687776
1212.000000 0.684681
1213.000000 0.686102
1214.000000 0.687493
1215.000000 0.690848
1216.000000 0.688474
1217.000000 0.693878
1218.000000 0.705499
1219.000000 0.707037
1220.000000 0.705526
1221.000000 0.700834
1222.000000 0.698201
1223.000000 0.700475
1224.000000 0.699008
1225.000000 0.697039
1226.000000 0.695790
1227.000000 0.689409
1228.000000 0.698632
1229.000000 0.695697
1230.000000 0.694254
1231.000000 0.698156
1232.000000 0.697434
1233.000000 0.700172
1234.000000 0.702922
1235.000000 0.700833
1236.000000 0.693812
1237.000000 0.695317
1238.000000 0.693169
1239.000000 0.698927
1240.000000 0.700906
1241.000000 0.703483
1242.000000 0.705042
1243.000000 0.702907
1244.000000 0.700506
1245.000000 0.695900
1246.000000 0.696843
1247.000000 0.693341
1248.000000 0.692531
1249.000000 0.692135
1250.000000 0.691288
1251.000000 0.686774
1252.000000 0.688599
1253.000000 0.689656
1254.000000 0.688282
1255.000000 0.691251
1256.000000 0.695818
1257.000000 0.697030
1258.000000 0.693790
1259.000000 0.700769
1260.000000 0.700749
1261.000000 0.706750
1262.000000 0.709587
1263.000000 0.708460
1264.000000 0.704166
1265.000000 0.705432
1266.000000 0.704011
1267.000000 0.696948
1268.000000 0.688970
1269.000000 0.683632
1270.000000 0.683704
1271.000000 0.687695
1272.000000 0.689534
1273.000000 0.685793
1274.000000 0.686680
1275.000000 0.695643
1276.000000 0.697781
1277.000000 0.706124
1278.000000 0.706228
1279.000000 0.706991
1280.000000 0.703296
1281.000000 0.705938
1282.000000 0.700253
1283.000000 0.697391
1284.000000 0.693995
1285.000000 0.697112
1286.000000 0.697424
1287.000000 0.701329
1288.000000 0.700528
1289.000000 0.700640
1290.000000 0.697731
1291.000000 0.693567
1292.000000 0.688640
1293.000000 0.692468
1294.000000 0.691288
1295.000000 0.689215
1296.000000 0.688602
1297.000000 0.698316
1298.000000 0.697777
1299.000000 0.700426
1300.000000 0.695283
1301.000000 0.694445
1302.000000 0.698220
1303.000000 0.698196
1304.000000 0.697754
1305.000000 0.706542
1306.000000 0.705630
1307.000000 0.703871
1308.000000 0.702378
1309.000000 0.704518
1310.000000 0.695047
1311.000000 0.692769
1312.000000 0.684775
1313.000000 0.689491
1314.000000 0.686800
1315.000000 0.687762
1316.000000 0.690055
1317.000000 0.698440
1318.000000 0.701909
1319.000000 0.704223
1320.000000 0.705997
1321.000000 0.704333
1322.000000 0.706069
1323.000000 0.700029
1324.000000 0.695797
1325.000000 0.694392
1326.000000 0.689086
1327.000000 0.692639
1328.000000 0.692156
1329.000000 0.691192
1330.000000 0.692000
1331.000000 0.701896
1332.000000 0.703359
1333.000000 0.702294
1334.000000 0.700067
1335.000000 0.701066
1336.000000 0.697020
1337.000000 0.693857
1338.000000 0.686669
1339.000000 0.687637
1340.000000 0.687592
1341.000000 0.692252
1342.000000 0.701790
1343.000000 0.706951
1344.000000 0.707430
1345.000000 0.704228
1346.000000 0.697376
1347.000000 0.697152
1348.000000 0.695436
1349.000000 0.691885
1350.000000 0.692558
1351.000000 0.695902
1352.000000 0.697127
1353.000000 0.698122
1354.000000 0.693589
1355.000000 0.692950
1356.000000 0.691555
1357.000000 0.694961
1358.000000 0.688777
1359.000000 0.692674
1360.000000 0.699047
1361.000000 0.705747
1362.000000 0.704301
1363.000000 0.703164
1364.000000 0.704820
1365.000000 0.702036
1366.000000 0.702946
1367.000000 0.693844
1368.000000 0.684492
1369.000000 0.683148
1370.000000 0.687885
1371.000000 0.687918
1372.000000 0.692553
1373.000000 0.704756
1374.000000 0.706495
1375.000000 0.705899
1376.000000 0.700648
1377.000000 0.699457
1378.000000 0.693655
1379.000000 0.697882
1380.000000 0.687529
1381.000000 0.686561
1382.000000 0.691716
1383.000000 0.695474
1384.000000 0.703044
1385.000000 0.706257
1386.000000 0.705069
1387.000000 0.699680
1388.000000 0.694885
1389.000000 0.687700
1390.000000 0.692150
1391.000000 0.695227
1392.000000 0.707185
1393.000000 0.705557
1394.000000 0.702319
1395.000000 0.698832
1396.000000 0.698288
1397.000000 0.700012
1398.000000 0.696829
1399.000000 0.686071
1400.000000 0.690514
1401.000000 0.691191
1402.000000 0.697922
1403.000000 0.693297
1404.000000 0.692372
1405.000000 0.694635
1406.000000 0.697336
1407.000000 0.694225
1408.000000 0.694672
1409.000000 0.697399
1410.000000 0.699559
1411.000000 0.695755
1412.000000 0.696302
1413.000000 0.697611
1414.000000 0.698126
1415.000000 0.700188
1416.000000 0.703737
1417.000000 0.701327
1418.000000 0.705658
1419.000000 0.703461
1420.000000 0.695875
1421.000000 0.695736
1422.000000 0.691913
1423.000000 0.692947
1424.000000 0.691406
1425.000000 0.691046
1426.000000 0.695181
1427.000000 0.703599
1428.000000 0.698414
1429.000000 0.699752
1430.000000 0.696183
1431.000000 0.692773
1432.000000 0.697111
1433.000000 0.691398
1434.000000 0.691410
1435.000000 0.692957
1436.000000 0.697230
1437.000000 0.695342
1438.000000 0.696153
1439.000000 0.696572
1440.000000 0.690258
1441.000000 0.693832
1442.000000 0.693774
1443.000000 0.699864
1444.000000 0.696774
1445.000000 0.701347
1446.000000 0.706828
1447.000000 0.706452
1448.000000 0.710411
1449.000000 0.699951
1450.000000 0.701578
1451.000000 0.695515
1452.000000 0.690273
1453.000000 0.688280
1454.000000 0.688108
1455.000000 0.694830
1456.000000 0.696518
1457.000000 0.695037
1458.000000 0.699659
1459.000000 0.703968
1460.000000 0.704852
1461.000000 0.698049
1462.000000 0.696469
1463.000000 0.693764
1464.000000 0.699339
1465.000000 0.698843
1466.000000 0.698389
1467.000000 0.699553
1468.000000 0.691831
1469.000000 0.688051
1470.000000 0.694047
1471.000000 0.693314
1472.000000 0.698203
1473.000000 0.697203
1474.000000 0.697078
1475.000000 0.691188
1476.000000 0.691849
1477.000000 0.696415
1478.000000 0.695082
1479.000000 0.694460
1480.000000 0.696098
1481.000000 0.691267
1482.000000 0.697089
1483.000000 0.700940
1484.000000 0.701076
1485.000000 0.706401
1486.000000 0.705037
1487.000000 0.704646
1488.000000 0.695547
1489.000000 0.691550
1490.000000 0.689599
1491.000000 0.688527
1492.000000 0.689246
1493.000000 0.693544
1494.000000 0.702766
1495.000000 0.709574
1496.000000 0.706735
1497.000000 0.697404
1498.000000 0.692987
1499.000000 0.689601
1500.000000 0.685940
1501.000000 1.927952
1502.000000 2.570380
1503.000000 2.791670
1504.000000 2.755179
1505.000000 2.558577
1506.000000 2.306028
1507.000000 1.912126
1508.000000 1.542232
1509.000000 1.269544
1510.000000 1.112029
1511.000000 1.055056
1512.000000 1.073297
1513.000000 1.150470
1514.000000 1.242862
1515.000000 1.331462
1516.000000 1.382439
1517.000000 1.402580
1518.000000 1.394786
1519.000000 1.369240
1520.000000 1.323810
1521.000000 1.279717
1522.000000 1.249441
1523.000000 1.232317
1524.000000 1.217572
1525.000000 1.215031
1526.000000 1.222350
1527.000000 1.233688
1528.000000 1.243389
1529.000000 1.254345
1530.000000 1.254567
1531.000000 1.257747
1532.000000 1.260374
1533.000000 1.259059
1534.000000 1.248916
1535.000000 1.247302
1536.000000 1.246985
1537.000000 1.239864
1538.000000 1.237652
1539.000000 1.229840
1540.000000 1.236455
1541.000000 1.238344
1542.000000 1.243485
1543.000000 1.245186
1544.000000 1.253094
1545.000000 1.251390
1546.000000 1.247059
1547.000000 1.244945
1548.000000 1.244293
1549.000000 1.242876
1550.000000 1.248183
1551.000000 1.239853
1552.000000 1.238501
1553.000000 1.236117
1554.000000 1.236098
1555.000000 1.238312
1556.000000 1.236007
1557.000000 1.244905
1558.000000 1.246857
1559.000000 1.244815
1560.000000 1.245820
1561.000000 1.243514
1562.000000 1.250539
1563.000000 1.246458
1564.000000 1.241285
1565.000000 1.248311
1566.000000 1.245819
1567.000000 1.248559
1568.000000 1.246647
1569.000000 1.240354
1570.000000 1.234977
1571.000000 1.235571
1572.000000 1.238838
1573.000000 1.234202
1574.000000 1.238524
1575.000000 1.240423
1576.000000 1.246204
1577.000000 1.246292
1578.000000 1.251622
1579.000000 1.250200
1580.000000 1.251616
1581.000000 1.248383
1582.000000 1.242602
1583.000000 1.234431
1584.000000 1.237847
1585.000000 1.238190
1586.000000 1.243621
1587.000000 1.245122
1588.000000 1.237887
1589.000000 1.243052
1590.000000 1.248600
1591.000000 1.248236
1592.000000 1.247080
1593.000000 1.253536
1594.000000 1.255357
1595.000000 1.254916
1596.000000 1.251362
1597.000000 1.247297
1598.000000 1.247063
1599.000000 1.243055
1600.000000 1.241080
1601.000000 1.244835
1602.000000 1.244464
1603.000000 1.250635
1604.000000 1.247370
1605.000000 1.249913
1606.000000 1.247814
1607.000000 1.252711
1608.000000 1.249385
1609.000000 1.250614
1610.000000 1.250067
1611.000000 1.250526
1612.000000 1.246598
1613.000000 1.238681
1614.000000 1.236529
1615.000000 1.238288
1616.000000 1.243104
1617.000000 1.243194
1618.000000 1.246817
1619.000000 1.245825
1620.000000 1.241855
1621.000000 1.242159
1622.000000 1.237862
1623.000000 1.242263
1624.000000 1.241562
1625.000000 1.242618
1626.000000 1.249027
1627.000000 1.249745
1628.000000 1.245056
1629.000000 1.247510
1630.000000 1.245233
1631.000000 1.247231
1632.000000 1.246764
1633.000000 1.246156
1634.000000 1.239859
1635.000000 1.238417
1636.000000 1.236808
1637.000000 1.240355
1638.000000 1.241723
1639.000000 1.240021
1640.000000 1.246763
1641.000000 1.249101
1642.000000 1.244973
1643.000000 1.238642
1644.000000 1.243181
1645.000000 1.242861
1646.000000 1.248889
1647.000000 1.244798
1648.000000 1.244706
1649.000000 1.248185
1650.000000 1.244957
1651.000000 1.240461
1652.000000 1.241341
1653.000000 1.245609
1654.000000 1.249829
1655.000000 1.251756
1656.000000 1.246481
1657.000000 1.242985
1658.000000 1.243928
1659.000000 1.239569
1660.000000 1.243393
1661.000000 1.236703
1662.000000 1.246678
1663.000000 1.246175
1664.000000 1.243362
1665.000000 1.243057
1666.000000 1.242448
1667.000000 1.245594
1668.000000 1.238058
1669.000000 1.242164
1670.000000 1.240996
1671.000000 1.240284
1672.000000 1.244844
1673.000000 1.241607
1674.000000 1.244620
1675.000000 1.251840
1676.000000 1.253199
1677.000000 1.252185
1678.000000 1.246340
1679.000000 1.242284
1680.000000 1.239604
1681.000000 1.245291
1682.000000 1.249439
1683.000000 1.242509
1684.000000 1.239554
1685.000000 1.238912
1686.000000 1.236621
1687.000000 1.234691
1688.000000 1.242740
1689.000000 1.246815
1690.000000 1.248996
1691.000000 1.249851
1692.000000 1.249508
1693.000000 1.249069
1694.000000 1.244279
1695.000000 1.253682
1696.000000 1.249354
1697.000000 1.247644
1698.000000 1.244950
1699.000000 1.241501
1700.000000 1.238865
1701.000000 1.239253
1702.000000 1.239762
1703.000000 1.246787
1704.000000 1.249290
1705.000000 1.248378
1706.000000 1.245925
1707.000000 1.246697
1708.000000 1.247439
1709.000000 1.241110
1710.000000 1.238389
1711.000000 1.232764
1712.000000 1.234230
1713.000000 1.242015
1714.000000 1.251659
1715.000000 1.250137
1716.000000 1.249193
1717.000000 1.244624
1718.000000 1.240770
1719.000000 1.241610
1720.000000 1.240788
1721.000000 1.244494
1722.000000 1.240287
1723.000000 1.242458
1724.000000 1.245784
1725.000000 1.248262
1726.000000 1.241793
1727.000000 1.241420
1728.000000 1.241844
1729.000000 1.243645
1730.000000 1.244156
1731.000000 1.244180
1732.000000 1.246455
1733.000000 1.242017
1734.000000 1.245946
1735.000000 1.249780
1736.000000 1.251190
1737.000000 1.245533
1738.000000 1.242111
1739.000000 1.238975
1740.000000 1.242492
1741.000000 1.243570
1742.000000 1.251347
1743.000000 1.246478
1744.000000 1.246998
1745.000000 1.245373
1746.000000 1.241402
1747.000000 1.243236
1748.000000 1.241276
1749.000000 1.245446
1750.000000 1.246923
1751.000000 1.244418
1752.000000 1.245160
1753.000000 1.249505
1754.000000 1.249030
1755.000000 1.236132
1756.000000 1.235655
1757.000000 1.237190
1758.000000 1.243066
1759.000000 1.251197
1760.000000 1.249088
1761.000000 1.259076
1762.000000 1.255448
1763.000000 1.254144
1764.000000 1.245712
1765.000000 1.235160
1766.000000 1.231184
1767.000000 1.232583
1768.000000 1.240289
1769.000000 1.242619
1770.000000 1.247175
1771.000000 1.244475
1772.000000 1.246481
1773.000000 1.240061
1774.000000 1.241365
1775.000000 1.246734
1776.000000 1.245329
1777.000000 1.242489
1778.000000 1.243688
1779.000000 1.241784
1780.000000 1.242239
1781.000000 1.241602
1782.000000 1.244508
1783.000000 1.246152
1784.000000 1.247076
1785.000000 1.247245
1786.000000 1.251356
1787.000000 1.248469
1788.000000 1.249869
1789.000000 1.244738
1790.000000 1.246060
1791.000000 1.237680
1792.000000 1.234858
1793.000000 1.238268
1794.000000 1.233342
1795.000000 1.235483
1796.000000 1.237827
1797.000000 1.251956
1798.000000 1.258089
1799.000000 1.258542
1800.000000 1.254942
1801.000000 1.253904
1802.000000 1.245296
1803.000000 1.242332
1804.000000 1.238297
1805.000000 1.238593
1806.000000 1.238118
1807.000000 1.233762
1808.000000 1.243490
1809.000000 1.247180
1810.000000 1.249133
1811.000000 1.245034
1812.000000 1.247255
1813.000000 1.247157
1814.000000 1.242317
1815.000000 1.245022
1816.000000 1.238777
1817.000000 1.239010
1818.000000 1.237856
1819.000000 1.240666
1820.000000 1.246841
1821.000000 1.252547
1822.000000 1.250094
1823.000000 1.245329
1824.000000 1.241295
1825.000000 1.241829
1826.000000 1.236584
1827.000000 1.238836
1828.000000 1.242874
1829.000000 1.245459
1830.000000 1.249642
1831.000000 1.246766
1832.000000 1.242296
1833.000000 1.240515
1834.000000 1.242359
1835.000000 1.249765
1836.000000 1.251463
1837.000000 1.248563
1838.000000 1.247215
1839.000000 1.240914
1840.000000 1.239802
1841.000000 1.245642
1842.000000 1.243086
1843.000000 1.242094
1844.000000 1.236908
1845.000000 1.241005
1846.000000 1.243664
1847.000000 1.251882
1848.000000 1.252557
1849.000000 1.255707
1850.000000 1.251383
1851.000000 1.249453
1852.000000 1.248345
1853.000000 1.242408
1854.000000 1.241481
1855.000000 1.233287
1856.000000 1.226918
1857.000000 1.231372
1858.000000 1.236183
1859.000000 1.249648
1860.000000 1.245815
1861.000000 1.251137
1862.000000 1.249404
1863.000000 1.250385
1864.000000 1.247462
1865.000000 1.245581
1866.000000 1.243897
1867.000000 1.246606
1868.000000 1.244263
1869.000000 1.248275
1870.000000 1.245424
1871.000000 1.243046
1872.000000 1.242458
1873.000000 1.240142
1874.000000 1.237813
1875.000000 1.244744
1876.000000 1.249313
1877.000000 1.249909
1878.000000 1.245152
1879.000000 1.241792
1880.000000 1.242428
1881.000000 1.239726
1882.000000 1.233370
1883.000000 1.240752
1884.000000 1.245973
1885.000000 1.254217
1886.000000 1.250756
1887.000000 1.245426
1888.000000 1.245373
1889.000000 1.239902
1890.000000 1.241529
1891.000000 1.240131
1892.000000 1.238364
1893.000000 1.239548
1894.000000 1.241696
1895.000000 1.240708
1896.000000 1.248162
1897.000000 1.251022
1898.000000 1.250559
1899.000000 1.250690
1900.000000 1.250174
1901.000000 1.245322
1902.000000 1.245204
1903.000000 1.241404
1904.000000 1.241960
1905.000000 1.243024
1906.000000 1.241239
1907.000000 1.241352
1908.000000 1.248970
1909.000000 1.248644
1910.000000 1.250652
1911.000000 1.245810
1912.000000 1.245680
1913.000000 1.242632
1914.000000 1.236242
1915.000000 1.231286
1916.000000 1.232425
1917.000000 1.243848
1918.000000 1.241873
1919.000000 1.242688
1920.000000 1.245210
1921.000000 1.240780
1922.000000 1.248214
1923.000000 1.243374
1924.000000 1.251736
1925.000000 1.252895
1926.000000 1.256075
1927.000000 1.250417
1928.000000 1.245688
1929.000000 1.245694
1930.000000 1.247745
1931.000000 1.253329
1932.000000 1.249487
1933.000000 1.248131
1934.000000 1.238939
1935.000000 1.232271
1936.000000 1.238916
1937.000000 1.243295
1938.000000 1.243570
1939.000000 1.237956
1940.000000 1.234157
1941.000000 1.232789
1942.000000 1.239468
1943.000000 1.245477
1944.000000 1.251332
1945.000000 1.249125
1946.000000 1.246354
1947.000000 1.251488
1948.000000 1.249173
1949.000000 1.248572
1950.000000 1.242317
1951.000000 1.237192
1952.000000 1.234556
1953.000000 1.236196
1954.000000 1.242092
1955.000000 1.246924
1956.000000 1.252772
1957.000000 1.247748
1958.000000 1.250926
1959.000000 1.254741
1960.000000 1.252779
1961.000000 1.242024
1962.000000 1.237704
1963.000000 1.238127
1964.000000 1.238156
1965.000000 1.238000
1966.000000 1.238323
1967.000000 1.242527
1968.000000 1.237699
1969.000000 1.239420
1970.000000 1.252403
1971.000000 1.256173
1972.000000 1.254677
1973.000000 1.248379
1974.000000 1.246632
1975.000000 1.244510
1976.000000 1.243206
1977.000000 1.245385
1978.000000 1.235438
1979.000000 1.238401
1980.000000 1.231655
1981.000000 1.241263
1982.000000 1.245219
1983.000000 1.252393
1984.000000 1.254688
1985.000000 1.248555
1986.000000 1.244526
1987.000000 1.245863
1988.000000 1.243585
1989.000000 1.244063
1990.000000 1.239291
1991.000000 1.243050
1992.000000 1.237892
1993.000000 1.246148
1994.000000 1.244612
1995.000000 1.250764
1996.000000 1.250659
1997.000000 1.251090
1998.000000 1.241536
1999.000000 1.240377
2000.000000 1.238137
2001.000000 1.244055
2002.000000 1.246216
2003.000000 1.243341
2004.000000 1.243235
2005.000000 1.240333
2006.000000 1.237945
2007.000000 1.243356
2008.000000 1.247359
2009.000000 1.245958
2010.000000 1.246052
2011.000000 1.245142
2012.000000 1.248230
2013.000000 1.249386
2014.000000 1.244658
2015.000000 1.237570
2016.000000 1.239639
2017.000000 1.237152
2018.000000 1.236206
2019.000000 1.236769
2020.000000 1.237458
2021.000000 1.243765
2022.000000 1.254358
2023.000000 1.258238
2024.000000 1.256912
2025.000000 1.257629
2026.000000 1.253067
2027.000000 1.242725
2028.000000 1.241291
2029.000000 1.237028
2030.000000 1.236242
2031.000000 1.230706
2032.000000 1.236292
2033.000000 1.238837
2034.000000 1.248531
2035.000000 1.252926
2036.000000 1.251121
2037.000000 1.248140
2038.000000 1.247959
2039.000000 1.245094
2040.000000 1.245800
2041.000000 1.241183
2042.000000 1.243404
2043.000000 1.241601
2044.000000 1.240921
2045.000000 1.236982
2046.000000 1.243854
2047.000000 1.244513
2048.000000 1.252096
2049.000000 1.249107
2050.000000 1.244805
2051.000000 1.247456
2052.000000 1.245499
2053.000000 1.240039
2054.000000 1.234001
2055.000000 1.237059
2056.000000 1.236096
2057.000000 1.242448
2058.000000 1.248829
2059.000000 1.251178
2060.000000 1.257611
2061.000000 1.256093
2062.000000 1.253390
2063.000000 1.242267
2064.000000 1.238408
2065.000000 1.230118
2066.000000 1.232197
2067.000000 1.235291
2068.000000 1.241684
2069.000000 1.249329
2070.000000 1.250340
2071.000000 1.252604
2072.000000 1.256078
2073.000000 1.249988
2074.000000 1.246979
2075.000000 1.241614
2076.000000 1.241772
2077.000000 1.237928
2078.000000 1.240414
2079.000000 1.239560
2080.000000 1.239329
2081.000000 1.242387
2082.000000 1.247353
2083.000000 1.247130
2084.000000 1.243380
2085.000000 1.251384
2086.000000 1.248356
2087.000000 1.246476
2088.000000 1.242231
2089.000000 1.242608
2090.000000 1.241312
2091.000000 1.243243
2092.000000 1.241984
2093.000000 1.238931
2094.000000 1.241698
2095.000000 1.247133
2096.000000 1.247946
2097.000000 1.245863
2098.000000 1.246046
2099.000000 1.239849
2100.000000 1.243445
2101.000000 1.244908
2102.000000 1.240009
2103.000000 1.241485
2104.000000 1.241400
2105.000000 1.240681
2106.000000 1.246669
2107.000000 1.248542
2108.000000 1.246969
2109.000000 1.250255
2110.000000 1.247964
2111.000000 1.251481
2112.000000 1.246015
2113.000000 1.236619
2114.000000 1.238786
2115.000000 1.241565
2116.000000 1.238479
2117.000000 1.244932
2118.000000 1.247123
2119.000000 1.249137
2120.000000 1.246490
2121.000000 1.249592
2122.000000 1.250954
2123.000000 1.246663
2124.000000 1.244388
2125.000000 1.247231
2126.000000 1.249765
2127.000000 1.250671
2128.000000 1.243750
2129.000000 1.237762
2130.000000 1.233501
2131.000000 1.237974
2132.000000 1.245096
2133.000000 1.241474
2134.000000 1.241897
2135.000000 1.241606
2136.000000 1.244258
2137.000000 1.245243
2138.000000 1.237735
2139.000000 1.240793
2140.000000 1.240667
2141.000000 1.251434
2142.000000 1.254712
2143.000000 1.253696
2144.000000 1.248351
2145.000000 1.242784
2146.000000 1.232110
2147.000000 1.240167
2148.000000 1.245766
2149.000000 1.246446
2150.000000 1.247846
2151.000000 1.248488
2152.000000 1.243133
2153.000000 1.243224
2154.000000 1.239377
2155.000000 1.239346
2156.000000 1.245575
2157.000000 1.241912
2158.000000 1.244090
2159.000000 1.245697
2160.000000 1.246077
2161.000000 1.244194
2162.000000 1.239548
2163.000000 1.240895
2164.000000 1.248338
2165.000000 1.244724
2166.000000 1.246982
2167.000000 1.239028
2168.000000 1.239897
2169.000000 1.240071
2170.000000 1.244385
2171.000000 1.249369
2172.000000 1.251598
2173.000000 1.254620
2174.000000 1.253160
2175.000000 1.244242
2176.000000 1.243419
2177.000000 1.240421
2178.000000 1.234489
2179.000000 1.237940
2180.000000 1.239989
2181.000000 1.240861
2182.000000 1.242869
2183.000000 1.243420
2184.000000 1.247693
2185.000000 1.248922
2186.000000 1.243173
2187.000000 1.237745
2188.000000 1.241352
2189.000000 1.247366
2190.000000 1.249237
2191.000000 1.250966
2192.000000 1.251689
2193.000000 1.256095
2194.000000 1.255511
2195.000000 1.248002
2196.000000 1.243735
2197.000000 1.233772
2198.000000 1.239686
2199.000000 1.240300
2200.000000 1.237765
2201.000000 1.236573
2202.000000 1.239707
2203.000000 1.245756
2204.000000 1.253811
2205.000000 1.251371
2206.000000 1.245779
2207.000000 1.242857
2208.000000 1.245234
2209.000000 1.239047
2210.000000 1.235784
2211.000000 1.237255
2212.000000 1.239598
2213.000000 1.242466
2214.000000 1.243609
2215.000000 1.243103
2216.000000 1.247002
2217.000000 1.242498
2218.000000 1.249170
2219.000000 1.249404
2220.000000 1.251654
2221.000000 1.250977
2222.000000 1.252645
2223.000000 1.243567
2224.000000 1.240614
2225.000000 1.238900
2226.000000 1.238617
2227.000000 1.241987
2228.000000 1.243019
2229.000000 1.240708
2230.000000 1.242623
2231.000000 1.242015
2232.000000 1.242075
2233.000000 1.240525
2234.000000 1.245307
2235.000000 1.249509
2236.000000 1.248213
2237.000000 1.250895
2238.000000 1.244221
2239.000000 1.248059
2240.000000 1.241647
2241.000000 1.236582
2242.000000 1.243211
2243.000000 1.239741
2244.000000 1.241985
2245.000000 1.243236
2246.000000 1.246751
2247.000000 1.249187
2248.000000 1.245706
2249.000000 1.248526
2250.000000 1.249276
2251.000000 1.237312
2252.000000 1.234416
2253.000000 1.234389
2254.000000 1.238240
2255.000000 1.244772
2256.000000 1.254625
2257.000000 1.256056
2258.000000 1.252327
2259.000000 1.247831
2260.000000 1.240876
2261.000000 1.237868
2262.000000 1.238397
2263.000000 1.243463
2264.000000 1.246742
2265.000000 1.246259
2266.000000 1.248991
2267.000000 1.250017
2268.000000 1.243874
2269.000000 1.244275
2270.000000 1.248660
2271.000000 1.254241
2272.000000 1.248177
2273.000000 1.245233
2274.000000 1.242428
2275.000000 1.240596
2276.000000 1.238716
2277.000000 1.241053
2278.000000 1.240424
2279.000000 1.248278
2280.000000 1.248402
2281.000000 1.246791
2282.000000 1.242198
2283.000000 1.239080
2284.000000 1.234574
2285.000000 1.230955
2286.000000 1.234481
2287.000000 1.243022
2288.000000 1.245478
2289.000000 1.244735
2290.000000 1.244119
2291.000000 1.247691
2292.000000 1.255040
2293.000000 1.257627
2294.000000 1.254440
2295.000000 1.247416
2296.000000 1.245710
2297.000000 1.247446
2298.000000 1.238454
2299.000000 1.238826
2300.000000 1.234185
2301.000000 1.236150
2302.000000 1.243835
2303.000000 1.244689
2304.000000 1.244293
2305.000000 1.247414
2306.000000 1.249701
2307.000000 1.247505
2308.000000 1.249012
2309.000000 1.247896
2310.000000 1.240642
2311.000000 1.241078
2312.000000 1.238498
2313.000000 1.242052
2314.000000 1.247635
2315.000000 1.247793
2316.000000 1.248321
2317.000000 1.244642
2318.000000 1.244893
2319.000000 1.239400
2320.000000 1.246532
2321.000000 1.242500
2322.000000 1.244167
2323.000000 1.239224
2324.000000 1.240144
2325.000000 1.236223
2326.000000 1.241348
2327.000000 1.244983
2328.000000 1.245438
2329.000000 1.243630
2330.000000 1.249602
2331.000000 1.258391
2332.000000 1.254456
2333.000000 1.248198
2334.000000 1.237845
2335.000000 1.238464
2336.000000 1.238087
2337.000000 1.236849
2338.000000 1.241338
2339.000000 1.246511
2340.000000 1.248489
2341.000000 1.253844
2342.000000 1.247992
2343.000000 1.249299
2344.000000 1.249855
2345.000000 1.244556
2346.000000 1.239200
2347.000000 1.237439
2348.000000 1.235650
2349.000000 1.235112
2350.000000 1.235784
2351.000000 1.241037
2352.000000 1.244103
2353.000000 1.249247
2354.000000 1.244872
2355.000000 1.249595
2356.000000 1.252882
2357.000000 1.252874
2358.000000 1.251327
2359.000000 1.250371
2360.000000 1.249568
2361.000000 1.237824
2362.000000 1.235749
2363.000000 1.238144
2364.000000 1.235464
2365.000000 1.241653
2366.000000 1.236891
2367.000000 1.242863
2368.000000 1.247715
2369.000000 1.244246
2370.000000 1.248237
2371.000000 1.247120
2372.000000 1.245267
2373.000000 1.244246
2374.000000 1.246185
2375.000000 1.253093
2376.000000 1.251903
2377.000000 1.245210
2378.000000 1.238406
2379.000000 1.237364
2380.000000 1.235664
2381.000000 1.237542
2382.000000 1.235792
2383.000000 1.236552
2384.000000 1.245343
2385.000000 1.249490
2386.000000 1.250395
2387.000000 1.246869
2388.000000 1.248053
2389.000000 1.250717
2390.000000 1.249827
2391.000000 1.252478
2392.000000 1.250072
2393.000000 1.249498
2394.000000 1.244115
2395.000000 1.241758
2396.000000 1.235621
2397.000000 1.235889
2398.000000 1.241575
2399.000000 1.241139
2400.000000 1.246629
2401.000000 1.245168
2402.000000 1.237686
2403.000000 1.242412
2404.000000 1.242958
2405.000000 1.242046
2406.000000 1.247657
2407.000000 1.243389
2408.000000 1.247797
2409.000000 1.244511
2410.000000 1.247752
2411.000000 1.241444
2412.000000 1.239360
2413.000000 1.244666
2414.000000 1.240109
2415.000000 1.245548
2416.000000 1.243869
2417.000000 1.246683
2418.000000 1.248356
2419.000000 1.241813
2420.000000 1.250159
2421.000000 1.253877
2422.000000 1.248985
2423.000000 1.253689
2424.000000 1.244513
2425.000000 1.238641
2426.000000 1.242412
2427.000000 1.240637
2428.000000 1.243428
2429.000000 1.238481
2430.000000 1.242329
2431.000000 1.240379
2432.000000 1.245091
2433.000000 1.241479
2434.000000 1.242107
2435.000000 1.247837
2436.000000 1.251355
2437.000000 1.249260
2438.000000 1.252869
2439.000000 1.244406
2440.000000 1.237459
2441.000000 1.234614
2442.000000 1.240479
2443.000000 1.241335
2444.000000 1.235412
2445.000000 1.235710
2446.000000 1.239889
2447.000000 1.243482
2448.000000 1.243922
2449.000000 1.247786
2450.000000 1.251619
2451.000000 1.254249
2452.000000 1.252617
2453.000000 1.251266
2454.000000 1.251091
2455.000000 1.250518
2456.000000 1.243827
2457.000000 1.242851
2458.000000 1.243361
2459.000000 1.246095
2460.000000 1.247444
2461.000000 1.240729
2462.000000 1.240445
2463.000000 1.236833
2464.000000 1.234119
2465.000000 1.237956
2466.000000 1.238083
2467.000000 1.233039
2468.000000 1.241280
2469.000000 1.244769
2470.000000 1.251450
2471.000000 1.248857
2472.000000 1.251760
2473.000000 1.252917
2474.000000 1.248865
2475.000000 1.247265
2476.000000 1.247086
2477.000000 1.252523
2478.000000 1.252307
2479.000000 1.248006
2480.000000 1.239634
2481.000000 1.234727
2482.000000 1.233169
2483.000000 1.231960
2484.000000 1.237144
2485.000000 1.239947
2486.000000 1.245075
2487.000000 1.246550
2488.000000 1.249556
2489.000000 1.246684
2490.000000 1.252915
2491.000000 1.242273
2492.000000 1.244694
2493.000000 1.247971
2494.000000 1.250883
2495.000000 1.248348
2496.000000 1.240220
2497.000000 1.243525
2498.000000 1.241001
2499.000000 1.244624
2500.000000 1.239867
