1.000000 0.000000
2.000000 0.000000
3.000000 0.000000
4.000000 0.000000
5.000000 0.000000
6.000000 0.000000
7.000000 0.000000
8.000000 0.000000
9.000000 0.000000
10.000000 0.000000
11.000000 0.000000
12.000000 0.000000
13.000000 0.000000
14.000000 0.000000
15.000000 0.000000
16.000000 0.000000
17.000000 0.000000
18.000000 0.000000
19.000000 0.000000
20.000000 0.000000
21.000000 0.000000
22.000000 0.000000
23.000000 0.000000
24.000000 0.000000
25.000000 0.000000
26.000000 0.000000
27.000000 0.175353
28.000000 0.447490
29.000000 0.725558
30.000000 0.991243
31.000000 1.228960
32.000000 1.426273
33.000000 1.558255
34.000000 1.627489
35.000000 1.622919
36.000000 1.590862
37.000000 1.533650
38.000000 1.491523
39.000000 1.449296
40.000000 1.431558
41.000000 1.449863
42.000000 1.475283
43.000000 1.506667
44.000000 1.555976
45.000000 1.610661
46.000000 1.645120
47.000000 1.664749
48.000000 1.668231
49.000000 1.649059
50.000000 1.620390
51.000000 1.580370
52.000000 1.550336
53.000000 1.519828
54.000000 1.514974
55.000000 1.523373
56.000000 1.544507
57.000000 1.568308
58.000000 1.602379
59.000000 1.619868
60.000000 1.636548
61.000000 1.650796
62.000000 1.625536
63.000000 1.614869
64.000000 1.624027
65.000000 1.631437
66.000000 1.640278
67.000000 1.616416
68.000000 1.593626
69.000000 1.573469
70.000000 1.566808
71.000000 1.566615
72.000000 1.588673
73.000000 1.612240
74.000000 1.615691
75.000000 1.626343
76.000000 1.633744
77.000000 1.627785
78.000000 1.611702
79.000000 1.585380
80.000000 1.558431
81.000000 1.547287
82.000000 1.520971
83.000000 1.517551
84.000000 1.517264
85.000000 1.535339
86.000000 1.556768
87.000000 1.594920
88.000000 1.620466
89.000000 1.640010
90.000000 1.662038
91.000000 1.664088
92.000000 1.679944
93.000000 1.669587
94.000000 1.640955
95.000000 1.617405
96.000000 1.590443
97.000000 1.570667
98.000000 1.564707
99.000000 1.564039
100.000000 1.582530
101.000000 1.589000
102.000000 1.585401
103.000000 1.583341
104.000000 1.588262
105.000000 1.572576
106.000000 1.582311
107.000000 1.573492
108.000000 1.565732
109.000000 1.552133
110.000000 1.537028
111.000000 1.565829
112.000000 1.585784
113.000000 1.606655
114.000000 1.618844
115.000000 1.634192
116.000000 1.659230
117.000000 1.675836
118.000000 1.671264
119.000000 1.654469
120.000000 1.626480
121.000000 1.594346
122.000000 1.582479
123.000000 1.575368
124.000000 1.570609
125.000000 1.580144
126.000000 1.574971
127.000000 1.569307
128.000000 1.572846
129.000000 1.579704
130.000000 1.583688
131.000000 1.595743
132.000000 1.625720
133.000000 1.640475
134.000000 1.645434
135.000000 1.652814
136.000000 1.636306
137.000000 1.615647
138.000000 1.596198
139.000000 1.578348
140.000000 1.570165
141.000000 1.575091
142.000000 1.602287
143.000000 1.626757
144.000000 1.637102
145.000000 1.647808
146.000000 1.656812
147.000000 1.639530
148.000000 1.611283
149.000000 1.578009
150.000000 1.580593
151.000000 1.589461
152.000000 1.584482
153.000000 1.578516
154.000000 1.597819
155.000000 1.603682
156.000000 1.605922
157.000000 1.590548
158.000000 1.599605
159.000000 1.595403
160.000000 1.597225
161.000000 1.590844
162.000000 1.608452
163.000000 1.613422
164.000000 1.639041
165.000000 1.643452
166.000000 1.639383
167.000000 1.626238
168.000000 1.600254
169.000000 1.584780
170.000000 1.575873
171.000000 1.570329
172.000000 1.554968
173.000000 1.554874
174.000000 1.568560
175.000000 1.598650
176.000000 1.601660
177.000000 1.595231
178.000000 1.585073
179.000000 1.565775
180.000000 1.555552
181.000000 1.560010
182.000000 1.575216
183.000000 1.584943
184.000000 1.574875
185.000000 1.566765
186.000000 1.570931
187.000000 1.581584
188.000000 1.589725
189.000000 1.601742
190.000000 1.629201
191.000000 1.654776
192.000000 1.673495
193.000000 1.685689
194.000000 1.686165
195.000000 1.672309
196.000000 1.658800
197.000000 1.640198
198.000000 1.610333
199.000000 1.580072
200.000000 1.554905
201.000000 1.545952
202.000000 1.542075
203.000000 1.555607
204.000000 1.572759
205.000000 1.613648
206.000000 1.635217
207.000000 1.665237
208.000000 1.679006
209.000000 1.660364
210.000000 1.616670
211.000000 1.560974
212.000000 1.537943
213.000000 1.536698
214.000000 1.546986
215.000000 1.561387
216.000000 1.578914
217.000000 1.588446
218.000000 1.596711
219.000000 1.590276
220.000000 1.583231
221.000000 1.577048
222.000000 1.581493
223.000000 1.583328
224.000000 1.578934
225.000000 1.566369
226.000000 1.559097
227.000000 1.579167
228.000000 1.579184
229.000000 1.592488
230.000000 1.595385
231.000000 1.633248
232.000000 1.630328
233.000000 1.638990
234.000000 1.644266
235.000000 1.647860
236.000000 1.641499
237.000000 1.638741
238.000000 1.621425
239.000000 1.628270
240.000000 1.626410
241.000000 1.621141
242.000000 1.615375
243.000000 1.626031
244.000000 1.625742
245.000000 1.629418
246.000000 1.615980
247.000000 1.605348
248.000000 1.585403
249.000000 1.563663
250.000000 1.549067
251.000000 1.542243
252.000000 1.549265
253.000000 1.553928
254.000000 1.574400
255.000000 1.593613
256.000000 1.610357
257.000000 1.623884
258.000000 1.632248
259.000000 1.638417
260.000000 1.628878
261.000000 1.601075
262.000000 1.568350
263.000000 1.563284
264.000000 1.564223
265.000000 1.568022
266.000000 1.584051
267.000000 1.600582
268.000000 1.608219
269.000000 1.621534
270.000000 1.626383
271.000000 1.617269
272.000000 1.607743
273.000000 1.587206
274.000000 1.571649
275.000000 1.571371
276.000000 1.561071
277.000000 1.561085
278.000000 1.581399
279.000000 1.609734
280.000000 1.641341
281.000000 1.679732
282.000000 1.694938
283.000000 1.688410
284.000000 1.660392
285.000000 1.623360
286.000000 1.586486
287.000000 1.567466
288.000000 1.568681
289.000000 1.570480
290.000000 1.583134
291.000000 1.591642
292.000000 1.605406
293.000000 1.614323
294.000000 1.604623
295.000000 1.601361
296.000000 1.621228
297.000000 1.634081
298.000000 1.633678
299.000000 1.611019
300.000000 1.594912
301.000000 1.582031
302.000000 1.567579
303.000000 1.552971
304.000000 1.536502
305.000000 1.544876
306.000000 1.552823
307.000000 1.573050
308.000000 1.588904
309.000000 1.589128
310.000000 1.597306
311.000000 1.585742
312.000000 1.582781
313.000000 1.587760
314.000000 1.587492
315.000000 1.602336
316.000000 1.616143
317.000000 1.630193
318.000000 1.644711
319.000000 1.640635
320.000000 1.622420
321.000000 1.611400
322.000000 1.593109
323.000000 1.593467
324.000000 1.586775
325.000000 1.595030
326.000000 1.610381
327.000000 1.609235
328.000000 1.612207
329.000000 1.621643
330.000000 1.625091
331.000000 1.632978
332.000000 1.648465
333.000000 1.653872
334.000000 1.665353
335.000000 1.659105
336.000000 1.667671
337.000000 1.664483
338.000000 1.651018
339.000000 1.630127
340.000000 1.602531
341.000000 1.590438
342.000000 1.574276
343.000000 1.560040
344.000000 1.557200
345.000000 1.519503
346.000000 1.491748
347.000000 1.472875
348.000000 1.479795
349.000000 1.522270
350.000000 1.570689
351.000000 1.617534
352.000000 1.643529
353.000000 1.662634
354.000000 1.661392
355.000000 1.639484
356.000000 1.617360
357.000000 1.608749
358.000000 1.598925
359.000000 1.587071
360.000000 1.593375
361.000000 1.585873
362.000000 1.584928
363.000000 1.590285
364.000000 1.599909
365.000000 1.596964
366.000000 1.592869
367.000000 1.590760
368.000000 1.597426
369.000000 1.597899
370.000000 1.607750
371.000000 1.609394
372.000000 1.573875
373.000000 1.553523
374.000000 1.550047
375.000000 1.550662
376.000000 1.567009
377.000000 1.588549
378.000000 1.612440
379.000000 1.629989
380.000000 1.634880
381.000000 1.627994
382.000000 1.617152
383.000000 1.615733
384.000000 1.615161
385.000000 1.615462
386.000000 1.615662
387.000000 1.599142
388.000000 1.564049
389.000000 1.551062
390.000000 1.548859
391.000000 1.554333
392.000000 1.551730
393.000000 1.557677
394.000000 1.573886
395.000000 1.588152
396.000000 1.616314
397.000000 1.631469
398.000000 1.645431
399.000000 1.665995
400.000000 1.676721
401.000000 1.676491
402.000000 1.662722
403.000000 1.648761
404.000000 1.623139
405.000000 1.598465
406.000000 1.592154
407.000000 1.601863
408.000000 1.599539
409.000000 1.589688
410.000000 1.590222
411.000000 1.601831
412.000000 1.611054
413.000000 1.613249
414.000000 1.608764
415.000000 1.586990
416.000000 1.557179
417.000000 1.547576
418.000000 1.539503
419.000000 1.535335
420.000000 1.532434
421.000000 1.536226
422.000000 1.547553
423.000000 1.569139
424.000000 1.597924
425.000000 1.617853
426.000000 1.624821
427.000000 1.620272
428.000000 1.631223
429.000000 1.639526
430.000000 1.636134
431.000000 1.628074
432.000000 1.622373
433.000000 1.619884
434.000000 1.624658
435.000000 1.612455
436.000000 1.605983
437.000000 1.611096
438.000000 1.612291
439.000000 1.621741
440.000000 1.619784
441.000000 1.618285
442.000000 1.603623
443.000000 1.605835
444.000000 1.605388
445.000000 1.601149
446.000000 1.603968
447.000000 1.602936
448.000000 1.596474
449.000000 1.601717
450.000000 1.597102
451.000000 1.580397
452.000000 1.568715
453.000000 1.582493
454.000000 1.599056
455.000000 1.592698
456.000000 1.595223
457.000000 1.585477
458.000000 1.587410
459.000000 1.596018
460.000000 1.600931
461.000000 1.608527
462.000000 1.602377
463.000000 1.601997
464.000000 1.614644
465.000000 1.624682
466.000000 1.639795
467.000000 1.624543
468.000000 1.603153
469.000000 1.579071
470.000000 1.553724
471.000000 1.542567
472.000000 1.545874
473.000000 1.580622
474.000000 1.594569
475.000000 1.611770
476.000000 1.615515
477.000000 1.617989
478.000000 1.611739
479.000000 1.605642
480.000000 1.607243
481.000000 1.599760
482.000000 1.580675
483.000000 1.583023
484.000000 1.569962
485.000000 1.549932
486.000000 1.535193
487.000000 1.527329
488.000000 1.548296
489.000000 1.565060
490.000000 1.583451
491.000000 1.588580
492.000000 1.587473
493.000000 1.593531
494.000000 1.595711
495.000000 1.595526
496.000000 1.608703
497.000000 1.612914
498.000000 1.622097
499.000000 1.627120
500.000000 1.621744
501.000000 1.614323
502.000000 1.596374
503.000000 1.596176
504.000000 1.605345
505.000000 1.619653
506.000000 1.632404
507.000000 1.637542
508.000000 1.646680
509.000000 1.623636
510.000000 1.602443
511.000000 1.570090
512.000000 1.563292
513.000000 1.576493
514.000000 1.603350
515.000000 1.619802
516.000000 1.625870
517.000000 1.637482
518.000000 1.661628
519.000000 1.683523
520.000000 1.684131
521.000000 1.661738
522.000000 1.616828
523.000000 1.574844
524.000000 1.539640
525.000000 1.526287
526.000000 1.536237
527.000000 1.575372
528.000000 1.604898
529.000000 1.640696
530.000000 1.685044
531.000000 1.689451
532.000000 1.677997
533.000000 1.645436
534.000000 1.625554
535.000000 1.605817
536.000000 1.585461
537.000000 1.547295
538.000000 1.520760
539.000000 1.521332
540.000000 1.537552
541.000000 1.570703
542.000000 1.585367
543.000000 1.603841
544.000000 1.600919
545.000000 1.602260
546.000000 1.601485
547.000000 1.610958
548.000000 1.623690
549.000000 1.616308
550.000000 1.598369
551.000000 1.585445
552.000000 1.567205
553.000000 1.558112
554.000000 1.571279
555.000000 1.596295
556.000000 1.625164
557.000000 1.644774
558.000000 1.649588
559.000000 1.643053
560.000000 1.636600
561.000000 1.620832
562.000000 1.615641
563.000000 1.603309
564.000000 1.613520
565.000000 1.617573
566.000000 1.607781
567.000000 1.595931
568.000000 1.570732
569.000000 1.560940
570.000000 1.554802
571.000000 1.562060
572.000000 1.575172
573.000000 1.580830
574.000000 1.584755
575.000000 1.604739
576.000000 1.618614
577.000000 1.620378
578.000000 1.620898
579.000000 1.627194
580.000000 1.625267
581.000000 1.610862
582.000000 1.586269
583.000000 1.545181
584.000000 1.514632
585.000000 1.501457
586.000000 1.504847
587.000000 1.517373
588.000000 1.536604
589.000000 1.568411
590.000000 1.618788
591.000000 1.654732
592.000000 1.690179
593.000000 1.702586
594.000000 1.702864
595.000000 1.687959
596.000000 1.645610
597.000000 1.596610
598.000000 1.541023
599.000000 1.518503
600.000000 1.535887
601.000000 1.548293
602.000000 1.565352
603.000000 1.582134
604.000000 1.615584
605.000000 1.638300
606.000000 1.657611
607.000000 1.663173
608.000000 1.665683
609.000000 1.662181
610.000000 1.631282
611.000000 1.583664
612.000000 1.556986
613.000000 1.551279
614.000000 1.550396
615.000000 1.549748
616.000000 1.575183
617.000000 1.608313
618.000000 1.645263
619.000000 1.657574
620.000000 1.643408
621.000000 1.630170
622.000000 1.607787
623.000000 1.598795
624.000000 1.594326
625.000000 1.579195
626.000000 1.571378
627.000000 1.563939
628.000000 1.558107
629.000000 1.572472
630.000000 1.577963
631.000000 1.596703
632.000000 1.599453
633.000000 1.594954
634.000000 1.579553
635.000000 1.568532
636.000000 1.560314
637.000000 1.567732
638.000000 1.596016
639.000000 1.625121
640.000000 1.638248
641.000000 1.647843
642.000000 1.646988
643.000000 1.630237
644.000000 1.597228
645.000000 1.575402
646.000000 1.574510
647.000000 1.588274
648.000000 1.582361
649.000000 1.603040
650.000000 1.616063
651.000000 1.631583
652.000000 1.637440
653.000000 1.653580
654.000000 1.672648
655.000000 1.657063
656.000000 1.654285
657.000000 1.623128
658.000000 1.603165
659.000000 1.586626
660.000000 1.579225
661.000000 1.587089
662.000000 1.584651
663.000000 1.589705
664.000000 1.588294
665.000000 1.579009
666.000000 1.570869
667.000000 1.567608
668.000000 1.557149
669.000000 1.568694
670.000000 1.590359
671.000000 1.611022
672.000000 1.642687
673.000000 1.649660
674.000000 1.654179
675.000000 1.648240
676.000000 1.640498
677.000000 1.605504
678.000000 1.583581
679.000000 1.567842
680.000000 1.567809
681.000000 1.569792
682.000000 1.574125
683.000000 1.574124
684.000000 1.590586
685.000000 1.605977
686.000000 1.634365
687.000000 1.643043
688.000000 1.631494
689.000000 1.611557
690.000000 1.601555
691.000000 1.587544
692.000000 1.583097
693.000000 1.581356
694.000000 1.578389
695.000000 1.596660
696.000000 1.616857
697.000000 1.633306
698.000000 1.633849
699.000000 1.628468
700.000000 1.619596
701.000000 1.612160
702.000000 1.582370
703.000000 1.558634
704.000000 1.555568
705.000000 1.556006
706.000000 1.585653
707.000000 1.595437
708.000000 1.627678
709.000000 1.636039
710.000000 1.653527
711.000000 1.654836
712.000000 1.657123
713.000000 1.643162
714.000000 1.628695
715.000000 1.614025
716.000000 1.579184
717.000000 1.565598
718.000000 1.546804
719.000000 1.550137
720.000000 1.560351
721.000000 1.558624
722.000000 1.558653
723.000000 1.557156
724.000000 1.551312
725.000000 1.559898
726.000000 1.571728
727.000000 1.581820
728.000000 1.589209
729.000000 1.586419
730.000000 1.606671
731.000000 1.628339
732.000000 1.653635
733.000000 1.677204
734.000000 1.673860
735.000000 1.664521
736.000000 1.654125
737.000000 1.638052
738.000000 1.635830
739.000000 1.635653
740.000000 1.624552
741.000000 1.627083
742.000000 1.602960
743.000000 1.597667
744.000000 1.587031
745.000000 1.586083
746.000000 1.584308
747.000000 1.575701
748.000000 1.557755
749.000000 1.534668
750.000000 1.530243
751.000000 1.536939
752.000000 1.547771
753.000000 1.544425
754.000000 1.541106
755.000000 1.565357
756.000000 1.595521
757.000000 1.630040
758.000000 1.656635
759.000000 1.658547
760.000000 1.655649
761.000000 1.624403
762.000000 1.592560
763.000000 1.564754
764.000000 1.528747
765.000000 1.520780
766.000000 1.523128
767.000000 1.535879
768.000000 1.564217
769.000000 1.589706
770.000000 1.628840
771.000000 1.641245
772.000000 1.626351
773.000000 1.608593
774.000000 1.617791
775.000000 1.604306
776.000000 1.609620
777.000000 1.622801
778.000000 1.642453
779.000000 1.654598
780.000000 1.666908
781.000000 1.633344
782.000000 1.615276
783.000000 1.586417
784.000000 1.563360
785.000000 1.560384
786.000000 1.572458
787.000000 1.571476
788.000000 1.568440
789.000000 1.582472
790.000000 1.600092
791.000000 1.615187
792.000000 1.614742
793.000000 1.602409
794.000000 1.584068
795.000000 1.563936
796.000000 1.553378
797.000000 1.537111
798.000000 1.548129
799.000000 1.544711
800.000000 1.550724
801.000000 1.550325
802.000000 1.566091
803.000000 1.596073
804.000000 1.616449
805.000000 1.628913
806.000000 1.631147
807.000000 1.631188
808.000000 1.623467
809.000000 1.612484
810.000000 1.614527
811.000000 1.631922
812.000000 1.639058
813.000000 1.639879
814.000000 1.630943
815.000000 1.639237
816.000000 1.647238
817.000000 1.644804
818.000000 1.622174
819.000000 1.615886
820.000000 1.608365
821.000000 1.601356
822.000000 1.591804
823.000000 1.594815
824.000000 1.607940
825.000000 1.621787
826.000000 1.626528
827.000000 1.619502
828.000000 1.589473
829.000000 1.586286
830.000000 1.573120
831.000000 1.559442
832.000000 1.555427
833.000000 1.569906
834.000000 1.592087
835.000000 1.612458
836.000000 1.618675
837.000000 1.618561
838.000000 1.608153
839.000000 1.600461
840.000000 1.587998
841.000000 1.582712
842.000000 1.563603
843.000000 1.565681
844.000000 1.565621
845.000000 1.551659
846.000000 1.558037
847.000000 1.569358
848.000000 1.580880
849.000000 1.593093
850.000000 1.594921
851.000000 1.599582
852.000000 1.591297
853.000000 1.593310
854.000000 1.616544
855.000000 1.625953
856.000000 1.637370
857.000000 1.639536
858.000000 1.633092
859.000000 1.646546
860.000000 1.651841
861.000000 1.644779
862.000000 1.655989
863.000000 1.665768
864.000000 1.673448
865.000000 1.668717
866.000000 1.644859
867.000000 1.633726
868.000000 1.617282
869.000000 1.594498
870.000000 1.570061
871.000000 1.553631
872.000000 1.542980
873.000000 1.526299
874.000000 1.523567
875.000000 1.515828
876.000000 1.507410
877.000000 1.521525
878.000000 1.548864
879.000000 1.574185
880.000000 1.605350
881.000000 1.644718
882.000000 1.665689
883.000000 1.666939
884.000000 1.653522
885.000000 1.646210
886.000000 1.638088
887.000000 1.615188
888.000000 1.594512
889.000000 1.582790
890.000000 1.585783
891.000000 1.594549
892.000000 1.601230
893.000000 1.603411
894.000000 1.612241
895.000000 1.626587
896.000000 1.631302
897.000000 1.626497
898.000000 1.616334
899.000000 1.612139
900.000000 1.622976
901.000000 1.626129
902.000000 1.613640
903.000000 1.581207
904.000000 1.554915
905.000000 1.539000
906.000000 1.532206
907.000000 1.536632
908.000000 1.558590
909.000000 1.589107
910.000000 1.625929
911.000000 1.648808
912.000000 1.655216
913.000000 1.640871
914.000000 1.627088
915.000000 1.620948
916.000000 1.608320
917.000000 1.612036
918.000000 1.620926
919.000000 1.641336
920.000000 1.646298
921.000000 1.636463
922.000000 1.631010
923.000000 1.620667
924.000000 1.600763
925.000000 1.578892
926.000000 1.565712
927.000000 1.559509
928.000000 1.560938
929.000000 1.578460
930.000000 1.586720
931.000000 1.585830
932.000000 1.581459
933.000000 1.575578
934.000000 1.570206
935.000000 1.564997
936.000000 1.570370
937.000000 1.574257
938.000000 1.576592
939.000000 1.567319
940.000000 1.584501
941.000000 1.614850
942.000000 1.628684
943.000000 1.621828
944.000000 1.608648
945.000000 1.612167
946.000000 1.618625
947.000000 1.608727
948.000000 1.586688
949.000000 1.566350
950.000000 1.574983
951.000000 1.580746
952.000000 1.609590
953.000000 1.624552
954.000000 1.635595
955.000000 1.629405
956.000000 1.620801
957.000000 1.621662
958.000000 1.620075
959.000000 1.616675
960.000000 1.625040
961.000000 1.622641
962.000000 1.626893
963.000000 1.610135
964.000000 1.591049
965.000000 1.581674
966.000000 1.587490
967.000000 1.610139
968.000000 1.611935
969.000000 1.596785
970.000000 1.581135
971.000000 1.577790
972.000000 1.572878
973.000000 1.570526
974.000000 1.568497
975.000000 1.554769
976.000000 1.555400
977.000000 1.560281
978.000000 1.584297
979.000000 1.610915
980.000000 1.617825
981.000000 1.626811
982.000000 1.646533
983.000000 1.647962
984.000000 1.634815
985.000000 1.610850
986.000000 1.584094
987.000000 1.575408
988.000000 1.567781
989.000000 1.571520
990.000000 1.574056
991.000000 1.590988
992.000000 1.602349
993.000000 1.612960
994.000000 1.597492
995.000000 1.588947
996.000000 1.579590
997.000000 1.573106
998.000000 1.578587
999.000000 1.573626
1000.000000 1.574205
1001.000000 1.568943
1002.000000 1.580696
1003.000000 1.602511
1004.000000 1.614203
1005.000000 1.615770
1006.000000 1.608903
1007.000000 1.573784
1008.000000 1.534745
1009.000000 1.499424
1010.000000 1.482582
1011.000000 1.467125
1012.000000 1.449120
1013.000000 1.424505
1014.000000 1.419548
1015.000000 1.414980
1016.000000 1.408727
1017.000000 1.395863
1018.000000 1.394106
1019.000000 1.410833
1020.000000 1.429501
1021.000000 1.449913
1022.000000 1.458370
1023.000000 1.475418
1024.000000 1.482917
1025.000000 1.481722
1026.000000 1.458063
1027.000000 1.420731
1028.000000 1.384947
1029.000000 1.367832
1030.000000 1.366520
1031.000000 1.388499
1032.000000 1.391349
1033.000000 1.415524
1034.000000 1.418579
1035.000000 1.431006
1036.000000 1.429865
1037.000000 1.424056
1038.000000 1.405650
1039.000000 1.373933
1040.000000 1.357158
1041.000000 1.335843
1042.000000 1.347240
1043.000000 1.375482
1044.000000 1.394105
1045.000000 1.403586
1046.000000 1.406050
1047.000000 1.425238
1048.000000 1.425186
1049.000000 1.407491
1050.000000 1.389595
1051.000000 1.380140
1052.000000 1.389282
1053.000000 1.398026
1054.000000 1.394042
1055.000000 1.392085
1056.000000 1.392312
1057.000000 1.389448
1058.000000 1.396734
1059.000000 1.405285
1060.000000 1.425114
1061.000000 1.450955
1062.000000 1.463948
1063.000000 1.453057
1064.000000 1.438594
1065.000000 1.410398
1066.000000 1.396726
1067.000000 1.384543
1068.000000 1.385051
1069.000000 1.381529
1070.000000 1.375245
1071.000000 1.379635
1072.000000 1.393157
1073.000000 1.433194
1074.000000 1.467741
1075.000000 1.470106
1076.000000 1.435761
1077.000000 1.397065
1078.000000 1.366601
1079.000000 1.341753
1080.000000 1.347150
1081.000000 1.345384
1082.000000 1.353522
1083.000000 1.373657
1084.000000 1.391900
1085.000000 1.406126
1086.000000 1.410806
1087.000000 1.401611
1088.000000 1.392977
1089.000000 1.384719
1090.000000 1.366163
1091.000000 1.382240
1092.000000 1.390687
1093.000000 1.416989
1094.000000 1.428075
1095.000000 1.416186
1096.000000 1.423679
1097.000000 1.420641
1098.000000 1.425592
1099.000000 1.412189
1100.000000 1.397025
1101.000000 1.399305
1102.000000 1.393156
1103.000000 1.382577
1104.000000 1.384949
1105.000000 1.394901
1106.000000 1.389749
1107.000000 1.389921
1108.000000 1.380239
1109.000000 1.363341
1110.000000 1.347118
1111.000000 1.329134
1112.000000 1.335576
1113.000000 1.342372
1114.000000 1.344993
1115.000000 1.346686
1116.000000 1.341574
1117.000000 1.371576
1118.000000 1.391696
1119.000000 1.412369
1120.000000 1.425285
1121.000000 1.423584
1122.000000 1.425335
1123.000000 1.418336
1124.000000 1.425297
1125.000000 1.427692
1126.000000 1.424294
1127.000000 1.421933
1128.000000 1.425082
1129.000000 1.417978
1130.000000 1.397258
1131.000000 1.381103
1132.000000 1.389032
1133.000000 1.400651
1134.000000 1.413769
1135.000000 1.449057
1136.000000 1.471870
1137.000000 1.474366
1138.000000 1.455384
1139.000000 1.453883
1140.000000 1.447120
1141.000000 1.426185
1142.000000 1.411043
1143.000000 1.389842
1144.000000 1.389941
1145.000000 1.379039
1146.000000 1.360416
1147.000000 1.344556
1148.000000 1.344110
1149.000000 1.355190
1150.000000 1.376901
1151.000000 1.400612
1152.000000 1.412237
1153.000000 1.418892
1154.000000 1.418489
1155.000000 1.406806
1156.000000 1.391455
1157.000000 1.379159
1158.000000 1.365157
1159.000000 1.362342
1160.000000 1.381090
1161.000000 1.401080
1162.000000 1.398892
1163.000000 1.401494
1164.000000 1.416456
1165.000000 1.425953
1166.000000 1.434168
1167.000000 1.424248
1168.000000 1.403823
1169.000000 1.391060
1170.000000 1.373670
1171.000000 1.372023
1172.000000 1.380866
1173.000000 1.408402
1174.000000 1.433497
1175.000000 1.432670
1176.000000 1.425373
1177.000000 1.422432
1178.000000 1.424510
1179.000000 1.426484
1180.000000 1.412912
1181.000000 1.402021
1182.000000 1.392016
1183.000000 1.385638
1184.000000 1.384349
1185.000000 1.402459
1186.000000 1.401088
1187.000000 1.418082
1188.000000 1.451418
1189.000000 1.471807
1190.000000 1.466202
1191.000000 1.446361
1192.000000 1.425466
1193.000000 1.406099
1194.000000 1.383047
1195.000000 1.361676
1196.000000 1.342659
1197.000000 1.345823
1198.000000 1.365014
1199.000000 1.374915
1200.000000 1.388405
1201.000000 1.404511
1202.000000 1.427225
1203.000000 1.447332
1204.000000 1.454007
1205.000000 1.441265
1206.000000 1.433837
1207.000000 1.403300
1208.000000 1.364101
1209.000000 1.324754
1210.000000 1.306907
1211.000000 1.314559
1212.000000 1.322669
1213.000000 1.342457
1214.000000 1.363491
1215.000000 1.376676
1216.000000 1.410041
1217.000000 1.418804
1218.000000 1.431027
1219.000000 1.450589
1220.000000 1.460083
1221.000000 1.468744
1222.000000 1.469528
1223.000000 1.469316
1224.000000 1.450503
1225.000000 1.434853
1226.000000 1.421075
1227.000000 1.405135
1228.000000 1.405188
1229.000000 1.391077
1230.000000 1.409865
1231.000000 1.420258
1232.000000 1.429657
1233.000000 1.418863
1234.000000 1.399273
1235.000000 1.376203
1236.000000 1.364137
1237.000000 1.338052
1238.000000 1.332238
1239.000000 1.335309
1240.000000 1.355813
1241.000000 1.362833
1242.000000 1.382664
1243.000000 1.412862
1244.000000 1.435266
1245.000000 1.422706
1246.000000 1.409764
1247.000000 1.404587
1248.000000 1.400523
1249.000000 1.393286
1250.000000 1.389385
1251.000000 1.383922
1252.000000 1.399682
1253.000000 1.423857
1254.000000 1.473705
1255.000000 1.493028
1256.000000 1.475219
1257.000000 1.443193
1258.000000 1.407588
1259.000000 1.370235
1260.000000 1.346553
1261.000000 1.340455
1262.000000 1.342595
1263.000000 1.345250
1264.000000 1.343434
1265.000000 1.362654
1266.000000 1.383549
1267.000000 1.420504
1268.000000 1.441874
1269.000000 1.457201
1270.000000 1.451654
1271.000000 1.432253
1272.000000 1.400260
1273.000000 1.360523
1274.000000 1.322099
1275.000000 1.327419
1276.000000 1.342127
1277.000000 1.378392
1278.000000 1.398522
1279.000000 1.421591
1280.000000 1.441312
1281.000000 1.453635
1282.000000 1.461698
1283.000000 1.457451
1284.000000 1.432444
1285.000000 1.399450
1286.000000 1.372421
1287.000000 1.359612
1288.000000 1.388473
1289.000000 1.414886
1290.000000 1.428443
1291.000000 1.426300
1292.000000 1.415458
1293.000000 1.415321
1294.000000 1.408791
1295.000000 1.407244
1296.000000 1.388292
1297.000000 1.361144
1298.000000 1.337029
1299.000000 1.329916
1300.000000 1.329383
1301.000000 1.349367
1302.000000 1.356594
1303.000000 1.363594
1304.000000 1.378658
1305.000000 1.387428
1306.000000 1.399045
1307.000000 1.400168
1308.000000 1.410704
1309.000000 1.415191
1310.000000 1.425138
1311.000000 1.442665
1312.000000 1.456206
1313.000000 1.463338
1314.000000 1.449160
1315.000000 1.442575
1316.000000 1.422824
1317.000000 1.414978
1318.000000 1.393061
1319.000000 1.377871
1320.000000 1.371256
1321.000000 1.383435
1322.000000 1.406555
1323.000000 1.422576
1324.000000 1.416206
1325.000000 1.406996
1326.000000 1.407689
1327.000000 1.396100
1328.000000 1.387770
1329.000000 1.370841
1330.000000 1.370185
1331.000000 1.371600
1332.000000 1.391435
1333.000000 1.414012
1334.000000 1.420126
1335.000000 1.415258
1336.000000 1.394406
1337.000000 1.375455
1338.000000 1.362449
1339.000000 1.350986
1340.000000 1.343292
1341.000000 1.336066
1342.000000 1.327805
1343.000000 1.328915
1344.000000 1.345666
1345.000000 1.384154
1346.000000 1.424296
1347.000000 1.460912
1348.000000 1.485056
1349.000000 1.475495
1350.000000 1.468110
1351.000000 1.443234
1352.000000 1.436510
1353.000000 1.427305
1354.000000 1.418397
1355.000000 1.415858
1356.000000 1.400615
1357.000000 1.395538
1358.000000 1.377900
1359.000000 1.377374
1360.000000 1.391749
1361.000000 1.397095
1362.000000 1.382649
1363.000000 1.359819
1364.000000 1.340227
1365.000000 1.331264
1366.000000 1.319307
1367.000000 1.312121
1368.000000 1.328135
1369.000000 1.354696
1370.000000 1.396166
1371.000000 1.430754
1372.000000 1.447078
1373.000000 1.451171
1374.000000 1.458938
1375.000000 1.444935
1376.000000 1.420644
1377.000000 1.388873
1378.000000 1.369453
1379.000000 1.355422
1380.000000 1.351859
1381.000000 1.356196
1382.000000 1.373104
1383.000000 1.399416
1384.000000 1.437446
1385.000000 1.463709
1386.000000 1.482826
1387.000000 1.492228
1388.000000 1.489646
1389.000000 1.470031
1390.000000 1.458437
1391.000000 1.438044
1392.000000 1.422098
1393.000000 1.423472
1394.000000 1.445044
1395.000000 1.443596
1396.000000 1.438269
1397.000000 1.416650
1398.000000 1.395051
1399.000000 1.382579
1400.000000 1.363006
1401.000000 1.344986
1402.000000 1.336083
1403.000000 1.328931
1404.000000 1.331612
1405.000000 1.335068
1406.000000 1.360856
1407.000000 1.374118
1408.000000 1.407631
1409.000000 1.433264
1410.000000 1.441330
1411.000000 1.444779
1412.000000 1.432408
1413.000000 1.414121
1414.000000 1.403530
1415.000000 1.386180
1416.000000 1.375092
1417.000000 1.369986
1418.000000 1.363239
1419.000000 1.368513
1420.000000 1.387863
1421.000000 1.399232
1422.000000 1.401529
1423.000000 1.410703
1424.000000 1.401416
1425.000000 1.408881
1426.000000 1.419246
1427.000000 1.419921
1428.000000 1.440695
1429.000000 1.460057
1430.000000 1.470477
1431.000000 1.451788
1432.000000 1.413316
1433.000000 1.391636
1434.000000 1.382192
1435.000000 1.373768
1436.000000 1.359635
1437.000000 1.328714
1438.000000 1.317340
1439.000000 1.314148
1440.000000 1.332798
1441.000000 1.367566
1442.000000 1.397888
1443.000000 1.420619
1444.000000 1.442383
1445.000000 1.440088
1446.000000 1.419147
1447.000000 1.396082
1448.000000 1.367307
1449.000000 1.361431
1450.000000 1.378237
1451.000000 1.410987
1452.000000 1.431752
1453.000000 1.447408
1454.000000 1.447921
1455.000000 1.431635
1456.000000 1.409592
1457.000000 1.385338
1458.000000 1.389920
1459.000000 1.400416
1460.000000 1.412629
1461.000000 1.403624
1462.000000 1.396531
1463.000000 1.409648
1464.000000 1.400701
1465.000000 1.390801
1466.000000 1.382339
1467.000000 1.387139
1468.000000 1.382197
1469.000000 1.390468
1470.000000 1.375260
1471.000000 1.374739
1472.000000 1.388529
1473.000000 1.416606
1474.000000 1.439188
1475.000000 1.448115
1476.000000 1.451975
1477.000000 1.454058
1478.000000 1.440732
1479.000000 1.431533
1480.000000 1.414482
1481.000000 1.403560
1482.000000 1.387198
1483.000000 1.393318
1484.000000 1.387517
1485.000000 1.397038
1486.000000 1.410309
1487.000000 1.407245
1488.000000 1.385811
1489.000000 1.374065
1490.000000 1.367137
1491.000000 1.380655
1492.000000 1.407338
1493.000000 1.412264
1494.000000 1.407133
1495.000000 1.400281
1496.000000 1.401089
1497.000000 1.413515
1498.000000 1.422893
1499.000000 1.409459
1500.000000 1.400315
1501.000000 1.385915
1502.000000 1.377961
1503.000000 1.387625
1504.000000 1.412387
1505.000000 1.417499
1506.000000 1.415297
1507.000000 1.499575
1508.000000 1.657210
1509.000000 1.830686
1510.000000 2.004206
1511.000000 2.167946
1512.000000 2.311676
1513.000000 2.420390
1514.000000 2.466176
1515.000000 2.482710
1516.000000 2.482846
1517.000000 2.469242
1518.000000 2.455306
1519.000000 2.438875
1520.000000 2.447967
1521.000000 2.466517
1522.000000 2.477864
1523.000000 2.490263
1524.000000 2.499318
1525.000000 2.481504
1526.000000 2.451982
1527.000000 2.432965
1528.000000 2.438496
1529.000000 2.458258
1530.000000 2.451186
1531.000000 2.453152
1532.000000 2.455667
1533.000000 2.465018
1534.000000 2.462593
1535.000000 2.471858
1536.000000 2.489589
1537.000000 2.522621
1538.000000 2.556292
1539.000000 2.565757
1540.000000 2.561157
1541.000000 2.536139
1542.000000 2.515987
1543.000000 2.489990
1544.000000 2.462645
1545.000000 2.426930
1546.000000 2.413636
1547.000000 2.419984
1548.000000 2.437855
1549.000000 2.460182
1550.000000 2.484278
1551.000000 2.486257
1552.000000 2.478582
1553.000000 2.481245
1554.000000 2.478530
1555.000000 2.469817
1556.000000 2.478352
1557.000000 2.501229
1558.000000 2.525530
1559.000000 2.537670
1560.000000 2.540083
1561.000000 2.538655
1562.000000 2.530711
1563.000000 2.530351
1564.000000 2.533437
1565.000000 2.527393
1566.000000 2.521086
1567.000000 2.516383
1568.000000 2.528719
1569.000000 2.529113
1570.000000 2.519659
1571.000000 2.521436
1572.000000 2.519045
1573.000000 2.514064
1574.000000 2.494915
1575.000000 2.487269
1576.000000 2.488139
1577.000000 2.497021
1578.000000 2.518815
1579.000000 2.526350
1580.000000 2.522486
1581.000000 2.519526
1582.000000 2.519745
1583.000000 2.525206
1584.000000 2.520725
1585.000000 2.498209
1586.000000 2.507501
1587.000000 2.529995
1588.000000 2.527056
1589.000000 2.521235
1590.000000 2.505404
1591.000000 2.478963
1592.000000 2.441564
1593.000000 2.416774
1594.000000 2.402063
1595.000000 2.403638
1596.000000 2.412468
1597.000000 2.435616
1598.000000 2.477702
1599.000000 2.504365
1600.000000 2.516004
1601.000000 2.522854
1602.000000 2.528912
1603.000000 2.543100
1604.000000 2.548214
1605.000000 2.548730
1606.000000 2.543056
1607.000000 2.513579
1608.000000 2.486067
1609.000000 2.469687
1610.000000 2.459947
1611.000000 2.456468
1612.000000 2.447643
1613.000000 2.442860
1614.000000 2.439832
1615.000000 2.447762
1616.000000 2.459753
1617.000000 2.466239
1618.000000 2.478563
1619.000000 2.509464
1620.000000 2.531463
1621.000000 2.555144
1622.000000 2.563592
1623.000000 2.567248
1624.000000 2.567054
1625.000000 2.543862
1626.000000 2.525357
1627.000000 2.506374
1628.000000 2.493128
1629.000000 2.499881
1630.000000 2.491499
1631.000000 2.491301
1632.000000 2.482478
1633.000000 2.478111
1634.000000 2.466942
1635.000000 2.471830
1636.000000 2.497933
1637.000000 2.522765
1638.000000 2.544174
1639.000000 2.562827
1640.000000 2.553760
1641.000000 2.528731
1642.000000 2.493830
1643.000000 2.487907
1644.000000 2.501938
1645.000000 2.494335
1646.000000 2.488488
1647.000000 2.478040
1648.000000 2.480398
1649.000000 2.501447
1650.000000 2.513396
1651.000000 2.522430
1652.000000 2.494373
1653.000000 2.488026
1654.000000 2.485998
1655.000000 2.497293
1656.000000 2.482652
1657.000000 2.466715
1658.000000 2.473679
1659.000000 2.480033
1660.000000 2.502625
1661.000000 2.517745
1662.000000 2.495668
1663.000000 2.478775
1664.000000 2.478620
1665.000000 2.482130
1666.000000 2.494885
1667.000000 2.513089
1668.000000 2.536128
1669.000000 2.546462
1670.000000 2.537327
1671.000000 2.524442
1672.000000 2.523438
1673.000000 2.525902
1674.000000 2.503407
1675.000000 2.492220
1676.000000 2.488009
1677.000000 2.475746
1678.000000 2.483778
1679.000000 2.480828
1680.000000 2.489295
1681.000000 2.502200
1682.000000 2.500070
1683.000000 2.497634
1684.000000 2.489672
1685.000000 2.483005
1686.000000 2.478021
1687.000000 2.485807
1688.000000 2.505742
1689.000000 2.513595
1690.000000 2.522865
1691.000000 2.506458
1692.000000 2.498408
1693.000000 2.486807
1694.000000 2.461533
1695.000000 2.450901
1696.000000 2.446382
1697.000000 2.458201
1698.000000 2.458433
1699.000000 2.465187
1700.000000 2.465919
1701.000000 2.479866
1702.000000 2.512039
1703.000000 2.535202
1704.000000 2.537104
1705.000000 2.525702
1706.000000 2.518389
1707.000000 2.513225
1708.000000 2.518675
1709.000000 2.512780
1710.000000 2.518273
1711.000000 2.517151
1712.000000 2.528524
1713.000000 2.531274
1714.000000 2.512866
1715.000000 2.497607
1716.000000 2.482240
1717.000000 2.479966
1718.000000 2.494429
1719.000000 2.492450
1720.000000 2.479950
1721.000000 2.470854
1722.000000 2.467460
1723.000000 2.469872
1724.000000 2.491313
1725.000000 2.507928
1726.000000 2.514783
1727.000000 2.531160
1728.000000 2.527056
1729.000000 2.532457
1730.000000 2.529900
1731.000000 2.534062
1732.000000 2.535157
1733.000000 2.519830
1734.000000 2.516188
1735.000000 2.504838
1736.000000 2.500080
1737.000000 2.492718
1738.000000 2.492799
1739.000000 2.481831
1740.000000 2.461487
1741.000000 2.452699
1742.000000 2.474462
1743.000000 2.494797
1744.000000 2.496884
1745.000000 2.496686
1746.000000 2.501951
1747.000000 2.509084
1748.000000 2.543178
1749.000000 2.560104
1750.000000 2.569282
1751.000000 2.565790
1752.000000 2.551993
1753.000000 2.547148
1754.000000 2.547560
1755.000000 2.531375
1756.000000 2.518960
1757.000000 2.507141
1758.000000 2.488595
1759.000000 2.477071
1760.000000 2.459805
1761.000000 2.450148
1762.000000 2.450995
1763.000000 2.458040
1764.000000 2.478485
1765.000000 2.486676
1766.000000 2.483116
1767.000000 2.473403
1768.000000 2.465158
1769.000000 2.471518
1770.000000 2.495624
1771.000000 2.517689
1772.000000 2.517252
1773.000000 2.506815
1774.000000 2.501742
1775.000000 2.507806
1776.000000 2.520183
1777.000000 2.532663
1778.000000 2.537594
1779.000000 2.538153
1780.000000 2.538648
1781.000000 2.541406
1782.000000 2.533971
1783.000000 2.517489
1784.000000 2.500887
1785.000000 2.504879
1786.000000 2.520284
1787.000000 2.519702
1788.000000 2.515482
1789.000000 2.516112
1790.000000 2.485804
1791.000000 2.451733
1792.000000 2.421207
1793.000000 2.411005
1794.000000 2.418010
1795.000000 2.411586
1796.000000 2.431796
1797.000000 2.447037
1798.000000 2.464690
1799.000000 2.475559
1800.000000 2.487919
1801.000000 2.482224
1802.000000 2.471278
1803.000000 2.484983
1804.000000 2.495954
1805.000000 2.503251
1806.000000 2.510388
1807.000000 2.515111
1808.000000 2.507582
1809.000000 2.500859
1810.000000 2.480265
1811.000000 2.483282
1812.000000 2.495008
1813.000000 2.511770
1814.000000 2.520075
1815.000000 2.521242
1816.000000 2.513148
1817.000000 2.502048
1818.000000 2.492813
1819.000000 2.482787
1820.000000 2.468138
1821.000000 2.458243
1822.000000 2.479176
1823.000000 2.510729
1824.000000 2.556424
1825.000000 2.561442
1826.000000 2.562924
1827.000000 2.554934
1828.000000 2.561389
1829.000000 2.563542
1830.000000 2.543532
1831.000000 2.534133
1832.000000 2.502292
1833.000000 2.497925
1834.000000 2.504229
1835.000000 2.503977
1836.000000 2.519021
1837.000000 2.548108
1838.000000 2.556185
1839.000000 2.562702
1840.000000 2.555084
1841.000000 2.543561
1842.000000 2.510132
1843.000000 2.477338
1844.000000 2.452100
1845.000000 2.436872
1846.000000 2.454709
1847.000000 2.476346
1848.000000 2.493985
1849.000000 2.507483
1850.000000 2.519314
1851.000000 2.520632
1852.000000 2.539355
1853.000000 2.561170
1854.000000 2.565090
1855.000000 2.569719
1856.000000 2.559707
1857.000000 2.543819
1858.000000 2.520578
1859.000000 2.489526
1860.000000 2.462140
1861.000000 2.433128
1862.000000 2.419864
1863.000000 2.406243
1864.000000 2.399863
1865.000000 2.405361
1866.000000 2.401696
1867.000000 2.415661
1868.000000 2.430695
1869.000000 2.452495
1870.000000 2.461341
1871.000000 2.487534
1872.000000 2.517662
1873.000000 2.541185
1874.000000 2.552437
1875.000000 2.552819
1876.000000 2.550843
1877.000000 2.549532
1878.000000 2.555274
1879.000000 2.565671
1880.000000 2.552872
1881.000000 2.555911
1882.000000 2.541194
1883.000000 2.523196
1884.000000 2.496631
1885.000000 2.485472
1886.000000 2.474939
1887.000000 2.468356
1888.000000 2.456411
1889.000000 2.458965
1890.000000 2.445810
1891.000000 2.433259
1892.000000 2.430051
1893.000000 2.438247
1894.000000 2.464792
1895.000000 2.481281
1896.000000 2.491685
1897.000000 2.491400
1898.000000 2.493997
1899.000000 2.488092
1900.000000 2.492816
1901.000000 2.513692
1902.000000 2.538575
1903.000000 2.536415
1904.000000 2.522826
1905.000000 2.522553
1906.000000 2.522709
1907.000000 2.516613
1908.000000 2.510219
1909.000000 2.487955
1910.000000 2.477578
1911.000000 2.476109
1912.000000 2.486150
1913.000000 2.500790
1914.000000 2.512204
1915.000000 2.540845
1916.000000 2.544513
1917.000000 2.542689
1918.000000 2.513606
1919.000000 2.479127
1920.000000 2.469305
1921.000000 2.459514
1922.000000 2.472525
1923.000000 2.494665
1924.000000 2.517012
1925.000000 2.546479
1926.000000 2.569027
1927.000000 2.571722
1928.000000 2.572339
1929.000000 2.572546
1930.000000 2.543266
1931.000000 2.500860
1932.000000 2.452770
1933.000000 2.419574
1934.000000 2.408017
1935.000000 2.398631
1936.000000 2.391699
1937.000000 2.410122
1938.000000 2.418291
1939.000000 2.458734
1940.000000 2.508556
1941.000000 2.551779
1942.000000 2.580561
1943.000000 2.580453
1944.000000 2.561360
1945.000000 2.543648
1946.000000 2.512280
1947.000000 2.481275
1948.000000 2.475922
1949.000000 2.470742
1950.000000 2.464299
1951.000000 2.475469
1952.000000 2.494119
1953.000000 2.501374
1954.000000 2.483008
1955.000000 2.476412
1956.000000 2.479905
1957.000000 2.482820
1958.000000 2.490504
1959.000000 2.506321
1960.000000 2.532932
1961.000000 2.565033
1962.000000 2.557196
1963.000000 2.538984
1964.000000 2.514019
1965.000000 2.491870
1966.000000 2.485305
1967.000000 2.474983
1968.000000 2.461593
1969.000000 2.475957
1970.000000 2.486710
1971.000000 2.498294
1972.000000 2.501806
1973.000000 2.504820
1974.000000 2.503728
1975.000000 2.513410
1976.000000 2.512179
1977.000000 2.508405
1978.000000 2.507432
1979.000000 2.500886
1980.000000 2.503096
1981.000000 2.507640
1982.000000 2.505854
1983.000000 2.508600
1984.000000 2.524093
1985.000000 2.548094
1986.000000 2.564399
1987.000000 2.543564
1988.000000 2.496354
1989.000000 2.461936
1990.000000 2.458250
1991.000000 2.461511
1992.000000 2.461361
1993.000000 2.439701
1994.000000 2.419176
1995.000000 2.423553
1996.000000 2.452567
1997.000000 2.487721
1998.000000 2.527309
1999.000000 2.538555
2000.000000 2.548287
2001.000000 2.548330
2002.000000 2.550580
2003.000000 2.536331
2004.000000 2.529346
2005.000000 2.511687
2006.000000 2.509366
2007.000000 2.502280
2008.000000 2.502724
2009.000000 2.494551
2010.000000 2.497499
2011.000000 2.507033
2012.000000 2.522705
2013.000000 2.530299
2014.000000 2.534063
2015.000000 2.535135
2016.000000 2.518499
2017.000000 2.488261
2018.000000 2.469030
2019.000000 2.438721
2020.000000 2.419415
2021.000000 2.398573
2022.000000 2.413191
2023.000000 2.444496
2024.000000 2.468892
2025.000000 2.486703
2026.000000 2.488465
2027.000000 2.492672
2028.000000 2.494490
2029.000000 2.502110
2030.000000 2.515136
2031.000000 2.518099
2032.000000 2.519502
2033.000000 2.519945
2034.000000 2.515540
2035.000000 2.520891
2036.000000 2.532993
2037.000000 2.532420
2038.000000 2.526231
2039.000000 2.536346
2040.000000 2.547057
2041.000000 2.569635
2042.000000 2.564530
2043.000000 2.546245
2044.000000 2.522385
2045.000000 2.495502
2046.000000 2.483417
2047.000000 2.478962
2048.000000 2.478507
2049.000000 2.469824
2050.000000 2.462290
2051.000000 2.463251
2052.000000 2.457935
2053.000000 2.461618
2054.000000 2.474983
2055.000000 2.480299
2056.000000 2.485425
2057.000000 2.501824
2058.000000 2.525785
2059.000000 2.547269
2060.000000 2.544173
2061.000000 2.528501
2062.000000 2.511613
2063.000000 2.499676
2064.000000 2.488767
2065.000000 2.467883
2066.000000 2.451528
2067.000000 2.454585
2068.000000 2.468111
2069.000000 2.479333
2070.000000 2.495254
2071.000000 2.496959
2072.000000 2.498353
2073.000000 2.484773
2074.000000 2.482163
2075.000000 2.488520
2076.000000 2.476652
2077.000000 2.492036
2078.000000 2.511904
2079.000000 2.521523
2080.000000 2.513261
2081.000000 2.517884
2082.000000 2.513090
2083.000000 2.502812
2084.000000 2.481038
2085.000000 2.463225
2086.000000 2.457123
2087.000000 2.471372
2088.000000 2.475921
2089.000000 2.480089
2090.000000 2.499135
2091.000000 2.510632
2092.000000 2.530048
2093.000000 2.552913
2094.000000 2.568429
2095.000000 2.570763
2096.000000 2.548597
2097.000000 2.529046
2098.000000 2.509370
2099.000000 2.491959
2100.000000 2.493542
2101.000000 2.498874
2102.000000 2.509548
2103.000000 2.523146
2104.000000 2.541639
2105.000000 2.559690
2106.000000 2.564474
2107.000000 2.561849
2108.000000 2.531339
2109.000000 2.510202
2110.000000 2.488445
2111.000000 2.477196
2112.000000 2.453240
2113.000000 2.426984
2114.000000 2.425394
2115.000000 2.428175
2116.000000 2.450213
2117.000000 2.461931
2118.000000 2.455834
2119.000000 2.463905
2120.000000 2.483081
2121.000000 2.515044
2122.000000 2.522746
2123.000000 2.519663
2124.000000 2.506601
2125.000000 2.501258
2126.000000 2.507739
2127.000000 2.517364
2128.000000 2.529657
2129.000000 2.543768
2130.000000 2.548023
2131.000000 2.547083
2132.000000 2.526078
2133.000000 2.512283
2134.000000 2.490474
2135.000000 2.487681
2136.000000 2.466105
2137.000000 2.456152
2138.000000 2.455881
2139.000000 2.468911
2140.000000 2.490436
2141.000000 2.511502
2142.000000 2.529530
2143.000000 2.524228
2144.000000 2.511402
2145.000000 2.499008
2146.000000 2.501033
2147.000000 2.519649
2148.000000 2.509799
2149.000000 2.504321
2150.000000 2.499207
2151.000000 2.509893
2152.000000 2.508771
2153.000000 2.514328
2154.000000 2.505522
2155.000000 2.524073
2156.000000 2.526398
2157.000000 2.522001
2158.000000 2.506967
2159.000000 2.497016
2160.000000 2.515388
2161.000000 2.532276
2162.000000 2.509658
2163.000000 2.479458
2164.000000 2.466573
2165.000000 2.458780
2166.000000 2.453864
2167.000000 2.479487
2168.000000 2.503829
2169.000000 2.544137
2170.000000 2.549027
2171.000000 2.534072
2172.000000 2.499340
2173.000000 2.451332
2174.000000 2.423633
2175.000000 2.418801
2176.000000 2.427351
2177.000000 2.444638
2178.000000 2.469111
2179.000000 2.496815
2180.000000 2.529804
2181.000000 2.548049
2182.000000 2.567952
2183.000000 2.566829
2184.000000 2.549361
2185.000000 2.520434
2186.000000 2.486118
2187.000000 2.459445
2188.000000 2.437739
2189.000000 2.434434
2190.000000 2.448501
2191.000000 2.455366
2192.000000 2.490261
2193.000000 2.528189
2194.000000 2.562897
2195.000000 2.570849
2196.000000 2.578202
2197.000000 2.570527
2198.000000 2.548140
2199.000000 2.525137
2200.000000 2.494937
2201.000000 2.468724
2202.000000 2.429009
2203.000000 2.428056
2204.000000 2.444154
2205.000000 2.457891
2206.000000 2.476795
2207.000000 2.495869
2208.000000 2.521304
2209.000000 2.523416
2210.000000 2.512839
2211.000000 2.493438
2212.000000 2.480019
2213.000000 2.493522
2214.000000 2.481729
2215.000000 2.488477
2216.000000 2.488181
2217.000000 2.478705
2218.000000 2.476364
2219.000000 2.479228
2220.000000 2.482140
2221.000000 2.492880
2222.000000 2.510754
2223.000000 2.548547
2224.000000 2.571131
2225.000000 2.575969
2226.000000 2.550771
2227.000000 2.518388
2228.000000 2.481872
2229.000000 2.461378
2230.000000 2.438848
2231.000000 2.425910
2232.000000 2.434989
2233.000000 2.454747
2234.000000 2.496124
2235.000000 2.536155
2236.000000 2.558222
2237.000000 2.574534
2238.000000 2.575347
2239.000000 2.552213
2240.000000 2.533326
2241.000000 2.513296
2242.000000 2.509892
2243.000000 2.496965
2244.000000 2.483149
2245.000000 2.491941
2246.000000 2.508353
2247.000000 2.525886
2248.000000 2.558738
2249.000000 2.582900
2250.000000 2.594212
2251.000000 2.575545
2252.000000 2.547426
2253.000000 2.526331
2254.000000 2.504114
2255.000000 2.474958
2256.000000 2.453777
2257.000000 2.455900
2258.000000 2.430583
2259.000000 2.419458
2260.000000 2.402438
2261.000000 2.379668
2262.000000 2.369730
2263.000000 2.382629
2264.000000 2.435667
2265.000000 2.500907
2266.000000 2.553905
2267.000000 2.582332
2268.000000 2.570810
2269.000000 2.527659
2270.000000 2.482628
2271.000000 2.466158
2272.000000 2.463641
2273.000000 2.447592
2274.000000 2.447999
2275.000000 2.461268
2276.000000 2.494806
2277.000000 2.518631
2278.000000 2.540617
2279.000000 2.547674
2280.000000 2.536575
2281.000000 2.506409
2282.000000 2.485239
2283.000000 2.449383
2284.000000 2.418574
2285.000000 2.421660
2286.000000 2.424807
2287.000000 2.443795
2288.000000 2.479484
2289.000000 2.502487
2290.000000 2.517376
2291.000000 2.522122
2292.000000 2.527290
2293.000000 2.543528
2294.000000 2.526733
2295.000000 2.503811
2296.000000 2.472791
2297.000000 2.458591
2298.000000 2.466471
2299.000000 2.470857
2300.000000 2.501875
2301.000000 2.524323
2302.000000 2.553689
2303.000000 2.569870
2304.000000 2.567924
2305.000000 2.550798
2306.000000 2.536687
2307.000000 2.527592
2308.000000 2.546323
2309.000000 2.568954
2310.000000 2.555779
2311.000000 2.536255
2312.000000 2.510236
2313.000000 2.507279
2314.000000 2.507304
2315.000000 2.526624
2316.000000 2.552088
2317.000000 2.578099
2318.000000 2.602371
2319.000000 2.613079
2320.000000 2.611260
2321.000000 2.593342
2322.000000 2.545646
2323.000000 2.476944
2324.000000 2.432746
2325.000000 2.402998
2326.000000 2.396587
2327.000000 2.415269
2328.000000 2.449614
2329.000000 2.500648
2330.000000 2.522648
2331.000000 2.531370
2332.000000 2.514259
2333.000000 2.503390
2334.000000 2.493126
2335.000000 2.475960
2336.000000 2.463947
2337.000000 2.442142
2338.000000 2.445137
2339.000000 2.437517
2340.000000 2.446329
2341.000000 2.460356
2342.000000 2.481825
2343.000000 2.506088
2344.000000 2.503025
2345.000000 2.509688
2346.000000 2.496908
2347.000000 2.492011
2348.000000 2.488512
2349.000000 2.486458
2350.000000 2.489877
2351.000000 2.507523
2352.000000 2.530619
2353.000000 2.538363
2354.000000 2.540319
2355.000000 2.531944
2356.000000 2.514325
2357.000000 2.496727
2358.000000 2.487293
2359.000000 2.483515
2360.000000 2.469332
2361.000000 2.457476
2362.000000 2.447723
2363.000000 2.442141
2364.000000 2.439032
2365.000000 2.455950
2366.000000 2.451464
2367.000000 2.462701
2368.000000 2.476880
2369.000000 2.511696
2370.000000 2.526169
2371.000000 2.529025
2372.000000 2.526784
2373.000000 2.517888
2374.000000 2.503767
2375.000000 2.490680
2376.000000 2.512469
2377.000000 2.530107
2378.000000 2.544348
2379.000000 2.543107
2380.000000 2.541129
2381.000000 2.534187
2382.000000 2.522962
2383.000000 2.513100
2384.000000 2.497183
2385.000000 2.487388
2386.000000 2.473679
2387.000000 2.476321
2388.000000 2.466140
2389.000000 2.476103
2390.000000 2.489966
2391.000000 2.519712
2392.000000 2.544955
2393.000000 2.542423
2394.000000 2.529946
2395.000000 2.524657
2396.000000 2.512236
2397.000000 2.508909
2398.000000 2.524060
2399.000000 2.536912
2400.000000 2.520297
2401.000000 2.501028
2402.000000 2.505728
2403.000000 2.500846
2404.000000 2.476225
2405.000000 2.458975
2406.000000 2.454659
2407.000000 2.455479
2408.000000 2.470737
2409.000000 2.481463
2410.000000 2.468250
2411.000000 2.474452
2412.000000 2.480914
2413.000000 2.488160
2414.000000 2.490048
2415.000000 2.484197
2416.000000 2.488651
2417.000000 2.502627
2418.000000 2.515021
2419.000000 2.543195
2420.000000 2.558477
2421.000000 2.539694
2422.000000 2.526047
2423.000000 2.506517
2424.000000 2.489766
2425.000000 2.474103
2426.000000 2.466242
2427.000000 2.475947
2428.000000 2.484376
2429.000000 2.492519
2430.000000 2.498244
2431.000000 2.497880
2432.000000 2.501623
2433.000000 2.516257
2434.000000 2.532846
2435.000000 2.532757
2436.000000 2.516619
2437.000000 2.509338
2438.000000 2.517180
2439.000000 2.531188
2440.000000 2.524079
2441.000000 2.504961
2442.000000 2.482100
2443.000000 2.459523
2444.000000 2.450616
2445.000000 2.449645
2446.000000 2.451507
2447.000000 2.453002
2448.000000 2.436870
2449.000000 2.449897
2450.000000 2.467300
2451.000000 2.485794
2452.000000 2.515485
2453.000000 2.551500
2454.000000 2.572226
2455.000000 2.584220
2456.000000 2.578479
2457.000000 2.573769
2458.000000 2.558762
2459.000000 2.537056
2460.000000 2.538244
2461.000000 2.523031
2462.000000 2.531759
2463.000000 2.525187
2464.000000 2.516795
2465.000000 2.502862
2466.000000 2.472860
2467.000000 2.471712
2468.000000 2.477550
2469.000000 2.493403
2470.000000 2.485559
2471.000000 2.466398
2472.000000 2.449613
2473.000000 2.461083
2474.000000 2.478817
2475.000000 2.487923
2476.000000 2.491138
2477.000000 2.501423
2478.000000 2.493183
2479.000000 2.494455
2480.000000 2.488806
2481.000000 2.467040
2482.000000 2.439463
2483.000000 2.431554
2484.000000 2.432252
2485.000000 2.429720
2486.000000 2.451938
2487.000000 2.468469
2488.000000 2.473266
2489.000000 2.473435
2490.000000 2.468600
2491.000000 2.477687
2492.000000 2.505502
2493.000000 2.537319
2494.000000 2.543434
2495.000000 2.545288
2496.000000 2.534681
2497.000000 2.539002
2498.000000 2.557133
2499.000000 2.585388
2500.000000 2.591807
