1.000000 0.000000
2.000000 0.000000
3.000000 0.000000
4.000000 0.000000
5.000000 0.000000
6.000000 0.000000
7.000000 0.000000
8.000000 0.000000
9.000000 0.000000
10.000000 0.000000
11.000000 0.000000
12.000000 0.000000
13.000000 0.000000
14.000000 0.000000
15.000000 0.000000
16.000000 0.000000
17.000000 0.000000
18.000000 0.000000
19.000000 0.000000
20.000000 0.000000
21.000000 1.797740
22.000000 2.724021
23.000000 3.046511
24.000000 2.985659
25.000000 2.710537
26.000000 2.342069
27.000000 1.763156
28.000000 1.221950
29.000000 0.827972
30.000000 0.604029
31.000000 0.526091
32.000000 0.551050
33.000000 0.655618
34.000000 0.790450
35.000000 0.911791
36.000000 0.993409
37.000000 1.027179
38.000000 1.018392
39.000000 0.977316
40.000000 0.918817
41.000000 0.858168
42.000000 0.807281
43.000000 0.772839
44.000000 0.756312
45.000000 0.755456
46.000000 0.765630
47.000000 0.781277
48.000000 0.797290
49.000000 0.809953
50.000000 0.817330
51.000000 0.819134
52.000000 0.816317
53.000000 0.810544
54.000000 0.803659
55.000000 0.797254
56.000000 0.792406
57.000000 0.789596
58.000000 0.788773
59.000000 0.789508
60.000000 0.791182
61.000000 0.793160
62.000000 0.794924
63.000000 0.796149
64.000000 0.796709
65.000000 0.796655
66.000000 0.796151
67.000000 0.795408
68.000000 0.794635
69.000000 0.793988
70.000000 0.793559
71.000000 0.793371
72.000000 0.793394
73.000000 0.793565
74.000000 0.793806
75.000000 0.794052
76.000000 0.794252
77.000000 0.794380
78.000000 0.794434
79.000000 0.794427
80.000000 0.794383
81.000000 0.794327
82.000000 0.059088
83.000000 -0.354757
84.000000 -0.695294
85.000000 -0.933990
86.000000 -0.908996
87.000000 -0.739826
88.000000 -0.429719
89.000000 -0.111089
90.000000 0.166600
91.000000 0.376685
92.000000 0.493869
93.000000 0.527181
94.000000 0.491644
95.000000 0.418193
96.000000 0.334413
97.000000 0.260404
98.000000 0.209570
99.000000 0.186207
100.000000 0.188217
101.000000 0.208287
102.000000 0.237260
103.000000 0.266730
104.000000 0.290372
105.000000 0.304745
106.000000 0.309144
107.000000 0.305085
108.000000 0.295395
109.000000 0.283264
110.000000 0.271508
111.000000 0.262104
112.000000 0.256023
113.000000 0.253311
114.000000 0.253326
115.000000 0.255063
116.000000 0.257457
117.000000 0.259618
118.000000 0.260961
119.000000 0.261246
120.000000 0.260532
121.000000 0.259083
122.000000 0.257263
123.000000 0.255436
124.000000 0.253877
125.000000 0.252709
126.000000 0.251875
127.000000 0.251233
128.000000 0.250631
129.000000 0.249945
130.000000 0.249104
131.000000 0.248097
132.000000 0.245861
133.000000 0.242459
134.000000 0.238523
135.000000 0.234745
136.000000 0.231658
137.000000 0.229555
138.000000 0.228743
139.000000 0.229227
140.000000 0.230705
141.000000 0.232714
142.000000 0.234785
143.000000 0.236550
144.000000 0.237756
145.000000 0.238308
146.000000 0.238273
147.000000 0.237837
148.000000 0.237243
149.000000 0.236717
150.000000 0.236440
151.000000 0.236511
152.000000 0.236951
153.000000 0.237708
154.000000 0.238686
155.000000 0.239775
156.000000 0.240875
157.000000 0.241915
158.000000 0.242861
159.000000 0.243714
160.000000 0.244505
161.000000 0.245278
162.000000 0.246081
163.000000 0.246954
164.000000 0.247922
165.000000 0.248997
166.000000 0.250174
167.000000 0.251437
168.000000 0.252768
169.000000 0.254147
170.000000 0.255558
171.000000 0.256992
172.000000 0.258446
173.000000 0.259923
174.000000 0.261429
175.000000 0.262970
176.000000 0.264553
177.000000 0.266184
178.000000 0.267864
179.000000 0.269593
180.000000 0.271368
181.000000 0.273187
182.000000 0.275043
183.000000 0.276934
184.000000 0.278851
185.000000 0.280797
186.000000 0.282789
187.000000 0.284872
188.000000 0.287095
189.000000 0.289495
190.000000 0.292093
191.000000 0.294882
192.000000 0.297830
193.000000 0.301343
194.000000 0.305377
195.000000 0.309789
196.000000 0.314386
197.000000 0.318872
198.000000 0.323005
199.000000 0.326561
200.000000 0.329482
201.000000 0.331855
202.000000 0.333863
203.000000 0.335748
204.000000 0.337748
205.000000 0.340060
206.000000 0.342797
207.000000 0.345976
208.000000 0.349538
209.000000 0.353367
210.000000 0.357329
211.000000 0.361299
212.000000 0.365184
213.000000 0.368940
214.000000 0.372566
215.000000 0.376095
216.000000 0.379585
217.000000 0.383096
218.000000 0.386682
219.000000 0.390377
220.000000 0.394196
221.000000 0.398132
222.000000 0.402167
223.000000 0.406272
224.000000 0.410422
225.000000 0.414594
226.000000 0.418775
227.000000 0.422959
228.000000 0.427151
229.000000 0.431359
230.000000 0.435592
231.000000 0.439862
232.000000 0.444176
233.000000 0.448537
234.000000 0.452946
235.000000 0.457401
236.000000 0.461897
237.000000 0.466429
238.000000 0.470993
239.000000 0.475587
240.000000 0.480210
241.000000 0.484861
242.000000 0.489542
243.000000 0.494253
244.000000 0.498997
245.000000 0.503776
246.000000 0.508588
247.000000 0.513432
248.000000 0.518307
249.000000 0.523210
250.000000 0.528137
251.000000 0.533086
252.000000 0.538057
253.000000 0.543048
254.000000 0.548061
255.000000 0.553097
256.000000 0.558156
257.000000 0.563241
258.000000 0.568352
259.000000 0.573489
260.000000 0.578652
261.000000 0.583838
262.000000 0.589046
263.000000 0.594276
264.000000 0.599524
265.000000 0.604791
266.000000 0.610074
267.000000 0.615375
268.000000 0.620693
269.000000 0.626028
270.000000 0.631381
271.000000 0.636750
272.000000 0.642136
273.000000 0.647539
274.000000 0.652958
275.000000 0.658391
276.000000 0.663838
277.000000 0.669299
278.000000 0.674772
279.000000 0.680257
280.000000 0.685753
281.000000 0.691260
282.000000 0.696777
283.000000 0.702305
284.000000 0.707842
285.000000 0.713388
286.000000 0.718943
287.000000 0.724506
288.000000 0.730077
289.000000 0.735654
290.000000 0.741238
291.000000 0.746828
292.000000 0.752423
293.000000 0.758022
294.000000 0.763626
295.000000 0.769233
296.000000 0.774843
297.000000 0.780455
298.000000 0.786069
299.000000 0.791684
300.000000 0.797298
301.000000 0.802913
302.000000 0.808525
303.000000 0.814135
304.000000 0.819742
305.000000 0.825344
306.000000 0.830942
307.000000 0.836535
308.000000 0.842122
309.000000 0.847705
310.000000 0.853282
311.000000 0.858856
312.000000 0.864425
313.000000 0.869990
314.000000 0.875551
315.000000 0.881105
316.000000 0.886653
317.000000 0.892192
318.000000 0.897721
319.000000 0.903239
320.000000 0.908744
321.000000 0.914236
322.000000 0.919715
323.000000 0.925181
324.000000 0.930634
325.000000 0.936073
326.000000 0.941499
327.000000 0.946912
328.000000 0.952310
329.000000 0.957694
330.000000 0.963062
331.000000 0.968413
332.000000 0.973747
333.000000 0.979063
334.000000 0.984360
335.000000 0.989638
336.000000 0.994896
337.000000 1.000134
338.000000 1.005352
339.000000 1.010549
340.000000 1.015724
341.000000 1.020878
342.000000 1.026010
343.000000 1.031119
344.000000 1.036204
345.000000 1.041266
346.000000 1.046302
347.000000 1.051314
348.000000 1.056301
349.000000 1.061261
350.000000 1.066194
351.000000 1.071101
352.000000 1.075980
353.000000 1.080831
354.000000 1.085654
355.000000 1.090448
356.000000 1.095212
357.000000 1.099947
358.000000 1.104651
359.000000 1.109324
360.000000 1.113966
361.000000 1.118576
362.000000 1.123154
363.000000 1.127700
364.000000 1.132212
365.000000 1.136690
366.000000 1.141135
367.000000 1.145545
368.000000 1.149920
369.000000 1.154260
370.000000 1.158564
371.000000 1.162832
372.000000 1.167063
373.000000 1.171258
374.000000 1.175414
375.000000 1.179533
376.000000 1.183613
377.000000 1.187655
378.000000 1.191657
379.000000 1.195620
380.000000 1.199543
381.000000 1.203426
382.000000 1.207268
383.000000 1.211069
384.000000 1.214829
385.000000 1.218546
386.000000 1.222222
387.000000 1.225855
388.000000 1.229445
389.000000 1.232991
390.000000 1.236494
391.000000 1.239953
392.000000 1.243367
393.000000 1.246737
394.000000 1.250062
395.000000 1.253341
396.000000 1.256575
397.000000 1.259763
398.000000 1.262904
399.000000 1.265999
400.000000 1.269047
401.000000 1.272047
402.000000 1.275000
403.000000 1.277905
404.000000 1.280762
405.000000 1.283570
406.000000 1.286330
407.000000 1.289040
408.000000 1.291702
409.000000 1.294314
410.000000 1.296876
411.000000 1.299388
412.000000 1.301849
413.000000 1.304260
414.000000 1.306621
415.000000 1.308930
416.000000 1.311188
417.000000 1.313395
418.000000 1.315550
419.000000 1.317653
420.000000 1.319704
421.000000 1.321702
422.000000 1.323648
423.000000 1.325541
424.000000 1.327382
425.000000 1.329169
426.000000 1.330903
427.000000 1.332584
428.000000 1.334210
429.000000 1.335783
430.000000 1.337303
431.000000 1.338768
432.000000 1.340178
433.000000 1.341535
434.000000 1.342837
435.000000 1.344084
436.000000 1.345276
437.000000 1.346414
438.000000 1.347496
439.000000 1.348524
440.000000 1.349496
441.000000 1.350413
442.000000 1.351275
443.000000 1.352081
444.000000 1.352831
445.000000 1.353526
446.000000 1.354165
447.000000 1.354748
448.000000 1.355275
449.000000 1.355747
450.000000 1.356163
451.000000 1.356522
452.000000 1.356826
453.000000 1.357073
454.000000 1.357265
455.000000 1.357400
456.000000 1.357480
457.000000 1.357503
458.000000 1.357470
459.000000 1.357381
460.000000 1.357236
461.000000 1.357034
462.000000 1.356777
463.000000 1.356464
464.000000 1.356094
465.000000 1.355669
466.000000 1.355188
467.000000 1.354651
468.000000 1.354058
469.000000 1.353409
470.000000 1.352704
471.000000 1.351944
472.000000 1.351128
473.000000 1.350257
474.000000 1.349331
475.000000 1.348349
476.000000 1.347312
477.000000 1.346220
478.000000 1.345073
479.000000 1.343871
480.000000 1.342614
481.000000 1.341302
482.000000 1.339937
483.000000 1.338516
484.000000 1.337042
485.000000 1.335513
486.000000 1.333931
487.000000 1.332295
488.000000 1.330605
489.000000 1.328862
490.000000 1.327065
491.000000 1.325216
492.000000 1.323313
493.000000 1.321358
494.000000 1.319350
495.000000 1.317290
496.000000 1.315178
497.000000 1.313014
498.000000 1.310799
499.000000 1.308532
500.000000 1.306214
501.000000 1.303844
502.000000 1.301424
503.000000 1.298954
504.000000 1.296433
505.000000 1.293862
506.000000 1.291242
507.000000 1.288572
508.000000 1.285853
509.000000 1.283084
510.000000 1.280268
511.000000 1.277402
512.000000 1.274489
513.000000 1.271528
514.000000 1.268519
515.000000 1.265463
516.000000 1.262360
517.000000 1.259211
518.000000 1.256015
519.000000 1.252773
520.000000 1.249486
521.000000 1.246154
522.000000 1.242776
523.000000 1.239354
524.000000 1.235887
525.000000 1.232377
526.000000 1.228822
527.000000 1.225225
528.000000 1.221585
529.000000 1.217902
530.000000 1.214177
531.000000 1.210410
532.000000 1.206602
533.000000 1.202753
534.000000 1.198863
535.000000 1.194933
536.000000 1.190963
537.000000 1.186954
538.000000 1.182905
539.000000 1.178818
540.000000 1.174693
541.000000 1.170530
542.000000 1.166329
543.000000 1.162092
544.000000 1.157817
545.000000 1.153507
546.000000 1.149161
547.000000 1.144780
548.000000 1.140364
549.000000 1.135913
550.000000 1.131429
551.000000 1.126910
552.000000 1.122359
553.000000 1.117776
554.000000 1.113160
555.000000 1.108512
556.000000 1.103834
557.000000 1.099124
558.000000 1.094384
559.000000 1.089615
560.000000 1.084816
561.000000 1.079988
562.000000 1.075132
563.000000 1.070248
564.000000 1.065337
565.000000 1.060398
566.000000 1.055434
567.000000 1.050443
568.000000 1.045427
569.000000 1.040386
570.000000 1.035321
571.000000 1.030232
572.000000 1.025119
573.000000 1.019984
574.000000 1.014826
575.000000 1.009646
576.000000 1.004445
577.000000 0.999223
578.000000 0.993981
579.000000 0.988719
580.000000 0.983438
581.000000 0.978138
582.000000 0.972820
583.000000 0.967484
584.000000 0.962132
585.000000 0.956762
586.000000 0.951377
587.000000 0.945976
588.000000 0.940560
589.000000 0.935130
590.000000 0.929686
591.000000 0.924228
592.000000 0.918758
593.000000 0.913275
594.000000 0.907781
595.000000 0.902276
596.000000 0.896760
597.000000 0.891234
598.000000 0.885698
599.000000 0.880154
600.000000 0.874601
601.000000 0.869040
602.000000 0.863472
603.000000 0.857898
604.000000 0.852317
605.000000 0.846730
606.000000 0.841139
607.000000 0.835543
608.000000 0.829943
609.000000 0.824340
610.000000 0.818734
611.000000 0.813126
612.000000 0.807516
613.000000 0.801905
614.000000 0.796293
615.000000 0.790682
616.000000 0.785071
617.000000 0.779461
618.000000 0.773853
619.000000 0.768247
620.000000 0.762643
621.000000 0.757044
622.000000 0.751448
623.000000 0.745857
624.000000 0.740270
625.000000 0.734689
626.000000 0.729115
627.000000 0.723547
628.000000 0.717987
629.000000 0.712434
630.000000 0.706890
631.000000 0.701354
632.000000 0.695828
633.000000 0.690312
634.000000 0.684807
635.000000 0.679313
636.000000 0.673831
637.000000 0.668361
638.000000 0.662903
639.000000 0.657459
640.000000 0.652029
641.000000 0.646614
642.000000 0.641213
643.000000 0.635828
644.000000 0.630459
645.000000 0.625106
646.000000 0.619771
647.000000 0.614453
648.000000 0.609153
649.000000 0.603873
650.000000 0.598611
651.000000 0.593369
652.000000 0.588148
653.000000 0.582947
654.000000 0.577768
655.000000 0.572610
656.000000 0.567475
657.000000 0.562363
658.000000 0.557274
659.000000 0.552209
660.000000 0.547168
661.000000 0.542153
662.000000 0.537162
663.000000 0.532198
664.000000 0.527260
665.000000 0.522349
666.000000 0.517466
667.000000 0.512610
668.000000 0.507783
669.000000 0.502984
670.000000 0.498215
671.000000 0.493476
672.000000 0.488767
673.000000 0.484088
674.000000 0.479441
675.000000 0.474826
676.000000 0.470243
677.000000 0.465692
678.000000 0.461175
679.000000 0.456691
680.000000 0.452241
681.000000 0.447825
682.000000 0.443444
683.000000 0.439099
684.000000 0.434789
685.000000 0.430515
686.000000 0.426278
687.000000 0.422078
688.000000 0.417915
689.000000 0.413791
690.000000 0.409704
691.000000 0.405656
692.000000 0.401648
693.000000 0.397678
694.000000 0.393749
695.000000 0.389860
696.000000 0.386011
697.000000 0.382203
698.000000 0.378437
699.000000 0.374713
700.000000 0.371031
701.000000 0.367391
702.000000 0.363794
703.000000 0.360241
704.000000 0.356731
705.000000 0.353265
706.000000 0.349844
707.000000 0.346467
708.000000 0.343135
709.000000 0.339848
710.000000 0.336607
711.000000 0.333412
712.000000 0.330263
713.000000 0.327161
714.000000 0.324106
715.000000 0.321098
716.000000 0.318137
717.000000 0.315225
718.000000 0.312360
719.000000 0.309544
720.000000 0.306777
721.000000 0.304058
722.000000 0.301389
723.000000 0.298769
724.000000 0.296199
725.000000 0.293679
726.000000 0.291209
727.000000 0.288790
728.000000 0.286422
729.000000 0.284104
730.000000 0.281838
731.000000 0.279623
732.000000 0.277460
733.000000 0.275349
734.000000 0.273289
735.000000 0.271283
736.000000 0.269328
737.000000 0.267427
738.000000 0.265578
739.000000 0.263782
740.000000 0.262040
741.000000 0.260351
742.000000 0.258715
743.000000 0.257134
744.000000 0.255606
745.000000 0.254132
746.000000 0.252713
747.000000 0.251348
748.000000 0.250037
749.000000 0.248781
750.000000 0.247580
751.000000 0.246434
752.000000 0.245342
753.000000 0.244306
754.000000 0.243325
755.000000 0.242399
756.000000 0.241529
757.000000 0.240714
758.000000 0.239955
759.000000 0.239251
760.000000 0.238603
761.000000 0.238011
762.000000 0.237475
763.000000 0.236994
764.000000 0.236570
765.000000 0.236201
766.000000 0.235889
767.000000 0.235632
768.000000 0.235432
769.000000 0.235288
770.000000 0.235199
771.000000 0.235167
772.000000 0.235191
773.000000 0.235271
774.000000 0.235408
775.000000 0.235600
776.000000 0.235848
777.000000 0.236153
778.000000 0.236513
779.000000 0.236930
780.000000 0.237402
781.000000 0.237930
782.000000 0.238514
783.000000 0.239154
784.000000 0.239850
785.000000 0.240601
786.000000 0.241408
787.000000 0.242270
788.000000 0.243188
789.000000 0.244161
790.000000 0.245189
791.000000 0.246273
792.000000 0.247411
793.000000 0.248604
794.000000 0.249852
795.000000 0.251155
796.000000 0.252512
797.000000 0.253924
798.000000 0.255390
799.000000 0.256910
800.000000 0.258484
801.000000 0.260111
802.000000 0.261793
803.000000 0.263527
804.000000 0.265315
805.000000 0.267156
806.000000 0.269050
807.000000 0.270997
808.000000 0.272996
809.000000 0.275048
810.000000 0.277152
811.000000 0.279308
812.000000 0.281515
813.000000 0.283774
814.000000 0.286084
815.000000 0.288445
816.000000 0.290857
817.000000 0.293319
818.000000 0.295832
819.000000 0.298395
820.000000 0.301008
821.000000 0.303670
822.000000 0.306381
823.000000 0.309142
824.000000 0.311951
825.000000 0.314808
826.000000 0.317714
827.000000 0.320668
828.000000 0.323669
829.000000 0.326717
830.000000 0.329812
831.000000 0.332955
832.000000 0.336143
833.000000 0.339377
834.000000 0.342657
835.000000 0.345983
836.000000 0.349353
837.000000 0.352768
838.000000 0.356228
839.000000 0.359732
840.000000 0.363279
841.000000 0.366869
842.000000 0.370503
843.000000 0.374179
844.000000 0.377897
845.000000 0.381657
846.000000 0.385459
847.000000 0.389301
848.000000 0.393185
849.000000 0.397108
850.000000 0.401072
851.000000 0.405075
852.000000 0.409117
853.000000 0.413198
854.000000 0.417318
855.000000 0.421475
856.000000 0.425669
857.000000 0.429901
858.000000 0.434170
859.000000 0.438474
860.000000 0.442814
861.000000 0.447190
862.000000 0.451601
863.000000 0.456046
864.000000 0.460525
865.000000 0.465038
866.000000 0.469584
867.000000 0.474162
868.000000 0.478773
869.000000 0.483415
870.000000 0.488089
871.000000 0.492794
872.000000 0.497529
873.000000 0.502294
874.000000 0.507088
875.000000 0.511911
876.000000 0.516763
877.000000 0.521642
878.000000 0.526549
879.000000 0.531483
880.000000 0.536444
881.000000 0.541430
882.000000 0.546442
883.000000 0.551479
884.000000 0.556541
885.000000 0.561626
886.000000 0.566735
887.000000 0.571867
888.000000 0.577021
889.000000 0.582198
890.000000 0.587395
891.000000 0.592614
892.000000 0.597853
893.000000 0.603112
894.000000 0.608390
895.000000 0.613687
896.000000 0.619002
897.000000 0.624335
898.000000 0.629685
899.000000 0.635052
900.000000 0.640434
901.000000 0.645833
902.000000 0.651246
903.000000 0.656675
904.000000 0.662117
905.000000 0.667572
906.000000 0.673040
907.000000 0.678521
908.000000 0.684013
909.000000 0.689517
910.000000 0.695031
911.000000 0.700556
912.000000 0.706090
913.000000 0.711633
914.000000 0.717184
915.000000 0.722744
916.000000 0.728311
917.000000 0.733884
918.000000 0.739464
919.000000 0.745050
920.000000 0.750640
921.000000 0.756236
922.000000 0.761835
923.000000 0.767437
924.000000 0.773043
925.000000 0.778651
926.000000 0.784261
927.000000 0.789872
928.000000 0.795483
929.000000 0.801095
930.000000 0.806706
931.000000 0.812316
932.000000 0.817924
933.000000 0.823531
934.000000 0.829134
935.000000 0.834735
936.000000 0.840331
937.000000 0.845923
938.000000 0.851511
939.000000 0.857092
940.000000 0.862668
941.000000 0.868237
942.000000 0.873798
943.000000 0.879352
944.000000 0.884898
945.000000 0.890435
946.000000 0.895962
947.000000 0.901480
948.000000 0.906987
949.000000 0.912483
950.000000 0.917967
951.000000 0.923439
952.000000 0.928898
953.000000 0.934345
954.000000 0.939777
955.000000 0.945195
956.000000 0.950598
957.000000 0.955986
958.000000 0.961357
959.000000 0.966713
960.000000 0.972051
961.000000 0.977371
962.000000 0.982674
963.000000 0.987958
964.000000 0.993222
965.000000 0.998467
966.000000 1.003692
967.000000 1.008896
968.000000 1.014079
969.000000 1.019240
970.000000 1.024379
971.000000 1.029495
972.000000 1.034588
973.000000 1.039656
974.000000 1.044701
975.000000 1.049720
976.000000 1.054715
977.000000 1.059683
978.000000 1.064625
979.000000 1.069541
980.000000 1.074429
981.000000 1.079289
982.000000 1.084121
983.000000 1.088924
984.000000 1.093698
985.000000 1.098442
986.000000 1.103155
987.000000 1.107839
988.000000 1.112491
989.000000 1.117111
990.000000 1.121700
991.000000 1.126255
992.000000 1.130778
993.000000 1.135268
994.000000 1.139723
995.000000 1.144144
996.000000 1.148531
997.000000 1.152882
998.000000 1.157197
999.000000 1.161477
1000.000000 1.165720
1001.000000 0.945208
1002.000000 0.833592
1003.000000 0.797411
1004.000000 0.809110
1005.000000 0.847555
1006.000000 0.897628
1007.000000 0.973968
1008.000000 1.045555
1009.000000 1.098697
1010.000000 1.130545
1011.000000 1.144102
1012.000000 1.144754
1013.000000 1.135414
1014.000000 1.122249
1015.000000 1.110728
1016.000000 1.104130
1017.000000 1.103469
1018.000000 1.108084
1019.000000 1.116691
1020.000000 1.127432
1021.000000 1.138398
1022.000000 1.148098
1023.000000 1.155697
1024.000000 1.161011
1025.000000 1.164320
1026.000000 1.166205
1027.000000 1.167358
1028.000000 1.168419
1029.000000 1.169852
1030.000000 1.171898
1031.000000 1.174593
1032.000000 1.177817
1033.000000 1.181363
1034.000000 1.184998
1035.000000 1.188525
1036.000000 1.191809
1037.000000 1.194788
1038.000000 1.197468
1039.000000 1.199904
1040.000000 1.202173
1041.000000 1.204353
1042.000000 1.206509
1043.000000 1.208682
1044.000000 1.210886
1045.000000 1.213116
1046.000000 1.215350
1047.000000 1.217563
1048.000000 1.219727
1049.000000 1.221823
1050.000000 1.223839
1051.000000 1.225773
1052.000000 1.227627
1053.000000 1.229410
1054.000000 1.231131
1055.000000 1.232797
1056.000000 1.234416
1057.000000 1.235991
1058.000000 1.237520
1059.000000 1.239003
1060.000000 1.240437
1061.000000 1.241818
1062.000000 1.243143
1063.000000 1.244410
1064.000000 1.245619
1065.000000 1.246769
1066.000000 1.247861
1067.000000 1.248896
1068.000000 1.249874
1069.000000 1.250797
1070.000000 1.251665
1071.000000 1.252478
1072.000000 1.253235
1073.000000 1.253937
1074.000000 1.254583
1075.000000 1.255172
1076.000000 1.255705
1077.000000 1.256180
1078.000000 1.256598
1079.000000 1.256958
1080.000000 1.257261
1081.000000 1.257507
1082.000000 1.257695
1083.000000 1.257826
1084.000000 1.257900
1085.000000 1.257916
1086.000000 1.257875
1087.000000 1.257776
1088.000000 1.257620
1089.000000 1.257405
1090.000000 1.257133
1091.000000 1.256803
1092.000000 1.256414
1093.000000 1.255968
1094.000000 1.255463
1095.000000 1.254900
1096.000000 1.254279
1097.000000 1.253599
1098.000000 1.252861
1099.000000 1.252064
1100.000000 1.251209
1101.000000 1.250295
1102.000000 1.249321
1103.000000 1.248288
1104.000000 1.247195
1105.000000 1.246049
1106.000000 1.244862
1107.000000 1.243648
1108.000000 1.242413
1109.000000 1.241156
1110.000000 1.239872
1111.000000 1.238550
1112.000000 1.237320
1113.000000 1.236165
1114.000000 1.235013
1115.000000 1.233784
1116.000000 1.232420
1117.000000 1.230888
1118.000000 1.229154
1119.000000 1.227220
1120.000000 1.225123
1121.000000 1.222920
1122.000000 1.220666
1123.000000 1.218406
1124.000000 1.216170
1125.000000 1.213969
1126.000000 1.211793
1127.000000 1.209620
1128.000000 1.207421
1129.000000 1.205168
1130.000000 1.202839
1131.000000 1.200424
1132.000000 1.197919
1133.000000 1.195332
1134.000000 1.192675
1135.000000 1.189962
1136.000000 1.187204
1137.000000 1.184412
1138.000000 1.181589
1139.000000 1.178734
1140.000000 1.175846
1141.000000 1.172917
1142.000000 1.169944
1143.000000 1.166920
1144.000000 1.163844
1145.000000 1.160714
1146.000000 1.157530
1147.000000 1.154296
1148.000000 1.151014
1149.000000 1.147686
1150.000000 1.144314
1151.000000 1.140901
1152.000000 1.137446
1153.000000 1.133950
1154.000000 1.130412
1155.000000 1.126832
1156.000000 1.123208
1157.000000 1.119541
1158.000000 1.115831
1159.000000 1.112078
1160.000000 1.108282
1161.000000 1.104445
1162.000000 1.100566
1163.000000 1.096647
1164.000000 1.092689
1165.000000 1.088692
1166.000000 1.084655
1167.000000 1.080581
1168.000000 1.076468
1169.000000 1.072317
1170.000000 1.068129
1171.000000 1.063903
1172.000000 1.059640
1173.000000 1.055341
1174.000000 1.051006
1175.000000 1.046636
1176.000000 1.042231
1177.000000 1.037791
1178.000000 1.033317
1179.000000 1.028809
1180.000000 1.024268
1181.000000 1.019695
1182.000000 1.015089
1183.000000 1.010452
1184.000000 1.005783
1185.000000 1.001083
1186.000000 0.996353
1187.000000 0.991593
1188.000000 0.986803
1189.000000 0.981984
1190.000000 0.977137
1191.000000 0.972262
1192.000000 0.967359
1193.000000 0.962429
1194.000000 0.957473
1195.000000 0.952490
1196.000000 0.947482
1197.000000 0.942449
1198.000000 0.937392
1199.000000 0.932310
1200.000000 0.927205
1201.000000 0.922077
1202.000000 0.916926
1203.000000 0.911754
1204.000000 0.906560
1205.000000 0.901345
1206.000000 0.896109
1207.000000 0.890854
1208.000000 0.885579
1209.000000 0.880286
1210.000000 0.874974
1211.000000 0.869644
1212.000000 0.864298
1213.000000 0.858934
1214.000000 0.853555
1215.000000 0.848160
1216.000000 0.842749
1217.000000 0.837324
1218.000000 0.831885
1219.000000 0.826433
1220.000000 0.820967
1221.000000 0.815488
1222.000000 0.809998
1223.000000 0.804495
1224.000000 0.798982
1225.000000 0.793458
1226.000000 0.787924
1227.000000 0.782380
1228.000000 0.776828
1229.000000 0.771268
1230.000000 0.765702
1231.000000 0.760128
1232.000000 0.754549
1233.000000 0.748965
1234.000000 0.743376
1235.000000 0.737783
1236.000000 0.732185
1237.000000 0.726584
1238.000000 0.720979
1239.000000 0.715372
1240.000000 0.709762
1241.000000 0.704151
1242.000000 0.698539
1243.000000 0.692927
1244.000000 0.687315
1245.000000 0.681704
1246.000000 0.676096
1247.000000 0.670489
1248.000000 0.664885
1249.000000 0.659285
1250.000000 0.653688
1251.000000 0.648095
1252.000000 0.642507
1253.000000 0.636925
1254.000000 0.631348
1255.000000 0.625778
1256.000000 0.620215
1257.000000 0.614660
1258.000000 0.609113
1259.000000 0.603574
1260.000000 0.598045
1261.000000 0.592526
1262.000000 0.587018
1263.000000 0.581520
1264.000000 0.576034
1265.000000 0.570560
1266.000000 0.565098
1267.000000 0.559650
1268.000000 0.554216
1269.000000 0.548795
1270.000000 0.543390
1271.000000 0.538000
1272.000000 0.532625
1273.000000 0.527267
1274.000000 0.521926
1275.000000 0.516603
1276.000000 0.511298
1277.000000 0.506011
1278.000000 0.500743
1279.000000 0.495495
1280.000000 0.490267
1281.000000 0.485059
1282.000000 0.479873
1283.000000 0.474709
1284.000000 0.469566
1285.000000 0.464447
1286.000000 0.459350
1287.000000 0.454278
1288.000000 0.449229
1289.000000 0.444206
1290.000000 0.439207
1291.000000 0.434235
1292.000000 0.429288
1293.000000 0.424369
1294.000000 0.419476
1295.000000 0.414612
1296.000000 0.409775
1297.000000 0.404968
1298.000000 0.400189
1299.000000 0.395440
1300.000000 0.390721
1301.000000 0.386033
1302.000000 0.381376
1303.000000 0.376751
1304.000000 0.372157
1305.000000 0.367596
1306.000000 0.363068
1307.000000 0.358573
1308.000000 0.354112
1309.000000 0.349686
1310.000000 0.345294
1311.000000 0.340937
1312.000000 0.336616
1313.000000 0.332331
1314.000000 0.328082
1315.000000 0.323870
1316.000000 0.319695
1317.000000 0.315559
1318.000000 0.311460
1319.000000 0.307400
1320.000000 0.303378
1321.000000 0.299396
1322.000000 0.295454
1323.000000 0.291552
1324.000000 0.287691
1325.000000 0.283870
1326.000000 0.280091
1327.000000 0.276353
1328.000000 0.272657
1329.000000 0.269004
1330.000000 0.265394
1331.000000 0.261826
1332.000000 0.258302
1333.000000 0.254823
1334.000000 0.251387
1335.000000 0.247996
1336.000000 0.244649
1337.000000 0.241348
1338.000000 0.238093
1339.000000 0.234883
1340.000000 0.231719
1341.000000 0.228602
1342.000000 0.225532
1343.000000 0.222509
1344.000000 0.219533
1345.000000 0.216606
1346.000000 0.213726
1347.000000 0.210894
1348.000000 0.208111
1349.000000 0.205377
1350.000000 0.202692
1351.000000 0.200056
1352.000000 0.197470
1353.000000 0.194934
1354.000000 0.192449
1355.000000 0.190013
1356.000000 0.187629
1357.000000 0.185295
1358.000000 0.183012
1359.000000 0.180781
1360.000000 0.178601
1361.000000 0.176474
1362.000000 0.174398
1363.000000 0.172374
1364.000000 0.170403
1365.000000 0.168485
1366.000000 0.166619
1367.000000 0.164806
1368.000000 0.163047
1369.000000 0.161341
1370.000000 0.159689
1371.000000 0.158090
1372.000000 0.156545
1373.000000 0.155054
1374.000000 0.153617
1375.000000 0.152235
1376.000000 0.150907
1377.000000 0.149633
1378.000000 0.148415
1379.000000 0.147251
1380.000000 0.146142
1381.000000 0.145088
1382.000000 0.144090
1383.000000 0.143146
1384.000000 0.142258
1385.000000 0.141426
1386.000000 0.140649
1387.000000 0.139928
1388.000000 0.139262
1389.000000 0.138652
1390.000000 0.138098
1391.000000 0.137599
1392.000000 0.137157
1393.000000 0.136771
1394.000000 0.136440
1395.000000 0.136166
1396.000000 0.135948
1397.000000 0.135786
1398.000000 0.135679
1399.000000 0.135630
1400.000000 0.135636
1401.000000 0.135698
1402.000000 0.135816
1403.000000 0.135991
1404.000000 0.136221
1405.000000 0.136508
1406.000000 0.136850
1407.000000 0.137249
1408.000000 0.137704
1409.000000 0.138214
1410.000000 0.138780
1411.000000 0.139403
1412.000000 0.140080
1413.000000 0.140814
1414.000000 0.141603
1415.000000 0.142448
1416.000000 0.143348
1417.000000 0.144303
1418.000000 0.145314
1419.000000 0.146380
1420.000000 0.147501
1421.000000 0.148676
1422.000000 0.149907
1423.000000 0.151192
1424.000000 0.152532
1425.000000 0.153927
1426.000000 0.155375
1427.000000 0.156878
1428.000000 0.158435
1429.000000 0.160045
1430.000000 0.161709
1431.000000 0.163427
1432.000000 0.165198
1433.000000 0.167022
1434.000000 0.168899
1435.000000 0.170829
1436.000000 0.172812
1437.000000 0.174847
1438.000000 0.176934
1439.000000 0.179073
1440.000000 0.181264
1441.000000 0.183507
1442.000000 0.185801
1443.000000 0.188145
1444.000000 0.190541
1445.000000 0.192988
1446.000000 0.195484
1447.000000 0.198031
1448.000000 0.200628
1449.000000 0.203275
1450.000000 0.205970
1451.000000 0.208715
1452.000000 0.211509
1453.000000 0.214351
1454.000000 0.217241
1455.000000 0.220180
1456.000000 0.223166
1457.000000 0.226199
1458.000000 0.229280
1459.000000 0.232407
1460.000000 0.235580
1461.000000 0.238800
1462.000000 0.242066
1463.000000 0.245377
1464.000000 0.248733
1465.000000 0.252134
1466.000000 0.255579
1467.000000 0.259069
1468.000000 0.262602
1469.000000 0.266179
1470.000000 0.269799
1471.000000 0.273461
1472.000000 0.277166
1473.000000 0.280913
1474.000000 0.284701
1475.000000 0.288531
1476.000000 0.292401
1477.000000 0.296312
1478.000000 0.300263
1479.000000 0.304254
1480.000000 0.308284
1481.000000 0.312352
1482.000000 0.316459
1483.000000 0.320605
1484.000000 0.324787
1485.000000 0.329007
1486.000000 0.333264
1487.000000 0.337557
1488.000000 0.341886
1489.000000 0.346251
1490.000000 0.350650
1491.000000 0.355084
1492.000000 0.359553
1493.000000 0.364055
1494.000000 0.368590
1495.000000 0.373158
1496.000000 0.377759
1497.000000 0.382391
1498.000000 0.387055
1499.000000 0.391750
1500.000000 0.396475
1501.000000 1.637177
1502.000000 2.278781
1503.000000 2.505306
1504.000000 2.468313
1505.000000 2.284037
1506.000000 2.035614
1507.000000 1.642537
1508.000000 1.275410
1509.000000 1.009528
1510.000000 0.860571
1511.000000 0.812018
1512.000000 0.834231
1513.000000 0.911200
1514.000000 1.008998
1515.000000 1.097544
1516.000000 1.158804
1517.000000 1.187190
1518.000000 1.186340
1519.000000 1.163312
1520.000000 1.128327
1521.000000 1.091883
1522.000000 1.062170
1523.000000 1.043782
1524.000000 1.037729
1525.000000 1.042468
1526.000000 1.054807
1527.000000 1.070927
1528.000000 1.087313
1529.000000 1.101412
1530.000000 1.111893
1531.000000 1.118557
1532.000000 1.122057
1533.000000 1.123540
1534.000000 1.124271
1535.000000 1.125344
1536.000000 1.127500
1537.000000 1.131068
1538.000000 1.136013
1539.000000 1.142040
1540.000000 1.148722
1541.000000 1.155622
1542.000000 1.162384
1543.000000 1.168782
1544.000000 1.174732
1545.000000 1.180267
1546.000000 1.185498
1547.000000 1.190571
1548.000000 1.195628
1549.000000 1.200778
1550.000000 1.206081
1551.000000 1.211553
1552.000000 1.217174
1553.000000 1.222898
1554.000000 1.228674
1555.000000 1.234453
1556.000000 1.240202
1557.000000 1.245902
1558.000000 1.251550
1559.000000 1.257156
1560.000000 1.262735
1561.000000 1.268303
1562.000000 1.273875
1563.000000 1.279462
1564.000000 1.285066
1565.000000 1.290687
1566.000000 1.296321
1567.000000 1.301960
1568.000000 1.307600
1569.000000 1.313235
1570.000000 1.318862
1571.000000 1.324478
1572.000000 1.330085
1573.000000 1.335683
1574.000000 1.341273
1575.000000 1.346859
1576.000000 1.352441
1577.000000 1.358019
1578.000000 1.363593
1579.000000 1.369163
1580.000000 1.374728
1581.000000 1.380287
1582.000000 1.385839
1583.000000 1.391383
1584.000000 1.396920
1585.000000 1.402448
1586.000000 1.407968
1587.000000 1.413481
1588.000000 1.418985
1589.000000 1.424482
1590.000000 1.429971
1591.000000 1.435452
1592.000000 1.440926
1593.000000 1.446392
1594.000000 1.451850
1595.000000 1.457301
1596.000000 1.462745
1597.000000 1.468181
1598.000000 1.473609
1599.000000 1.479031
1600.000000 1.484447
1601.000000 1.489856
1602.000000 1.495262
1603.000000 1.500671
1604.000000 1.506077
1605.000000 1.511449
1606.000000 1.516711
1607.000000 1.521796
1608.000000 1.526671
1609.000000 1.531338
1610.000000 1.535826
1611.000000 1.540188
1612.000000 1.543724
1613.000000 1.546517
1614.000000 1.548968
1615.000000 1.551513
1616.000000 1.554481
1617.000000 1.558042
1618.000000 1.562389
1619.000000 1.567513
1620.000000 1.573209
1621.000000 1.579166
1622.000000 1.585077
1623.000000 1.590700
1624.000000 1.595871
1625.000000 1.600532
1626.000000 1.604730
1627.000000 1.608593
1628.000000 1.612283
1629.000000 1.615952
1630.000000 1.619717
1631.000000 1.623646
1632.000000 1.627750
1633.000000 1.631992
1634.000000 1.636307
1635.000000 1.640620
1636.000000 1.644865
1637.000000 1.648993
1638.000000 1.652982
1639.000000 1.656833
1640.000000 1.660567
1641.000000 1.664214
1642.000000 1.667807
1643.000000 1.671371
1644.000000 1.674925
1645.000000 1.678476
1646.000000 1.682019
1647.000000 1.685545
1648.000000 1.689040
1649.000000 1.692492
1650.000000 1.695889
1651.000000 1.699226
1652.000000 1.702501
1653.000000 1.705716
1654.000000 1.708874
1655.000000 1.711981
1656.000000 1.715041
1657.000000 1.718059
1658.000000 1.721035
1659.000000 1.723970
1660.000000 1.726862
1661.000000 1.729708
1662.000000 1.732508
1663.000000 1.735258
1664.000000 1.737956
1665.000000 1.740603
1666.000000 1.743198
1667.000000 1.745741
1668.000000 1.748233
1669.000000 1.750675
1670.000000 1.753066
1671.000000 1.755406
1672.000000 1.757697
1673.000000 1.759937
1674.000000 1.762127
1675.000000 1.764264
1676.000000 1.766350
1677.000000 1.768384
1678.000000 1.770364
1679.000000 1.772292
1680.000000 1.774167
1681.000000 1.775988
1682.000000 1.777756
1683.000000 1.779471
1684.000000 1.781133
1685.000000 1.782740
1686.000000 1.784294
1687.000000 1.785794
1688.000000 1.787240
1689.000000 1.788632
1690.000000 1.789969
1691.000000 1.791252
1692.000000 1.792480
1693.000000 1.793652
1694.000000 1.794770
1695.000000 1.795833
1696.000000 1.796840
1697.000000 1.797792
1698.000000 1.798689
1699.000000 1.799529
1700.000000 1.800315
1701.000000 1.801044
1702.000000 1.801718
1703.000000 1.802336
1704.000000 1.802898
1705.000000 1.803404
1706.000000 1.803853
1707.000000 1.804246
1708.000000 1.804584
1709.000000 1.804864
1710.000000 1.805089
1711.000000 1.805256
1712.000000 1.805368
1713.000000 1.805423
1714.000000 1.805421
1715.000000 1.805363
1716.000000 1.805249
1717.000000 1.805079
1718.000000 1.804853
1719.000000 1.804572
1720.000000 1.804235
1721.000000 1.803844
1722.000000 1.803399
1723.000000 1.802900
1724.000000 1.802347
1725.000000 1.801740
1726.000000 1.801080
1727.000000 1.800365
1728.000000 1.799595
1729.000000 1.798768
1730.000000 1.797883
1731.000000 1.796940
1732.000000 1.795938
1733.000000 1.794878
1734.000000 1.793761
1735.000000 1.792588
1736.000000 1.791360
1737.000000 1.790079
1738.000000 1.788745
1739.000000 1.787359
1740.000000 1.785921
1741.000000 1.784429
1742.000000 1.782884
1743.000000 1.781285
1744.000000 1.779632
1745.000000 1.777924
1746.000000 1.776161
1747.000000 1.774344
1748.000000 1.772474
1749.000000 1.770550
1750.000000 1.768574
1751.000000 1.766546
1752.000000 1.764467
1753.000000 1.762336
1754.000000 1.760154
1755.000000 1.757920
1756.000000 1.755635
1757.000000 1.753299
1758.000000 1.750912
1759.000000 1.748474
1760.000000 1.745985
1761.000000 1.743446
1762.000000 1.740856
1763.000000 1.738217
1764.000000 1.735529
1765.000000 1.732792
1766.000000 1.730006
1767.000000 1.727171
1768.000000 1.724289
1769.000000 1.721358
1770.000000 1.718380
1771.000000 1.715354
1772.000000 1.712281
1773.000000 1.709161
1774.000000 1.705995
1775.000000 1.702783
1776.000000 1.699524
1777.000000 1.696220
1778.000000 1.692871
1779.000000 1.689477
1780.000000 1.686039
1781.000000 1.682556
1782.000000 1.679030
1783.000000 1.675460
1784.000000 1.671847
1785.000000 1.668192
1786.000000 1.664493
1787.000000 1.660753
1788.000000 1.656972
1789.000000 1.653148
1790.000000 1.649284
1791.000000 1.645380
1792.000000 1.641435
1793.000000 1.637451
1794.000000 1.633427
1795.000000 1.629365
1796.000000 1.625264
1797.000000 1.621125
1798.000000 1.616948
1799.000000 1.612734
1800.000000 1.608483
1801.000000 1.604196
1802.000000 1.599872
1803.000000 1.595513
1804.000000 1.591119
1805.000000 1.586691
1806.000000 1.582228
1807.000000 1.577731
1808.000000 1.573201
1809.000000 1.568638
1810.000000 1.564042
1811.000000 1.559415
1812.000000 1.554756
1813.000000 1.550066
1814.000000 1.545346
1815.000000 1.540595
1816.000000 1.535815
1817.000000 1.531005
1818.000000 1.526167
1819.000000 1.521301
1820.000000 1.516407
1821.000000 1.511486
1822.000000 1.506538
1823.000000 1.501564
1824.000000 1.496564
1825.000000 1.491539
1826.000000 1.486489
1827.000000 1.481415
1828.000000 1.476317
1829.000000 1.471196
1830.000000 1.466053
1831.000000 1.460887
1832.000000 1.455699
1833.000000 1.450491
1834.000000 1.445262
1835.000000 1.440012
1836.000000 1.434743
1837.000000 1.429455
1838.000000 1.424149
1839.000000 1.418824
1840.000000 1.413482
1841.000000 1.408123
1842.000000 1.402748
1843.000000 1.397357
1844.000000 1.391950
1845.000000 1.386529
1846.000000 1.381094
1847.000000 1.375645
1848.000000 1.370183
1849.000000 1.364708
1850.000000 1.359221
1851.000000 1.353723
1852.000000 1.348213
1853.000000 1.342694
1854.000000 1.337164
1855.000000 1.331625
1856.000000 1.326078
1857.000000 1.320522
1858.000000 1.314959
1859.000000 1.309388
1860.000000 1.303811
1861.000000 1.298228
1862.000000 1.292640
1863.000000 1.287047
1864.000000 1.281450
1865.000000 1.275848
1866.000000 1.270244
1867.000000 1.264637
1868.000000 1.259028
1869.000000 1.253418
1870.000000 1.247807
1871.000000 1.242195
1872.000000 1.236584
1873.000000 1.230973
1874.000000 1.225364
1875.000000 1.219756
1876.000000 1.214151
1877.000000 1.208549
1878.000000 1.202951
1879.000000 1.197356
1880.000000 1.191767
1881.000000 1.186183
1882.000000 1.180604
1883.000000 1.175032
1884.000000 1.169467
1885.000000 1.163909
1886.000000 1.158359
1887.000000 1.152818
1888.000000 1.147286
1889.000000 1.141764
1890.000000 1.136252
1891.000000 1.130750
1892.000000 1.125261
1893.000000 1.119783
1894.000000 1.114317
1895.000000 1.108864
1896.000000 1.103425
1897.000000 1.098001
1898.000000 1.092590
1899.000000 1.087195
1900.000000 1.081816
1901.000000 1.076453
1902.000000 1.071106
1903.000000 1.065777
1904.000000 1.060466
1905.000000 1.055173
1906.000000 1.049899
1907.000000 1.044645
1908.000000 1.039410
1909.000000 1.034196
1910.000000 1.029003
1911.000000 1.023832
1912.000000 1.018682
1913.000000 1.013555
1914.000000 1.008451
1915.000000 1.003371
1916.000000 0.998315
1917.000000 0.993283
1918.000000 0.988277
1919.000000 0.983296
1920.000000 0.978341
1921.000000 0.973413
1922.000000 0.968512
1923.000000 0.963639
1924.000000 0.958793
1925.000000 0.953976
1926.000000 0.949188
1927.000000 0.944430
1928.000000 0.939702
1929.000000 0.935004
1930.000000 0.930337
1931.000000 0.925701
1932.000000 0.921097
1933.000000 0.916526
1934.000000 0.911987
1935.000000 0.907482
1936.000000 0.903010
1937.000000 0.898572
1938.000000 0.894169
1939.000000 0.889801
1940.000000 0.885469
1941.000000 0.881172
1942.000000 0.876912
1943.000000 0.872688
1944.000000 0.868501
1945.000000 0.864352
1946.000000 0.860242
1947.000000 0.856169
1948.000000 0.852135
1949.000000 0.848141
1950.000000 0.844186
1951.000000 0.840271
1952.000000 0.836396
1953.000000 0.832563
1954.000000 0.828770
1955.000000 0.825019
1956.000000 0.821310
1957.000000 0.817643
1958.000000 0.814019
1959.000000 0.810438
1960.000000 0.806901
1961.000000 0.803407
1962.000000 0.799957
1963.000000 0.796551
1964.000000 0.793191
1965.000000 0.789875
1966.000000 0.786605
1967.000000 0.783381
1968.000000 0.780202
1969.000000 0.777070
1970.000000 0.773985
1971.000000 0.770947
1972.000000 0.767956
1973.000000 0.765013
1974.000000 0.762118
1975.000000 0.759271
1976.000000 0.756473
1977.000000 0.753723
1978.000000 0.751022
1979.000000 0.748371
1980.000000 0.745769
1981.000000 0.743217
1982.000000 0.740715
1983.000000 0.738264
1984.000000 0.735863
1985.000000 0.733513
1986.000000 0.731214
1987.000000 0.728967
1988.000000 0.726770
1989.000000 0.724626
1990.000000 0.722534
1991.000000 0.720494
1992.000000 0.718506
1993.000000 0.716570
1994.000000 0.714688
1995.000000 0.712858
1996.000000 0.711082
1997.000000 0.709359
1998.000000 0.707689
1999.000000 0.706073
2000.000000 0.704511
2001.000000 0.703003
2002.000000 0.701549
2003.000000 0.700150
2004.000000 0.698804
2005.000000 0.697513
2006.000000 0.696277
2007.000000 0.695096
2008.000000 0.693970
2009.000000 0.692898
2010.000000 0.691882
2011.000000 0.690921
2012.000000 0.690016
2013.000000 0.689165
2014.000000 0.688371
2015.000000 0.687632
2016.000000 0.686948
2017.000000 0.686320
2018.000000 0.685749
2019.000000 0.685232
2020.000000 0.684772
2021.000000 0.684368
2022.000000 0.684020
2023.000000 0.683728
2024.000000 0.683492
2025.000000 0.683312
2026.000000 0.683188
2027.000000 0.683120
2028.000000 0.683108
2029.000000 0.683152
2030.000000 0.683253
2031.000000 0.683409
2032.000000 0.683622
2033.000000 0.683891
2034.000000 0.684216
2035.000000 0.684596
2036.000000 0.685033
2037.000000 0.685526
2038.000000 0.686074
2039.000000 0.686679
2040.000000 0.687339
2041.000000 0.688055
2042.000000 0.688826
2043.000000 0.689653
2044.000000 0.690535
2045.000000 0.691473
2046.000000 0.692466
2047.000000 0.693515
2048.000000 0.694618
2049.000000 0.695776
2050.000000 0.696990
2051.000000 0.698257
2052.000000 0.699580
2053.000000 0.700957
2054.000000 0.702388
2055.000000 0.703874
2056.000000 0.705413
2057.000000 0.707007
2058.000000 0.708654
2059.000000 0.710354
2060.000000 0.712109
2061.000000 0.713916
2062.000000 0.715776
2063.000000 0.717689
2064.000000 0.719655
2065.000000 0.721674
2066.000000 0.723744
2067.000000 0.725867
2068.000000 0.728041
2069.000000 0.730267
2070.000000 0.732545
2071.000000 0.734873
2072.000000 0.737253
2073.000000 0.739683
2074.000000 0.742164
2075.000000 0.744695
2076.000000 0.747276
2077.000000 0.749907
2078.000000 0.752587
2079.000000 0.755316
2080.000000 0.758094
2081.000000 0.760921
2082.000000 0.763796
2083.000000 0.766719
2084.000000 0.769690
2085.000000 0.772708
2086.000000 0.775774
2087.000000 0.778886
2088.000000 0.782045
2089.000000 0.785250
2090.000000 0.788501
2091.000000 0.791798
2092.000000 0.795139
2093.000000 0.798526
2094.000000 0.801957
2095.000000 0.805433
2096.000000 0.808952
2097.000000 0.812515
2098.000000 0.816121
2099.000000 0.819770
2100.000000 0.823462
2101.000000 0.827195
2102.000000 0.830971
2103.000000 0.834787
2104.000000 0.838645
2105.000000 0.842543
2106.000000 0.846481
2107.000000 0.850459
2108.000000 0.854476
2109.000000 0.858532
2110.000000 0.862627
2111.000000 0.866760
2112.000000 0.870931
2113.000000 0.875139
2114.000000 0.879385
2115.000000 0.883666
2116.000000 0.887984
2117.000000 0.892337
2118.000000 0.896725
2119.000000 0.901149
2120.000000 0.905606
2121.000000 0.910098
2122.000000 0.914622
2123.000000 0.919180
2124.000000 0.923770
2125.000000 0.928393
2126.000000 0.933047
2127.000000 0.937732
2128.000000 0.942447
2129.000000 0.947193
2130.000000 0.951969
2131.000000 0.956774
2132.000000 0.961607
2133.000000 0.966469
2134.000000 0.971359
2135.000000 0.976276
2136.000000 0.981219
2137.000000 0.986189
2138.000000 0.991185
2139.000000 0.996206
2140.000000 1.001252
2141.000000 1.006322
2142.000000 1.011416
2143.000000 1.016534
2144.000000 1.021674
2145.000000 1.026836
2146.000000 1.032020
2147.000000 1.037225
2148.000000 1.042452
2149.000000 1.047698
2150.000000 1.052964
2151.000000 1.058249
2152.000000 1.063552
2153.000000 1.068874
2154.000000 1.074213
2155.000000 1.079569
2156.000000 1.084942
2157.000000 1.090330
2158.000000 1.095734
2159.000000 1.101153
2160.000000 1.106587
2161.000000 1.112033
2162.000000 1.117494
2163.000000 1.122966
2164.000000 1.128451
2165.000000 1.133948
2166.000000 1.139456
2167.000000 1.144974
2168.000000 1.150502
2169.000000 1.156039
2170.000000 1.161585
2171.000000 1.167140
2172.000000 1.172702
2173.000000 1.178271
2174.000000 1.183847
2175.000000 1.189429
2176.000000 1.195017
2177.000000 1.200609
2178.000000 1.206206
2179.000000 1.211806
2180.000000 1.217410
2181.000000 1.223017
2182.000000 1.228625
2183.000000 1.234235
2184.000000 1.239847
2185.000000 1.245458
2186.000000 1.251070
2187.000000 1.256681
2188.000000 1.262290
2189.000000 1.267898
2190.000000 1.273503
2191.000000 1.279106
2192.000000 1.284705
2193.000000 1.290300
2194.000000 1.295890
2195.000000 1.301475
2196.000000 1.307055
2197.000000 1.312628
2198.000000 1.318195
2199.000000 1.323754
2200.000000 1.329305
2201.000000 1.334847
2202.000000 1.340381
2203.000000 1.345905
2204.000000 1.351418
2205.000000 1.356921
2206.000000 1.362413
2207.000000 1.367893
2208.000000 1.373360
2209.000000 1.378815
2210.000000 1.384256
2211.000000 1.389683
2212.000000 1.395096
2213.000000 1.400494
2214.000000 1.405876
2215.000000 1.411241
2216.000000 1.416590
2217.000000 1.421922
2218.000000 1.427236
2219.000000 1.432532
2220.000000 1.437809
2221.000000 1.443067
2222.000000 1.448305
2223.000000 1.453522
2224.000000 1.458718
2225.000000 1.463893
2226.000000 1.469046
2227.000000 1.474177
2228.000000 1.479284
2229.000000 1.484368
2230.000000 1.489428
2231.000000 1.494464
2232.000000 1.499474
2233.000000 1.504459
2234.000000 1.509418
2235.000000 1.514351
2236.000000 1.519256
2237.000000 1.524134
2238.000000 1.528984
2239.000000 1.533806
2240.000000 1.538598
2241.000000 1.543361
2242.000000 1.548094
2243.000000 1.552797
2244.000000 1.557469
2245.000000 1.562110
2246.000000 1.566719
2247.000000 1.571295
2248.000000 1.575839
2249.000000 1.580350
2250.000000 1.584827
2251.000000 1.589270
2252.000000 1.593679
2253.000000 1.598052
2254.000000 1.602391
2255.000000 1.606693
2256.000000 1.610959
2257.000000 1.615189
2258.000000 1.619381
2259.000000 1.623536
2260.000000 1.627653
2261.000000 1.631732
2262.000000 1.635772
2263.000000 1.639773
2264.000000 1.643734
2265.000000 1.647655
2266.000000 1.651536
2267.000000 1.655376
2268.000000 1.659176
2269.000000 1.662933
2270.000000 1.666649
2271.000000 1.670322
2272.000000 1.673953
2273.000000 1.677541
2274.000000 1.681086
2275.000000 1.684587
2276.000000 1.688044
2277.000000 1.691456
2278.000000 1.694824
2279.000000 1.698147
2280.000000 1.701424
2281.000000 1.704656
2282.000000 1.707842
2283.000000 1.710981
2284.000000 1.714073
2285.000000 1.717119
2286.000000 1.720117
2287.000000 1.723068
2288.000000 1.725971
2289.000000 1.728826
2290.000000 1.731632
2291.000000 1.734390
2292.000000 1.737098
2293.000000 1.739757
2294.000000 1.742367
2295.000000 1.744927
2296.000000 1.747437
2297.000000 1.749896
2298.000000 1.752305
2299.000000 1.754663
2300.000000 1.756970
2301.000000 1.759226
2302.000000 1.761430
2303.000000 1.763583
2304.000000 1.765684
2305.000000 1.767732
2306.000000 1.769728
2307.000000 1.771672
2308.000000 1.773563
2309.000000 1.775401
2310.000000 1.777186
2311.000000 1.778917
2312.000000 1.780595
2313.000000 1.782220
2314.000000 1.783790
2315.000000 1.785307
2316.000000 1.786770
2317.000000 1.788178
2318.000000 1.789532
2319.000000 1.790832
2320.000000 1.792076
2321.000000 1.793266
2322.000000 1.794402
2323.000000 1.795482
2324.000000 1.796507
2325.000000 1.797476
2326.000000 1.798391
2327.000000 1.799250
2328.000000 1.800053
2329.000000 1.800801
2330.000000 1.801494
2331.000000 1.802130
2332.000000 1.802711
2333.000000 1.803236
2334.000000 1.803705
2335.000000 1.804118
2336.000000 1.804475
2337.000000 1.804777
2338.000000 1.805022
2339.000000 1.805211
2340.000000 1.805344
2341.000000 1.805420
2342.000000 1.805441
2343.000000 1.805406
2344.000000 1.805314
2345.000000 1.805166
2346.000000 1.804963
2347.000000 1.804703
2348.000000 1.804387
2349.000000 1.804015
2350.000000 1.803587
2351.000000 1.803103
2352.000000 1.802564
2353.000000 1.801968
2354.000000 1.801317
2355.000000 1.800610
2356.000000 1.799848
2357.000000 1.799029
2358.000000 1.798156
2359.000000 1.797227
2360.000000 1.796242
2361.000000 1.795203
2362.000000 1.794108
2363.000000 1.792959
2364.000000 1.791754
2365.000000 1.790495
2366.000000 1.789181
2367.000000 1.787813
2368.000000 1.786390
2369.000000 1.784914
2370.000000 1.783383
2371.000000 1.781798
2372.000000 1.780159
2373.000000 1.778467
2374.000000 1.776721
2375.000000 1.774923
2376.000000 1.773071
2377.000000 1.771166
2378.000000 1.769208
2379.000000 1.767198
2380.000000 1.765136
2381.000000 1.763022
2382.000000 1.760856
2383.000000 1.758638
2384.000000 1.756368
2385.000000 1.754048
2386.000000 1.751676
2387.000000 1.749254
2388.000000 1.746781
2389.000000 1.744258
2390.000000 1.741685
2391.000000 1.739063
2392.000000 1.736391
2393.000000 1.733669
2394.000000 1.730899
2395.000000 1.728080
2396.000000 1.725212
2397.000000 1.722297
2398.000000 1.719334
2399.000000 1.716323
2400.000000 1.713265
2401.000000 1.710160
2402.000000 1.707008
2403.000000 1.703811
2404.000000 1.700567
2405.000000 1.697278
2406.000000 1.693943
2407.000000 1.690563
2408.000000 1.687139
2409.000000 1.683671
2410.000000 1.680158
2411.000000 1.676602
2412.000000 1.673003
2413.000000 1.669361
2414.000000 1.665676
2415.000000 1.661949
2416.000000 1.658181
2417.000000 1.654371
2418.000000 1.650520
2419.000000 1.646628
2420.000000 1.642696
2421.000000 1.638724
2422.000000 1.634713
2423.000000 1.630663
2424.000000 1.626574
2425.000000 1.622447
2426.000000 1.618283
2427.000000 1.614080
2428.000000 1.609841
2429.000000 1.605565
2430.000000 1.601253
2431.000000 1.596906
2432.000000 1.592523
2433.000000 1.588105
2434.000000 1.583653
2435.000000 1.579167
2436.000000 1.574648
2437.000000 1.570095
2438.000000 1.565510
2439.000000 1.560893
2440.000000 1.556244
2441.000000 1.551564
2442.000000 1.546853
2443.000000 1.542112
2444.000000 1.537341
2445.000000 1.532541
2446.000000 1.527712
2447.000000 1.522854
2448.000000 1.517969
2449.000000 1.513056
2450.000000 1.508117
2451.000000 1.503151
2452.000000 1.498159
2453.000000 1.493142
2454.000000 1.488100
2455.000000 1.483034
2456.000000 1.477944
2457.000000 1.472830
2458.000000 1.467693
2459.000000 1.462535
2460.000000 1.457354
2461.000000 1.452152
2462.000000 1.446929
2463.000000 1.441686
2464.000000 1.436423
2465.000000 1.431141
2466.000000 1.425841
2467.000000 1.420522
2468.000000 1.415186
2469.000000 1.409832
2470.000000 1.404462
2471.000000 1.399076
2472.000000 1.393674
2473.000000 1.388258
2474.000000 1.382827
2475.000000 1.377382
2476.000000 1.371924
2477.000000 1.366453
2478.000000 1.360970
2479.000000 1.355475
2480.000000 1.349969
2481.000000 1.344453
2482.000000 1.338926
2483.000000 1.333391
2484.000000 1.327846
2485.000000 1.322293
2486.000000 1.316732
2487.000000 1.311163
2488.000000 1.305588
2489.000000 1.300007
2490.000000 1.294421
2491.000000 1.288829
2492.000000 1.283233
2493.000000 1.277633
2494.000000 1.272030
2495.000000 1.266424
2496.000000 1.260815
2497.000000 1.255205
2498.000000 1.249594
2499.000000 1.243983
2500.000000 1.238371
