1.000000 0.000000
2.000000 0.000000
3.000000 0.000000
4.000000 0.000000
5.000000 0.000000
6.000000 0.000000
7.000000 0.000000
8.000000 0.000000
9.000000 0.000000
10.000000 0.000000
11.000000 0.000000
12.000000 0.000000
13.000000 0.000000
14.000000 0.000000
15.000000 0.000000
16.000000 0.000000
17.000000 0.000000
18.000000 0.000000
19.000000 0.000000
20.000000 0.000000
21.000000 0.000000
22.000000 0.000000
23.000000 0.000000
24.000000 0.000000
25.000000 0.000000
26.000000 0.000000
27.000000 0.175353
28.000000 0.434367
29.000000 0.722220
30.000000 0.988889
31.000000 1.223218
32.000000 1.395542
33.000000 1.485584
34.000000 1.508049
35.000000 1.493159
36.000000 1.457789
37.000000 1.422451
38.000000 1.386841
39.000000 1.374782
40.000000 1.385700
41.000000 1.408617
42.000000 1.440261
43.000000 1.511300
44.000000 1.582611
45.000000 1.626774
46.000000 1.639149
47.000000 1.639153
48.000000 1.619056
49.000000 1.604136
50.000000 1.605562
51.000000 1.595727
52.000000 1.578130
53.000000 1.571131
54.000000 1.564875
55.000000 1.563636
56.000000 1.558815
57.000000 1.552941
58.000000 1.561798
59.000000 1.538816
60.000000 1.530488
61.000000 1.535672
62.000000 1.551225
63.000000 1.561113
64.000000 1.572371
65.000000 1.584203
66.000000 1.574772
67.000000 1.574243
68.000000 1.583898
69.000000 1.595802
70.000000 1.618217
71.000000 1.647645
72.000000 1.653013
73.000000 1.636591
74.000000 1.614317
75.000000 1.572568
76.000000 1.559688
77.000000 1.565978
78.000000 1.564205
79.000000 1.553473
80.000000 1.552361
81.000000 1.555927
82.000000 1.551252
83.000000 1.551018
84.000000 1.563049
85.000000 1.583678
86.000000 1.597771
87.000000 1.615467
88.000000 1.641483
89.000000 1.651610
90.000000 1.647379
91.000000 1.631816
92.000000 1.601480
93.000000 1.581818
94.000000 1.563036
95.000000 1.565525
96.000000 1.547727
97.000000 1.541017
98.000000 1.553458
99.000000 1.572532
100.000000 1.587063
101.000000 1.610802
102.000000 1.630327
103.000000 1.646956
104.000000 1.654293
105.000000 1.641930
106.000000 1.629562
107.000000 1.610914
108.000000 1.607074
109.000000 1.590254
110.000000 1.577567
111.000000 1.562436
112.000000 1.560723
113.000000 1.557284
114.000000 1.561098
115.000000 1.560353
116.000000 1.562512
117.000000 1.566261
118.000000 1.560554
119.000000 1.568017
120.000000 1.575584
121.000000 1.594095
122.000000 1.611012
123.000000 1.656032
124.000000 1.692919
125.000000 1.706589
126.000000 1.718811
127.000000 1.713754
128.000000 1.703474
129.000000 1.676116
130.000000 1.641921
131.000000 1.608311
132.000000 1.581404
133.000000 1.574476
134.000000 1.572837
135.000000 1.593736
136.000000 1.616780
137.000000 1.626066
138.000000 1.645425
139.000000 1.649218
140.000000 1.621885
141.000000 1.585736
142.000000 1.555526
143.000000 1.537333
144.000000 1.540904
145.000000 1.551416
146.000000 1.566186
147.000000 1.587014
148.000000 1.605039
149.000000 1.622913
150.000000 1.624089
151.000000 1.609583
152.000000 1.615347
153.000000 1.609583
154.000000 1.596004
155.000000 1.601769
156.000000 1.601985
157.000000 1.606966
158.000000 1.608462
159.000000 1.591409
160.000000 1.571290
161.000000 1.537097
162.000000 1.510852
163.000000 1.705994
164.000000 1.858396
165.000000 2.009705
166.000000 2.153839
167.000000 2.185990
168.000000 2.126935
169.000000 2.015664
170.000000 1.871318
171.000000 1.708836
172.000000 1.590068
173.000000 1.503247
174.000000 1.461952
175.000000 1.468263
176.000000 1.504284
177.000000 1.548908
178.000000 1.580063
179.000000 1.608968
180.000000 1.632628
181.000000 1.627158
182.000000 1.614676
183.000000 1.583755
184.000000 1.554869
185.000000 1.534628
186.000000 1.526296
187.000000 1.535153
188.000000 1.553463
189.000000 1.593260
190.000000 1.628757
191.000000 1.673854
192.000000 1.690373
193.000000 1.691524
194.000000 1.709209
195.000000 1.705383
196.000000 1.670754
197.000000 1.613291
198.000000 1.568258
199.000000 1.525995
200.000000 1.502657
201.000000 1.489312
202.000000 1.503001
203.000000 1.528781
204.000000 1.561919
205.000000 1.585788
206.000000 1.604030
207.000000 1.621700
208.000000 1.638099
209.000000 1.660690
210.000000 1.665815
211.000000 1.649443
212.000000 1.608868
213.000000 1.571851
214.000000 1.555160
215.000000 1.546732
216.000000 1.546089
217.000000 1.568510
218.000000 1.590154
219.000000 1.615450
220.000000 1.636808
221.000000 1.645541
222.000000 1.648679
223.000000 1.650319
224.000000 1.654288
225.000000 1.654126
226.000000 1.654498
227.000000 1.639900
228.000000 1.626738
229.000000 1.604598
230.000000 1.578287
231.000000 1.565316
232.000000 1.578438
233.000000 1.581391
234.000000 1.585254
235.000000 1.589393
236.000000 1.570813
237.000000 1.574948
238.000000 1.560753
239.000000 1.565590
240.000000 1.588637
241.000000 1.615064
242.000000 1.628577
243.000000 1.643008
244.000000 1.639401
245.000000 1.627611
246.000000 1.621655
247.000000 1.602633
248.000000 1.578895
249.000000 1.551244
250.000000 1.556052
251.000000 1.572637
252.000000 1.587239
253.000000 1.616183
254.000000 1.621604
255.000000 1.624446
256.000000 1.626558
257.000000 1.618421
258.000000 1.616449
259.000000 1.603158
260.000000 1.599928
261.000000 1.599976
262.000000 1.592222
263.000000 1.594724
264.000000 1.604812
265.000000 1.613467
266.000000 1.622130
267.000000 1.626067
268.000000 1.620798
269.000000 1.619164
270.000000 1.603865
271.000000 1.582560
272.000000 1.571757
273.000000 1.560643
274.000000 1.558751
275.000000 1.556740
276.000000 1.564253
277.000000 1.570590
278.000000 1.575426
279.000000 1.577465
280.000000 1.587501
281.000000 1.610283
282.000000 1.621426
283.000000 1.624736
284.000000 1.640424
285.000000 1.634783
286.000000 1.613392
287.000000 1.601018
288.000000 1.597554
289.000000 1.599403
290.000000 1.609707
291.000000 1.620575
292.000000 1.623194
293.000000 1.621560
294.000000 1.601900
295.000000 1.592220
296.000000 1.595830
297.000000 1.597405
298.000000 1.588395
299.000000 1.571806
300.000000 1.576791
301.000000 1.589132
302.000000 1.585123
303.000000 1.576857
304.000000 1.589752
305.000000 1.615144
306.000000 1.619093
307.000000 1.624189
308.000000 1.637629
309.000000 1.637525
310.000000 1.620020
311.000000 1.588184
312.000000 1.586341
313.000000 1.568483
314.000000 1.558538
315.000000 1.567848
316.000000 1.572976
317.000000 1.578359
318.000000 1.588533
319.000000 1.586861
320.000000 1.586859
321.000000 1.576700
322.000000 1.560862
323.000000 1.554949
324.000000 1.538856
325.000000 1.534253
326.000000 1.549382
327.000000 1.564434
328.000000 1.590232
329.000000 1.612267
330.000000 1.632710
331.000000 1.644074
332.000000 1.632631
333.000000 1.608187
334.000000 1.581113
335.000000 1.562100
336.000000 1.564741
337.000000 1.576092
338.000000 1.595688
339.000000 1.612964
340.000000 1.629965
341.000000 1.638317
342.000000 1.628372
343.000000 1.602212
344.000000 1.579527
345.000000 1.578274
346.000000 1.592423
347.000000 1.609826
348.000000 1.621085
349.000000 1.626059
350.000000 1.624784
351.000000 1.632430
352.000000 1.644929
353.000000 1.635912
354.000000 1.627804
355.000000 1.619964
356.000000 1.623487
357.000000 1.615779
358.000000 1.608176
359.000000 1.605594
360.000000 1.588515
361.000000 1.585245
362.000000 1.595675
363.000000 1.603039
364.000000 1.579812
365.000000 1.567570
366.000000 1.571724
367.000000 1.582621
368.000000 1.592114
369.000000 1.593644
370.000000 1.611190
371.000000 1.615522
372.000000 1.619605
373.000000 1.613059
374.000000 1.603340
375.000000 1.594532
376.000000 1.572880
377.000000 1.562916
378.000000 1.576782
379.000000 1.572587
380.000000 1.574755
381.000000 1.578738
382.000000 1.579214
383.000000 1.585190
384.000000 1.609106
385.000000 1.624283
386.000000 1.643891
387.000000 1.643121
388.000000 1.646339
389.000000 1.628778
390.000000 1.613289
391.000000 1.619962
392.000000 1.618572
393.000000 1.604170
394.000000 1.590014
395.000000 1.589917
396.000000 1.584404
397.000000 1.609760
398.000000 1.602219
399.000000 1.588431
400.000000 1.562415
401.000000 1.560041
402.000000 1.559290
403.000000 1.554281
404.000000 1.572269
405.000000 1.595127
406.000000 1.636013
407.000000 1.653947
408.000000 1.675093
409.000000 1.667193
410.000000 1.646579
411.000000 1.635358
412.000000 1.610249
413.000000 1.592991
414.000000 1.577560
415.000000 1.560343
416.000000 1.546340
417.000000 1.539658
418.000000 1.542678
419.000000 1.540155
420.000000 1.530475
421.000000 1.531913
422.000000 1.521228
423.000000 1.540983
424.000000 1.580609
425.000000 1.599129
426.000000 1.621862
427.000000 1.650672
428.000000 1.667410
429.000000 1.676914
430.000000 1.677975
431.000000 1.665418
432.000000 1.647812
433.000000 1.639167
434.000000 1.634518
435.000000 1.621995
436.000000 1.593603
437.000000 1.566112
438.000000 1.558146
439.000000 1.557569
440.000000 1.560482
441.000000 1.583438
442.000000 1.606717
443.000000 1.629041
444.000000 1.639214
445.000000 1.637683
446.000000 1.624457
447.000000 1.616036
448.000000 1.607967
449.000000 1.605628
450.000000 1.600906
451.000000 1.594553
452.000000 1.595846
453.000000 1.574903
454.000000 1.581476
455.000000 1.603433
456.000000 1.632149
457.000000 1.650460
458.000000 1.663443
459.000000 1.675907
460.000000 1.666423
461.000000 1.657127
462.000000 1.646165
463.000000 1.627037
464.000000 1.606338
465.000000 1.594063
466.000000 1.596717
467.000000 1.608780
468.000000 1.599630
469.000000 1.599117
470.000000 1.594691
471.000000 1.593703
472.000000 1.582213
473.000000 1.569727
474.000000 1.550561
475.000000 1.528783
476.000000 1.511213
477.000000 1.500266
478.000000 1.521735
479.000000 1.551527
480.000000 1.586088
481.000000 1.606853
482.000000 1.622912
483.000000 1.639423
484.000000 1.634002
485.000000 1.635207
486.000000 1.633109
487.000000 1.637997
488.000000 1.628890
489.000000 1.620919
490.000000 1.619301
491.000000 1.615413
492.000000 1.615802
493.000000 1.613277
494.000000 1.610111
495.000000 1.586055
496.000000 1.556904
497.000000 1.542063
498.000000 1.536750
499.000000 1.545760
500.000000 1.561167
501.000000 1.568241
502.000000 1.588666
503.000000 1.603276
504.000000 1.616288
505.000000 1.629129
506.000000 1.621943
507.000000 1.604213
508.000000 1.583495
509.000000 1.576348
510.000000 1.565718
511.000000 1.564085
512.000000 1.572460
513.000000 1.588072
514.000000 1.618040
515.000000 1.642922
516.000000 1.661852
517.000000 1.652674
518.000000 1.665210
519.000000 1.674706
520.000000 1.659899
521.000000 1.662855
522.000000 1.634235
523.000000 1.606796
524.000000 1.575140
525.000000 1.550252
526.000000 1.520911
527.000000 1.513949
528.000000 1.525298
529.000000 1.540601
530.000000 1.555218
531.000000 1.559985
532.000000 1.560386
533.000000 1.576342
534.000000 1.584299
535.000000 1.594524
536.000000 1.607855
537.000000 1.607818
538.000000 1.610277
539.000000 1.607033
540.000000 1.596528
541.000000 1.589176
542.000000 1.601334
543.000000 1.603524
544.000000 1.613819
545.000000 1.625745
546.000000 1.626345
547.000000 1.637801
548.000000 1.649633
549.000000 1.647255
550.000000 1.638659
551.000000 1.637543
552.000000 1.618935
553.000000 1.599935
554.000000 1.578168
555.000000 1.561834
556.000000 1.552599
557.000000 1.552151
558.000000 1.569514
559.000000 1.579460
560.000000 1.572885
561.000000 1.576294
562.000000 1.573532
563.000000 1.588177
564.000000 1.602069
565.000000 1.606510
566.000000 1.614654
567.000000 1.619358
568.000000 1.630634
569.000000 1.648843
570.000000 1.648327
571.000000 1.650346
572.000000 1.663898
573.000000 1.664924
574.000000 1.654816
575.000000 1.622335
576.000000 1.592050
577.000000 1.580164
578.000000 1.574865
579.000000 1.597813
580.000000 1.615097
581.000000 1.615957
582.000000 1.603736
583.000000 1.598140
584.000000 1.594563
585.000000 1.577418
586.000000 1.560367
587.000000 1.549944
588.000000 1.538515
589.000000 1.535147
590.000000 1.539598
591.000000 1.538431
592.000000 1.565339
593.000000 1.610811
594.000000 1.635201
595.000000 1.650065
596.000000 1.657193
597.000000 1.649601
598.000000 1.650932
599.000000 1.634512
600.000000 1.621599
601.000000 1.598030
602.000000 1.575136
603.000000 1.559971
604.000000 1.562381
605.000000 1.575585
606.000000 1.606096
607.000000 1.640431
608.000000 1.653225
609.000000 1.667566
610.000000 1.656424
611.000000 1.623110
612.000000 1.585133
613.000000 1.569947
614.000000 1.544364
615.000000 1.541345
616.000000 1.565266
617.000000 1.594331
618.000000 1.616396
619.000000 1.625237
620.000000 1.621262
621.000000 1.615233
622.000000 1.601180
623.000000 1.590618
624.000000 1.579456
625.000000 1.575345
626.000000 1.581944
627.000000 1.589608
628.000000 1.593965
629.000000 1.581356
630.000000 1.572467
631.000000 1.581452
632.000000 1.586687
633.000000 1.590336
634.000000 1.589847
635.000000 1.598974
636.000000 1.614203
637.000000 1.614444
638.000000 1.626032
639.000000 1.632135
640.000000 1.628617
641.000000 1.614091
642.000000 1.596897
643.000000 1.597753
644.000000 1.608407
645.000000 1.609250
646.000000 1.617528
647.000000 1.617528
648.000000 1.606237
649.000000 1.590319
650.000000 1.564661
651.000000 1.564310
652.000000 1.550933
653.000000 1.559151
654.000000 1.574074
655.000000 1.586272
656.000000 1.585987
657.000000 1.583525
658.000000 1.586559
659.000000 1.605480
660.000000 1.623578
661.000000 1.622378
662.000000 1.620612
663.000000 1.632160
664.000000 1.628572
665.000000 1.616605
666.000000 1.602533
667.000000 1.613676
668.000000 1.619127
669.000000 1.616586
670.000000 1.626390
671.000000 1.635302
672.000000 1.644415
673.000000 1.662796
674.000000 1.665180
675.000000 1.644120
676.000000 1.625697
677.000000 1.607158
678.000000 1.580707
679.000000 1.546172
680.000000 1.515867
681.000000 1.519505
682.000000 1.551201
683.000000 1.572090
684.000000 1.594124
685.000000 1.622430
686.000000 1.625526
687.000000 1.618483
688.000000 1.621876
689.000000 1.605186
690.000000 1.583506
691.000000 1.573215
692.000000 1.547905
693.000000 1.554504
694.000000 1.566960
695.000000 1.579452
696.000000 1.593883
697.000000 1.622539
698.000000 1.660516
699.000000 1.688959
700.000000 1.695538
701.000000 1.684492
702.000000 1.652784
703.000000 1.601108
704.000000 1.572546
705.000000 1.551450
706.000000 1.529853
707.000000 1.530625
708.000000 1.548581
709.000000 1.577972
710.000000 1.595950
711.000000 1.597842
712.000000 1.616438
713.000000 1.620533
714.000000 1.614248
715.000000 1.601300
716.000000 1.596159
717.000000 1.566318
718.000000 1.548770
719.000000 1.542141
720.000000 1.556283
721.000000 1.575603
722.000000 1.583401
723.000000 1.593249
724.000000 1.612560
725.000000 1.623227
726.000000 1.614452
727.000000 1.628622
728.000000 1.635636
729.000000 1.633675
730.000000 1.636394
731.000000 1.622580
732.000000 1.612263
733.000000 1.586774
734.000000 1.569378
735.000000 1.550380
736.000000 1.552704
737.000000 1.562742
738.000000 1.571774
739.000000 1.599263
740.000000 1.631049
741.000000 1.666182
742.000000 1.642042
743.000000 1.621424
744.000000 1.606937
745.000000 1.581681
746.000000 1.569366
747.000000 1.562251
748.000000 1.578142
749.000000 1.597166
750.000000 1.621622
751.000000 1.637320
752.000000 1.647582
753.000000 1.655665
754.000000 1.654370
755.000000 1.634261
756.000000 1.607618
757.000000 1.590810
758.000000 1.572894
759.000000 1.567408
760.000000 1.570820
761.000000 1.583404
762.000000 1.598598
763.000000 1.623974
764.000000 1.646193
765.000000 1.663108
766.000000 1.677014
767.000000 1.663533
768.000000 1.642179
769.000000 1.635336
770.000000 1.626016
771.000000 1.620471
772.000000 1.599009
773.000000 1.576025
774.000000 1.547325
775.000000 1.539359
776.000000 1.539580
777.000000 1.556361
778.000000 1.563747
779.000000 1.577165
780.000000 1.582623
781.000000 1.577825
782.000000 1.581203
783.000000 1.574066
784.000000 1.573135
785.000000 1.577696
786.000000 1.594215
787.000000 1.624014
788.000000 1.631527
789.000000 1.641395
790.000000 1.667660
791.000000 1.674610
792.000000 1.674397
793.000000 1.665445
794.000000 1.648184
795.000000 1.626916
796.000000 1.620879
797.000000 1.585979
798.000000 1.578382
799.000000 1.571565
800.000000 1.563264
801.000000 1.579870
802.000000 1.598724
803.000000 1.613750
804.000000 1.421619
805.000000 1.235414
806.000000 1.074542
807.000000 0.923845
808.000000 0.922947
809.000000 1.001527
810.000000 1.150334
811.000000 1.338010
812.000000 1.522293
813.000000 1.673299
814.000000 1.769189
815.000000 1.806036
816.000000 1.789417
817.000000 1.733307
818.000000 1.672250
819.000000 1.603836
820.000000 1.567169
821.000000 1.553667
822.000000 1.551807
823.000000 1.552737
824.000000 1.571734
825.000000 1.601898
826.000000 1.613633
827.000000 1.618284
828.000000 1.617520
829.000000 1.607288
830.000000 1.584506
831.000000 1.574563
832.000000 1.573892
833.000000 1.584730
834.000000 1.599409
835.000000 1.620418
836.000000 1.644373
837.000000 1.663150
838.000000 1.677587
839.000000 1.658548
840.000000 1.630907
841.000000 1.610203
842.000000 1.599006
843.000000 1.593588
844.000000 1.581070
845.000000 1.589857
846.000000 1.604254
847.000000 1.601325
848.000000 1.596284
849.000000 1.610411
850.000000 1.629677
851.000000 1.639983
852.000000 1.647343
853.000000 1.657948
854.000000 1.653889
855.000000 1.640051
856.000000 1.618585
857.000000 1.588012
858.000000 1.575821
859.000000 1.575066
860.000000 1.564954
861.000000 1.562924
862.000000 1.571566
863.000000 1.589108
864.000000 1.593914
865.000000 1.598327
866.000000 1.598741
867.000000 1.603752
868.000000 1.586248
869.000000 1.562657
870.000000 1.548686
871.000000 1.538206
872.000000 1.532157
873.000000 1.525544
874.000000 1.547934
875.000000 1.586527
876.000000 1.622120
877.000000 1.646508
878.000000 1.656449
879.000000 1.662726
880.000000 1.669042
881.000000 1.651756
882.000000 1.634656
883.000000 1.614948
884.000000 1.591558
885.000000 1.561089
886.000000 1.562796
887.000000 1.568270
888.000000 1.576223
889.000000 1.590988
890.000000 1.600840
891.000000 1.595243
892.000000 1.604999
893.000000 1.626859
894.000000 1.630673
895.000000 1.650218
896.000000 1.656601
897.000000 1.657631
898.000000 1.626945
899.000000 1.593195
900.000000 1.567546
901.000000 1.542153
902.000000 1.543058
903.000000 1.554224
904.000000 1.576995
905.000000 1.591718
906.000000 1.610358
907.000000 1.623707
908.000000 1.640441
909.000000 1.631333
910.000000 1.606996
911.000000 1.603651
912.000000 1.597927
913.000000 1.597270
914.000000 1.594844
915.000000 1.589270
916.000000 1.599325
917.000000 1.604747
918.000000 1.612561
919.000000 1.606151
920.000000 1.601798
921.000000 1.599669
922.000000 1.614147
923.000000 1.612670
924.000000 1.608623
925.000000 1.610407
926.000000 1.600832
927.000000 1.583060
928.000000 1.554124
929.000000 1.527869
930.000000 1.523856
931.000000 1.520549
932.000000 1.533283
933.000000 1.572375
934.000000 1.609542
935.000000 1.651535
936.000000 1.654324
937.000000 1.622063
938.000000 1.589903
939.000000 1.575982
940.000000 1.562498
941.000000 1.571605
942.000000 1.577125
943.000000 1.582704
944.000000 1.603480
945.000000 1.627966
946.000000 1.650621
947.000000 1.659652
948.000000 1.645984
949.000000 1.609163
950.000000 1.583962
951.000000 1.574720
952.000000 1.576030
953.000000 1.579804
954.000000 1.589929
955.000000 1.624645
956.000000 1.643648
957.000000 1.650426
958.000000 1.635807
959.000000 1.618644
960.000000 1.572844
961.000000 1.535695
962.000000 1.517831
963.000000 1.514216
964.000000 1.525303
965.000000 1.539874
966.000000 1.573255
967.000000 1.604987
968.000000 1.628296
969.000000 1.616827
970.000000 1.625170
971.000000 1.625574
972.000000 1.618805
973.000000 1.631062
974.000000 1.634412
975.000000 1.649548
976.000000 1.659942
977.000000 1.649320
978.000000 1.642999
979.000000 1.628787
980.000000 1.599839
981.000000 1.580607
982.000000 1.561878
983.000000 1.550069
984.000000 1.551330
985.000000 1.554398
986.000000 1.561789
987.000000 1.578029
988.000000 1.594856
989.000000 1.623035
990.000000 1.635927
991.000000 1.666217
992.000000 1.673926
993.000000 1.675201
994.000000 1.666027
995.000000 1.646172
996.000000 1.613868
997.000000 1.583901
998.000000 1.558876
999.000000 1.546304
1000.000000 1.550186
1001.000000 1.558245
1002.000000 1.554643
1003.000000 1.543320
1004.000000 1.542242
1005.000000 1.547556
1006.000000 1.556794
1007.000000 1.568123
1008.000000 1.575279
1009.000000 1.564784
1010.000000 1.544637
1011.000000 1.510291
1012.000000 1.487526
1013.000000 1.479858
1014.000000 1.460559
1015.000000 1.450329
1016.000000 1.441440
1017.000000 1.445443
1018.000000 1.445230
1019.000000 1.446780
1020.000000 1.422192
1021.000000 1.393945
1022.000000 1.374071
1023.000000 1.373072
1024.000000 1.367047
1025.000000 1.357837
1026.000000 1.340277
1027.000000 1.319685
1028.000000 1.333450
1029.000000 1.357446
1030.000000 1.370785
1031.000000 1.391560
1032.000000 1.393509
1033.000000 1.405080
1034.000000 1.416215
1035.000000 1.416226
1036.000000 1.415165
1037.000000 1.410528
1038.000000 1.414896
1039.000000 1.432341
1040.000000 1.445723
1041.000000 1.437121
1042.000000 1.424907
1043.000000 1.608351
1044.000000 1.767379
1045.000000 1.895933
1046.000000 2.009308
1047.000000 2.016715
1048.000000 1.940361
1049.000000 1.798780
1050.000000 1.641448
1051.000000 1.482252
1052.000000 1.368341
1053.000000 1.286092
1054.000000 1.245808
1055.000000 1.243560
1056.000000 1.260588
1057.000000 1.289767
1058.000000 1.315355
1059.000000 1.338768
1060.000000 1.381696
1061.000000 1.413381
1062.000000 1.436521
1063.000000 1.443916
1064.000000 1.423348
1065.000000 1.400462
1066.000000 1.371838
1067.000000 1.368364
1068.000000 1.359336
1069.000000 1.369461
1070.000000 1.375798
1071.000000 1.372174
1072.000000 1.376392
1073.000000 1.357514
1074.000000 1.349991
1075.000000 1.358695
1076.000000 1.374314
1077.000000 1.407892
1078.000000 1.435869
1079.000000 1.441635
1080.000000 1.453002
1081.000000 1.445330
1082.000000 1.446119
1083.000000 1.442928
1084.000000 1.436688
1085.000000 1.425032
1086.000000 1.409795
1087.000000 1.396656
1088.000000 1.406351
1089.000000 1.394535
1090.000000 1.401396
1091.000000 1.399456
1092.000000 1.376196
1093.000000 1.374669
1094.000000 1.364745
1095.000000 1.353164
1096.000000 1.342313
1097.000000 1.335937
1098.000000 1.333833
1099.000000 1.328846
1100.000000 1.341390
1101.000000 1.379522
1102.000000 1.416330
1103.000000 1.444062
1104.000000 1.447838
1105.000000 1.444846
1106.000000 1.417570
1107.000000 1.410535
1108.000000 1.398358
1109.000000 1.379021
1110.000000 1.355790
1111.000000 1.363214
1112.000000 1.383168
1113.000000 1.412627
1114.000000 1.423504
1115.000000 1.438127
1116.000000 1.433842
1117.000000 1.437295
1118.000000 1.430036
1119.000000 1.431491
1120.000000 1.427688
1121.000000 1.427302
1122.000000 1.447675
1123.000000 1.455384
1124.000000 1.462129
1125.000000 1.456752
1126.000000 1.450319
1127.000000 1.432154
1128.000000 1.416211
1129.000000 1.414838
1130.000000 1.393944
1131.000000 1.410018
1132.000000 1.415622
1133.000000 1.432782
1134.000000 1.448886
1135.000000 1.441221
1136.000000 1.424936
1137.000000 1.398405
1138.000000 1.372898
1139.000000 1.337407
1140.000000 1.314149
1141.000000 1.307505
1142.000000 1.315607
1143.000000 1.332411
1144.000000 1.354291
1145.000000 1.375783
1146.000000 1.379965
1147.000000 1.376956
1148.000000 1.411911
1149.000000 1.426299
1150.000000 1.445557
1151.000000 1.451489
1152.000000 1.440577
1153.000000 1.417525
1154.000000 1.391466
1155.000000 1.383987
1156.000000 1.371246
1157.000000 1.356020
1158.000000 1.339875
1159.000000 1.338414
1160.000000 1.345898
1161.000000 1.354153
1162.000000 1.359877
1163.000000 1.361072
1164.000000 1.357336
1165.000000 1.374039
1166.000000 1.379563
1167.000000 1.386013
1168.000000 1.391182
1169.000000 1.422849
1170.000000 1.438827
1171.000000 1.444427
1172.000000 1.449696
1173.000000 1.450690
1174.000000 1.447287
1175.000000 1.434696
1176.000000 1.430793
1177.000000 1.437395
1178.000000 1.422633
1179.000000 1.419145
1180.000000 1.420452
1181.000000 1.428206
1182.000000 1.430102
1183.000000 1.428357
1184.000000 1.407703
1185.000000 1.394107
1186.000000 1.389984
1187.000000 1.403022
1188.000000 1.412463
1189.000000 1.410250
1190.000000 1.401657
1191.000000 1.392856
1192.000000 1.388139
1193.000000 1.379932
1194.000000 1.373016
1195.000000 1.380690
1196.000000 1.392935
1197.000000 1.398212
1198.000000 1.408461
1199.000000 1.416942
1200.000000 1.421387
1201.000000 1.417999
1202.000000 1.404911
1203.000000 1.391451
1204.000000 1.166539
1205.000000 0.977215
1206.000000 0.818472
1207.000000 0.708849
1208.000000 0.716369
1209.000000 0.793969
1210.000000 0.950223
1211.000000 1.149021
1212.000000 1.336615
1213.000000 1.501765
1214.000000 1.594833
1215.000000 1.638688
1216.000000 1.648684
1217.000000 1.615307
1218.000000 1.559024
1219.000000 1.513448
1220.000000 1.464152
1221.000000 1.419854
1222.000000 1.402115
1223.000000 1.393007
1224.000000 1.392124
1225.000000 1.393211
1226.000000 1.379929
1227.000000 1.368584
1228.000000 1.364537
1229.000000 1.375719
1230.000000 1.393806
1231.000000 1.404384
1232.000000 1.407001
1233.000000 1.395976
1234.000000 1.391878
1235.000000 1.386183
1236.000000 1.373402
1237.000000 1.359925
1238.000000 1.349317
1239.000000 1.340639
1240.000000 1.347624
1241.000000 1.355551
1242.000000 1.368789
1243.000000 1.395351
1244.000000 1.419803
1245.000000 1.428359
1246.000000 1.449430
1247.000000 1.462760
1248.000000 1.461971
1249.000000 1.464195
1250.000000 1.459007
1251.000000 1.447182
1252.000000 1.439559
1253.000000 1.418861
1254.000000 1.398313
1255.000000 1.400658
1256.000000 1.387082
1257.000000 1.364672
1258.000000 1.344967
1259.000000 1.333665
1260.000000 1.301977
1261.000000 1.299907
1262.000000 1.307828
1263.000000 1.322718
1264.000000 1.341510
1265.000000 1.357882
1266.000000 1.375632
1267.000000 1.401735
1268.000000 1.419753
1269.000000 1.439753
1270.000000 1.442702
1271.000000 1.454631
1272.000000 1.462656
1273.000000 1.466720
1274.000000 1.468086
1275.000000 1.462499
1276.000000 1.453115
1277.000000 1.440671
1278.000000 1.410965
1279.000000 1.385576
1280.000000 1.357416
1281.000000 1.348379
1282.000000 1.347963
1283.000000 1.357580
1284.000000 1.365610
1285.000000 1.370903
1286.000000 1.375460
1287.000000 1.388909
1288.000000 1.418146
1289.000000 1.443099
1290.000000 1.447351
1291.000000 1.426587
1292.000000 1.418679
1293.000000 1.400775
1294.000000 1.366578
1295.000000 1.373681
1296.000000 1.377332
1297.000000 1.384899
1298.000000 1.412590
1299.000000 1.421913
1300.000000 1.426136
1301.000000 1.427776
1302.000000 1.425927
1303.000000 1.429784
1304.000000 1.432456
1305.000000 1.421127
1306.000000 1.412005
1307.000000 1.406465
1308.000000 1.407245
1309.000000 1.404262
1310.000000 1.386874
1311.000000 1.383848
1312.000000 1.393619
1313.000000 1.397676
1314.000000 1.402340
1315.000000 1.411763
1316.000000 1.433539
1317.000000 1.445505
1318.000000 1.444912
1319.000000 1.452667
1320.000000 1.446671
1321.000000 1.420486
1322.000000 1.393296
1323.000000 1.364016
1324.000000 1.336482
1325.000000 1.316291
1326.000000 1.304736
1327.000000 1.324457
1328.000000 1.342190
1329.000000 1.345755
1330.000000 1.351307
1331.000000 1.368261
1332.000000 1.376222
1333.000000 1.397186
1334.000000 1.399503
1335.000000 1.423930
1336.000000 1.438207
1337.000000 1.452403
1338.000000 1.455028
1339.000000 1.450915
1340.000000 1.447175
1341.000000 1.451054
1342.000000 1.449904
1343.000000 1.430216
1344.000000 1.407209
1345.000000 1.392313
1346.000000 1.383586
1347.000000 1.373605
1348.000000 1.363971
1349.000000 1.355676
1350.000000 1.360867
1351.000000 1.388598
1352.000000 1.397072
1353.000000 1.408096
1354.000000 1.407493
1355.000000 1.393130
1356.000000 1.379215
1357.000000 1.377228
1358.000000 1.386897
1359.000000 1.391122
1360.000000 1.394129
1361.000000 1.411166
1362.000000 1.433981
1363.000000 1.460405
1364.000000 1.497637
1365.000000 1.516836
1366.000000 1.533987
1367.000000 1.517505
1368.000000 1.488583
1369.000000 1.453571
1370.000000 1.429595
1371.000000 1.392969
1372.000000 1.350117
1373.000000 1.311801
1374.000000 1.303561
1375.000000 1.315396
1376.000000 1.325190
1377.000000 1.347669
1378.000000 1.362607
1379.000000 1.371381
1380.000000 1.390622
1381.000000 1.390924
1382.000000 1.390657
1383.000000 1.398491
1384.000000 1.394049
1385.000000 1.403190
1386.000000 1.406460
1387.000000 1.414770
1388.000000 1.411461
1389.000000 1.402413
1390.000000 1.409220
1391.000000 1.421347
1392.000000 1.418964
1393.000000 1.388799
1394.000000 1.368397
1395.000000 1.346153
1396.000000 1.314565
1397.000000 1.311789
1398.000000 1.323099
1399.000000 1.347937
1400.000000 1.371541
1401.000000 1.375947
1402.000000 1.382333
1403.000000 1.395455
1404.000000 1.408645
1405.000000 1.412220
1406.000000 1.408413
1407.000000 1.413082
1408.000000 1.422076
1409.000000 1.433819
1410.000000 1.439842
1411.000000 1.437756
1412.000000 1.418487
1413.000000 1.406191
1414.000000 1.399544
1415.000000 1.377583
1416.000000 1.383163
1417.000000 1.392977
1418.000000 1.418233
1419.000000 1.444790
1420.000000 1.472217
1421.000000 1.477236
1422.000000 1.484734
1423.000000 1.480530
1424.000000 1.471662
1425.000000 1.465457
1426.000000 1.429497
1427.000000 1.412344
1428.000000 1.397354
1429.000000 1.387685
1430.000000 1.377940
1431.000000 1.382740
1432.000000 1.390710
1433.000000 1.379094
1434.000000 1.381162
1435.000000 1.371301
1436.000000 1.368545
1437.000000 1.366384
1438.000000 1.361699
1439.000000 1.384865
1440.000000 1.398343
1441.000000 1.410168
1442.000000 1.431468
1443.000000 1.434896
1444.000000 1.421280
1445.000000 1.416638
1446.000000 1.395917
1447.000000 1.387012
1448.000000 1.393494
1449.000000 1.388400
1450.000000 1.383040
1451.000000 1.370583
1452.000000 1.366076
1453.000000 1.369934
1454.000000 1.364201
1455.000000 1.378702
1456.000000 1.400657
1457.000000 1.417023
1458.000000 1.431835
1459.000000 1.437247
1460.000000 1.446564
1461.000000 1.443993
1462.000000 1.421311
1463.000000 1.410966
1464.000000 1.413743
1465.000000 1.417117
1466.000000 1.416204
1467.000000 1.411801
1468.000000 1.395989
1469.000000 1.379502
1470.000000 1.363063
1471.000000 1.343806
1472.000000 1.338111
1473.000000 1.350639
1474.000000 1.373385
1475.000000 1.393398
1476.000000 1.407446
1477.000000 1.411439
1478.000000 1.417776
1479.000000 1.425142
1480.000000 1.429754
1481.000000 1.425056
1482.000000 1.415491
1483.000000 1.397241
1484.000000 1.389374
1485.000000 1.397523
1486.000000 1.400202
1487.000000 1.414132
1488.000000 1.417605
1489.000000 1.411645
1490.000000 1.414096
1491.000000 1.410191
1492.000000 1.404367
1493.000000 1.403274
1494.000000 1.397309
1495.000000 1.392954
1496.000000 1.391423
1497.000000 1.381822
1498.000000 1.382734
1499.000000 1.376411
1500.000000 1.376058
1501.000000 1.378700
1502.000000 1.381430
1503.000000 1.384016
1504.000000 1.369025
1505.000000 1.369041
1506.000000 1.355014
1507.000000 1.481179
1508.000000 1.683252
1509.000000 1.889655
1510.000000 2.079243
1511.000000 2.236729
1512.000000 2.354036
1513.000000 2.415332
1514.000000 2.423368
1515.000000 2.423901
1516.000000 2.394499
1517.000000 2.382152
1518.000000 2.384905
1519.000000 2.393119
1520.000000 2.428691
1521.000000 2.468722
1522.000000 2.509948
1523.000000 2.548531
1524.000000 2.573494
1525.000000 2.586711
1526.000000 2.582085
1527.000000 2.563954
1528.000000 2.541959
1529.000000 2.531955
1530.000000 2.495442
1531.000000 2.482947
1532.000000 2.459496
1533.000000 2.429223
1534.000000 2.421840
1535.000000 2.431900
1536.000000 2.432101
1537.000000 2.435111
1538.000000 2.455858
1539.000000 2.471621
1540.000000 2.501322
1541.000000 2.500272
1542.000000 2.491422
1543.000000 2.499424
1544.000000 2.481400
1545.000000 2.488636
1546.000000 2.504361
1547.000000 2.506420
1548.000000 2.501603
1549.000000 2.494118
1550.000000 2.466805
1551.000000 2.454461
1552.000000 2.456037
1553.000000 2.457435
1554.000000 2.480229
1555.000000 2.502692
1556.000000 2.515042
1557.000000 2.527885
1558.000000 2.530777
1559.000000 2.534117
1560.000000 2.516765
1561.000000 2.501796
1562.000000 2.473441
1563.000000 2.463069
1564.000000 2.466521
1565.000000 2.474304
1566.000000 2.481293
1567.000000 2.494164
1568.000000 2.514893
1569.000000 2.539723
1570.000000 2.547790
1571.000000 2.559093
1572.000000 2.548325
1573.000000 2.521585
1574.000000 2.489660
1575.000000 2.458347
1576.000000 2.443849
1577.000000 2.432709
1578.000000 2.438229
1579.000000 2.448755
1580.000000 2.451172
1581.000000 2.456369
1582.000000 2.449325
1583.000000 2.459966
1584.000000 2.490209
1585.000000 2.515593
1586.000000 2.524760
1587.000000 2.517633
1588.000000 2.502988
1589.000000 2.505236
1590.000000 2.523909
1591.000000 2.532695
1592.000000 2.530530
1593.000000 2.534690
1594.000000 2.518168
1595.000000 2.505857
1596.000000 2.508945
1597.000000 2.505265
1598.000000 2.515725
1599.000000 2.526503
1600.000000 2.538427
1601.000000 2.540891
1602.000000 2.526050
1603.000000 2.513491
1604.000000 2.496371
1605.000000 2.493464
1606.000000 2.487784
1607.000000 2.479155
1608.000000 2.470601
1609.000000 2.465258
1610.000000 2.482078
1611.000000 2.481942
1612.000000 2.488707
1613.000000 2.487414
1614.000000 2.483350
1615.000000 2.503952
1616.000000 2.512979
1617.000000 2.503828
1618.000000 2.510992
1619.000000 2.511033
1620.000000 2.505632
1621.000000 2.505655
1622.000000 2.516023
1623.000000 2.523897
1624.000000 2.516488
1625.000000 2.506604
1626.000000 2.502101
1627.000000 2.488785
1628.000000 2.476832
1629.000000 2.462784
1630.000000 2.452245
1631.000000 2.454693
1632.000000 2.460640
1633.000000 2.466202
1634.000000 2.480756
1635.000000 2.504384
1636.000000 2.514146
1637.000000 2.527667
1638.000000 2.539477
1639.000000 2.538750
1640.000000 2.555143
1641.000000 2.545938
1642.000000 2.535901
1643.000000 2.718502
1644.000000 2.868656
1645.000000 3.005688
1646.000000 3.111848
1647.000000 3.107583
1648.000000 3.047771
1649.000000 2.929393
1650.000000 2.754092
1651.000000 2.596471
1652.000000 2.469594
1653.000000 2.389904
1654.000000 2.345859
1655.000000 2.330479
1656.000000 2.349304
1657.000000 2.394540
1658.000000 2.452512
1659.000000 2.480794
1660.000000 2.514423
1661.000000 2.541131
1662.000000 2.551657
1663.000000 2.547319
1664.000000 2.524025
1665.000000 2.504304
1666.000000 2.475818
1667.000000 2.450552
1668.000000 2.442508
1669.000000 2.455934
1670.000000 2.467566
1671.000000 2.478786
1672.000000 2.483583
1673.000000 2.493910
1674.000000 2.491933
1675.000000 2.474253
1676.000000 2.461688
1677.000000 2.440300
1678.000000 2.430430
1679.000000 2.417808
1680.000000 2.435804
1681.000000 2.456968
1682.000000 2.483079
1683.000000 2.504811
1684.000000 2.532561
1685.000000 2.561991
1686.000000 2.576968
1687.000000 2.589713
1688.000000 2.585137
1689.000000 2.573749
1690.000000 2.550545
1691.000000 2.530013
1692.000000 2.518328
1693.000000 2.507407
1694.000000 2.496062
1695.000000 2.476592
1696.000000 2.467461
1697.000000 2.467716
1698.000000 2.466858
1699.000000 2.474477
1700.000000 2.496479
1701.000000 2.517717
1702.000000 2.523099
1703.000000 2.544871
1704.000000 2.548536
1705.000000 2.530931
1706.000000 2.505699
1707.000000 2.477730
1708.000000 2.451446
1709.000000 2.442553
1710.000000 2.446214
1711.000000 2.454711
1712.000000 2.474059
1713.000000 2.481221
1714.000000 2.495696
1715.000000 2.508821
1716.000000 2.505933
1717.000000 2.490623
1718.000000 2.482001
1719.000000 2.465781
1720.000000 2.469326
1721.000000 2.481130
1722.000000 2.494514
1723.000000 2.512084
1724.000000 2.532959
1725.000000 2.558444
1726.000000 2.570603
1727.000000 2.554415
1728.000000 2.525171
1729.000000 2.496476
1730.000000 2.463897
1731.000000 2.446995
1732.000000 2.440754
1733.000000 2.448204
1734.000000 2.462396
1735.000000 2.488266
1736.000000 2.504412
1737.000000 2.533206
1738.000000 2.560388
1739.000000 2.563354
1740.000000 2.558516
1741.000000 2.544931
1742.000000 2.541110
1743.000000 2.538359
1744.000000 2.517363
1745.000000 2.502816
1746.000000 2.513086
1747.000000 2.514854
1748.000000 2.502898
1749.000000 2.480774
1750.000000 2.464824
1751.000000 2.455452
1752.000000 2.457813
1753.000000 2.457050
1754.000000 2.473838
1755.000000 2.502542
1756.000000 2.524720
1757.000000 2.527286
1758.000000 2.532074
1759.000000 2.524283
1760.000000 2.518524
1761.000000 2.490692
1762.000000 2.464365
1763.000000 2.462192
1764.000000 2.450239
1765.000000 2.463712
1766.000000 2.494117
1767.000000 2.509128
1768.000000 2.526771
1769.000000 2.543277
1770.000000 2.534420
1771.000000 2.533970
1772.000000 2.499230
1773.000000 2.473438
1774.000000 2.463230
1775.000000 2.434902
1776.000000 2.420193
1777.000000 2.428126
1778.000000 2.434082
1779.000000 2.454847
1780.000000 2.470647
1781.000000 2.477732
1782.000000 2.489476
1783.000000 2.498876
1784.000000 2.499669
1785.000000 2.503950
1786.000000 2.498553
1787.000000 2.508071
1788.000000 2.517811
1789.000000 2.516473
1790.000000 2.510578
1791.000000 2.515063
1792.000000 2.520723
1793.000000 2.520299
1794.000000 2.516917
1795.000000 2.505058
1796.000000 2.490157
1797.000000 2.496305
1798.000000 2.505671
1799.000000 2.514011
1800.000000 2.526756
1801.000000 2.543251
1802.000000 2.554643
1803.000000 2.566812
1804.000000 2.579105
1805.000000 2.581138
1806.000000 2.560090
1807.000000 2.537793
1808.000000 2.498937
1809.000000 2.466137
1810.000000 2.442160
1811.000000 2.420846
1812.000000 2.429544
1813.000000 2.433328
1814.000000 2.447163
1815.000000 2.470824
1816.000000 2.489269
1817.000000 2.500218
1818.000000 2.506107
1819.000000 2.513452
1820.000000 2.503354
1821.000000 2.506544
1822.000000 2.506132
1823.000000 2.518012
1824.000000 2.523109
1825.000000 2.521762
1826.000000 2.521238
1827.000000 2.507455
1828.000000 2.506420
1829.000000 2.519088
1830.000000 2.509677
1831.000000 2.471189
1832.000000 2.454341
1833.000000 2.442257
1834.000000 2.434383
1835.000000 2.433430
1836.000000 2.452190
1837.000000 2.481169
1838.000000 2.503062
1839.000000 2.529240
1840.000000 2.537178
1841.000000 2.526662
1842.000000 2.501169
1843.000000 2.492723
1844.000000 2.473198
1845.000000 2.471993
1846.000000 2.489070
1847.000000 2.498880
1848.000000 2.516711
1849.000000 2.536268
1850.000000 2.542579
1851.000000 2.550456
1852.000000 2.548047
1853.000000 2.537735
1854.000000 2.527482
1855.000000 2.514033
1856.000000 2.500322
1857.000000 2.494127
1858.000000 2.476346
1859.000000 2.474805
1860.000000 2.464840
1861.000000 2.466155
1862.000000 2.480023
1863.000000 2.486342
1864.000000 2.528186
1865.000000 2.560215
1866.000000 2.558721
1867.000000 2.548821
1868.000000 2.524795
1869.000000 2.512564
1870.000000 2.503182
1871.000000 2.498404
1872.000000 2.506366
1873.000000 2.510440
1874.000000 2.515358
1875.000000 2.528328
1876.000000 2.546361
1877.000000 2.560228
1878.000000 2.571406
1879.000000 2.572411
1880.000000 2.571213
1881.000000 2.556012
1882.000000 2.534582
1883.000000 2.512804
1884.000000 2.483497
1885.000000 2.461361
1886.000000 2.447769
1887.000000 2.459396
1888.000000 2.469092
1889.000000 2.454576
1890.000000 2.444552
1891.000000 2.432090
1892.000000 2.440348
1893.000000 2.446836
1894.000000 2.463374
1895.000000 2.476127
1896.000000 2.500659
1897.000000 2.504258
1898.000000 2.515403
1899.000000 2.525114
1900.000000 2.508954
1901.000000 2.490753
1902.000000 2.486985
1903.000000 2.466396
1904.000000 2.466030
1905.000000 2.464187
1906.000000 2.461691
1907.000000 2.444689
1908.000000 2.428936
1909.000000 2.430090
1910.000000 2.442463
1911.000000 2.491060
1912.000000 2.518847
1913.000000 2.556713
1914.000000 2.582407
1915.000000 2.576793
1916.000000 2.560371
1917.000000 2.532898
1918.000000 2.512668
1919.000000 2.502286
1920.000000 2.495934
1921.000000 2.485971
1922.000000 2.489625
1923.000000 2.492466
1924.000000 2.499205
1925.000000 2.513088
1926.000000 2.528931
1927.000000 2.535822
1928.000000 2.530015
1929.000000 2.535419
1930.000000 2.537564
1931.000000 2.524088
1932.000000 2.517295
1933.000000 2.501587
1934.000000 2.479380
1935.000000 2.475288
1936.000000 2.464959
1937.000000 2.463229
1938.000000 2.463432
1939.000000 2.477720
1940.000000 2.487568
1941.000000 2.499702
1942.000000 2.505734
1943.000000 2.514575
1944.000000 2.532035
1945.000000 2.538505
1946.000000 2.544677
1947.000000 2.537015
1948.000000 2.527938
1949.000000 2.505751
1950.000000 2.482798
1951.000000 2.471482
1952.000000 2.461869
1953.000000 2.457057
1954.000000 2.451843
1955.000000 2.454528
1956.000000 2.492570
1957.000000 2.509522
1958.000000 2.513272
1959.000000 2.513373
1960.000000 2.512861
1961.000000 2.511238
1962.000000 2.508501
1963.000000 2.500048
1964.000000 2.496730
1965.000000 2.502285
1966.000000 2.505444
1967.000000 2.513973
1968.000000 2.519615
1969.000000 2.534603
1970.000000 2.536543
1971.000000 2.537002
1972.000000 2.511430
1973.000000 2.476180
1974.000000 2.446869
1975.000000 2.436134
1976.000000 2.439181
1977.000000 2.454914
1978.000000 2.464782
1979.000000 2.464257
1980.000000 2.463522
1981.000000 2.457501
1982.000000 2.440814
1983.000000 2.436064
1984.000000 2.453085
1985.000000 2.476686
1986.000000 2.499510
1987.000000 2.539592
1988.000000 2.566236
1989.000000 2.571841
1990.000000 2.567881
1991.000000 2.555734
1992.000000 2.541055
1993.000000 2.511688
1994.000000 2.484624
1995.000000 2.470589
1996.000000 2.472830
1997.000000 2.453850
1998.000000 2.460174
1999.000000 2.466955
2000.000000 2.473893
2001.000000 2.489862
2002.000000 2.496993
2003.000000 2.521530
2004.000000 2.337746
2005.000000 2.184798
2006.000000 2.050899
2007.000000 1.921755
2008.000000 1.905214
2009.000000 1.967476
2010.000000 2.074860
2011.000000 2.241384
2012.000000 2.409112
2013.000000 2.545822
2014.000000 2.655559
2015.000000 2.726562
2016.000000 2.759402
2017.000000 2.754786
2018.000000 2.715188
2019.000000 2.636231
2020.000000 2.557170
2021.000000 2.498409
2022.000000 2.448315
2023.000000 2.420582
2024.000000 2.404646
2025.000000 2.419289
2026.000000 2.454834
2027.000000 2.479132
2028.000000 2.529699
2029.000000 2.558195
2030.000000 2.582328
2031.000000 2.602186
2032.000000 2.581982
2033.000000 2.545219
2034.000000 2.517165
2035.000000 2.502869
2036.000000 2.503756
2037.000000 2.495620
2038.000000 2.509110
2039.000000 2.528917
2040.000000 2.529527
2041.000000 2.524389
2042.000000 2.503861
2043.000000 2.490190
2044.000000 2.473427
2045.000000 2.459222
2046.000000 2.434387
2047.000000 2.426896
2048.000000 2.437398
2049.000000 2.447027
2050.000000 2.461972
2051.000000 2.488310
2052.000000 2.507772
2053.000000 2.517899
2054.000000 2.505855
2055.000000 2.505735
2056.000000 2.512378
2057.000000 2.529958
2058.000000 2.527167
2059.000000 2.513148
2060.000000 2.514900
2061.000000 2.516615
2062.000000 2.517068
2063.000000 2.518820
2064.000000 2.509368
2065.000000 2.497473
2066.000000 2.483663
2067.000000 2.460807
2068.000000 2.458748
2069.000000 2.453292
2070.000000 2.434453
2071.000000 2.426836
2072.000000 2.419220
2073.000000 2.413270
2074.000000 2.407602
2075.000000 2.428510
2076.000000 2.455883
2077.000000 2.491187
2078.000000 2.527353
2079.000000 2.567904
2080.000000 2.583109
2081.000000 2.579756
2082.000000 2.533403
2083.000000 2.487305
2084.000000 2.454274
2085.000000 2.455384
2086.000000 2.458840
2087.000000 2.485853
2088.000000 2.511763
2089.000000 2.522803
2090.000000 2.512845
2091.000000 2.499377
2092.000000 2.503792
2093.000000 2.509050
2094.000000 2.499215
2095.000000 2.494781
2096.000000 2.490478
2097.000000 2.482260
2098.000000 2.489848
2099.000000 2.502032
2100.000000 2.517980
2101.000000 2.515030
2102.000000 2.512815
2103.000000 2.519795
2104.000000 2.522092
2105.000000 2.512259
2106.000000 2.501126
2107.000000 2.482114
2108.000000 2.475052
2109.000000 2.497210
2110.000000 2.520884
2111.000000 2.537262
2112.000000 2.552689
2113.000000 2.544681
2114.000000 2.547522
2115.000000 2.536818
2116.000000 2.523376
2117.000000 2.538053
2118.000000 2.519240
2119.000000 2.515698
2120.000000 2.506700
2121.000000 2.486735
2122.000000 2.481213
2123.000000 2.463879
2124.000000 2.449363
2125.000000 2.455091
2126.000000 2.454610
2127.000000 2.464456
2128.000000 2.495115
2129.000000 2.509666
2130.000000 2.501850
2131.000000 2.491907
2132.000000 2.487373
2133.000000 2.494757
2134.000000 2.498715
2135.000000 2.510462
2136.000000 2.529066
2137.000000 2.543498
2138.000000 2.564647
2139.000000 2.570047
2140.000000 2.559673
2141.000000 2.540290
2142.000000 2.513219
2143.000000 2.498599
2144.000000 2.495957
2145.000000 2.504531
2146.000000 2.512398
2147.000000 2.522150
2148.000000 2.522303
2149.000000 2.490906
2150.000000 2.476746
2151.000000 2.460400
2152.000000 2.464274
2153.000000 2.475243
2154.000000 2.478041
2155.000000 2.506250
2156.000000 2.510407
2157.000000 2.498153
2158.000000 2.483835
2159.000000 2.477323
2160.000000 2.459534
2161.000000 2.448917
2162.000000 2.454663
2163.000000 2.476580
2164.000000 2.499061
2165.000000 2.512816
2166.000000 2.512139
2167.000000 2.515120
2168.000000 2.507602
2169.000000 2.508764
2170.000000 2.518884
2171.000000 2.509509
2172.000000 2.518015
2173.000000 2.510284
2174.000000 2.489223
2175.000000 2.481493
2176.000000 2.479826
2177.000000 2.494199
2178.000000 2.510906
2179.000000 2.513604
2180.000000 2.507049
2181.000000 2.501060
2182.000000 2.507517
2183.000000 2.511722
2184.000000 2.516691
2185.000000 2.524858
2186.000000 2.530611
2187.000000 2.510270
2188.000000 2.491055
2189.000000 2.480676
2190.000000 2.451179
2191.000000 2.435566
2192.000000 2.411591
2193.000000 2.395246
2194.000000 2.425500
2195.000000 2.472549
2196.000000 2.531781
2197.000000 2.584166
2198.000000 2.609130
2199.000000 2.609310
2200.000000 2.578026
2201.000000 2.546624
2202.000000 2.501548
2203.000000 2.464297
2204.000000 2.444183
2205.000000 2.434055
2206.000000 2.428295
2207.000000 2.439842
2208.000000 2.466265
2209.000000 2.494014
2210.000000 2.501828
2211.000000 2.501567
2212.000000 2.511762
2213.000000 2.509928
2214.000000 2.516210
2215.000000 2.503194
2216.000000 2.514463
2217.000000 2.537234
2218.000000 2.536932
2219.000000 2.541300
2220.000000 2.532970
2221.000000 2.526279
2222.000000 2.514594
2223.000000 2.521565
2224.000000 2.530004
2225.000000 2.528804
2226.000000 2.539627
2227.000000 2.539634
2228.000000 2.533891
2229.000000 2.528152
2230.000000 2.513927
2231.000000 2.498539
2232.000000 2.491393
2233.000000 2.483313
2234.000000 2.466522
2235.000000 2.448128
2236.000000 2.451376
2237.000000 2.442504
2238.000000 2.437632
2239.000000 2.425792
2240.000000 2.428789
2241.000000 2.435579
2242.000000 2.425717
2243.000000 2.435568
2244.000000 2.448324
2245.000000 2.449470
2246.000000 2.454192
2247.000000 2.464406
2248.000000 2.459718
2249.000000 2.459663
2250.000000 2.491072
2251.000000 2.518609
2252.000000 2.549667
2253.000000 2.581725
2254.000000 2.602577
2255.000000 2.610523
2256.000000 2.588464
2257.000000 2.576626
2258.000000 2.564961
2259.000000 2.567337
2260.000000 2.544903
2261.000000 2.540282
2262.000000 2.540044
2263.000000 2.510962
2264.000000 2.488825
2265.000000 2.453126
2266.000000 2.432534
2267.000000 2.429546
2268.000000 2.439276
2269.000000 2.475372
2270.000000 2.505279
2271.000000 2.511692
2272.000000 2.506416
2273.000000 2.491483
2274.000000 2.492759
2275.000000 2.478576
2276.000000 2.458338
2277.000000 2.441304
2278.000000 2.446763
2279.000000 2.450682
2280.000000 2.444049
2281.000000 2.435120
2282.000000 2.438079
2283.000000 2.454012
2284.000000 2.486976
2285.000000 2.515769
2286.000000 2.541586
2287.000000 2.554862
2288.000000 2.562354
2289.000000 2.559052
2290.000000 2.539637
2291.000000 2.515338
2292.000000 2.480173
2293.000000 2.651440
2294.000000 2.797579
2295.000000 2.930905
2296.000000 3.063005
2297.000000 3.077866
2298.000000 3.046590
2299.000000 2.960023
2300.000000 2.812845
2301.000000 2.667961
2302.000000 2.524885
2303.000000 2.414163
2304.000000 2.347471
2305.000000 2.327367
2306.000000 2.336581
2307.000000 2.369854
2308.000000 2.418538
2309.000000 2.452354
2310.000000 2.469988
2311.000000 2.457921
2312.000000 2.441809
2313.000000 2.433044
2314.000000 2.458480
2315.000000 2.494749
2316.000000 2.533874
2317.000000 2.570799
2318.000000 2.581021
2319.000000 2.575199
2320.000000 2.553468
2321.000000 2.525874
2322.000000 2.502649
2323.000000 2.480371
2324.000000 2.471816
2325.000000 2.491724
2326.000000 2.517370
2327.000000 2.522903
2328.000000 2.543646
2329.000000 2.533816
2330.000000 2.523482
2331.000000 2.517878
2332.000000 2.503179
2333.000000 2.497444
2334.000000 2.479638
2335.000000 2.482171
2336.000000 2.506728
2337.000000 2.512539
2338.000000 2.527804
2339.000000 2.519222
2340.000000 2.504763
2341.000000 2.495442
2342.000000 2.478627
2343.000000 2.469486
2344.000000 2.462115
2345.000000 2.458989
2346.000000 2.461355
2347.000000 2.479239
2348.000000 2.490339
2349.000000 2.503173
2350.000000 2.524122
2351.000000 2.522511
2352.000000 2.499966
2353.000000 2.471591
2354.000000 2.449414
2355.000000 2.443890
2356.000000 2.446624
2357.000000 2.459995
2358.000000 2.476595
2359.000000 2.498846
2360.000000 2.528012
2361.000000 2.543734
2362.000000 2.560440
2363.000000 2.569924
2364.000000 2.556110
2365.000000 2.545866
2366.000000 2.527773
2367.000000 2.513081
2368.000000 2.509111
2369.000000 2.504536
2370.000000 2.504983
2371.000000 2.512969
2372.000000 2.522986
2373.000000 2.512987
2374.000000 2.498123
2375.000000 2.480812
2376.000000 2.472874
2377.000000 2.473141
2378.000000 2.493313
2379.000000 2.505794
2380.000000 2.526857
2381.000000 2.528142
2382.000000 2.522031
2383.000000 2.516525
2384.000000 2.505986
2385.000000 2.494828
2386.000000 2.494745
2387.000000 2.499536
2388.000000 2.493427
2389.000000 2.513224
2390.000000 2.514929
2391.000000 2.502910
2392.000000 2.491115
2393.000000 2.472358
2394.000000 2.458173
2395.000000 2.442296
2396.000000 2.439990
2397.000000 2.458916
2398.000000 2.481737
2399.000000 2.492582
2400.000000 2.498917
2401.000000 2.510239
2402.000000 2.501416
2403.000000 2.494059
2404.000000 2.504846
2405.000000 2.505743
2406.000000 2.496395
2407.000000 2.477235
2408.000000 2.468823
2409.000000 2.475458
2410.000000 2.496828
2411.000000 2.512274
2412.000000 2.519621
2413.000000 2.517793
2414.000000 2.517835
2415.000000 2.517944
2416.000000 2.520102
2417.000000 2.518717
2418.000000 2.520931
2419.000000 2.513910
2420.000000 2.508365
2421.000000 2.511014
2422.000000 2.507396
2423.000000 2.498261
2424.000000 2.485619
2425.000000 2.463572
2426.000000 2.443954
2427.000000 2.441023
2428.000000 2.444971
2429.000000 2.452917
2430.000000 2.481467
2431.000000 2.496853
2432.000000 2.518254
2433.000000 2.517638
2434.000000 2.498863
2435.000000 2.492947
2436.000000 2.499946
2437.000000 2.512664
2438.000000 2.527480
2439.000000 2.531743
2440.000000 2.531772
2441.000000 2.522740
2442.000000 2.497748
2443.000000 2.482658
2444.000000 2.475667
2445.000000 2.480610
2446.000000 2.496653
2447.000000 2.507467
2448.000000 2.512355
2449.000000 2.520243
2450.000000 2.524470
2451.000000 2.527676
2452.000000 2.526795
2453.000000 2.529774
2454.000000 2.531199
2455.000000 2.516859
2456.000000 2.533149
2457.000000 2.541890
2458.000000 2.556684
2459.000000 2.555395
2460.000000 2.533267
2461.000000 2.501567
2462.000000 2.469760
2463.000000 2.439505
2464.000000 2.423292
2465.000000 2.410261
2466.000000 2.441396
2467.000000 2.490878
2468.000000 2.533597
2469.000000 2.559423
2470.000000 2.558504
2471.000000 2.534443
2472.000000 2.525901
2473.000000 2.497205
2474.000000 2.456998
2475.000000 2.436942
2476.000000 2.443536
2477.000000 2.426989
2478.000000 2.438699
2479.000000 2.453202
2480.000000 2.474329
2481.000000 2.496650
2482.000000 2.493873
2483.000000 2.505266
2484.000000 2.501169
2485.000000 2.481922
2486.000000 2.467685
2487.000000 2.455516
2488.000000 2.445091
2489.000000 2.453888
2490.000000 2.473769
2491.000000 2.502611
2492.000000 2.518935
2493.000000 2.525105
2494.000000 2.522497
2495.000000 2.534852
2496.000000 2.546908
2497.000000 2.559034
2498.000000 2.580616
2499.000000 2.588987
2500.000000 2.588224
