1.000000 0.000000
2.000000 0.000000
3.000000 0.000000
4.000000 0.000000
5.000000 0.000000
6.000000 0.000000
7.000000 0.000000
8.000000 0.000000
9.000000 0.000000
10.000000 0.000000
11.000000 0.000000
12.000000 0.000000
13.000000 0.000000
14.000000 0.000000
15.000000 0.000000
16.000000 0.000000
17.000000 0.000000
18.000000 0.000000
19.000000 0.000000
20.000000 0.000000
21.000000 1.797740
22.000000 2.743042
23.000000 3.168049
24.000000 3.094550
25.000000 2.896010
26.000000 2.377142
27.000000 1.619370
28.000000 0.971242
29.000000 0.599233
30.000000 0.381576
31.000000 0.364057
32.000000 0.343469
33.000000 0.567010
34.000000 0.796481
35.000000 0.924898
36.000000 1.025765
37.000000 1.445409
38.000000 1.483647
39.000000 1.240874
40.000000 0.936972
41.000000 0.816236
42.000000 0.610106
43.000000 0.653077
44.000000 0.813155
45.000000 0.698408
46.000000 0.613880
47.000000 0.713731
48.000000 0.717844
49.000000 0.766158
50.000000 0.728811
51.000000 0.715599
52.000000 0.863702
53.000000 0.541705
54.000000 0.680461
55.000000 0.814836
56.000000 0.923736
57.000000 0.873432
58.000000 0.892429
59.000000 0.903920
60.000000 0.691843
61.000000 0.778379
62.000000 0.882516
63.000000 0.910397
64.000000 1.024098
65.000000 1.107186
66.000000 0.875211
67.000000 0.654473
68.000000 0.586250
69.000000 0.375457
70.000000 0.650557
71.000000 0.840678
72.000000 0.761166
73.000000 0.668440
74.000000 0.761721
75.000000 0.809134
76.000000 0.726429
77.000000 0.769643
78.000000 0.895267
79.000000 0.989427
80.000000 0.932730
81.000000 0.976701
82.000000 1.070831
83.000000 0.920926
84.000000 0.778754
85.000000 0.660453
86.000000 0.501194
87.000000 0.595479
88.000000 0.594673
89.000000 0.803372
90.000000 0.596642
91.000000 0.701438
92.000000 0.894449
93.000000 0.968673
94.000000 0.931636
95.000000 1.033300
96.000000 1.001948
97.000000 0.982003
98.000000 0.895036
99.000000 0.696711
100.000000 0.690462
101.000000 0.619898
102.000000 0.762387
103.000000 0.627393
104.000000 0.661372
105.000000 0.629980
106.000000 0.759995
107.000000 0.741463
108.000000 0.814115
109.000000 0.769289
110.000000 0.798693
111.000000 0.816090
112.000000 0.721021
113.000000 0.853188
114.000000 0.857992
115.000000 0.973969
116.000000 0.966878
117.000000 1.263433
118.000000 1.202530
119.000000 0.982919
120.000000 0.974865
121.000000 0.803791
122.000000 0.747691
123.000000 0.567440
124.000000 0.483662
125.000000 0.472580
126.000000 0.524512
127.000000 0.715913
128.000000 0.766712
129.000000 0.996961
130.000000 1.029422
131.000000 0.899889
132.000000 1.007803
133.000000 0.857889
134.000000 0.540659
135.000000 0.436616
136.000000 0.479443
137.000000 0.587563
138.000000 0.801629
139.000000 0.874583
140.000000 0.923523
141.000000 0.993008
142.000000 0.974684
143.000000 0.982146
144.000000 0.819864
145.000000 0.659678
146.000000 0.860215
147.000000 0.744917
148.000000 0.661899
149.000000 0.853439
150.000000 0.799433
151.000000 0.848385
152.000000 0.815154
153.000000 0.625723
154.000000 0.585777
155.000000 0.431437
156.000000 0.495853
157.000000 0.708171
158.000000 0.638314
159.000000 0.924934
160.000000 1.108409
161.000000 0.180847
162.000000 -0.616614
163.000000 -1.081941
164.000000 -1.395154
165.000000 -1.586464
166.000000 -1.164776
167.000000 -0.851761
168.000000 -0.391649
169.000000 0.105905
170.000000 0.438325
171.000000 0.564715
172.000000 0.465442
173.000000 0.471460
174.000000 0.443186
175.000000 0.165401
176.000000 0.098170
177.000000 -0.091043
178.000000 -0.080675
179.000000 -0.002395
180.000000 0.112917
181.000000 0.287738
182.000000 0.391319
183.000000 0.622586
184.000000 0.599900
185.000000 0.717261
186.000000 0.447793
187.000000 0.299267
188.000000 0.470006
189.000000 0.258830
190.000000 -0.058459
191.000000 -0.309511
192.000000 -0.210492
193.000000 -0.204323
194.000000 -0.031189
195.000000 0.059800
196.000000 0.330468
197.000000 0.461403
198.000000 0.549839
199.000000 0.471463
200.000000 0.425744
201.000000 0.429047
202.000000 0.424861
203.000000 0.496559
204.000000 0.328788
205.000000 0.110949
206.000000 -0.145361
207.000000 -0.129147
208.000000 0.060758
209.000000 0.137153
210.000000 0.212778
211.000000 0.448947
212.000000 0.452202
213.000000 0.500459
214.000000 0.472734
215.000000 0.353955
216.000000 0.300940
217.000000 0.287145
218.000000 0.311822
219.000000 0.271448
220.000000 0.276825
221.000000 0.123528
222.000000 0.130955
223.000000 0.032329
224.000000 -0.021486
225.000000 0.102139
226.000000 0.363193
227.000000 0.265511
228.000000 0.276315
229.000000 0.281101
230.000000 0.050245
231.000000 0.273847
232.000000 0.087991
233.000000 0.276029
234.000000 0.465152
235.000000 0.511318
236.000000 0.392120
237.000000 0.408283
238.000000 0.230543
239.000000 0.144826
240.000000 0.198747
241.000000 0.061806
242.000000 0.003942
243.000000 -0.048015
244.000000 0.270947
245.000000 0.394100
246.000000 0.382077
247.000000 0.536418
248.000000 0.309712
249.000000 0.285979
250.000000 0.279895
251.000000 0.175873
252.000000 0.235002
253.000000 0.117960
254.000000 0.214472
255.000000 0.246471
256.000000 0.166503
257.000000 0.267784
258.000000 0.346803
259.000000 0.337166
260.000000 0.341559
261.000000 0.297442
262.000000 0.205013
263.000000 0.239643
264.000000 0.098731
265.000000 0.029515
266.000000 0.126539
267.000000 0.117955
268.000000 0.206971
269.000000 0.204806
270.000000 0.301469
271.000000 0.293168
272.000000 0.280950
273.000000 0.254702
274.000000 0.337703
275.000000 0.473388
276.000000 0.365448
277.000000 0.290695
278.000000 0.419235
279.000000 0.208395
280.000000 0.044091
281.000000 0.125837
282.000000 0.211005
283.000000 0.263745
284.000000 0.351346
285.000000 0.362287
286.000000 0.283146
287.000000 0.240844
288.000000 0.055219
289.000000 0.147717
290.000000 0.279120
291.000000 0.260080
292.000000 0.152349
293.000000 0.070153
294.000000 0.283041
295.000000 0.360956
296.000000 0.199518
297.000000 0.153863
298.000000 0.366679
299.000000 0.501257
300.000000 0.294100
301.000000 0.307822
302.000000 0.395899
303.000000 0.263755
304.000000 0.085299
305.000000 -0.070390
306.000000 0.221201
307.000000 0.056107
308.000000 0.128313
309.000000 0.320752
310.000000 0.282561
311.000000 0.287735
312.000000 0.339545
313.000000 0.223185
314.000000 0.239478
315.000000 0.135331
316.000000 0.072044
317.000000 0.165883
318.000000 0.058566
319.000000 0.168341
320.000000 0.368342
321.000000 0.375123
322.000000 0.492815
323.000000 0.467125
324.000000 0.461804
325.000000 0.378929
326.000000 0.150755
327.000000 0.011739
328.000000 -0.027452
329.000000 0.041656
330.000000 0.254170
331.000000 0.344798
332.000000 0.435007
333.000000 0.421009
334.000000 0.426830
335.000000 0.346640
336.000000 0.163217
337.000000 -0.008004
338.000000 0.014544
339.000000 0.222933
340.000000 0.380226
341.000000 0.420658
342.000000 0.366367
343.000000 0.307557
344.000000 0.245966
345.000000 0.336785
346.000000 0.390347
347.000000 0.175998
348.000000 0.180814
349.000000 0.179497
350.000000 0.292067
351.000000 0.178698
352.000000 0.175917
353.000000 0.223596
354.000000 0.073695
355.000000 0.206731
356.000000 0.345558
357.000000 0.319350
358.000000 0.009416
359.000000 0.110419
360.000000 0.272418
361.000000 0.343622
362.000000 0.334685
363.000000 0.257793
364.000000 0.422759
365.000000 0.296049
366.000000 0.295657
367.000000 0.188715
368.000000 0.152909
369.000000 0.157380
370.000000 0.021314
371.000000 0.130315
372.000000 0.369662
373.000000 0.191437
374.000000 0.254584
375.000000 0.274277
376.000000 0.240318
377.000000 0.296939
378.000000 0.483850
379.000000 0.406210
380.000000 0.459206
381.000000 0.260068
382.000000 0.300561
383.000000 0.089121
384.000000 0.101578
385.000000 0.321034
386.000000 0.241715
387.000000 0.107626
388.000000 0.102940
389.000000 0.240015
390.000000 0.184454
391.000000 0.498168
392.000000 0.173592
393.000000 0.105766
394.000000 -0.026480
395.000000 0.202911
396.000000 0.218376
397.000000 0.174352
398.000000 0.407635
399.000000 0.466562
400.000000 0.662802
401.000000 0.447918
402.000000 0.489789
403.000000 0.202555
404.000000 0.068230
405.000000 0.154205
406.000000 0.006220
407.000000 0.074164
408.000000 0.084278
409.000000 0.058262
410.000000 0.082631
411.000000 0.150705
412.000000 0.246860
413.000000 0.191547
414.000000 0.116939
415.000000 0.226093
416.000000 0.102535
417.000000 0.409279
418.000000 0.622885
419.000000 0.426308
420.000000 0.478744
421.000000 0.552379
422.000000 0.442994
423.000000 0.377171
424.000000 0.295322
425.000000 0.156218
426.000000 0.098163
427.000000 0.181216
428.000000 0.217864
429.000000 0.134821
430.000000 -0.034128
431.000000 -0.039083
432.000000 0.147382
433.000000 0.219171
434.000000 0.254679
435.000000 0.461636
436.000000 0.476432
437.000000 0.478273
438.000000 0.364850
439.000000 0.249924
440.000000 0.129239
441.000000 0.171896
442.000000 0.171287
443.000000 0.226002
444.000000 0.200398
445.000000 0.181331
446.000000 0.256538
447.000000 0.029227
448.000000 0.300863
449.000000 0.461880
450.000000 0.542152
451.000000 0.449821
452.000000 0.404332
453.000000 0.405483
454.000000 0.186680
455.000000 0.183846
456.000000 0.162117
457.000000 0.072911
458.000000 0.047245
459.000000 0.123270
460.000000 0.270202
461.000000 0.368012
462.000000 0.156567
463.000000 0.240550
464.000000 0.200182
465.000000 0.233222
466.000000 0.125061
467.000000 0.109121
468.000000 0.034409
469.000000 -0.001934
470.000000 0.030338
471.000000 0.089483
472.000000 0.416359
473.000000 0.512449
474.000000 0.576233
475.000000 0.452060
476.000000 0.414172
477.000000 0.426811
478.000000 0.210201
479.000000 0.275389
480.000000 0.242115
481.000000 0.312674
482.000000 0.171632
483.000000 0.178716
484.000000 0.239863
485.000000 0.215773
486.000000 0.257685
487.000000 0.228004
488.000000 0.220161
489.000000 0.004431
490.000000 -0.059833
491.000000 0.072331
492.000000 0.162609
493.000000 0.306815
494.000000 0.376922
495.000000 0.299195
496.000000 0.439612
497.000000 0.390200
498.000000 0.381116
499.000000 0.385857
500.000000 0.186931
501.000000 0.075233
502.000000 0.035732
503.000000 0.164509
504.000000 0.125236
505.000000 0.212170
506.000000 0.313965
507.000000 0.392348
508.000000 0.547341
509.000000 0.510162
510.000000 0.461564
511.000000 0.182839
512.000000 0.400844
513.000000 0.375930
514.000000 0.131497
515.000000 0.306187
516.000000 -0.016063
517.000000 -0.018258
518.000000 -0.075197
519.000000 -0.021619
520.000000 -0.079682
521.000000 0.135115
522.000000 0.319403
523.000000 0.365628
524.000000 0.366255
525.000000 0.272599
526.000000 0.230209
527.000000 0.389890
528.000000 0.315853
529.000000 0.343085
530.000000 0.380019
531.000000 0.249625
532.000000 0.275181
533.000000 0.217932
534.000000 0.141859
535.000000 0.168941
536.000000 0.365270
537.000000 0.269165
538.000000 0.353344
539.000000 0.375198
540.000000 0.265044
541.000000 0.376635
542.000000 0.386201
543.000000 0.246421
544.000000 0.181468
545.000000 0.253849
546.000000 0.073959
547.000000 0.060644
548.000000 0.022784
549.000000 0.067616
550.000000 0.132255
551.000000 0.217743
552.000000 0.400143
553.000000 0.332780
554.000000 0.168387
555.000000 0.267467
556.000000 0.205900
557.000000 0.382981
558.000000 0.382582
559.000000 0.292624
560.000000 0.332799
561.000000 0.301598
562.000000 0.371310
563.000000 0.448017
564.000000 0.265137
565.000000 0.290845
566.000000 0.410085
567.000000 0.288417
568.000000 0.174779
569.000000 -0.059660
570.000000 -0.053378
571.000000 0.120126
572.000000 0.181740
573.000000 0.468693
574.000000 0.422107
575.000000 0.262368
576.000000 0.128691
577.000000 0.190497
578.000000 0.208407
579.000000 0.067532
580.000000 0.059924
581.000000 0.119360
582.000000 0.103861
583.000000 0.180812
584.000000 0.259302
585.000000 0.203942
586.000000 0.491198
587.000000 0.694968
588.000000 0.501559
589.000000 0.416056
590.000000 0.344148
591.000000 0.196780
592.000000 0.284445
593.000000 0.103105
594.000000 0.130852
595.000000 0.015142
596.000000 0.010289
597.000000 0.078096
598.000000 0.250713
599.000000 0.362603
600.000000 0.546639
601.000000 0.601096
602.000000 0.397408
603.000000 0.419632
604.000000 0.165538
605.000000 -0.067360
606.000000 -0.131825
607.000000 0.082855
608.000000 -0.031305
609.000000 0.187263
610.000000 0.461961
611.000000 0.526675
612.000000 0.469437
613.000000 0.344885
614.000000 0.217897
615.000000 0.194851
616.000000 0.109561
617.000000 0.138326
618.000000 0.126891
619.000000 0.193621
620.000000 0.301364
621.000000 0.315587
622.000000 0.285528
623.000000 0.113754
624.000000 0.145598
625.000000 0.324405
626.000000 0.290459
627.000000 0.276810
628.000000 0.236212
629.000000 0.334549
630.000000 0.401667
631.000000 0.255620
632.000000 0.372051
633.000000 0.321609
634.000000 0.226013
635.000000 0.111380
636.000000 0.076778
637.000000 0.253227
638.000000 0.354110
639.000000 0.258856
640.000000 0.335504
641.000000 0.254770
642.000000 0.139010
643.000000 0.085929
644.000000 -0.021878
645.000000 0.224757
646.000000 0.091049
647.000000 0.305781
648.000000 0.378642
649.000000 0.358168
650.000000 0.236278
651.000000 0.213830
652.000000 0.268928
653.000000 0.433329
654.000000 0.434341
655.000000 0.245534
656.000000 0.239110
657.000000 0.374721
658.000000 0.225306
659.000000 0.137591
660.000000 0.110034
661.000000 0.361509
662.000000 0.308727
663.000000 0.229505
664.000000 0.354804
665.000000 0.350550
666.000000 0.357067
667.000000 0.456620
668.000000 0.301797
669.000000 0.062627
670.000000 0.079119
671.000000 0.068737
672.000000 -0.021652
673.000000 -0.117728
674.000000 -0.091596
675.000000 0.241272
676.000000 0.530785
677.000000 0.435845
678.000000 0.458028
679.000000 0.533335
680.000000 0.289016
681.000000 0.186605
682.000000 0.290061
683.000000 0.085856
684.000000 0.026345
685.000000 0.132273
686.000000 -0.026830
687.000000 0.287668
688.000000 0.351024
689.000000 0.357620
690.000000 0.383749
691.000000 0.536797
692.000000 0.646670
693.000000 0.567886
694.000000 0.357917
695.000000 0.180485
696.000000 -0.036893
697.000000 -0.257471
698.000000 -0.046323
699.000000 0.015968
700.000000 0.000304
701.000000 0.218880
702.000000 0.395457
703.000000 0.521684
704.000000 0.419376
705.000000 0.263441
706.000000 0.435641
707.000000 0.296251
708.000000 0.191869
709.000000 0.120408
710.000000 0.193976
711.000000 -0.061832
712.000000 0.049300
713.000000 0.152484
714.000000 0.362135
715.000000 0.422295
716.000000 0.313836
717.000000 0.338749
718.000000 0.440681
719.000000 0.361695
720.000000 0.167703
721.000000 0.398533
722.000000 0.332242
723.000000 0.243727
724.000000 0.290708
725.000000 0.122564
726.000000 0.151503
727.000000 -0.009197
728.000000 0.061048
729.000000 0.035933
730.000000 0.245060
731.000000 0.325317
732.000000 0.320036
733.000000 0.513771
734.000000 0.571568
735.000000 0.621763
736.000000 0.031616
737.000000 0.055647
738.000000 0.108178
739.000000 -0.009452
740.000000 0.110595
741.000000 0.157760
742.000000 0.390082
743.000000 0.430157
744.000000 0.495358
745.000000 0.417781
746.000000 0.369877
747.000000 0.352660
748.000000 0.260542
749.000000 0.066987
750.000000 -0.010052
751.000000 0.077470
752.000000 0.057705
753.000000 0.176208
754.000000 0.264708
755.000000 0.360454
756.000000 0.393517
757.000000 0.505494
758.000000 0.485805
759.000000 0.442516
760.000000 0.420109
761.000000 0.146265
762.000000 0.058788
763.000000 0.196874
764.000000 0.168058
765.000000 0.202115
766.000000 0.036153
767.000000 0.009844
768.000000 -0.060235
769.000000 0.138010
770.000000 0.217981
771.000000 0.387897
772.000000 0.299981
773.000000 0.365511
774.000000 0.290621
775.000000 0.188200
776.000000 0.269627
777.000000 0.163509
778.000000 0.223571
779.000000 0.279402
780.000000 0.404287
781.000000 0.548683
782.000000 0.335083
783.000000 0.362971
784.000000 0.535987
785.000000 0.351072
786.000000 0.281090
787.000000 0.191376
788.000000 0.101689
789.000000 0.051991
790.000000 0.197499
791.000000 -0.101414
792.000000 0.161068
793.000000 0.165287
794.000000 0.146687
795.000000 0.397897
796.000000 0.429255
797.000000 0.399450
798.000000 0.327418
799.000000 0.021376
800.000000 -0.033595
801.000000 -0.191062
802.000000 1.120924
803.000000 1.813780
804.000000 2.473533
805.000000 2.864898
806.000000 2.857108
807.000000 2.553307
808.000000 2.018825
809.000000 1.424639
810.000000 0.864749
811.000000 0.426894
812.000000 0.327921
813.000000 0.205456
814.000000 0.483244
815.000000 0.691362
816.000000 0.794949
817.000000 0.815244
818.000000 0.994881
819.000000 1.113911
820.000000 0.935984
821.000000 0.865886
822.000000 0.809954
823.000000 0.710271
824.000000 0.574665
825.000000 0.693413
826.000000 0.782278
827.000000 0.898938
828.000000 0.942924
829.000000 1.014484
830.000000 1.054627
831.000000 1.013044
832.000000 0.977547
833.000000 0.641243
834.000000 0.543281
835.000000 0.600369
836.000000 0.687318
837.000000 0.740857
838.000000 0.665248
839.000000 0.877341
840.000000 0.939183
841.000000 0.768696
842.000000 0.745525
843.000000 0.939491
844.000000 0.999192
845.000000 0.916933
846.000000 0.891855
847.000000 0.928764
848.000000 0.783703
849.000000 0.681395
850.000000 0.596253
851.000000 0.492154
852.000000 0.665332
853.000000 0.776494
854.000000 0.680206
855.000000 0.758018
856.000000 0.866426
857.000000 0.961988
858.000000 0.840199
859.000000 0.838568
860.000000 0.799762
861.000000 0.847101
862.000000 0.618773
863.000000 0.547627
864.000000 0.634463
865.000000 0.663274
866.000000 0.703488
867.000000 0.694693
868.000000 0.988749
869.000000 1.166065
870.000000 1.154590
871.000000 1.057485
872.000000 0.921540
873.000000 0.888921
874.000000 0.892422
875.000000 0.653595
876.000000 0.646844
877.000000 0.611544
878.000000 0.563957
879.000000 0.479703
880.000000 0.794352
881.000000 0.833855
882.000000 0.862009
883.000000 0.935843
884.000000 0.892848
885.000000 0.739394
886.000000 0.893989
887.000000 1.022955
888.000000 0.848871
889.000000 1.012033
890.000000 0.886844
891.000000 0.835154
892.000000 0.510485
893.000000 0.463733
894.000000 0.529923
895.000000 0.519753
896.000000 0.776687
897.000000 0.882366
898.000000 1.006929
899.000000 0.935822
900.000000 0.983326
901.000000 0.938396
902.000000 0.979768
903.000000 0.723173
904.000000 0.562469
905.000000 0.765522
906.000000 0.739469
907.000000 0.788547
908.000000 0.770084
909.000000 0.736610
910.000000 0.894054
911.000000 0.851581
912.000000 0.878826
913.000000 0.736883
914.000000 0.754779
915.000000 0.775398
916.000000 0.944597
917.000000 0.788255
918.000000 0.761169
919.000000 0.818915
920.000000 0.703358
921.000000 0.614545
922.000000 0.491200
923.000000 0.504247
924.000000 0.719162
925.000000 0.724433
926.000000 0.887243
927.000000 1.163852
928.000000 1.163648
929.000000 1.231700
930.000000 0.850736
931.000000 0.492760
932.000000 0.477660
933.000000 0.648566
934.000000 0.646098
935.000000 0.870979
936.000000 0.838760
937.000000 0.842129
938.000000 1.000718
939.000000 1.049137
940.000000 1.042591
941.000000 0.914225
942.000000 0.686006
943.000000 0.441789
944.000000 0.542508
945.000000 0.693533
946.000000 0.797111
947.000000 0.823048
948.000000 0.890042
949.000000 1.147228
950.000000 1.003473
951.000000 0.887630
952.000000 0.671637
953.000000 0.638238
954.000000 0.336063
955.000000 0.401877
956.000000 0.581040
957.000000 0.718234
958.000000 0.867175
959.000000 0.908448
960.000000 1.108599
961.000000 1.108369
962.000000 1.037867
963.000000 0.692950
964.000000 0.890310
965.000000 0.813077
966.000000 0.739734
967.000000 0.931389
968.000000 0.846196
969.000000 0.968689
970.000000 0.927628
971.000000 0.717343
972.000000 0.756125
973.000000 0.672055
974.000000 0.513875
975.000000 0.599023
976.000000 0.594588
977.000000 0.656188
978.000000 0.784298
979.000000 0.803482
980.000000 0.849339
981.000000 0.943772
982.000000 0.957918
983.000000 1.082690
984.000000 0.940056
985.000000 1.124839
986.000000 0.908459
987.000000 0.846316
988.000000 0.739817
989.000000 0.625703
990.000000 0.488147
991.000000 0.495966
992.000000 0.531668
993.000000 0.646847
994.000000 0.809286
995.000000 0.854064
996.000000 0.738563
997.000000 0.657618
998.000000 0.757004
999.000000 0.822007
1000.000000 0.864902
1001.000000 0.890958
1002.000000 0.853847
1003.000000 0.676462
1004.000000 0.572250
1005.000000 0.416622
1006.000000 0.518207
1007.000000 0.661619
1008.000000 0.538564
1009.000000 0.621925
1010.000000 0.630582
1011.000000 0.758341
1012.000000 0.717136
1013.000000 0.735117
1014.000000 0.467935
1015.000000 0.418150
1016.000000 0.489899
1017.000000 0.673509
1018.000000 0.621497
1019.000000 0.585859
1020.000000 0.495669
1021.000000 0.455842
1022.000000 0.797803
1023.000000 0.909586
1024.000000 0.812342
1025.000000 0.895242
1026.000000 0.712620
1027.000000 0.812224
1028.000000 0.813530
1029.000000 0.705047
1030.000000 0.694047
1031.000000 0.656839
1032.000000 0.746844
1033.000000 0.883080
1034.000000 0.850143
1035.000000 0.631429
1036.000000 0.590099
1037.000000 0.545614
1038.000000 0.657763
1039.000000 0.646437
1040.000000 0.736478
1041.000000 -0.144799
1042.000000 -0.878282
1043.000000 -1.485632
1044.000000 -1.636367
1045.000000 -1.667308
1046.000000 -1.227863
1047.000000 -0.915321
1048.000000 -0.489413
1049.000000 -0.089459
1050.000000 0.131717
1051.000000 0.284997
1052.000000 0.279313
1053.000000 0.283320
1054.000000 0.506155
1055.000000 0.421398
1056.000000 0.357019
1057.000000 0.213207
1058.000000 -0.064832
1059.000000 -0.094824
1060.000000 -0.161772
1061.000000 0.084486
1062.000000 0.028057
1063.000000 0.221747
1064.000000 0.189469
1065.000000 0.091746
1066.000000 0.171329
1067.000000 -0.062514
1068.000000 0.045140
1069.000000 0.208293
1070.000000 0.283998
1071.000000 0.476295
1072.000000 0.435945
1073.000000 0.222446
1074.000000 0.282935
1075.000000 0.093570
1076.000000 0.176591
1077.000000 0.136281
1078.000000 0.103516
1079.000000 0.044934
1080.000000 0.002452
1081.000000 0.016406
1082.000000 0.243974
1083.000000 0.028334
1084.000000 0.213942
1085.000000 0.127164
1086.000000 -0.092349
1087.000000 0.118849
1088.000000 0.032028
1089.000000 0.010102
1090.000000 0.011819
1091.000000 0.052295
1092.000000 0.092928
1093.000000 0.062338
1094.000000 0.239596
1095.000000 0.508203
1096.000000 0.513687
1097.000000 0.439025
1098.000000 0.207258
1099.000000 0.139746
1100.000000 -0.110746
1101.000000 0.083126
1102.000000 0.026898
1103.000000 -0.052593
1104.000000 -0.102184
1105.000000 0.200508
1106.000000 0.332688
1107.000000 0.440122
1108.000000 0.264329
1109.000000 0.308158
1110.000000 0.121609
1111.000000 0.198789
1112.000000 0.090669
1113.000000 0.176384
1114.000000 0.123199
1115.000000 0.156322
1116.000000 0.368944
1117.000000 0.249303
1118.000000 0.243248
1119.000000 0.122335
1120.000000 0.108822
1121.000000 -0.014685
1122.000000 -0.000977
1123.000000 0.140429
1124.000000 -0.060381
1125.000000 0.308192
1126.000000 0.208887
1127.000000 0.330175
1128.000000 0.327926
1129.000000 0.092280
1130.000000 0.000075
1131.000000 -0.113114
1132.000000 -0.115874
1133.000000 -0.230959
1134.000000 -0.123257
1135.000000 0.035480
1136.000000 0.183360
1137.000000 0.276657
1138.000000 0.337105
1139.000000 0.344068
1140.000000 0.177342
1141.000000 0.105705
1142.000000 0.493406
1143.000000 0.300009
1144.000000 0.357108
1145.000000 0.230099
1146.000000 0.060347
1147.000000 -0.069588
1148.000000 -0.111938
1149.000000 0.065518
1150.000000 0.007850
1151.000000 -0.023987
1152.000000 -0.041008
1153.000000 0.101488
1154.000000 0.192480
1155.000000 0.204131
1156.000000 0.182322
1157.000000 0.138755
1158.000000 0.088802
1159.000000 0.296477
1160.000000 0.190219
1161.000000 0.202464
1162.000000 0.192559
1163.000000 0.466783
1164.000000 0.321762
1165.000000 0.223325
1166.000000 0.222713
1167.000000 0.181493
1168.000000 0.136903
1169.000000 0.040988
1170.000000 0.123763
1171.000000 0.229510
1172.000000 0.013776
1173.000000 0.121976
1174.000000 0.169394
1175.000000 0.236148
1176.000000 0.179975
1177.000000 0.143580
1178.000000 -0.051137
1179.000000 0.010895
1180.000000 0.101223
1181.000000 0.275114
1182.000000 0.244754
1183.000000 0.130002
1184.000000 0.063489
1185.000000 0.057065
1186.000000 0.094536
1187.000000 0.056410
1188.000000 0.065551
1189.000000 0.211675
1190.000000 0.262395
1191.000000 0.197070
1192.000000 0.250681
1193.000000 0.237674
1194.000000 0.200522
1195.000000 0.122437
1196.000000 0.021291
1197.000000 0.010939
1198.000000 -0.119356
1199.000000 -0.137660
1200.000000 -0.140374
1201.000000 0.102501
1202.000000 1.100236
1203.000000 1.700951
1204.000000 2.446601
1205.000000 2.879353
1206.000000 2.797054
1207.000000 2.605932
1208.000000 1.904589
1209.000000 1.409751
1210.000000 1.054369
1211.000000 0.589998
1212.000000 0.318258
1213.000000 0.383352
1214.000000 0.308908
1215.000000 0.324453
1216.000000 0.565570
1217.000000 0.637803
1218.000000 0.711540
1219.000000 0.726346
1220.000000 0.575522
1221.000000 0.585438
1222.000000 0.651885
1223.000000 0.803777
1224.000000 0.878340
1225.000000 0.808902
1226.000000 0.731349
1227.000000 0.591797
1228.000000 0.656482
1229.000000 0.637383
1230.000000 0.561344
1231.000000 0.547386
1232.000000 0.569698
1233.000000 0.583892
1234.000000 0.739907
1235.000000 0.752863
1236.000000 0.811105
1237.000000 0.954195
1238.000000 0.945727
1239.000000 0.794870
1240.000000 0.927352
1241.000000 0.858447
1242.000000 0.720284
1243.000000 0.750722
1244.000000 0.675785
1245.000000 0.605118
1246.000000 0.642246
1247.000000 0.504371
1248.000000 0.495555
1249.000000 0.719986
1250.000000 0.557930
1251.000000 0.460584
1252.000000 0.477132
1253.000000 0.553438
1254.000000 0.338816
1255.000000 0.626643
1256.000000 0.728059
1257.000000 0.803497
1258.000000 0.850942
1259.000000 0.835532
1260.000000 0.857839
1261.000000 0.952340
1262.000000 0.882486
1263.000000 0.911781
1264.000000 0.746946
1265.000000 0.840451
1266.000000 0.806380
1267.000000 0.769755
1268.000000 0.744098
1269.000000 0.673484
1270.000000 0.631751
1271.000000 0.595680
1272.000000 0.412486
1273.000000 0.441906
1274.000000 0.400825
1275.000000 0.582812
1276.000000 0.666714
1277.000000 0.769387
1278.000000 0.757941
1279.000000 0.733897
1280.000000 0.729012
1281.000000 0.822452
1282.000000 0.991028
1283.000000 0.961722
1284.000000 0.761940
1285.000000 0.507578
1286.000000 0.628993
1287.000000 0.522548
1288.000000 0.346572
1289.000000 0.752891
1290.000000 0.721069
1291.000000 0.763059
1292.000000 0.973151
1293.000000 0.798676
1294.000000 0.751046
1295.000000 0.726663
1296.000000 0.691710
1297.000000 0.749265
1298.000000 0.739043
1299.000000 0.596839
1300.000000 0.613786
1301.000000 0.645960
1302.000000 0.707987
1303.000000 0.669799
1304.000000 0.520634
1305.000000 0.659187
1306.000000 0.788883
1307.000000 0.735196
1308.000000 0.743440
1309.000000 0.794566
1310.000000 0.925923
1311.000000 0.836215
1312.000000 0.713437
1313.000000 0.798700
1314.000000 0.661594
1315.000000 0.451611
1316.000000 0.428215
1317.000000 0.393208
1318.000000 0.396496
1319.000000 0.458041
1320.000000 0.536510
1321.000000 0.851406
1322.000000 0.840920
1323.000000 0.704526
1324.000000 0.726693
1325.000000 0.846365
1326.000000 0.762638
1327.000000 0.899922
1328.000000 0.719218
1329.000000 0.947033
1330.000000 0.855167
1331.000000 0.861452
1332.000000 0.749905
1333.000000 0.682110
1334.000000 0.683864
1335.000000 0.760100
1336.000000 0.710458
1337.000000 0.519824
1338.000000 0.475959
1339.000000 0.547613
1340.000000 0.603437
1341.000000 0.586225
1342.000000 0.584808
1343.000000 0.593739
1344.000000 0.727867
1345.000000 0.961560
1346.000000 0.777994
1347.000000 0.808384
1348.000000 0.694670
1349.000000 0.553308
1350.000000 0.550711
1351.000000 0.666051
1352.000000 0.784557
1353.000000 0.733577
1354.000000 0.723211
1355.000000 0.868546
1356.000000 0.936290
1357.000000 0.984687
1358.000000 1.108672
1359.000000 0.942383
1360.000000 0.930949
1361.000000 0.594683
1362.000000 0.458874
1363.000000 0.381967
1364.000000 0.477610
1365.000000 0.335958
1366.000000 0.253841
1367.000000 0.278951
1368.000000 0.568186
1369.000000 0.769926
1370.000000 0.754950
1371.000000 0.889921
1372.000000 0.823852
1373.000000 0.768139
1374.000000 0.879824
1375.000000 0.695262
1376.000000 0.689578
1377.000000 0.772496
1378.000000 0.650537
1379.000000 0.787575
1380.000000 0.731939
1381.000000 0.785249
1382.000000 0.670265
1383.000000 0.609762
1384.000000 0.767796
1385.000000 0.825732
1386.000000 0.683026
1387.000000 0.397006
1388.000000 0.482019
1389.000000 0.452943
1390.000000 0.346058
1391.000000 0.625668
1392.000000 0.768725
1393.000000 0.913085
1394.000000 0.912848
1395.000000 0.727838
1396.000000 0.750326
1397.000000 0.822566
1398.000000 0.829819
1399.000000 0.737821
1400.000000 0.663908
1401.000000 0.748900
1402.000000 0.795558
1403.000000 0.828220
1404.000000 0.775442
1405.000000 0.695311
1406.000000 0.518087
1407.000000 0.579939
1408.000000 0.631705
1409.000000 0.471397
1410.000000 0.742779
1411.000000 0.788976
1412.000000 0.952210
1413.000000 0.978166
1414.000000 1.000348
1415.000000 0.784316
1416.000000 0.812211
1417.000000 0.695959
1418.000000 0.646036
1419.000000 0.668892
1420.000000 0.360728
1421.000000 0.535572
1422.000000 0.549185
1423.000000 0.596260
1424.000000 0.590665
1425.000000 0.734931
1426.000000 0.769842
1427.000000 0.573048
1428.000000 0.707534
1429.000000 0.586284
1430.000000 0.654199
1431.000000 0.658933
1432.000000 0.631990
1433.000000 0.915183
1434.000000 0.827455
1435.000000 0.817222
1436.000000 0.920280
1437.000000 0.747672
1438.000000 0.574647
1439.000000 0.659822
1440.000000 0.492668
1441.000000 0.603437
1442.000000 0.756748
1443.000000 0.641315
1444.000000 0.636040
1445.000000 0.560615
1446.000000 0.635893
1447.000000 0.719421
1448.000000 0.623017
1449.000000 0.827607
1450.000000 0.911269
1451.000000 0.864947
1452.000000 0.857187
1453.000000 0.768197
1454.000000 0.810927
1455.000000 0.693694
1456.000000 0.486207
1457.000000 0.601348
1458.000000 0.730711
1459.000000 0.738219
1460.000000 0.695952
1461.000000 0.659720
1462.000000 0.540549
1463.000000 0.525733
1464.000000 0.517996
1465.000000 0.480896
1466.000000 0.610341
1467.000000 0.794331
1468.000000 0.905364
1469.000000 0.888723
1470.000000 0.837564
1471.000000 0.741494
1472.000000 0.767508
1473.000000 0.781219
1474.000000 0.756645
1475.000000 0.663494
1476.000000 0.611247
1477.000000 0.517407
1478.000000 0.614743
1479.000000 0.775017
1480.000000 0.723010
1481.000000 0.839707
1482.000000 0.739454
1483.000000 0.644480
1484.000000 0.727723
1485.000000 0.663786
1486.000000 0.642161
1487.000000 0.687746
1488.000000 0.637268
1489.000000 0.650786
1490.000000 0.677566
1491.000000 0.594069
1492.000000 0.697056
1493.000000 0.623349
1494.000000 0.681395
1495.000000 0.711937
1496.000000 0.714162
1497.000000 0.714050
1498.000000 0.535149
1499.000000 0.681507
1500.000000 0.537551
1501.000000 1.967816
1502.000000 2.809065
1503.000000 2.954382
1504.000000 2.885015
1505.000000 2.650470
1506.000000 2.317046
1507.000000 1.801209
1508.000000 1.285599
1509.000000 1.212499
1510.000000 0.905694
1511.000000 1.065729
1512.000000 1.214267
1513.000000 1.271553
1514.000000 1.556072
1515.000000 1.619503
1516.000000 1.651689
1517.000000 1.645137
1518.000000 1.524710
1519.000000 1.416698
1520.000000 1.240312
1521.000000 1.099486
1522.000000 1.050772
1523.000000 1.162689
1524.000000 0.885904
1525.000000 1.113882
1526.000000 0.995319
1527.000000 0.913670
1528.000000 1.133232
1529.000000 1.308396
1530.000000 1.212366
1531.000000 1.241285
1532.000000 1.424627
1533.000000 1.383914
1534.000000 1.534684
1535.000000 1.234249
1536.000000 1.153741
1537.000000 1.322080
1538.000000 1.059251
1539.000000 1.309196
1540.000000 1.399849
1541.000000 1.267597
1542.000000 1.198128
1543.000000 1.168358
1544.000000 0.961329
1545.000000 1.101153
1546.000000 1.237701
1547.000000 1.236679
1548.000000 1.456741
1549.000000 1.464736
1550.000000 1.372282
1551.000000 1.383492
1552.000000 1.287885
1553.000000 1.293898
1554.000000 1.083425
1555.000000 1.099178
1556.000000 0.954455
1557.000000 1.124658
1558.000000 1.261206
1559.000000 1.307349
1560.000000 1.303114
1561.000000 1.366910
1562.000000 1.453894
1563.000000 1.506303
1564.000000 1.346832
1565.000000 1.384033
1566.000000 1.163387
1567.000000 0.994243
1568.000000 0.927715
1569.000000 0.918037
1570.000000 1.074797
1571.000000 1.101993
1572.000000 1.267259
1573.000000 1.321356
1574.000000 1.243499
1575.000000 1.273206
1576.000000 1.150324
1577.000000 1.328117
1578.000000 1.534398
1579.000000 1.499690
1580.000000 1.346110
1581.000000 1.183628
1582.000000 1.102968
1583.000000 1.268833
1584.000000 1.438338
1585.000000 1.346299
1586.000000 1.238419
1587.000000 1.302159
1588.000000 1.092204
1589.000000 1.127103
1590.000000 1.278831
1591.000000 1.210983
1592.000000 1.354120
1593.000000 1.362606
1594.000000 1.379741
1595.000000 1.288697
1596.000000 1.112522
1597.000000 1.128483
1598.000000 1.075460
1599.000000 1.212616
1600.000000 1.182742
1601.000000 1.149674
1602.000000 1.146154
1603.000000 1.174799
1604.000000 1.399362
1605.000000 1.233939
1606.000000 1.304625
1607.000000 1.225398
1608.000000 1.196343
1609.000000 1.447199
1610.000000 1.338815
1611.000000 1.156953
1612.000000 1.319649
1613.000000 1.250187
1614.000000 1.194418
1615.000000 1.247328
1616.000000 1.353383
1617.000000 1.333006
1618.000000 1.180238
1619.000000 1.151168
1620.000000 1.201384
1621.000000 1.108790
1622.000000 1.116113
1623.000000 1.088666
1624.000000 1.117636
1625.000000 1.245528
1626.000000 1.282633
1627.000000 1.281668
1628.000000 1.376640
1629.000000 1.476943
1630.000000 1.346596
1631.000000 1.389998
1632.000000 1.379199
1633.000000 1.256549
1634.000000 1.431691
1635.000000 1.177439
1636.000000 1.164288
1637.000000 1.089941
1638.000000 1.119326
1639.000000 1.281465
1640.000000 1.214844
1641.000000 0.284295
1642.000000 -0.165792
1643.000000 -0.696581
1644.000000 -1.257819
1645.000000 -1.097375
1646.000000 -0.806225
1647.000000 -0.340990
1648.000000 0.021390
1649.000000 0.323401
1650.000000 0.691072
1651.000000 0.991452
1652.000000 1.161181
1653.000000 0.899275
1654.000000 0.979286
1655.000000 0.934177
1656.000000 0.789013
1657.000000 0.647931
1658.000000 0.456365
1659.000000 0.485410
1660.000000 0.389009
1661.000000 0.410528
1662.000000 0.576713
1663.000000 0.794643
1664.000000 0.784472
1665.000000 0.787302
1666.000000 0.728062
1667.000000 0.787966
1668.000000 0.667661
1669.000000 0.506227
1670.000000 0.550284
1671.000000 0.453915
1672.000000 0.561631
1673.000000 0.528749
1674.000000 0.836550
1675.000000 0.878205
1676.000000 0.939630
1677.000000 0.907902
1678.000000 0.980534
1679.000000 1.011678
1680.000000 0.878250
1681.000000 0.862868
1682.000000 0.691672
1683.000000 0.619550
1684.000000 0.492732
1685.000000 0.508544
1686.000000 0.588995
1687.000000 0.591020
1688.000000 0.581223
1689.000000 0.492293
1690.000000 0.588573
1691.000000 0.680258
1692.000000 0.668998
1693.000000 0.755498
1694.000000 0.906772
1695.000000 0.909949
1696.000000 0.757991
1697.000000 0.928722
1698.000000 0.753939
1699.000000 0.537708
1700.000000 0.450701
1701.000000 0.410036
1702.000000 0.413337
1703.000000 0.578513
1704.000000 0.702793
1705.000000 0.754231
1706.000000 0.869723
1707.000000 0.754478
1708.000000 0.833026
1709.000000 0.826421
1710.000000 0.668796
1711.000000 0.539998
1712.000000 0.600912
1713.000000 0.518695
1714.000000 0.713240
1715.000000 0.799687
1716.000000 0.821791
1717.000000 0.871384
1718.000000 0.914044
1719.000000 0.971729
1720.000000 0.847827
1721.000000 0.563266
1722.000000 0.421295
1723.000000 0.412315
1724.000000 0.358148
1725.000000 0.502615
1726.000000 0.603475
1727.000000 0.740744
1728.000000 0.813611
1729.000000 0.940432
1730.000000 0.853681
1731.000000 0.991411
1732.000000 0.989258
1733.000000 0.754549
1734.000000 0.676015
1735.000000 0.583897
1736.000000 0.677189
1737.000000 0.686256
1738.000000 0.497818
1739.000000 0.553436
1740.000000 0.800615
1741.000000 0.718576
1742.000000 0.578771
1743.000000 0.468559
1744.000000 0.520800
1745.000000 0.580293
1746.000000 0.695908
1747.000000 0.665081
1748.000000 0.844640
1749.000000 0.975205
1750.000000 0.922644
1751.000000 0.732655
1752.000000 0.756693
1753.000000 0.630127
1754.000000 0.647043
1755.000000 0.417872
1756.000000 0.419388
1757.000000 0.653867
1758.000000 0.552535
1759.000000 0.807247
1760.000000 0.987578
1761.000000 0.844965
1762.000000 0.879434
1763.000000 0.876582
1764.000000 0.624789
1765.000000 0.706543
1766.000000 0.354766
1767.000000 0.429133
1768.000000 0.576020
1769.000000 0.385166
1770.000000 0.510649
1771.000000 0.735448
1772.000000 0.719168
1773.000000 0.873976
1774.000000 0.833474
1775.000000 0.752016
1776.000000 0.803314
1777.000000 0.785143
1778.000000 0.701588
1779.000000 0.737744
1780.000000 0.640649
1781.000000 0.790850
1782.000000 0.797887
1783.000000 0.689161
1784.000000 0.641770
1785.000000 0.745231
1786.000000 0.759514
1787.000000 0.699963
1788.000000 0.669421
1789.000000 0.580827
1790.000000 0.543706
1791.000000 0.752050
1792.000000 0.788131
1793.000000 0.782291
1794.000000 0.831623
1795.000000 0.876433
1796.000000 0.832348
1797.000000 0.845985
1798.000000 0.853334
1799.000000 0.754266
1800.000000 0.518649
1801.000000 0.495304
1802.000000 0.314393
1803.000000 0.357077
1804.000000 0.431161
1805.000000 0.446507
1806.000000 0.743570
1807.000000 0.697569
1808.000000 0.802526
1809.000000 0.910198
1810.000000 0.868545
1811.000000 0.800914
1812.000000 0.754494
1813.000000 0.772365
1814.000000 0.597194
1815.000000 0.728364
1816.000000 0.693032
1817.000000 0.818828
1818.000000 0.755229
1819.000000 0.691704
1820.000000 0.699454
1821.000000 0.563256
1822.000000 0.687064
1823.000000 0.827023
1824.000000 0.607006
1825.000000 0.304195
1826.000000 0.506829
1827.000000 0.547260
1828.000000 0.584400
1829.000000 0.651435
1830.000000 0.853085
1831.000000 0.967234
1832.000000 0.909078
1833.000000 0.963927
1834.000000 0.790013
1835.000000 0.604750
1836.000000 0.445943
1837.000000 0.607968
1838.000000 0.490150
1839.000000 0.668226
1840.000000 0.855060
1841.000000 0.789092
1842.000000 0.876229
1843.000000 0.902840
1844.000000 0.776786
1845.000000 0.795989
1846.000000 0.694458
1847.000000 0.612219
1848.000000 0.607653
1849.000000 0.569767
1850.000000 0.560362
1851.000000 0.630565
1852.000000 0.508700
1853.000000 0.666322
1854.000000 0.579200
1855.000000 0.689874
1856.000000 0.819242
1857.000000 0.748789
1858.000000 1.116152
1859.000000 1.036434
1860.000000 0.708739
1861.000000 0.621801
1862.000000 0.472005
1863.000000 0.580924
1864.000000 0.604008
1865.000000 0.646537
1866.000000 0.774759
1867.000000 0.738885
1868.000000 0.749579
1869.000000 0.834587
1870.000000 0.892962
1871.000000 0.859271
1872.000000 0.838612
1873.000000 0.739886
1874.000000 0.717797
1875.000000 0.573617
1876.000000 0.502159
1877.000000 0.487874
1878.000000 0.399813
1879.000000 0.458705
1880.000000 0.535261
1881.000000 0.787034
1882.000000 0.773077
1883.000000 0.529707
1884.000000 0.568523
1885.000000 0.538522
1886.000000 0.744748
1887.000000 0.730734
1888.000000 0.837023
1889.000000 0.806482
1890.000000 0.933616
1891.000000 0.731266
1892.000000 0.810402
1893.000000 0.801270
1894.000000 0.540865
1895.000000 0.511853
1896.000000 0.650732
1897.000000 0.476389
1898.000000 0.673446
1899.000000 0.658113
1900.000000 0.650523
1901.000000 0.500555
1902.000000 0.504874
1903.000000 0.670348
1904.000000 0.785949
1905.000000 1.163522
1906.000000 0.974467
1907.000000 1.091659
1908.000000 0.985772
1909.000000 0.677606
1910.000000 0.563963
1911.000000 0.442435
1912.000000 0.502952
1913.000000 0.593807
1914.000000 0.629940
1915.000000 0.589758
1916.000000 0.724381
1917.000000 0.717891
1918.000000 0.759281
1919.000000 0.835886
1920.000000 0.862923
1921.000000 0.779057
1922.000000 0.652317
1923.000000 0.764333
1924.000000 0.733620
1925.000000 0.574539
1926.000000 0.636306
1927.000000 0.541526
1928.000000 0.467043
1929.000000 0.641682
1930.000000 0.575696
1931.000000 0.658720
1932.000000 0.677679
1933.000000 0.822188
1934.000000 0.783820
1935.000000 0.812186
1936.000000 0.755682
1937.000000 0.787494
1938.000000 0.880261
1939.000000 0.776320
1940.000000 0.776468
1941.000000 0.637718
1942.000000 0.619376
1943.000000 0.480424
1944.000000 0.461479
1945.000000 0.569329
1946.000000 0.581136
1947.000000 0.625576
1948.000000 0.619060
1949.000000 0.697448
1950.000000 1.061296
1951.000000 0.864089
1952.000000 0.737209
1953.000000 0.701651
1954.000000 0.695415
1955.000000 0.683768
1956.000000 0.671520
1957.000000 0.611553
1958.000000 0.659971
1959.000000 0.749278
1960.000000 0.727486
1961.000000 0.784122
1962.000000 0.758794
1963.000000 0.857410
1964.000000 0.731135
1965.000000 0.716903
1966.000000 0.450257
1967.000000 0.338253
1968.000000 0.381528
1969.000000 0.557340
1970.000000 0.693298
1971.000000 0.824899
1972.000000 0.772645
1973.000000 0.671032
1974.000000 0.668625
1975.000000 0.614074
1976.000000 0.501709
1977.000000 0.615764
1978.000000 0.836586
1979.000000 0.912574
1980.000000 0.916393
1981.000000 1.104711
1982.000000 0.986970
1983.000000 0.784554
1984.000000 0.689267
1985.000000 0.603333
1986.000000 0.571275
1987.000000 0.413357
1988.000000 0.422281
1989.000000 0.542351
1990.000000 0.702209
1991.000000 0.485791
1992.000000 0.735734
1993.000000 0.743593
1994.000000 0.748605
1995.000000 0.844674
1996.000000 0.762037
1997.000000 0.944051
1998.000000 0.864845
1999.000000 0.818339
2000.000000 0.715560
2001.000000 0.515973
2002.000000 1.457362
2003.000000 2.135475
2004.000000 2.529672
2005.000000 3.108139
2006.000000 3.136937
2007.000000 2.848026
2008.000000 2.594950
2009.000000 2.215903
2010.000000 1.829978
2011.000000 1.437692
2012.000000 1.056506
2013.000000 0.616644
2014.000000 0.562583
2015.000000 0.720131
2016.000000 0.770599
2017.000000 0.967453
2018.000000 1.068509
2019.000000 1.369122
2020.000000 1.586717
2021.000000 1.485866
2022.000000 1.764605
2023.000000 1.561366
2024.000000 1.529021
2025.000000 1.495740
2026.000000 1.093692
2027.000000 0.912800
2028.000000 0.982878
2029.000000 1.109246
2030.000000 1.257210
2031.000000 1.164710
2032.000000 1.382003
2033.000000 1.453211
2034.000000 1.266057
2035.000000 1.207230
2036.000000 1.046706
2037.000000 1.106613
2038.000000 1.067986
2039.000000 1.085746
2040.000000 0.969613
2041.000000 1.134974
2042.000000 1.315672
2043.000000 1.311949
2044.000000 1.371236
2045.000000 1.495476
2046.000000 1.438132
2047.000000 1.352123
2048.000000 1.129856
2049.000000 1.246056
2050.000000 1.315307
2051.000000 1.430747
2052.000000 1.230669
2053.000000 1.114147
2054.000000 1.268813
2055.000000 1.269304
2056.000000 1.257218
2057.000000 1.270748
2058.000000 1.156761
2059.000000 1.126991
2060.000000 1.101417
2061.000000 1.001778
2062.000000 1.203569
2063.000000 1.167746
2064.000000 1.027814
2065.000000 1.133474
2066.000000 1.129686
2067.000000 1.142981
2068.000000 1.142923
2069.000000 1.412553
2070.000000 1.489305
2071.000000 1.584286
2072.000000 1.610754
2073.000000 1.673765
2074.000000 1.434149
2075.000000 1.251459
2076.000000 0.808895
2077.000000 0.788335
2078.000000 0.899255
2079.000000 1.232780
2080.000000 1.257412
2081.000000 1.500662
2082.000000 1.502863
2083.000000 1.363353
2084.000000 1.153593
2085.000000 1.112621
2086.000000 1.289227
2087.000000 1.300067
2088.000000 1.147971
2089.000000 1.198420
2090.000000 1.197549
2091.000000 1.155256
2092.000000 1.313214
2093.000000 1.364122
2094.000000 1.408791
2095.000000 1.223027
2096.000000 1.229076
2097.000000 1.322222
2098.000000 1.277704
2099.000000 1.154493
2100.000000 1.136240
2101.000000 1.049902
2102.000000 1.162924
2103.000000 1.458968
2104.000000 1.485585
2105.000000 1.422625
2106.000000 1.421046
2107.000000 1.188478
2108.000000 1.295697
2109.000000 1.158231
2110.000000 1.124806
2111.000000 1.406374
2112.000000 1.070359
2113.000000 1.217520
2114.000000 1.159816
2115.000000 1.042882
2116.000000 1.180997
2117.000000 1.057152
2118.000000 1.077386
2119.000000 1.277700
2120.000000 1.216913
2121.000000 1.322572
2122.000000 1.540867
2123.000000 1.391060
2124.000000 1.169008
2125.000000 1.143292
2126.000000 1.193763
2127.000000 1.313694
2128.000000 1.282255
2129.000000 1.364073
2130.000000 1.440256
2131.000000 1.406760
2132.000000 1.482820
2133.000000 1.331918
2134.000000 1.172884
2135.000000 1.075314
2136.000000 0.986805
2137.000000 1.100928
2138.000000 1.216425
2139.000000 1.330102
2140.000000 1.327154
2141.000000 1.350422
2142.000000 1.256876
2143.000000 0.933492
2144.000000 1.094529
2145.000000 1.065052
2146.000000 1.264191
2147.000000 1.338877
2148.000000 1.260605
2149.000000 1.522526
2150.000000 1.290042
2151.000000 1.123866
2152.000000 1.096569
2153.000000 1.169441
2154.000000 1.050582
2155.000000 1.115235
2156.000000 1.277684
2157.000000 1.446361
2158.000000 1.463099
2159.000000 1.384870
2160.000000 1.243783
2161.000000 1.280924
2162.000000 1.174773
2163.000000 1.259989
2164.000000 1.352414
2165.000000 1.157594
2166.000000 1.336230
2167.000000 1.174000
2168.000000 1.033488
2169.000000 1.159622
2170.000000 1.217928
2171.000000 1.381547
2172.000000 1.412663
2173.000000 1.277393
2174.000000 1.183867
2175.000000 1.186392
2176.000000 1.310999
2177.000000 1.291138
2178.000000 1.301062
2179.000000 1.336342
2180.000000 1.315661
2181.000000 1.051009
2182.000000 1.052377
2183.000000 1.133373
2184.000000 0.932202
2185.000000 1.059800
2186.000000 0.966302
2187.000000 1.032561
2188.000000 1.502166
2189.000000 1.689482
2190.000000 1.837906
2191.000000 1.797289
2192.000000 1.542321
2193.000000 1.300660
2194.000000 0.978136
2195.000000 0.961265
2196.000000 0.805368
2197.000000 0.863075
2198.000000 1.020159
2199.000000 1.112512
2200.000000 1.152262
2201.000000 1.326846
2202.000000 1.485148
2203.000000 1.511955
2204.000000 1.321435
2205.000000 1.242557
2206.000000 1.349612
2207.000000 1.231381
2208.000000 1.313657
2209.000000 1.118946
2210.000000 1.361404
2211.000000 1.484948
2212.000000 1.259779
2213.000000 1.307494
2214.000000 1.179479
2215.000000 1.192116
2216.000000 1.137571
2217.000000 1.322985
2218.000000 1.341525
2219.000000 1.246928
2220.000000 1.369582
2221.000000 1.264091
2222.000000 1.205152
2223.000000 1.202310
2224.000000 1.112446
2225.000000 1.093422
2226.000000 1.170230
2227.000000 1.157088
2228.000000 1.063771
2229.000000 1.038952
2230.000000 1.251650
2231.000000 1.129040
2232.000000 1.165626
2233.000000 1.091766
2234.000000 1.237986
2235.000000 1.278376
2236.000000 1.111069
2237.000000 1.308244
2238.000000 1.342953
2239.000000 1.230310
2240.000000 1.267542
2241.000000 1.326202
2242.000000 1.178528
2243.000000 1.223679
2244.000000 1.546219
2245.000000 1.522215
2246.000000 1.572061
2247.000000 1.597802
2248.000000 1.498903
2249.000000 1.376983
2250.000000 1.073302
2251.000000 1.167041
2252.000000 1.162874
2253.000000 1.300988
2254.000000 1.047823
2255.000000 1.219219
2256.000000 1.261851
2257.000000 0.966033
2258.000000 1.022706
2259.000000 0.872624
2260.000000 1.009677
2261.000000 1.179902
2262.000000 1.308819
2263.000000 1.584017
2264.000000 1.538616
2265.000000 1.312695
2266.000000 1.196050
2267.000000 1.094407
2268.000000 1.253111
2269.000000 1.095268
2270.000000 1.026105
2271.000000 1.048844
2272.000000 1.270940
2273.000000 1.257905
2274.000000 1.151682
2275.000000 1.124838
2276.000000 1.242266
2277.000000 1.376764
2278.000000 1.559340
2279.000000 1.533039
2280.000000 1.516906
2281.000000 1.401209
2282.000000 1.348532
2283.000000 1.241577
2284.000000 1.074721
2285.000000 1.014921
2286.000000 0.891383
2287.000000 0.945904
2288.000000 1.044678
2289.000000 1.208006
2290.000000 1.443478
2291.000000 0.456044
2292.000000 0.112001
2293.000000 -0.370967
2294.000000 -0.954135
2295.000000 -0.937415
2296.000000 -0.936561
2297.000000 -0.631528
2298.000000 -0.198698
2299.000000 0.275743
2300.000000 0.590947
2301.000000 0.862437
2302.000000 1.053602
2303.000000 0.939044
2304.000000 0.801102
2305.000000 0.514467
2306.000000 0.474377
2307.000000 0.547710
2308.000000 0.898938
2309.000000 1.026783
2310.000000 1.077509
2311.000000 1.077210
2312.000000 0.824111
2313.000000 0.666522
2314.000000 0.501968
2315.000000 0.432220
2316.000000 0.464207
2317.000000 0.463131
2318.000000 0.593379
2319.000000 0.881474
2320.000000 0.950708
2321.000000 0.757689
2322.000000 0.916693
2323.000000 0.613854
2324.000000 0.603979
2325.000000 0.647451
2326.000000 0.551559
2327.000000 0.636214
2328.000000 0.509701
2329.000000 0.709396
2330.000000 0.936536
2331.000000 0.756664
2332.000000 0.856539
2333.000000 0.619718
2334.000000 0.555190
2335.000000 0.600664
2336.000000 0.519200
2337.000000 0.589488
2338.000000 0.603089
2339.000000 0.642953
2340.000000 0.697720
2341.000000 0.857998
2342.000000 0.797406
2343.000000 0.820728
2344.000000 0.910344
2345.000000 0.689518
2346.000000 0.474078
2347.000000 0.403040
2348.000000 0.452408
2349.000000 0.612067
2350.000000 0.693981
2351.000000 0.804411
2352.000000 0.844222
2353.000000 0.910441
2354.000000 0.992456
2355.000000 0.869182
2356.000000 0.887112
2357.000000 0.821407
2358.000000 0.587262
2359.000000 0.616931
2360.000000 0.531339
2361.000000 0.557163
2362.000000 0.659741
2363.000000 0.651564
2364.000000 0.700778
2365.000000 0.778287
2366.000000 0.803106
2367.000000 0.602903
2368.000000 0.548038
2369.000000 0.515523
2370.000000 0.602968
2371.000000 0.683134
2372.000000 0.887352
2373.000000 0.818592
2374.000000 0.912809
2375.000000 0.720554
2376.000000 0.645373
2377.000000 0.648515
2378.000000 0.594149
2379.000000 0.582540
2380.000000 0.690513
2381.000000 0.740449
2382.000000 0.631091
2383.000000 0.893632
2384.000000 0.718053
2385.000000 0.578195
2386.000000 0.574482
2387.000000 0.497220
2388.000000 0.534719
2389.000000 0.510301
2390.000000 0.641511
2391.000000 0.858055
2392.000000 0.907450
2393.000000 0.796072
2394.000000 0.755266
2395.000000 0.809541
2396.000000 0.608663
2397.000000 0.619268
2398.000000 0.801609
2399.000000 0.705601
2400.000000 0.601012
2401.000000 0.495749
2402.000000 0.596363
2403.000000 0.746424
2404.000000 0.900819
2405.000000 0.850755
2406.000000 0.775446
2407.000000 0.685040
2408.000000 0.703293
2409.000000 0.703997
2410.000000 0.725039
2411.000000 0.689802
2412.000000 0.726000
2413.000000 0.632418
2414.000000 0.644039
2415.000000 0.725286
2416.000000 0.662346
2417.000000 0.603992
2418.000000 0.563460
2419.000000 0.460738
2420.000000 0.474637
2421.000000 0.635919
2422.000000 0.704995
2423.000000 0.747978
2424.000000 0.963191
2425.000000 0.842499
2426.000000 0.911858
2427.000000 0.696812
2428.000000 0.510322
2429.000000 0.632766
2430.000000 0.762220
2431.000000 0.824339
2432.000000 0.852194
2433.000000 0.751410
2434.000000 0.710117
2435.000000 0.617222
2436.000000 0.449085
2437.000000 0.538111
2438.000000 0.613608
2439.000000 0.732478
2440.000000 0.848743
2441.000000 0.803168
2442.000000 0.747813
2443.000000 0.781013
2444.000000 0.747406
2445.000000 0.739054
2446.000000 0.698747
2447.000000 0.737871
2448.000000 0.723423
2449.000000 0.562506
2450.000000 0.869354
2451.000000 0.800103
2452.000000 0.866520
2453.000000 0.709021
2454.000000 0.494722
2455.000000 0.385532
2456.000000 0.368595
2457.000000 0.368621
2458.000000 0.497489
2459.000000 0.522042
2460.000000 0.968344
2461.000000 1.172032
2462.000000 1.127427
2463.000000 0.975571
2464.000000 0.714258
2465.000000 0.476523
2466.000000 0.623585
2467.000000 0.412693
2468.000000 0.280326
2469.000000 0.466841
2470.000000 0.730060
2471.000000 0.496137
2472.000000 0.777574
2473.000000 0.812080
2474.000000 0.887241
2475.000000 0.910049
2476.000000 0.663882
2477.000000 0.807764
2478.000000 0.654638
2479.000000 0.497266
2480.000000 0.539003
2481.000000 0.553098
2482.000000 0.564890
2483.000000 0.756772
2484.000000 0.874798
2485.000000 0.976615
2486.000000 0.862681
2487.000000 0.766736
2488.000000 0.679802
2489.000000 0.831890
2490.000000 0.834984
2491.000000 0.841703
2492.000000 0.944707
2493.000000 0.820019
2494.000000 0.730541
2495.000000 0.538030
2496.000000 0.381822
2497.000000 0.510263
2498.000000 0.480290
2499.000000 0.583270
2500.000000 0.613757
