1.000000 0.000000
2.000000 0.000000
3.000000 0.000000
4.000000 0.000000
5.000000 0.000000
6.000000 0.000000
7.000000 0.000000
8.000000 0.000000
9.000000 0.000000
10.000000 0.000000
11.000000 0.000000
12.000000 0.000000
13.000000 0.000000
14.000000 0.000000
15.000000 0.000000
16.000000 0.000000
17.000000 0.000000
18.000000 0.000000
19.000000 0.000000
20.000000 0.000000
21.000000 1.797740
22.000000 2.721192
23.000000 3.053498
24.000000 2.967514
25.000000 2.714988
26.000000 2.338793
27.000000 1.797255
28.000000 1.277080
29.000000 0.868762
30.000000 0.591165
31.000000 0.493497
32.000000 0.506644
33.000000 0.645405
34.000000 0.801576
35.000000 0.897085
36.000000 0.968661
37.000000 1.055460
38.000000 1.089901
39.000000 0.984809
40.000000 0.908751
41.000000 0.836825
42.000000 0.774573
43.000000 0.747327
44.000000 0.722154
45.000000 0.721368
46.000000 0.805618
47.000000 0.812158
48.000000 0.825717
49.000000 0.806355
50.000000 0.800066
51.000000 0.847810
52.000000 0.820968
53.000000 0.841824
54.000000 0.819117
55.000000 0.792721
56.000000 0.742984
57.000000 0.727577
58.000000 0.736745
59.000000 0.810210
60.000000 0.808928
61.000000 0.774858
62.000000 0.859548
63.000000 0.823565
64.000000 0.904320
65.000000 0.849079
66.000000 0.792852
67.000000 0.816994
68.000000 0.741282
69.000000 0.729148
70.000000 0.683997
71.000000 0.697744
72.000000 0.755729
73.000000 0.774096
74.000000 0.809532
75.000000 0.889023
76.000000 0.861985
77.000000 0.836009
78.000000 0.792656
79.000000 0.779186
80.000000 0.780115
81.000000 0.863719
82.000000 0.772817
83.000000 0.803399
84.000000 0.801340
85.000000 0.763877
86.000000 0.784261
87.000000 0.800244
88.000000 0.773872
89.000000 0.782458
90.000000 0.812766
91.000000 0.748490
92.000000 0.774535
93.000000 0.799659
94.000000 0.851614
95.000000 0.841132
96.000000 0.758943
97.000000 0.740741
98.000000 0.787201
99.000000 0.800222
100.000000 0.770915
101.000000 0.724436
102.000000 0.766430
103.000000 0.826482
104.000000 0.828707
105.000000 0.869547
106.000000 0.816761
107.000000 0.850105
108.000000 0.842238
109.000000 0.880834
110.000000 0.857043
111.000000 0.790191
112.000000 0.712739
113.000000 0.669566
114.000000 0.753376
115.000000 0.775594
116.000000 0.791530
117.000000 0.797381
118.000000 0.800541
119.000000 0.809126
120.000000 0.828240
121.000000 0.828481
122.000000 0.841830
123.000000 0.842896
124.000000 0.785351
125.000000 0.818712
126.000000 0.805517
127.000000 0.834487
128.000000 0.779794
129.000000 0.805930
130.000000 0.843310
131.000000 0.854056
132.000000 0.789620
133.000000 0.683496
134.000000 0.718689
135.000000 0.705487
136.000000 0.691650
137.000000 0.698330
138.000000 0.709652
139.000000 0.818853
140.000000 0.829377
141.000000 0.883127
142.000000 0.941281
143.000000 0.929642
144.000000 0.879614
145.000000 0.766285
146.000000 0.726870
147.000000 0.727942
148.000000 0.717304
149.000000 0.773430
150.000000 0.841519
151.000000 0.875629
152.000000 0.903058
153.000000 0.826166
154.000000 0.809448
155.000000 0.820125
156.000000 0.794756
157.000000 0.797695
158.000000 0.772338
159.000000 0.710807
160.000000 0.675625
161.000000 0.738308
162.000000 0.785222
163.000000 0.798064
164.000000 0.810787
165.000000 0.841064
166.000000 0.810403
167.000000 0.864191
168.000000 0.749181
169.000000 0.784927
170.000000 0.770199
171.000000 0.816282
172.000000 0.852263
173.000000 0.792892
174.000000 0.799031
175.000000 0.784147
176.000000 0.790130
177.000000 0.769495
178.000000 0.720906
179.000000 0.739673
180.000000 0.758256
181.000000 0.766029
182.000000 0.783937
183.000000 0.867046
184.000000 0.892193
185.000000 0.943664
186.000000 0.873471
187.000000 0.773784
188.000000 0.709775
189.000000 0.696072
190.000000 0.770209
191.000000 0.815613
192.000000 0.822120
193.000000 0.834057
194.000000 0.803546
195.000000 0.769853
196.000000 0.792781
197.000000 0.801945
198.000000 0.775088
199.000000 0.774221
200.000000 0.849301
201.000000 0.872473
202.000000 0.876546
203.000000 0.876235
204.000000 0.829147
205.000000 0.783388
206.000000 0.698926
207.000000 0.678597
208.000000 0.665127
209.000000 0.744662
210.000000 0.772333
211.000000 0.758516
212.000000 0.829559
213.000000 0.828338
214.000000 0.814508
215.000000 0.863629
216.000000 0.836776
217.000000 0.871501
218.000000 0.853627
219.000000 0.847228
220.000000 0.827857
221.000000 0.798913
222.000000 0.798827
223.000000 0.787045
224.000000 0.745699
225.000000 0.682511
226.000000 0.761471
227.000000 0.781060
228.000000 0.787002
229.000000 0.775377
230.000000 0.757443
231.000000 0.786850
232.000000 0.862905
233.000000 0.827697
234.000000 0.793641
235.000000 0.808660
236.000000 0.817337
237.000000 0.833050
238.000000 0.812516
239.000000 0.826683
240.000000 0.762320
241.000000 0.804229
242.000000 0.795920
243.000000 0.742922
244.000000 0.739914
245.000000 0.765543
246.000000 0.804740
247.000000 0.798259
248.000000 0.773833
249.000000 0.768862
250.000000 0.736429
251.000000 0.815723
252.000000 0.834347
253.000000 0.915168
254.000000 0.864980
255.000000 0.814210
256.000000 0.791203
257.000000 0.833187
258.000000 0.874206
259.000000 0.755521
260.000000 0.782846
261.000000 0.722085
262.000000 0.748124
263.000000 0.752926
264.000000 0.782386
265.000000 0.775162
266.000000 0.793171
267.000000 0.837867
268.000000 0.838672
269.000000 0.823909
270.000000 0.805784
271.000000 0.775098
272.000000 0.759201
273.000000 0.846374
274.000000 0.843895
275.000000 0.821215
276.000000 0.769702
277.000000 0.734404
278.000000 0.727292
279.000000 0.756340
280.000000 0.723738
281.000000 0.791634
282.000000 0.858717
283.000000 0.845028
284.000000 0.806308
285.000000 0.766309
286.000000 0.766988
287.000000 0.757588
288.000000 0.777583
289.000000 0.747732
290.000000 0.748112
291.000000 0.796320
292.000000 0.810404
293.000000 0.811991
294.000000 0.790337
295.000000 0.835619
296.000000 0.816109
297.000000 0.806962
298.000000 0.795262
299.000000 0.784377
300.000000 0.826959
301.000000 0.822279
302.000000 0.805932
303.000000 0.840083
304.000000 0.886752
305.000000 0.847509
306.000000 0.821227
307.000000 0.783198
308.000000 0.782578
309.000000 0.808120
310.000000 0.775862
311.000000 0.745656
312.000000 0.748512
313.000000 0.779078
314.000000 0.799495
315.000000 0.815270
316.000000 0.862354
317.000000 0.832709
318.000000 0.781369
319.000000 0.770823
320.000000 0.789067
321.000000 0.767025
322.000000 0.732102
323.000000 0.739976
324.000000 0.758831
325.000000 0.791064
326.000000 0.836272
327.000000 0.840105
328.000000 0.807252
329.000000 0.817379
330.000000 0.793643
331.000000 0.807965
332.000000 0.786381
333.000000 0.817557
334.000000 0.855660
335.000000 0.917928
336.000000 0.836920
337.000000 0.785600
338.000000 0.728837
339.000000 0.711187
340.000000 0.787597
341.000000 0.773367
342.000000 0.718603
343.000000 0.716567
344.000000 0.766403
345.000000 0.826300
346.000000 0.852641
347.000000 0.840467
348.000000 0.831774
349.000000 0.855773
350.000000 0.846917
351.000000 0.826036
352.000000 0.755289
353.000000 0.717203
354.000000 0.725129
355.000000 0.795559
356.000000 0.797203
357.000000 0.782361
358.000000 0.803681
359.000000 0.859299
360.000000 0.874364
361.000000 0.814456
362.000000 0.794344
363.000000 0.764910
364.000000 0.757259
365.000000 0.735282
366.000000 0.721923
367.000000 0.746081
368.000000 0.768030
369.000000 0.797820
370.000000 0.867277
371.000000 0.837698
372.000000 0.811797
373.000000 0.804054
374.000000 0.820947
375.000000 0.842780
376.000000 0.878150
377.000000 0.839719
378.000000 0.790538
379.000000 0.738350
380.000000 0.747898
381.000000 0.773833
382.000000 0.721515
383.000000 0.697795
384.000000 0.669135
385.000000 0.790474
386.000000 0.885293
387.000000 0.896510
388.000000 0.878565
389.000000 0.838996
390.000000 0.852577
391.000000 0.834307
392.000000 0.817122
393.000000 0.855287
394.000000 0.837027
395.000000 0.795627
396.000000 0.771989
397.000000 0.717526
398.000000 0.705207
399.000000 0.710951
400.000000 0.721832
401.000000 0.695899
402.000000 0.768923
403.000000 0.727116
404.000000 0.746010
405.000000 0.773048
406.000000 0.913071
407.000000 0.951678
408.000000 0.979902
409.000000 0.913948
410.000000 0.896297
411.000000 0.843356
412.000000 0.730288
413.000000 0.747355
414.000000 0.781280
415.000000 0.789021
416.000000 0.772092
417.000000 0.727133
418.000000 0.735137
419.000000 0.760739
420.000000 0.763965
421.000000 0.816065
422.000000 0.798795
423.000000 0.770529
424.000000 0.781483
425.000000 0.749920
426.000000 0.792784
427.000000 0.767462
428.000000 0.843183
429.000000 0.838273
430.000000 0.818465
431.000000 0.849964
432.000000 0.875193
433.000000 0.861980
434.000000 0.821058
435.000000 0.731466
436.000000 0.762347
437.000000 0.714328
438.000000 0.745282
439.000000 0.776134
440.000000 0.801761
441.000000 0.741083
442.000000 0.791373
443.000000 0.754662
444.000000 0.794843
445.000000 0.828980
446.000000 0.813409
447.000000 0.825979
448.000000 0.826170
449.000000 0.812609
450.000000 0.829275
451.000000 0.743993
452.000000 0.767159
453.000000 0.754142
454.000000 0.756857
455.000000 0.825778
456.000000 0.786063
457.000000 0.791071
458.000000 0.838406
459.000000 0.838077
460.000000 0.878068
461.000000 0.806749
462.000000 0.808334
463.000000 0.767969
464.000000 0.777161
465.000000 0.775903
466.000000 0.803297
467.000000 0.824962
468.000000 0.826599
469.000000 0.736184
470.000000 0.731407
471.000000 0.742709
472.000000 0.768558
473.000000 0.724773
474.000000 0.767822
475.000000 0.799652
476.000000 0.873929
477.000000 0.887955
478.000000 0.918402
479.000000 0.868840
480.000000 0.864301
481.000000 0.774698
482.000000 0.729719
483.000000 0.736419
484.000000 0.763139
485.000000 0.828338
486.000000 0.789169
487.000000 0.770313
488.000000 0.786399
489.000000 0.728823
490.000000 0.751106
491.000000 0.758479
492.000000 0.803483
493.000000 0.807540
494.000000 0.857561
495.000000 0.864001
496.000000 0.891634
497.000000 0.899060
498.000000 0.908557
499.000000 0.782495
500.000000 0.814317
501.000000 0.675877
502.000000 0.667094
503.000000 0.756519
504.000000 0.768178
505.000000 0.764262
506.000000 0.796604
507.000000 0.782973
508.000000 0.844449
509.000000 0.824685
510.000000 0.767025
511.000000 0.764538
512.000000 0.734744
513.000000 0.773579
514.000000 0.818676
515.000000 0.813963
516.000000 0.828227
517.000000 0.756761
518.000000 0.819593
519.000000 0.819812
520.000000 0.878859
521.000000 0.795868
522.000000 0.773807
523.000000 0.732750
524.000000 0.773660
525.000000 0.780490
526.000000 0.758517
527.000000 0.805077
528.000000 0.806816
529.000000 0.883575
530.000000 0.875442
531.000000 0.858290
532.000000 0.851653
533.000000 0.865402
534.000000 0.805955
535.000000 0.757797
536.000000 0.710987
537.000000 0.685882
538.000000 0.746729
539.000000 0.755207
540.000000 0.781303
541.000000 0.760508
542.000000 0.765619
543.000000 0.830762
544.000000 0.903113
545.000000 0.908582
546.000000 0.830553
547.000000 0.801085
548.000000 0.784922
549.000000 0.795429
550.000000 0.793354
551.000000 0.755669
552.000000 0.731155
553.000000 0.730360
554.000000 0.753300
555.000000 0.742541
556.000000 0.788290
557.000000 0.815566
558.000000 0.872085
559.000000 0.856570
560.000000 0.848373
561.000000 0.860970
562.000000 0.807467
563.000000 0.779305
564.000000 0.690650
565.000000 0.704329
566.000000 0.724305
567.000000 0.779222
568.000000 0.851919
569.000000 0.898655
570.000000 0.872530
571.000000 0.796988
572.000000 0.777239
573.000000 0.745017
574.000000 0.781578
575.000000 0.775276
576.000000 0.801055
577.000000 0.836908
578.000000 0.806920
579.000000 0.821377
580.000000 0.916220
581.000000 0.799192
582.000000 0.795613
583.000000 0.744528
584.000000 0.767688
585.000000 0.761629
586.000000 0.768490
587.000000 0.779189
588.000000 0.801916
589.000000 0.841985
590.000000 0.838693
591.000000 0.805822
592.000000 0.793489
593.000000 0.724090
594.000000 0.638723
595.000000 0.723689
596.000000 0.799898
597.000000 0.877091
598.000000 0.905686
599.000000 0.883074
600.000000 0.846367
601.000000 0.809170
602.000000 0.827022
603.000000 0.737140
604.000000 0.705122
605.000000 0.753045
606.000000 0.779248
607.000000 0.815767
608.000000 0.811553
609.000000 0.835116
610.000000 0.848914
611.000000 0.817645
612.000000 0.806126
613.000000 0.781059
614.000000 0.783206
615.000000 0.776124
616.000000 0.762099
617.000000 0.788166
618.000000 0.738522
619.000000 0.743960
620.000000 0.860087
621.000000 0.868845
622.000000 0.828955
623.000000 0.767370
624.000000 0.814500
625.000000 0.742206
626.000000 0.757379
627.000000 0.808778
628.000000 0.823148
629.000000 0.842929
630.000000 0.759915
631.000000 0.844127
632.000000 0.841755
633.000000 0.804280
634.000000 0.751313
635.000000 0.797258
636.000000 0.741442
637.000000 0.802369
638.000000 0.812128
639.000000 0.815891
640.000000 0.772649
641.000000 0.747902
642.000000 0.761501
643.000000 0.745140
644.000000 0.790463
645.000000 0.747481
646.000000 0.784858
647.000000 0.870912
648.000000 0.895548
649.000000 0.904855
650.000000 0.886254
651.000000 0.807111
652.000000 0.811318
653.000000 0.759104
654.000000 0.741509
655.000000 0.751318
656.000000 0.738464
657.000000 0.773893
658.000000 0.708457
659.000000 0.796790
660.000000 0.790622
661.000000 0.826559
662.000000 0.826070
663.000000 0.873448
664.000000 0.814760
665.000000 0.787377
666.000000 0.731865
667.000000 0.724476
668.000000 0.777031
669.000000 0.829397
670.000000 0.845744
671.000000 0.812778
672.000000 0.842472
673.000000 0.826822
674.000000 0.879515
675.000000 0.853134
676.000000 0.782936
677.000000 0.720368
678.000000 0.663927
679.000000 0.683403
680.000000 0.710413
681.000000 0.793583
682.000000 0.888607
683.000000 0.847307
684.000000 0.828786
685.000000 0.800244
686.000000 0.781320
687.000000 0.802545
688.000000 0.755739
689.000000 0.744587
690.000000 0.781501
691.000000 0.827156
692.000000 0.840455
693.000000 0.812934
694.000000 0.776823
695.000000 0.761001
696.000000 0.850659
697.000000 0.830398
698.000000 0.931030
699.000000 0.920181
700.000000 0.884696
701.000000 0.805855
702.000000 0.743509
703.000000 0.715074
704.000000 0.661604
705.000000 0.677311
706.000000 0.678865
707.000000 0.740583
708.000000 0.819125
709.000000 0.883316
710.000000 0.838463
711.000000 0.850431
712.000000 0.814303
713.000000 0.810011
714.000000 0.812164
715.000000 0.776979
716.000000 0.806250
717.000000 0.760001
718.000000 0.730451
719.000000 0.693561
720.000000 0.724489
721.000000 0.752751
722.000000 0.785006
723.000000 0.870645
724.000000 0.891906
725.000000 0.882599
726.000000 0.905426
727.000000 0.873180
728.000000 0.884899
729.000000 0.827862
730.000000 0.771450
731.000000 0.728229
732.000000 0.695062
733.000000 0.681693
734.000000 0.726252
735.000000 0.732297
736.000000 0.750746
737.000000 0.806003
738.000000 0.838207
739.000000 0.832516
740.000000 0.847628
741.000000 0.871883
742.000000 0.875307
743.000000 0.865980
744.000000 0.859180
745.000000 0.769649
746.000000 0.822795
747.000000 0.779305
748.000000 0.758431
749.000000 0.733704
750.000000 0.741808
751.000000 0.809553
752.000000 0.814970
753.000000 0.837562
754.000000 0.783176
755.000000 0.788410
756.000000 0.758034
757.000000 0.761630
758.000000 0.782454
759.000000 0.805836
760.000000 0.848356
761.000000 0.847092
762.000000 0.835543
763.000000 0.800411
764.000000 0.756723
765.000000 0.736729
766.000000 0.707403
767.000000 0.730686
768.000000 0.722981
769.000000 0.775542
770.000000 0.817649
771.000000 0.812785
772.000000 0.823633
773.000000 0.827182
774.000000 0.851841
775.000000 0.846876
776.000000 0.858653
777.000000 0.834264
778.000000 0.800796
779.000000 0.726537
780.000000 0.752187
781.000000 0.775110
782.000000 0.780463
783.000000 0.785720
784.000000 0.794295
785.000000 0.805851
786.000000 0.881708
787.000000 0.805665
788.000000 0.780428
789.000000 0.785526
790.000000 0.808838
791.000000 0.827108
792.000000 0.857489
793.000000 0.828087
794.000000 0.757938
795.000000 0.799624
796.000000 0.831644
797.000000 0.801422
798.000000 0.813892
799.000000 0.779635
800.000000 0.788481
801.000000 0.744860
802.000000 0.750737
803.000000 0.742466
804.000000 0.737873
805.000000 0.743788
806.000000 0.751270
807.000000 0.794770
808.000000 0.897203
809.000000 0.864872
810.000000 0.875681
811.000000 0.808323
812.000000 0.832392
813.000000 0.757095
814.000000 0.774627
815.000000 0.776772
816.000000 0.754757
817.000000 0.681898
818.000000 0.751151
819.000000 0.719797
820.000000 0.764955
821.000000 0.831767
822.000000 0.828277
823.000000 0.848776
824.000000 0.861901
825.000000 0.870747
826.000000 0.918555
827.000000 0.862657
828.000000 0.796782
829.000000 0.749271
830.000000 0.745641
831.000000 0.707458
832.000000 0.738949
833.000000 0.734709
834.000000 0.812420
835.000000 0.828044
836.000000 0.822576
837.000000 0.796419
838.000000 0.798098
839.000000 0.791741
840.000000 0.753916
841.000000 0.732103
842.000000 0.787007
843.000000 0.805915
844.000000 0.778221
845.000000 0.800974
846.000000 0.822371
847.000000 0.797325
848.000000 0.789486
849.000000 0.831641
850.000000 0.843145
851.000000 0.883683
852.000000 0.860944
853.000000 0.803546
854.000000 0.832008
855.000000 0.763643
856.000000 0.777410
857.000000 0.784604
858.000000 0.803374
859.000000 0.865234
860.000000 0.822234
861.000000 0.832897
862.000000 0.840013
863.000000 0.788510
864.000000 0.770944
865.000000 0.742819
866.000000 0.724280
867.000000 0.717456
868.000000 0.738430
869.000000 0.764990
870.000000 0.793513
871.000000 0.808705
872.000000 0.841171
873.000000 0.869378
874.000000 0.872333
875.000000 0.804868
876.000000 0.770657
877.000000 0.716869
878.000000 0.686335
879.000000 0.742382
880.000000 0.800614
881.000000 0.880004
882.000000 0.863710
883.000000 0.815463
884.000000 0.747667
885.000000 0.752724
886.000000 0.779433
887.000000 0.778176
888.000000 0.815897
889.000000 0.808695
890.000000 0.817831
891.000000 0.853405
892.000000 0.838980
893.000000 0.799871
894.000000 0.730737
895.000000 0.723578
896.000000 0.683135
897.000000 0.762903
898.000000 0.790069
899.000000 0.834987
900.000000 0.846707
901.000000 0.889387
902.000000 0.875848
903.000000 0.857926
904.000000 0.831985
905.000000 0.808317
906.000000 0.787398
907.000000 0.761059
908.000000 0.705979
909.000000 0.738026
910.000000 0.755385
911.000000 0.837730
912.000000 0.822499
913.000000 0.816477
914.000000 0.829253
915.000000 0.799744
916.000000 0.803037
917.000000 0.791554
918.000000 0.820442
919.000000 0.769067
920.000000 0.797824
921.000000 0.778067
922.000000 0.775488
923.000000 0.751047
924.000000 0.738278
925.000000 0.813326
926.000000 0.772161
927.000000 0.779054
928.000000 0.824739
929.000000 0.864488
930.000000 0.867859
931.000000 0.851121
932.000000 0.783712
933.000000 0.738945
934.000000 0.736166
935.000000 0.717192
936.000000 0.750228
937.000000 0.735885
938.000000 0.748395
939.000000 0.845702
940.000000 0.837700
941.000000 0.850593
942.000000 0.855468
943.000000 0.823153
944.000000 0.842334
945.000000 0.839573
946.000000 0.802288
947.000000 0.794800
948.000000 0.778623
949.000000 0.742882
950.000000 0.776739
951.000000 0.775570
952.000000 0.770642
953.000000 0.829483
954.000000 0.823095
955.000000 0.833854
956.000000 0.801920
957.000000 0.789004
958.000000 0.788733
959.000000 0.814825
960.000000 0.773533
961.000000 0.728997
962.000000 0.737626
963.000000 0.744420
964.000000 0.788899
965.000000 0.829181
966.000000 0.839315
967.000000 0.901216
968.000000 0.815893
969.000000 0.783836
970.000000 0.840217
971.000000 0.863307
972.000000 0.813472
973.000000 0.784257
974.000000 0.764974
975.000000 0.819148
976.000000 0.787263
977.000000 0.765349
978.000000 0.734864
979.000000 0.799169
980.000000 0.760853
981.000000 0.809330
982.000000 0.794199
983.000000 0.747714
984.000000 0.724423
985.000000 0.741746
986.000000 0.750205
987.000000 0.835556
988.000000 0.820095
989.000000 0.814394
990.000000 0.864224
991.000000 0.852251
992.000000 0.751466
993.000000 0.735821
994.000000 0.723778
995.000000 0.763614
996.000000 0.846560
997.000000 0.923922
998.000000 0.909900
999.000000 0.910560
1000.000000 0.901223
1001.000000 0.614469
1002.000000 0.422874
1003.000000 0.262151
1004.000000 0.305043
1005.000000 0.360596
1006.000000 0.362860
1007.000000 0.543616
1008.000000 0.645521
1009.000000 0.762446
1010.000000 0.755332
1011.000000 0.776298
1012.000000 0.737119
1013.000000 0.724530
1014.000000 0.689549
1015.000000 0.744754
1016.000000 0.745696
1017.000000 0.763322
1018.000000 0.765727
1019.000000 0.677446
1020.000000 0.616097
1021.000000 0.611018
1022.000000 0.655439
1023.000000 0.626429
1024.000000 0.587054
1025.000000 0.612099
1026.000000 0.700723
1027.000000 0.754690
1028.000000 0.740333
1029.000000 0.742247
1030.000000 0.706124
1031.000000 0.751101
1032.000000 0.679041
1033.000000 0.697324
1034.000000 0.716079
1035.000000 0.752700
1036.000000 0.702662
1037.000000 0.699725
1038.000000 0.695837
1039.000000 0.702770
1040.000000 0.724756
1041.000000 0.720126
1042.000000 0.699989
1043.000000 0.604830
1044.000000 0.636750
1045.000000 0.623739
1046.000000 0.695436
1047.000000 0.675759
1048.000000 0.671379
1049.000000 0.678371
1050.000000 0.697142
1051.000000 0.788153
1052.000000 0.774860
1053.000000 0.736934
1054.000000 0.775814
1055.000000 0.746083
1056.000000 0.672585
1057.000000 0.645533
1058.000000 0.590959
1059.000000 0.638744
1060.000000 0.616899
1061.000000 0.659160
1062.000000 0.674544
1063.000000 0.766675
1064.000000 0.822877
1065.000000 0.777225
1066.000000 0.759382
1067.000000 0.777137
1068.000000 0.740173
1069.000000 0.699622
1070.000000 0.675038
1071.000000 0.682561
1072.000000 0.643839
1073.000000 0.616740
1074.000000 0.644841
1075.000000 0.606485
1076.000000 0.658941
1077.000000 0.739977
1078.000000 0.735422
1079.000000 0.701568
1080.000000 0.754041
1081.000000 0.662894
1082.000000 0.683709
1083.000000 0.694391
1084.000000 0.682063
1085.000000 0.705316
1086.000000 0.657972
1087.000000 0.632759
1088.000000 0.646318
1089.000000 0.680272
1090.000000 0.769706
1091.000000 0.785638
1092.000000 0.764254
1093.000000 0.801710
1094.000000 0.778915
1095.000000 0.716362
1096.000000 0.700771
1097.000000 0.672221
1098.000000 0.630482
1099.000000 0.605740
1100.000000 0.603134
1101.000000 0.545433
1102.000000 0.587007
1103.000000 0.672514
1104.000000 0.725140
1105.000000 0.721120
1106.000000 0.685113
1107.000000 0.704735
1108.000000 0.765873
1109.000000 0.748530
1110.000000 0.731189
1111.000000 0.709395
1112.000000 0.720928
1113.000000 0.730873
1114.000000 0.718160
1115.000000 0.731241
1116.000000 0.695330
1117.000000 0.696920
1118.000000 0.645023
1119.000000 0.639820
1120.000000 0.658930
1121.000000 0.643930
1122.000000 0.660769
1123.000000 0.689520
1124.000000 0.761588
1125.000000 0.727244
1126.000000 0.746945
1127.000000 0.753317
1128.000000 0.745180
1129.000000 0.693780
1130.000000 0.681444
1131.000000 0.720973
1132.000000 0.719978
1133.000000 0.733601
1134.000000 0.712819
1135.000000 0.736059
1136.000000 0.690023
1137.000000 0.681094
1138.000000 0.688648
1139.000000 0.688779
1140.000000 0.629765
1141.000000 0.674860
1142.000000 0.652642
1143.000000 0.665927
1144.000000 0.713472
1145.000000 0.705626
1146.000000 0.740706
1147.000000 0.686274
1148.000000 0.667405
1149.000000 0.673889
1150.000000 0.712353
1151.000000 0.725124
1152.000000 0.725266
1153.000000 0.694134
1154.000000 0.644588
1155.000000 0.631906
1156.000000 0.670122
1157.000000 0.753155
1158.000000 0.766289
1159.000000 0.730613
1160.000000 0.744358
1161.000000 0.711802
1162.000000 0.641541
1163.000000 0.582376
1164.000000 0.605778
1165.000000 0.591350
1166.000000 0.640407
1167.000000 0.672366
1168.000000 0.715947
1169.000000 0.780948
1170.000000 0.787361
1171.000000 0.772613
1172.000000 0.720383
1173.000000 0.807066
1174.000000 0.791408
1175.000000 0.698087
1176.000000 0.643349
1177.000000 0.626333
1178.000000 0.630031
1179.000000 0.610602
1180.000000 0.679714
1181.000000 0.691528
1182.000000 0.788049
1183.000000 0.764100
1184.000000 0.745262
1185.000000 0.677313
1186.000000 0.698225
1187.000000 0.669120
1188.000000 0.638818
1189.000000 0.677679
1190.000000 0.675889
1191.000000 0.698858
1192.000000 0.710708
1193.000000 0.732440
1194.000000 0.750959
1195.000000 0.768358
1196.000000 0.746165
1197.000000 0.737646
1198.000000 0.691982
1199.000000 0.607892
1200.000000 0.620585
1201.000000 0.594511
1202.000000 0.619789
1203.000000 0.611555
1204.000000 0.670583
1205.000000 0.722969
1206.000000 0.759773
1207.000000 0.811299
1208.000000 0.717408
1209.000000 0.770540
1210.000000 0.737366
1211.000000 0.731403
1212.000000 0.694712
1213.000000 0.717733
1214.000000 0.666020
1215.000000 0.660082
1216.000000 0.660777
1217.000000 0.617939
1218.000000 0.627459
1219.000000 0.600115
1220.000000 0.620543
1221.000000 0.704787
1222.000000 0.755400
1223.000000 0.739906
1224.000000 0.770781
1225.000000 0.769323
1226.000000 0.778473
1227.000000 0.732343
1228.000000 0.670988
1229.000000 0.689646
1230.000000 0.698432
1231.000000 0.662710
1232.000000 0.610889
1233.000000 0.612228
1234.000000 0.711559
1235.000000 0.736317
1236.000000 0.736957
1237.000000 0.731550
1238.000000 0.748844
1239.000000 0.797071
1240.000000 0.707548
1241.000000 0.648906
1242.000000 0.616180
1243.000000 0.652004
1244.000000 0.715931
1245.000000 0.689325
1246.000000 0.727414
1247.000000 0.723693
1248.000000 0.677324
1249.000000 0.648881
1250.000000 0.670709
1251.000000 0.676468
1252.000000 0.717898
1253.000000 0.742225
1254.000000 0.740574
1255.000000 0.769303
1256.000000 0.666320
1257.000000 0.650138
1258.000000 0.674264
1259.000000 0.679855
1260.000000 0.655837
1261.000000 0.672770
1262.000000 0.698962
1263.000000 0.689263
1264.000000 0.654268
1265.000000 0.652697
1266.000000 0.687261
1267.000000 0.702682
1268.000000 0.728015
1269.000000 0.754750
1270.000000 0.777690
1271.000000 0.786204
1272.000000 0.776630
1273.000000 0.728225
1274.000000 0.741873
1275.000000 0.691368
1276.000000 0.708250
1277.000000 0.667397
1278.000000 0.671688
1279.000000 0.639656
1280.000000 0.598398
1281.000000 0.673407
1282.000000 0.694434
1283.000000 0.722203
1284.000000 0.715941
1285.000000 0.702661
1286.000000 0.721121
1287.000000 0.700041
1288.000000 0.644964
1289.000000 0.637368
1290.000000 0.662428
1291.000000 0.665911
1292.000000 0.662520
1293.000000 0.740399
1294.000000 0.740674
1295.000000 0.668875
1296.000000 0.674678
1297.000000 0.676540
1298.000000 0.648344
1299.000000 0.718151
1300.000000 0.690997
1301.000000 0.731231
1302.000000 0.721796
1303.000000 0.706465
1304.000000 0.722024
1305.000000 0.736731
1306.000000 0.706053
1307.000000 0.704257
1308.000000 0.690745
1309.000000 0.673176
1310.000000 0.650711
1311.000000 0.678014
1312.000000 0.728287
1313.000000 0.715179
1314.000000 0.672891
1315.000000 0.706604
1316.000000 0.694673
1317.000000 0.661902
1318.000000 0.681731
1319.000000 0.686038
1320.000000 0.717465
1321.000000 0.754826
1322.000000 0.770379
1323.000000 0.788973
1324.000000 0.746993
1325.000000 0.644922
1326.000000 0.628037
1327.000000 0.574828
1328.000000 0.650886
1329.000000 0.688236
1330.000000 0.652610
1331.000000 0.739214
1332.000000 0.783979
1333.000000 0.710587
1334.000000 0.675580
1335.000000 0.666925
1336.000000 0.689695
1337.000000 0.664732
1338.000000 0.661768
1339.000000 0.665946
1340.000000 0.657432
1341.000000 0.661841
1342.000000 0.700950
1343.000000 0.786698
1344.000000 0.744823
1345.000000 0.788885
1346.000000 0.845130
1347.000000 0.778945
1348.000000 0.724289
1349.000000 0.685752
1350.000000 0.650005
1351.000000 0.589391
1352.000000 0.587625
1353.000000 0.628350
1354.000000 0.663492
1355.000000 0.752356
1356.000000 0.797139
1357.000000 0.808429
1358.000000 0.795597
1359.000000 0.653394
1360.000000 0.615810
1361.000000 0.572481
1362.000000 0.615675
1363.000000 0.668789
1364.000000 0.661512
1365.000000 0.684702
1366.000000 0.724875
1367.000000 0.802949
1368.000000 0.708291
1369.000000 0.639435
1370.000000 0.692637
1371.000000 0.662797
1372.000000 0.707228
1373.000000 0.725050
1374.000000 0.766325
1375.000000 0.769228
1376.000000 0.731529
1377.000000 0.754629
1378.000000 0.705616
1379.000000 0.731401
1380.000000 0.686262
1381.000000 0.690116
1382.000000 0.615441
1383.000000 0.642187
1384.000000 0.650081
1385.000000 0.646951
1386.000000 0.671669
1387.000000 0.701044
1388.000000 0.771568
1389.000000 0.758779
1390.000000 0.689563
1391.000000 0.660489
1392.000000 0.696721
1393.000000 0.656919
1394.000000 0.668637
1395.000000 0.642908
1396.000000 0.667562
1397.000000 0.770237
1398.000000 0.787041
1399.000000 0.704892
1400.000000 0.694019
1401.000000 0.699772
1402.000000 0.685665
1403.000000 0.655679
1404.000000 0.679472
1405.000000 0.674270
1406.000000 0.731643
1407.000000 0.738774
1408.000000 0.742322
1409.000000 0.707984
1410.000000 0.621999
1411.000000 0.617681
1412.000000 0.670165
1413.000000 0.745967
1414.000000 0.761859
1415.000000 0.685388
1416.000000 0.668540
1417.000000 0.711135
1418.000000 0.662522
1419.000000 0.703511
1420.000000 0.691821
1421.000000 0.726693
1422.000000 0.717432
1423.000000 0.727711
1424.000000 0.734497
1425.000000 0.732388
1426.000000 0.632770
1427.000000 0.704711
1428.000000 0.646300
1429.000000 0.680568
1430.000000 0.654020
1431.000000 0.634779
1432.000000 0.719901
1433.000000 0.692998
1434.000000 0.723126
1435.000000 0.749366
1436.000000 0.736718
1437.000000 0.727201
1438.000000 0.688618
1439.000000 0.666957
1440.000000 0.677428
1441.000000 0.651137
1442.000000 0.658403
1443.000000 0.632349
1444.000000 0.625866
1445.000000 0.694849
1446.000000 0.736534
1447.000000 0.723109
1448.000000 0.670616
1449.000000 0.661813
1450.000000 0.708399
1451.000000 0.732228
1452.000000 0.696071
1453.000000 0.760659
1454.000000 0.768750
1455.000000 0.794184
1456.000000 0.709813
1457.000000 0.738541
1458.000000 0.726335
1459.000000 0.700190
1460.000000 0.663999
1461.000000 0.663584
1462.000000 0.698904
1463.000000 0.698064
1464.000000 0.696355
1465.000000 0.720915
1466.000000 0.743247
1467.000000 0.701315
1468.000000 0.648173
1469.000000 0.618887
1470.000000 0.631656
1471.000000 0.671750
1472.000000 0.736569
1473.000000 0.757132
1474.000000 0.753475
1475.000000 0.727920
1476.000000 0.685762
1477.000000 0.656447
1478.000000 0.616672
1479.000000 0.618380
1480.000000 0.689532
1481.000000 0.671805
1482.000000 0.732057
1483.000000 0.738786
1484.000000 0.759240
1485.000000 0.712383
1486.000000 0.752375
1487.000000 0.692866
1488.000000 0.701841
1489.000000 0.700137
1490.000000 0.721244
1491.000000 0.718483
1492.000000 0.721145
1493.000000 0.711309
1494.000000 0.632175
1495.000000 0.630725
1496.000000 0.661806
1497.000000 0.623310
1498.000000 0.625509
1499.000000 0.635890
1500.000000 0.698281
1501.000000 1.935995
1502.000000 2.615567
1503.000000 2.863503
1504.000000 2.829770
1505.000000 2.626802
1506.000000 2.314155
1507.000000 1.863402
1508.000000 1.554455
1509.000000 1.274040
1510.000000 1.154005
1511.000000 1.016997
1512.000000 0.978436
1513.000000 1.097721
1514.000000 1.178386
1515.000000 1.283545
1516.000000 1.351870
1517.000000 1.381829
1518.000000 1.394761
1519.000000 1.389759
1520.000000 1.399437
1521.000000 1.306471
1522.000000 1.318587
1523.000000 1.278873
1524.000000 1.269340
1525.000000 1.207644
1526.000000 1.164477
1527.000000 1.148676
1528.000000 1.148510
1529.000000 1.262178
1530.000000 1.278120
1531.000000 1.308435
1532.000000 1.331474
1533.000000 1.312208
1534.000000 1.308214
1535.000000 1.312416
1536.000000 1.294931
1537.000000 1.280379
1538.000000 1.256465
1539.000000 1.214907
1540.000000 1.178023
1541.000000 1.198112
1542.000000 1.239751
1543.000000 1.256393
1544.000000 1.208237
1545.000000 1.169342
1546.000000 1.229123
1547.000000 1.214842
1548.000000 1.239449
1549.000000 1.260425
1550.000000 1.242042
1551.000000 1.289368
1552.000000 1.303165
1553.000000 1.280184
1554.000000 1.317622
1555.000000 1.276585
1556.000000 1.271253
1557.000000 1.264367
1558.000000 1.229371
1559.000000 1.178725
1560.000000 1.156013
1561.000000 1.072186
1562.000000 1.122365
1563.000000 1.191997
1564.000000 1.209573
1565.000000 1.229755
1566.000000 1.290954
1567.000000 1.311665
1568.000000 1.351492
1569.000000 1.324292
1570.000000 1.296927
1571.000000 1.184655
1572.000000 1.161003
1573.000000 1.214580
1574.000000 1.273136
1575.000000 1.290169
1576.000000 1.254521
1577.000000 1.182480
1578.000000 1.225321
1579.000000 1.237518
1580.000000 1.301475
1581.000000 1.235350
1582.000000 1.218197
1583.000000 1.196687
1584.000000 1.197669
1585.000000 1.299500
1586.000000 1.248894
1587.000000 1.267532
1588.000000 1.280096
1589.000000 1.291036
1590.000000 1.240437
1591.000000 1.165617
1592.000000 1.158808
1593.000000 1.141715
1594.000000 1.229791
1595.000000 1.321324
1596.000000 1.347881
1597.000000 1.376873
1598.000000 1.370527
1599.000000 1.329995
1600.000000 1.318656
1601.000000 1.271179
1602.000000 1.212818
1603.000000 1.163571
1604.000000 1.171592
1605.000000 1.175910
1606.000000 1.183797
1607.000000 1.208158
1608.000000 1.198764
1609.000000 1.258285
1610.000000 1.246450
1611.000000 1.209453
1612.000000 1.175378
1613.000000 1.234031
1614.000000 1.247721
1615.000000 1.307465
1616.000000 1.283666
1617.000000 1.342104
1618.000000 1.366314
1619.000000 1.340668
1620.000000 1.334116
1621.000000 1.228737
1622.000000 1.180933
1623.000000 1.112544
1624.000000 1.112609
1625.000000 1.120838
1626.000000 1.202357
1627.000000 1.208821
1628.000000 1.254347
1629.000000 1.300972
1630.000000 1.269781
1631.000000 1.257723
1632.000000 1.265053
1633.000000 1.259898
1634.000000 1.276173
1635.000000 1.291337
1636.000000 1.266267
1637.000000 1.262711
1638.000000 1.256159
1639.000000 1.229320
1640.000000 1.239099
1641.000000 1.237431
1642.000000 1.176900
1643.000000 1.274477
1644.000000 1.281896
1645.000000 1.316320
1646.000000 1.202050
1647.000000 1.208281
1648.000000 1.152266
1649.000000 1.181182
1650.000000 1.206102
1651.000000 1.274682
1652.000000 1.323311
1653.000000 1.310405
1654.000000 1.311123
1655.000000 1.204803
1656.000000 1.248197
1657.000000 1.179906
1658.000000 1.187166
1659.000000 1.214967
1660.000000 1.268831
1661.000000 1.304098
1662.000000 1.309061
1663.000000 1.328514
1664.000000 1.231511
1665.000000 1.244437
1666.000000 1.253535
1667.000000 1.228739
1668.000000 1.209994
1669.000000 1.240386
1670.000000 1.244223
1671.000000 1.223765
1672.000000 1.168891
1673.000000 1.198856
1674.000000 1.185483
1675.000000 1.274729
1676.000000 1.283762
1677.000000 1.275375
1678.000000 1.347664
1679.000000 1.290333
1680.000000 1.283691
1681.000000 1.267272
1682.000000 1.184660
1683.000000 1.168492
1684.000000 1.188423
1685.000000 1.212606
1686.000000 1.271044
1687.000000 1.289647
1688.000000 1.224378
1689.000000 1.156443
1690.000000 1.156329
1691.000000 1.224449
1692.000000 1.240782
1693.000000 1.282018
1694.000000 1.309192
1695.000000 1.272116
1696.000000 1.206632
1697.000000 1.213066
1698.000000 1.201852
1699.000000 1.263359
1700.000000 1.281271
1701.000000 1.299785
1702.000000 1.249077
1703.000000 1.271479
1704.000000 1.264905
1705.000000 1.241554
1706.000000 1.254846
1707.000000 1.276549
1708.000000 1.273229
1709.000000 1.278570
1710.000000 1.267372
1711.000000 1.213328
1712.000000 1.210184
1713.000000 1.175909
1714.000000 1.242873
1715.000000 1.241780
1716.000000 1.287541
1717.000000 1.266847
1718.000000 1.291830
1719.000000 1.249430
1720.000000 1.200550
1721.000000 1.210369
1722.000000 1.200535
1723.000000 1.185618
1724.000000 1.182692
1725.000000 1.213193
1726.000000 1.303348
1727.000000 1.315893
1728.000000 1.368598
1729.000000 1.325142
1730.000000 1.247541
1731.000000 1.197141
1732.000000 1.096476
1733.000000 1.143828
1734.000000 1.151663
1735.000000 1.207473
1736.000000 1.284289
1737.000000 1.303615
1738.000000 1.338568
1739.000000 1.348439
1740.000000 1.333357
1741.000000 1.292323
1742.000000 1.153423
1743.000000 1.177519
1744.000000 1.202032
1745.000000 1.242790
1746.000000 1.240565
1747.000000 1.199913
1748.000000 1.266084
1749.000000 1.346630
1750.000000 1.314663
1751.000000 1.238709
1752.000000 1.290774
1753.000000 1.221563
1754.000000 1.167727
1755.000000 1.152819
1756.000000 1.237556
1757.000000 1.244771
1758.000000 1.226094
1759.000000 1.200468
1760.000000 1.200341
1761.000000 1.209635
1762.000000 1.201118
1763.000000 1.280315
1764.000000 1.256812
1765.000000 1.342491
1766.000000 1.314479
1767.000000 1.286883
1768.000000 1.226570
1769.000000 1.252761
1770.000000 1.235864
1771.000000 1.186056
1772.000000 1.186899
1773.000000 1.184978
1774.000000 1.230929
1775.000000 1.276737
1776.000000 1.253195
1777.000000 1.252878
1778.000000 1.228297
1779.000000 1.271786
1780.000000 1.276036
1781.000000 1.242626
1782.000000 1.288820
1783.000000 1.257671
1784.000000 1.248687
1785.000000 1.191257
1786.000000 1.148874
1787.000000 1.158098
1788.000000 1.256387
1789.000000 1.347217
1790.000000 1.389313
1791.000000 1.325618
1792.000000 1.310556
1793.000000 1.303174
1794.000000 1.260697
1795.000000 1.218177
1796.000000 1.227185
1797.000000 1.198084
1798.000000 1.225662
1799.000000 1.230018
1800.000000 1.184615
1801.000000 1.209357
1802.000000 1.229770
1803.000000 1.183237
1804.000000 1.169369
1805.000000 1.183030
1806.000000 1.218364
1807.000000 1.286765
1808.000000 1.316603
1809.000000 1.284673
1810.000000 1.278009
1811.000000 1.284160
1812.000000 1.199218
1813.000000 1.231797
1814.000000 1.249016
1815.000000 1.272902
1816.000000 1.343279
1817.000000 1.275144
1818.000000 1.218480
1819.000000 1.183049
1820.000000 1.230731
1821.000000 1.270815
1822.000000 1.219429
1823.000000 1.239473
1824.000000 1.191231
1825.000000 1.254952
1826.000000 1.228364
1827.000000 1.268637
1828.000000 1.274766
1829.000000 1.283586
1830.000000 1.219830
1831.000000 1.187800
1832.000000 1.193370
1833.000000 1.171265
1834.000000 1.244057
1835.000000 1.314230
1836.000000 1.294783
1837.000000 1.284311
1838.000000 1.260114
1839.000000 1.284274
1840.000000 1.234297
1841.000000 1.204811
1842.000000 1.247929
1843.000000 1.240301
1844.000000 1.200648
1845.000000 1.210775
1846.000000 1.155574
1847.000000 1.206503
1848.000000 1.244991
1849.000000 1.317680
1850.000000 1.313966
1851.000000 1.279988
1852.000000 1.207238
1853.000000 1.249957
1854.000000 1.256423
1855.000000 1.254794
1856.000000 1.236423
1857.000000 1.223940
1858.000000 1.190580
1859.000000 1.196438
1860.000000 1.247726
1861.000000 1.188685
1862.000000 1.258734
1863.000000 1.261561
1864.000000 1.243769
1865.000000 1.219681
1866.000000 1.286329
1867.000000 1.309990
1868.000000 1.337530
1869.000000 1.312529
1870.000000 1.289926
1871.000000 1.305285
1872.000000 1.246244
1873.000000 1.205273
1874.000000 1.193104
1875.000000 1.207056
1876.000000 1.222543
1877.000000 1.294677
1878.000000 1.304848
1879.000000 1.300582
1880.000000 1.244552
1881.000000 1.201784
1882.000000 1.197634
1883.000000 1.164214
1884.000000 1.166330
1885.000000 1.154630
1886.000000 1.197750
1887.000000 1.230968
1888.000000 1.240845
1889.000000 1.268324
1890.000000 1.246897
1891.000000 1.293879
1892.000000 1.275787
1893.000000 1.284550
1894.000000 1.259044
1895.000000 1.283957
1896.000000 1.241699
1897.000000 1.320603
1898.000000 1.301682
1899.000000 1.194681
1900.000000 1.134475
1901.000000 1.154784
1902.000000 1.234555
1903.000000 1.272796
1904.000000 1.297318
1905.000000 1.268508
1906.000000 1.213296
1907.000000 1.233568
1908.000000 1.240333
1909.000000 1.256159
1910.000000 1.212118
1911.000000 1.240237
1912.000000 1.242007
1913.000000 1.293069
1914.000000 1.257217
1915.000000 1.299290
1916.000000 1.260297
1917.000000 1.283803
1918.000000 1.149290
1919.000000 1.168565
1920.000000 1.220682
1921.000000 1.253594
1922.000000 1.226399
1923.000000 1.241432
1924.000000 1.316105
1925.000000 1.282376
1926.000000 1.283055
1927.000000 1.288682
1928.000000 1.219762
1929.000000 1.215973
1930.000000 1.243954
1931.000000 1.185993
1932.000000 1.173358
1933.000000 1.243722
1934.000000 1.255869
1935.000000 1.249507
1936.000000 1.280627
1937.000000 1.265096
1938.000000 1.276859
1939.000000 1.269257
1940.000000 1.291693
1941.000000 1.221297
1942.000000 1.203363
1943.000000 1.208130
1944.000000 1.216147
1945.000000 1.186082
1946.000000 1.223277
1947.000000 1.271807
1948.000000 1.273273
1949.000000 1.248899
1950.000000 1.268253
1951.000000 1.313926
1952.000000 1.352187
1953.000000 1.337770
1954.000000 1.222110
1955.000000 1.162832
1956.000000 1.199428
1957.000000 1.204206
1958.000000 1.198562
1959.000000 1.225059
1960.000000 1.222938
1961.000000 1.267787
1962.000000 1.297890
1963.000000 1.309843
1964.000000 1.254969
1965.000000 1.245587
1966.000000 1.234727
1967.000000 1.220556
1968.000000 1.241525
1969.000000 1.239211
1970.000000 1.206842
1971.000000 1.174410
1972.000000 1.194495
1973.000000 1.211254
1974.000000 1.263593
1975.000000 1.283915
1976.000000 1.295183
1977.000000 1.263617
1978.000000 1.262623
1979.000000 1.209940
1980.000000 1.252173
1981.000000 1.230365
1982.000000 1.257760
1983.000000 1.246775
1984.000000 1.239559
1985.000000 1.313065
1986.000000 1.284616
1987.000000 1.284108
1988.000000 1.173607
1989.000000 1.145098
1990.000000 1.175452
1991.000000 1.223246
1992.000000 1.253150
1993.000000 1.252589
1994.000000 1.231874
1995.000000 1.257665
1996.000000 1.238872
1997.000000 1.266737
1998.000000 1.227602
1999.000000 1.263039
2000.000000 1.303945
2001.000000 1.252896
2002.000000 1.223548
2003.000000 1.243486
2004.000000 1.271539
2005.000000 1.221910
2006.000000 1.238982
2007.000000 1.234201
2008.000000 1.212581
2009.000000 1.232729
2010.000000 1.276490
2011.000000 1.290808
2012.000000 1.243204
2013.000000 1.267666
2014.000000 1.219269
2015.000000 1.240750
2016.000000 1.270471
2017.000000 1.291155
2018.000000 1.242492
2019.000000 1.221059
2020.000000 1.211610
2021.000000 1.273115
2022.000000 1.218438
2023.000000 1.230322
2024.000000 1.214973
2025.000000 1.188867
2026.000000 1.260431
2027.000000 1.245733
2028.000000 1.310063
2029.000000 1.352317
2030.000000 1.266229
2031.000000 1.244057
2032.000000 1.198339
2033.000000 1.237267
2034.000000 1.211671
2035.000000 1.236748
2036.000000 1.213607
2037.000000 1.253393
2038.000000 1.235770
2039.000000 1.146746
2040.000000 1.159581
2041.000000 1.219241
2042.000000 1.272582
2043.000000 1.343696
2044.000000 1.319394
2045.000000 1.271385
2046.000000 1.221342
2047.000000 1.247103
2048.000000 1.231827
2049.000000 1.225251
2050.000000 1.227784
2051.000000 1.263747
2052.000000 1.291662
2053.000000 1.276501
2054.000000 1.274118
2055.000000 1.266323
2056.000000 1.228533
2057.000000 1.194367
2058.000000 1.198776
2059.000000 1.200650
2060.000000 1.179872
2061.000000 1.233411
2062.000000 1.241173
2063.000000 1.252741
2064.000000 1.276093
2065.000000 1.288267
2066.000000 1.288856
2067.000000 1.300332
2068.000000 1.224628
2069.000000 1.226714
2070.000000 1.247622
2071.000000 1.256139
2072.000000 1.199641
2073.000000 1.269542
2074.000000 1.240382
2075.000000 1.221817
2076.000000 1.198844
2077.000000 1.263489
2078.000000 1.208427
2079.000000 1.243285
2080.000000 1.236738
2081.000000 1.278726
2082.000000 1.280674
2083.000000 1.316529
2084.000000 1.299725
2085.000000 1.295049
2086.000000 1.261708
2087.000000 1.214348
2088.000000 1.193974
2089.000000 1.153392
2090.000000 1.171720
2091.000000 1.287318
2092.000000 1.292575
2093.000000 1.242841
2094.000000 1.195980
2095.000000 1.143263
2096.000000 1.218679
2097.000000 1.192874
2098.000000 1.232753
2099.000000 1.236994
2100.000000 1.265448
2101.000000 1.280082
2102.000000 1.285546
2103.000000 1.309178
2104.000000 1.378882
2105.000000 1.371490
2106.000000 1.358483
2107.000000 1.286728
2108.000000 1.300131
2109.000000 1.201889
2110.000000 1.119576
2111.000000 1.151974
2112.000000 1.147088
2113.000000 1.186309
2114.000000 1.205097
2115.000000 1.191217
2116.000000 1.229126
2117.000000 1.260460
2118.000000 1.304672
2119.000000 1.281158
2120.000000 1.251855
2121.000000 1.234723
2122.000000 1.216079
2123.000000 1.195103
2124.000000 1.173606
2125.000000 1.226691
2126.000000 1.247005
2127.000000 1.254622
2128.000000 1.266904
2129.000000 1.264183
2130.000000 1.310691
2131.000000 1.271449
2132.000000 1.280903
2133.000000 1.264461
2134.000000 1.184986
2135.000000 1.205237
2136.000000 1.202434
2137.000000 1.316532
2138.000000 1.264843
2139.000000 1.208828
2140.000000 1.258787
2141.000000 1.263215
2142.000000 1.293571
2143.000000 1.328093
2144.000000 1.326257
2145.000000 1.276328
2146.000000 1.222650
2147.000000 1.163611
2148.000000 1.170782
2149.000000 1.182591
2150.000000 1.140819
2151.000000 1.204901
2152.000000 1.255656
2153.000000 1.260408
2154.000000 1.251757
2155.000000 1.257707
2156.000000 1.267293
2157.000000 1.291162
2158.000000 1.231541
2159.000000 1.228945
2160.000000 1.206384
2161.000000 1.191828
2162.000000 1.199975
2163.000000 1.303457
2164.000000 1.269604
2165.000000 1.301975
2166.000000 1.279838
2167.000000 1.269749
2168.000000 1.318322
2169.000000 1.223195
2170.000000 1.211715
2171.000000 1.178719
2172.000000 1.207751
2173.000000 1.209663
2174.000000 1.230943
2175.000000 1.261162
2176.000000 1.236776
2177.000000 1.260955
2178.000000 1.301921
2179.000000 1.273231
2180.000000 1.292851
2181.000000 1.283506
2182.000000 1.280044
2183.000000 1.210911
2184.000000 1.195883
2185.000000 1.234384
2186.000000 1.241248
2187.000000 1.217365
2188.000000 1.223147
2189.000000 1.245777
2190.000000 1.322466
2191.000000 1.326603
2192.000000 1.279164
2193.000000 1.296135
2194.000000 1.253426
2195.000000 1.230381
2196.000000 1.206717
2197.000000 1.207187
2198.000000 1.158741
2199.000000 1.219496
2200.000000 1.181651
2201.000000 1.210981
2202.000000 1.224017
2203.000000 1.212357
2204.000000 1.217237
2205.000000 1.126623
2206.000000 1.241641
2207.000000 1.240047
2208.000000 1.248366
2209.000000 1.252572
2210.000000 1.272844
2211.000000 1.283407
2212.000000 1.388341
2213.000000 1.319712
2214.000000 1.284903
2215.000000 1.217853
2216.000000 1.226424
2217.000000 1.222253
2218.000000 1.221643
2219.000000 1.274722
2220.000000 1.205327
2221.000000 1.294876
2222.000000 1.264296
2223.000000 1.283807
2224.000000 1.227304
2225.000000 1.212684
2226.000000 1.286367
2227.000000 1.207587
2228.000000 1.238317
2229.000000 1.264643
2230.000000 1.276965
2231.000000 1.232794
2232.000000 1.221745
2233.000000 1.305925
2234.000000 1.216117
2235.000000 1.219275
2236.000000 1.160406
2237.000000 1.148713
2238.000000 1.171160
2239.000000 1.202901
2240.000000 1.198899
2241.000000 1.296576
2242.000000 1.331341
2243.000000 1.375317
2244.000000 1.347598
2245.000000 1.347003
2246.000000 1.236424
2247.000000 1.195871
2248.000000 1.152237
2249.000000 1.140789
2250.000000 1.112774
2251.000000 1.190021
2252.000000 1.283508
2253.000000 1.343563
2254.000000 1.312203
2255.000000 1.287999
2256.000000 1.260728
2257.000000 1.241181
2258.000000 1.238874
2259.000000 1.282611
2260.000000 1.248712
2261.000000 1.181072
2262.000000 1.229342
2263.000000 1.193483
2264.000000 1.176107
2265.000000 1.230889
2266.000000 1.250590
2267.000000 1.268464
2268.000000 1.234449
2269.000000 1.216474
2270.000000 1.242374
2271.000000 1.258477
2272.000000 1.293082
2273.000000 1.281430
2274.000000 1.338778
2275.000000 1.285498
2276.000000 1.186510
2277.000000 1.154054
2278.000000 1.231391
2279.000000 1.205684
2280.000000 1.291150
2281.000000 1.233985
2282.000000 1.258877
2283.000000 1.313610
2284.000000 1.328998
2285.000000 1.289769
2286.000000 1.214879
2287.000000 1.229619
2288.000000 1.253856
2289.000000 1.256007
2290.000000 1.203012
2291.000000 1.166492
2292.000000 1.184022
2293.000000 1.159946
2294.000000 1.208919
2295.000000 1.216739
2296.000000 1.291562
2297.000000 1.292595
2298.000000 1.290167
2299.000000 1.300871
2300.000000 1.295144
2301.000000 1.253101
2302.000000 1.205747
2303.000000 1.247362
2304.000000 1.258219
2305.000000 1.204743
2306.000000 1.191592
2307.000000 1.141417
2308.000000 1.214213
2309.000000 1.253914
2310.000000 1.289406
2311.000000 1.304653
2312.000000 1.261458
2313.000000 1.238220
2314.000000 1.110178
2315.000000 1.136036
2316.000000 1.278464
2317.000000 1.339330
2318.000000 1.343213
2319.000000 1.348579
2320.000000 1.335968
2321.000000 1.308952
2322.000000 1.276166
2323.000000 1.291117
2324.000000 1.236233
2325.000000 1.235089
2326.000000 1.183500
2327.000000 1.258911
2328.000000 1.216163
2329.000000 1.207099
2330.000000 1.177656
2331.000000 1.201615
2332.000000 1.247294
2333.000000 1.241436
2334.000000 1.227859
2335.000000 1.253730
2336.000000 1.281164
2337.000000 1.274743
2338.000000 1.301193
2339.000000 1.313602
2340.000000 1.320488
2341.000000 1.233984
2342.000000 1.176415
2343.000000 1.145646
2344.000000 1.036592
2345.000000 1.085302
2346.000000 1.126662
2347.000000 1.224817
2348.000000 1.341184
2349.000000 1.310311
2350.000000 1.295704
2351.000000 1.284810
2352.000000 1.362225
2353.000000 1.304725
2354.000000 1.263565
2355.000000 1.163613
2356.000000 1.185761
2357.000000 1.233859
2358.000000 1.279254
2359.000000 1.287235
2360.000000 1.290030
2361.000000 1.240125
2362.000000 1.164505
2363.000000 1.232995
2364.000000 1.245740
2365.000000 1.268939
2366.000000 1.321637
2367.000000 1.285514
2368.000000 1.288569
2369.000000 1.269835
2370.000000 1.198665
2371.000000 1.171773
2372.000000 1.200349
2373.000000 1.184004
2374.000000 1.225066
2375.000000 1.256824
2376.000000 1.269406
2377.000000 1.307261
2378.000000 1.296661
2379.000000 1.291624
2380.000000 1.265575
2381.000000 1.238238
2382.000000 1.149209
2383.000000 1.138817
2384.000000 1.186844
2385.000000 1.190086
2386.000000 1.207069
2387.000000 1.212871
2388.000000 1.263711
2389.000000 1.343548
2390.000000 1.316112
2391.000000 1.296957
2392.000000 1.311677
2393.000000 1.222416
2394.000000 1.239044
2395.000000 1.193690
2396.000000 1.249557
2397.000000 1.200561
2398.000000 1.233059
2399.000000 1.263677
2400.000000 1.242023
2401.000000 1.265500
2402.000000 1.201417
2403.000000 1.171359
2404.000000 1.208830
2405.000000 1.163210
2406.000000 1.256366
2407.000000 1.313804
2408.000000 1.378297
2409.000000 1.397478
2410.000000 1.325732
2411.000000 1.296225
2412.000000 1.215736
2413.000000 1.183237
2414.000000 1.192292
2415.000000 1.202558
2416.000000 1.237874
2417.000000 1.223587
2418.000000 1.237925
2419.000000 1.209678
2420.000000 1.326323
2421.000000 1.227263
2422.000000 1.268969
2423.000000 1.207653
2424.000000 1.278440
2425.000000 1.231503
2426.000000 1.261278
2427.000000 1.158471
2428.000000 1.181801
2429.000000 1.199201
2430.000000 1.254860
2431.000000 1.278896
2432.000000 1.272876
2433.000000 1.271545
2434.000000 1.269351
2435.000000 1.303742
2436.000000 1.309589
2437.000000 1.251332
2438.000000 1.207305
2439.000000 1.220906
2440.000000 1.152680
2441.000000 1.176845
2442.000000 1.144089
2443.000000 1.225184
2444.000000 1.203399
2445.000000 1.244936
2446.000000 1.255967
2447.000000 1.332460
2448.000000 1.328142
2449.000000 1.249697
2450.000000 1.252546
2451.000000 1.247025
2452.000000 1.226254
2453.000000 1.211550
2454.000000 1.231027
2455.000000 1.245098
2456.000000 1.240376
2457.000000 1.258660
2458.000000 1.304927
2459.000000 1.260204
2460.000000 1.256042
2461.000000 1.246683
2462.000000 1.213175
2463.000000 1.290762
2464.000000 1.228630
2465.000000 1.237941
2466.000000 1.218246
2467.000000 1.203062
2468.000000 1.285922
2469.000000 1.209173
2470.000000 1.245184
2471.000000 1.323988
2472.000000 1.361316
2473.000000 1.274993
2474.000000 1.228257
2475.000000 1.208105
2476.000000 1.195623
2477.000000 1.229458
2478.000000 1.203970
2479.000000 1.234039
2480.000000 1.226046
2481.000000 1.183358
2482.000000 1.191945
2483.000000 1.174149
2484.000000 1.190275
2485.000000 1.239023
2486.000000 1.286277
2487.000000 1.290528
2488.000000 1.346002
2489.000000 1.333329
2490.000000 1.295307
2491.000000 1.249949
2492.000000 1.254119
2493.000000 1.231997
2494.000000 1.224430
2495.000000 1.257256
2496.000000 1.275129
2497.000000 1.272530
2498.000000 1.209214
2499.000000 1.181636
2500.000000 1.149610
