1.000000 0.000000
2.000000 0.000000
3.000000 0.000000
4.000000 0.000000
5.000000 0.000000
6.000000 0.000000
7.000000 0.000000
8.000000 0.000000
9.000000 0.000000
10.000000 0.000000
11.000000 0.000000
12.000000 0.000000
13.000000 0.000000
14.000000 0.000000
15.000000 0.000000
16.000000 0.000000
17.000000 0.000000
18.000000 0.000000
19.000000 0.000000
20.000000 0.000000
21.000000 0.000000
22.000000 0.000000
23.000000 0.000000
24.000000 0.000000
25.000000 0.000000
26.000000 0.000000
27.000000 0.000000
28.000000 0.000000
29.000000 0.000000
30.000000 0.000000
31.000000 0.000000
32.000000 0.000000
33.000000 0.000000
34.000000 0.000000
35.000000 0.000000
36.000000 0.000000
37.000000 0.000000
38.000000 0.000000
39.000000 0.000000
40.000000 0.000000
41.000000 0.000000
42.000000 0.000000
43.000000 0.000000
44.000000 0.000000
45.000000 0.000000
46.000000 0.000000
47.000000 0.000000
48.000000 0.000000
49.000000 0.000000
50.000000 0.000000
51.000000 0.000000
52.000000 0.000000
53.000000 0.000000
54.000000 0.000000
55.000000 0.000000
56.000000 0.000000
57.000000 0.000000
58.000000 0.000000
59.000000 0.000000
60.000000 0.000000
61.000000 0.000000
62.000000 0.000000
63.000000 0.000000
64.000000 0.000000
65.000000 0.000000
66.000000 0.000000
67.000000 0.000000
68.000000 0.000000
69.000000 0.000000
70.000000 0.000000
71.000000 0.000000
72.000000 0.000000
73.000000 0.000000
74.000000 0.000000
75.000000 0.000000
76.000000 0.000000
77.000000 0.000000
78.000000 0.000000
79.000000 0.000000
80.000000 0.000000
81.000000 0.717356
82.000000 0.724287
83.000000 0.731146
84.000000 0.737931
85.000000 0.744643
86.000000 0.751280
87.000000 0.757843
88.000000 0.764329
89.000000 0.770739
90.000000 0.777072
91.000000 0.783327
92.000000 0.789504
93.000000 0.795602
94.000000 0.801620
95.000000 0.807558
96.000000 0.813416
97.000000 0.819192
98.000000 0.824886
99.000000 0.830497
100.000000 0.836026
101.000000 0.841471
102.000000 0.846832
103.000000 0.852108
104.000000 0.857299
105.000000 0.862404
106.000000 0.867423
107.000000 0.872355
108.000000 0.877201
109.000000 0.881958
110.000000 0.886627
111.000000 0.891207
112.000000 0.895699
113.000000 0.900100
114.000000 0.904412
115.000000 0.908633
116.000000 0.912764
117.000000 0.916803
118.000000 0.920751
119.000000 0.924606
120.000000 0.928369
121.000000 0.932039
122.000000 0.935616
123.000000 0.939099
124.000000 0.942489
125.000000 0.945784
126.000000 0.948985
127.000000 0.952090
128.000000 0.955101
129.000000 0.958016
130.000000 0.960835
131.000000 0.963558
132.000000 0.966185
133.000000 0.968715
134.000000 0.971148
135.000000 0.973485
136.000000 0.975723
137.000000 0.977865
138.000000 0.979908
139.000000 0.981854
140.000000 0.983701
141.000000 0.985450
142.000000 0.987100
143.000000 0.988652
144.000000 0.990105
145.000000 0.991458
146.000000 0.992713
147.000000 0.993868
148.000000 0.994924
149.000000 0.995881
150.000000 0.996738
151.000000 0.997495
152.000000 0.998152
153.000000 0.998710
154.000000 0.999168
155.000000 0.999526
156.000000 0.999784
157.000000 0.999942
158.000000 1.000000
159.000000 0.999958
160.000000 0.999816
161.000000 0.999574
162.000000 0.999232
163.000000 0.998790
164.000000 0.998248
165.000000 0.997606
166.000000 0.996865
167.000000 0.996024
168.000000 0.995083
169.000000 0.994043
170.000000 0.992904
171.000000 0.991665
172.000000 0.990327
173.000000 0.988890
174.000000 0.987354
175.000000 0.985719
176.000000 0.983986
177.000000 0.982154
178.000000 0.980224
179.000000 0.978197
180.000000 0.976071
181.000000 0.973848
182.000000 0.971527
183.000000 0.969109
184.000000 0.966594
185.000000 0.963983
186.000000 0.961275
187.000000 0.958471
188.000000 0.955572
189.000000 0.952576
190.000000 0.949486
191.000000 0.946300
192.000000 0.943020
193.000000 0.939645
194.000000 0.936177
195.000000 0.932615
196.000000 0.928960
197.000000 0.925212
198.000000 0.921371
199.000000 0.917438
200.000000 0.913413
201.000000 0.909297
202.000000 0.905091
203.000000 0.900793
204.000000 0.896406
205.000000 0.891929
206.000000 0.887362
207.000000 0.882707
208.000000 0.877964
209.000000 0.873133
210.000000 0.868215
211.000000 0.863209
212.000000 0.858118
213.000000 0.852940
214.000000 0.847678
215.000000 0.842330
216.000000 0.836899
217.000000 0.831383
218.000000 0.825785
219.000000 0.820104
220.000000 0.814341
221.000000 0.808496
222.000000 0.802571
223.000000 0.796565
224.000000 0.790480
225.000000 0.784316
226.000000 0.778073
227.000000 0.771753
228.000000 0.765355
229.000000 0.758881
230.000000 0.752331
231.000000 0.745705
232.000000 0.739005
233.000000 0.732231
234.000000 0.725384
235.000000 0.718465
236.000000 0.711473
237.000000 0.704411
238.000000 0.697278
239.000000 0.690075
240.000000 0.682803
241.000000 0.675463
242.000000 0.668056
243.000000 0.660581
244.000000 0.653041
245.000000 0.645435
246.000000 0.637765
247.000000 0.630031
248.000000 0.622234
249.000000 0.614374
250.000000 0.606454
251.000000 0.598472
252.000000 0.590431
253.000000 0.582331
254.000000 0.574172
255.000000 0.565956
256.000000 0.557684
257.000000 0.549355
258.000000 0.540972
259.000000 0.532535
260.000000 0.524044
261.000000 0.515501
262.000000 0.506907
263.000000 0.498262
264.000000 0.489567
265.000000 0.480823
266.000000 0.472031
267.000000 0.463191
268.000000 0.454306
269.000000 0.445375
270.000000 0.436399
271.000000 0.427380
272.000000 0.418318
273.000000 0.409214
274.000000 0.400069
275.000000 0.390885
276.000000 0.381661
277.000000 0.372399
278.000000 0.363100
279.000000 0.353764
280.000000 0.344393
281.000000 0.334988
282.000000 0.325549
283.000000 0.316078
284.000000 0.306575
285.000000 0.297041
286.000000 0.287478
287.000000 0.277886
288.000000 0.268266
289.000000 0.258619
290.000000 0.248947
291.000000 0.239249
292.000000 0.229528
293.000000 0.219784
294.000000 0.210017
295.000000 0.200230
296.000000 0.190423
297.000000 0.180596
298.000000 0.170752
299.000000 0.160890
300.000000 0.151013
301.000000 0.141120
302.000000 0.131213
303.000000 0.121293
304.000000 0.111361
305.000000 0.101418
306.000000 0.091465
307.000000 0.081502
308.000000 0.071532
309.000000 0.061554
310.000000 0.051570
311.000000 0.041581
312.000000 0.031587
313.000000 0.021591
314.000000 0.011592
315.000000 0.001593
316.000000 -0.008407
317.000000 -0.018406
318.000000 -0.028404
319.000000 -0.038398
320.000000 -0.048388
321.000000 -0.058374
322.000000 -0.068354
323.000000 -0.078327
324.000000 -0.088292
325.000000 -0.098249
326.000000 -0.108195
327.000000 -0.118131
328.000000 -0.128055
329.000000 -0.137966
330.000000 -0.147863
331.000000 -0.157746
332.000000 -0.167612
333.000000 -0.177462
334.000000 -0.187295
335.000000 -0.197108
336.000000 -0.206902
337.000000 -0.216675
338.000000 -0.226427
339.000000 -0.236155
340.000000 -0.245861
341.000000 -0.255541
342.000000 -0.265196
343.000000 -0.274825
344.000000 -0.284426
345.000000 -0.293998
346.000000 -0.303542
347.000000 -0.313054
348.000000 -0.322536
349.000000 -0.331985
350.000000 -0.341401
351.000000 -0.350783
352.000000 -0.360130
353.000000 -0.369441
354.000000 -0.378715
355.000000 -0.387951
356.000000 -0.397148
357.000000 -0.406306
358.000000 -0.415423
359.000000 -0.424498
360.000000 -0.433531
361.000000 -0.442520
362.000000 -0.451466
363.000000 -0.460366
364.000000 -0.469220
365.000000 -0.478027
366.000000 -0.486787
367.000000 -0.495497
368.000000 -0.504159
369.000000 -0.512769
370.000000 -0.521329
371.000000 -0.529836
372.000000 -0.538291
373.000000 -0.546691
374.000000 -0.555037
375.000000 -0.563327
376.000000 -0.571561
377.000000 -0.579738
378.000000 -0.587857
379.000000 -0.595917
380.000000 -0.603918
381.000000 -0.611858
382.000000 -0.619737
383.000000 -0.627554
384.000000 -0.635308
385.000000 -0.642999
386.000000 -0.650625
387.000000 -0.658186
388.000000 -0.665682
389.000000 -0.673111
390.000000 -0.680473
391.000000 -0.687766
392.000000 -0.694991
393.000000 -0.702146
394.000000 -0.709231
395.000000 -0.716246
396.000000 -0.723188
397.000000 -0.730058
398.000000 -0.736856
399.000000 -0.743579
400.000000 -0.750228
401.000000 -0.756802
402.000000 -0.763301
403.000000 -0.769723
404.000000 -0.776068
405.000000 -0.782336
406.000000 -0.788525
407.000000 -0.794636
408.000000 -0.800667
409.000000 -0.806618
410.000000 -0.812488
411.000000 -0.818277
412.000000 -0.823984
413.000000 -0.829609
414.000000 -0.835151
415.000000 -0.840609
416.000000 -0.845984
417.000000 -0.851273
418.000000 -0.856478
419.000000 -0.861597
420.000000 -0.866630
421.000000 -0.871576
422.000000 -0.876435
423.000000 -0.881206
424.000000 -0.885889
425.000000 -0.890484
426.000000 -0.894989
427.000000 -0.899405
428.000000 -0.903732
429.000000 -0.907967
430.000000 -0.912112
431.000000 -0.916166
432.000000 -0.920128
433.000000 -0.923998
434.000000 -0.927776
435.000000 -0.931461
436.000000 -0.935053
437.000000 -0.938551
438.000000 -0.941955
439.000000 -0.945266
440.000000 -0.948481
441.000000 -0.951602
442.000000 -0.954628
443.000000 -0.957558
444.000000 -0.960392
445.000000 -0.963131
446.000000 -0.965773
447.000000 -0.968319
448.000000 -0.970767
449.000000 -0.973119
450.000000 -0.975373
451.000000 -0.977530
452.000000 -0.979589
453.000000 -0.981550
454.000000 -0.983413
455.000000 -0.985178
456.000000 -0.986844
457.000000 -0.988411
458.000000 -0.989880
459.000000 -0.991249
460.000000 -0.992520
461.000000 -0.993691
462.000000 -0.994763
463.000000 -0.995735
464.000000 -0.996608
465.000000 -0.997381
466.000000 -0.998054
467.000000 -0.998628
468.000000 -0.999102
469.000000 -0.999476
470.000000 -0.999749
471.000000 -0.999923
472.000000 -0.999997
473.000000 -0.999971
474.000000 -0.999845
475.000000 -0.999619
476.000000 -0.999293
477.000000 -0.998867
478.000000 -0.998341
479.000000 -0.997715
480.000000 -0.996990
481.000000 -0.996165
482.000000 -0.995240
483.000000 -0.994216
484.000000 -0.993092
485.000000 -0.991869
486.000000 -0.990547
487.000000 -0.989125
488.000000 -0.987605
489.000000 -0.985986
490.000000 -0.984269
491.000000 -0.982453
492.000000 -0.980538
493.000000 -0.978526
494.000000 -0.976416
495.000000 -0.974208
496.000000 -0.971903
497.000000 -0.969501
498.000000 -0.967001
499.000000 -0.964405
500.000000 -0.961713
501.000000 -0.958924
502.000000 -0.956040
503.000000 -0.953060
504.000000 -0.949984
505.000000 -0.946814
506.000000 -0.943549
507.000000 -0.940189
508.000000 -0.936736
509.000000 -0.933189
510.000000 -0.929548
511.000000 -0.925815
512.000000 -0.921989
513.000000 -0.918070
514.000000 -0.914060
515.000000 -0.909959
516.000000 -0.905767
517.000000 -0.901484
518.000000 -0.897111
519.000000 -0.892648
520.000000 -0.888096
521.000000 -0.883455
522.000000 -0.878725
523.000000 -0.873908
524.000000 -0.869004
525.000000 -0.864012
526.000000 -0.858934
527.000000 -0.853771
528.000000 -0.848522
529.000000 -0.843188
530.000000 -0.837769
531.000000 -0.832267
532.000000 -0.826682
533.000000 -0.821014
534.000000 -0.815264
535.000000 -0.809433
536.000000 -0.803520
537.000000 -0.797527
538.000000 -0.791455
539.000000 -0.785303
540.000000 -0.779073
541.000000 -0.772764
542.000000 -0.766379
543.000000 -0.759917
544.000000 -0.753379
545.000000 -0.746765
546.000000 -0.740077
547.000000 -0.733315
548.000000 -0.726480
549.000000 -0.719572
550.000000 -0.712592
551.000000 -0.705540
552.000000 -0.698418
553.000000 -0.691227
554.000000 -0.683966
555.000000 -0.676637
556.000000 -0.669240
557.000000 -0.661776
558.000000 -0.654246
559.000000 -0.646651
560.000000 -0.638991
561.000000 -0.631267
562.000000 -0.623480
563.000000 -0.615630
564.000000 -0.607719
565.000000 -0.599747
566.000000 -0.591716
567.000000 -0.583625
568.000000 -0.575475
569.000000 -0.567269
570.000000 -0.559005
571.000000 -0.550686
572.000000 -0.542311
573.000000 -0.533882
574.000000 -0.525400
575.000000 -0.516865
576.000000 -0.508279
577.000000 -0.499642
578.000000 -0.490955
579.000000 -0.482218
580.000000 -0.473434
581.000000 -0.464602
582.000000 -0.455724
583.000000 -0.446800
584.000000 -0.437832
585.000000 -0.428819
586.000000 -0.419764
587.000000 -0.410667
588.000000 -0.401529
589.000000 -0.392350
590.000000 -0.383133
591.000000 -0.373877
592.000000 -0.364583
593.000000 -0.355254
594.000000 -0.345888
595.000000 -0.336488
596.000000 -0.327055
597.000000 -0.317589
598.000000 -0.308091
599.000000 -0.298562
600.000000 -0.289003
601.000000 -0.279415
602.000000 -0.269800
603.000000 -0.260157
604.000000 -0.250489
605.000000 -0.240795
606.000000 -0.231078
607.000000 -0.221337
608.000000 -0.211574
609.000000 -0.201790
610.000000 -0.191986
611.000000 -0.182163
612.000000 -0.172321
613.000000 -0.162462
614.000000 -0.152587
615.000000 -0.142697
616.000000 -0.132792
617.000000 -0.122874
618.000000 -0.112944
619.000000 -0.103002
620.000000 -0.093051
621.000000 -0.083089
622.000000 -0.073120
623.000000 -0.063143
624.000000 -0.053160
625.000000 -0.043172
626.000000 -0.033179
627.000000 -0.023183
628.000000 -0.013185
629.000000 -0.003185
630.000000 0.006815
631.000000 0.016814
632.000000 0.026811
633.000000 0.036806
634.000000 0.046798
635.000000 0.056784
636.000000 0.066765
637.000000 0.076739
638.000000 0.086706
639.000000 0.096664
640.000000 0.106612
641.000000 0.116549
642.000000 0.126475
643.000000 0.136388
644.000000 0.146288
645.000000 0.156173
646.000000 0.166042
647.000000 0.175895
648.000000 0.185730
649.000000 0.195547
650.000000 0.205344
651.000000 0.215120
652.000000 0.224875
653.000000 0.234607
654.000000 0.244316
655.000000 0.254001
656.000000 0.263660
657.000000 0.273293
658.000000 0.282898
659.000000 0.292476
660.000000 0.302024
661.000000 0.311541
662.000000 0.321028
663.000000 0.330482
664.000000 0.339904
665.000000 0.349291
666.000000 0.358644
667.000000 0.367961
668.000000 0.377240
669.000000 0.386483
670.000000 0.395686
671.000000 0.404850
672.000000 0.413973
673.000000 0.423055
674.000000 0.432095
675.000000 0.441092
676.000000 0.450044
677.000000 0.458951
678.000000 0.467813
679.000000 0.476628
680.000000 0.485395
681.000000 0.494113
682.000000 0.502782
683.000000 0.511401
684.000000 0.519969
685.000000 0.528485
686.000000 0.536948
687.000000 0.545357
688.000000 0.553711
689.000000 0.562011
690.000000 0.570254
691.000000 0.578440
692.000000 0.586568
693.000000 0.594637
694.000000 0.602648
695.000000 0.610597
696.000000 0.618486
697.000000 0.626313
698.000000 0.634077
699.000000 0.641778
700.000000 0.649415
701.000000 0.656987
702.000000 0.664493
703.000000 0.671932
704.000000 0.679305
705.000000 0.686609
706.000000 0.693845
707.000000 0.701011
708.000000 0.708108
709.000000 0.715133
710.000000 0.722087
711.000000 0.728969
712.000000 0.735778
713.000000 0.742513
714.000000 0.749174
715.000000 0.755761
716.000000 0.762271
717.000000 0.768705
718.000000 0.775063
719.000000 0.781343
720.000000 0.787545
721.000000 0.793668
722.000000 0.799712
723.000000 0.805675
724.000000 0.811559
725.000000 0.817361
726.000000 0.823081
727.000000 0.828719
728.000000 0.834274
729.000000 0.839746
730.000000 0.845133
731.000000 0.850437
732.000000 0.855655
733.000000 0.860787
734.000000 0.865834
735.000000 0.870794
736.000000 0.875667
737.000000 0.880452
738.000000 0.885149
739.000000 0.889758
740.000000 0.894278
741.000000 0.898708
742.000000 0.903049
743.000000 0.907299
744.000000 0.911458
745.000000 0.915526
746.000000 0.919503
747.000000 0.923388
748.000000 0.927180
749.000000 0.930880
750.000000 0.934487
751.000000 0.938000
752.000000 0.941419
753.000000 0.944745
754.000000 0.947975
755.000000 0.951111
756.000000 0.954152
757.000000 0.957098
758.000000 0.959947
759.000000 0.962701
760.000000 0.965359
761.000000 0.967920
762.000000 0.970384
763.000000 0.972751
764.000000 0.975021
765.000000 0.977193
766.000000 0.979268
767.000000 0.981244
768.000000 0.983123
769.000000 0.984903
770.000000 0.986585
771.000000 0.988168
772.000000 0.989653
773.000000 0.991038
774.000000 0.992324
775.000000 0.993511
776.000000 0.994599
777.000000 0.995587
778.000000 0.996476
779.000000 0.997265
780.000000 0.997954
781.000000 0.998543
782.000000 0.999033
783.000000 0.999423
784.000000 0.999712
785.000000 0.999902
786.000000 0.999992
787.000000 0.999982
788.000000 0.999872
789.000000 0.999662
790.000000 0.999351
791.000000 0.998941
792.000000 0.998431
793.000000 0.997822
794.000000 0.997112
795.000000 0.996303
796.000000 0.995394
797.000000 0.994385
798.000000 0.993277
799.000000 0.992070
800.000000 0.990764
801.000000 0.989358
802.000000 0.987854
803.000000 0.986251
804.000000 0.984549
805.000000 0.982748
806.000000 0.980850
807.000000 0.978853
808.000000 0.976759
809.000000 0.974566
810.000000 0.972277
811.000000 0.969890
812.000000 0.967406
813.000000 0.964825
814.000000 0.962148
815.000000 0.959375
816.000000 0.956506
817.000000 0.953541
818.000000 0.950480
819.000000 0.947325
820.000000 0.944075
821.000000 0.940731
822.000000 0.937292
823.000000 0.933760
824.000000 0.930134
825.000000 0.926415
826.000000 0.922604
827.000000 0.918701
828.000000 0.914705
829.000000 0.910618
830.000000 0.906440
831.000000 0.902172
832.000000 0.897813
833.000000 0.893364
834.000000 0.888827
835.000000 0.884200
836.000000 0.879484
837.000000 0.874681
838.000000 0.869791
839.000000 0.864813
840.000000 0.859749
841.000000 0.854599
842.000000 0.849363
843.000000 0.844043
844.000000 0.838638
845.000000 0.833149
846.000000 0.827577
847.000000 0.821922
848.000000 0.816185
849.000000 0.810367
850.000000 0.804467
851.000000 0.798487
852.000000 0.792427
853.000000 0.786288
854.000000 0.780070
855.000000 0.773774
856.000000 0.767401
857.000000 0.760951
858.000000 0.754425
859.000000 0.747824
860.000000 0.741147
861.000000 0.734397
862.000000 0.727573
863.000000 0.720677
864.000000 0.713708
865.000000 0.706668
866.000000 0.699557
867.000000 0.692377
868.000000 0.685127
869.000000 0.677809
870.000000 0.670422
871.000000 0.662969
872.000000 0.655450
873.000000 0.647865
874.000000 0.640215
875.000000 0.632501
876.000000 0.624724
877.000000 0.616884
878.000000 0.608983
879.000000 0.601021
880.000000 0.592999
881.000000 0.584917
882.000000 0.576777
883.000000 0.568579
884.000000 0.560325
885.000000 0.552014
886.000000 0.543648
887.000000 0.535228
888.000000 0.526755
889.000000 0.518228
890.000000 0.509650
891.000000 0.501021
892.000000 0.492342
893.000000 0.483613
894.000000 0.474836
895.000000 0.466012
896.000000 0.457141
897.000000 0.448224
898.000000 0.439263
899.000000 0.430257
900.000000 0.421209
901.000000 0.412118
902.000000 0.402987
903.000000 0.393815
904.000000 0.384603
905.000000 0.375353
906.000000 0.366066
907.000000 0.356742
908.000000 0.347382
909.000000 0.337988
910.000000 0.328559
911.000000 0.319098
912.000000 0.309605
913.000000 0.300081
914.000000 0.290527
915.000000 0.280944
916.000000 0.271333
917.000000 0.261695
918.000000 0.252031
919.000000 0.242341
920.000000 0.232627
921.000000 0.222890
922.000000 0.213130
923.000000 0.203350
924.000000 0.193549
925.000000 0.183728
926.000000 0.173889
927.000000 0.164033
928.000000 0.154161
929.000000 0.144273
930.000000 0.134370
931.000000 0.124454
932.000000 0.114526
933.000000 0.104586
934.000000 0.094636
935.000000 0.084676
936.000000 0.074708
937.000000 0.064733
938.000000 0.054751
939.000000 0.044763
940.000000 0.034771
941.000000 0.024775
942.000000 0.014777
943.000000 0.004778
944.000000 -0.005222
945.000000 -0.015221
946.000000 -0.025219
947.000000 -0.035215
948.000000 -0.045207
949.000000 -0.055194
950.000000 -0.065176
951.000000 -0.075151
952.000000 -0.085119
953.000000 -0.095078
954.000000 -0.105028
955.000000 -0.114967
956.000000 -0.124895
957.000000 -0.134810
958.000000 -0.144712
959.000000 -0.154599
960.000000 -0.164471
961.000000 -0.174327
962.000000 -0.184165
963.000000 -0.193984
964.000000 -0.203785
965.000000 -0.213564
966.000000 -0.223323
967.000000 -0.233059
968.000000 -0.242772
969.000000 -0.252460
970.000000 -0.262124
971.000000 -0.271761
972.000000 -0.281371
973.000000 -0.290952
974.000000 -0.300505
975.000000 -0.310028
976.000000 -0.319519
977.000000 -0.328979
978.000000 -0.338406
979.000000 -0.347799
980.000000 -0.357157
981.000000 -0.366479
982.000000 -0.375765
983.000000 -0.385013
984.000000 -0.394223
985.000000 -0.403393
986.000000 -0.412523
987.000000 -0.421612
988.000000 -0.430658
989.000000 -0.439662
990.000000 -0.448621
991.000000 -0.457536
992.000000 -0.466405
993.000000 -0.475227
994.000000 -0.484002
995.000000 -0.492728
996.000000 -0.501405
997.000000 -0.510032
998.000000 -0.518608
999.000000 -0.527132
1000.000000 -0.535603
1001.000000 -0.544021
1002.000000 -0.552384
1003.000000 -0.560693
1004.000000 -0.568945
1005.000000 -0.577140
1006.000000 -0.585277
1007.000000 -0.593356
1008.000000 -0.601376
1009.000000 -0.609335
1010.000000 -0.617234
1011.000000 -0.625071
1012.000000 -0.632845
1013.000000 -0.640556
1014.000000 -0.648203
1015.000000 -0.655785
1016.000000 -0.663302
1017.000000 -0.670752
1018.000000 -0.678135
1019.000000 -0.685450
1020.000000 -0.692697
1021.000000 -0.699875
1022.000000 -0.706982
1023.000000 -0.714019
1024.000000 -0.720985
1025.000000 -0.727878
1026.000000 -0.734698
1027.000000 -0.741446
1028.000000 -0.748118
1029.000000 -0.754717
1030.000000 -0.761239
1031.000000 -0.767686
1032.000000 -0.774056
1033.000000 -0.780348
1034.000000 -0.786562
1035.000000 -0.792698
1036.000000 -0.798754
1037.000000 -0.804731
1038.000000 -0.810627
1039.000000 -0.816442
1040.000000 -0.822175
1041.000000 -0.827826
1042.000000 -0.833395
1043.000000 -0.838880
1044.000000 -0.844281
1045.000000 -0.849598
1046.000000 -0.854829
1047.000000 -0.859976
1048.000000 -0.865036
1049.000000 -0.870010
1050.000000 -0.874896
1051.000000 -0.879696
1052.000000 -0.884407
1053.000000 -0.889030
1054.000000 -0.893564
1055.000000 -0.898009
1056.000000 -0.902363
1057.000000 -0.906628
1058.000000 -0.910802
1059.000000 -0.914885
1060.000000 -0.918876
1061.000000 -0.922775
1062.000000 -0.926583
1063.000000 -0.930297
1064.000000 -0.933919
1065.000000 -0.937447
1066.000000 -0.940881
1067.000000 -0.944221
1068.000000 -0.947467
1069.000000 -0.950618
1070.000000 -0.953674
1071.000000 -0.956635
1072.000000 -0.959500
1073.000000 -0.962269
1074.000000 -0.964942
1075.000000 -0.967518
1076.000000 -0.969998
1077.000000 -0.972380
1078.000000 -0.974666
1079.000000 -0.976854
1080.000000 -0.978944
1081.000000 -0.980936
1082.000000 -0.982830
1083.000000 -0.984626
1084.000000 -0.986324
1085.000000 -0.987923
1086.000000 -0.989423
1087.000000 -0.990824
1088.000000 -0.992126
1089.000000 -0.993329
1090.000000 -0.994432
1091.000000 -0.995436
1092.000000 -0.996341
1093.000000 -0.997146
1094.000000 -0.997851
1095.000000 -0.998456
1096.000000 -0.998962
1097.000000 -0.999367
1098.000000 -0.999673
1099.000000 -0.999879
1100.000000 -0.999984
1101.000000 -0.999990
1102.000000 -0.999896
1103.000000 -0.999702
1104.000000 -0.999407
1105.000000 -0.999013
1106.000000 -0.998519
1107.000000 -0.997925
1108.000000 -0.997232
1109.000000 -0.996438
1110.000000 -0.995545
1111.000000 -0.994553
1112.000000 -0.993461
1113.000000 -0.992269
1114.000000 -0.990978
1115.000000 -0.989589
1116.000000 -0.988100
1117.000000 -0.986513
1118.000000 -0.984826
1119.000000 -0.983042
1120.000000 -0.981159
1121.000000 -0.979178
1122.000000 -0.977099
1123.000000 -0.974922
1124.000000 -0.972648
1125.000000 -0.970276
1126.000000 -0.967808
1127.000000 -0.965243
1128.000000 -0.962581
1129.000000 -0.959823
1130.000000 -0.956969
1131.000000 -0.954019
1132.000000 -0.950974
1133.000000 -0.947834
1134.000000 -0.944599
1135.000000 -0.941270
1136.000000 -0.937846
1137.000000 -0.934329
1138.000000 -0.930718
1139.000000 -0.927014
1140.000000 -0.923217
1141.000000 -0.919329
1142.000000 -0.915348
1143.000000 -0.911275
1144.000000 -0.907112
1145.000000 -0.902858
1146.000000 -0.898513
1147.000000 -0.894079
1148.000000 -0.889555
1149.000000 -0.884943
1150.000000 -0.880241
1151.000000 -0.875452
1152.000000 -0.870575
1153.000000 -0.865612
1154.000000 -0.860561
1155.000000 -0.855425
1156.000000 -0.850203
1157.000000 -0.844896
1158.000000 -0.839504
1159.000000 -0.834029
1160.000000 -0.828470
1161.000000 -0.822829
1162.000000 -0.817105
1163.000000 -0.811299
1164.000000 -0.805412
1165.000000 -0.799445
1166.000000 -0.793398
1167.000000 -0.787271
1168.000000 -0.781066
1169.000000 -0.774782
1170.000000 -0.768421
1171.000000 -0.761984
1172.000000 -0.755470
1173.000000 -0.748880
1174.000000 -0.742216
1175.000000 -0.735477
1176.000000 -0.728665
1177.000000 -0.721780
1178.000000 -0.714823
1179.000000 -0.707794
1180.000000 -0.700695
1181.000000 -0.693525
1182.000000 -0.686286
1183.000000 -0.678979
1184.000000 -0.671603
1185.000000 -0.664161
1186.000000 -0.656652
1187.000000 -0.649077
1188.000000 -0.641438
1189.000000 -0.633734
1190.000000 -0.625967
1191.000000 -0.618137
1192.000000 -0.610246
1193.000000 -0.602293
1194.000000 -0.594280
1195.000000 -0.586208
1196.000000 -0.578077
1197.000000 -0.569889
1198.000000 -0.561643
1199.000000 -0.553342
1200.000000 -0.544984
1201.000000 -0.536573
1202.000000 -0.528108
1203.000000 -0.519590
1204.000000 -0.511020
1205.000000 -0.502399
1206.000000 -0.493727
1207.000000 -0.485007
1208.000000 -0.476237
1209.000000 -0.467420
1210.000000 -0.458557
1211.000000 -0.449647
1212.000000 -0.440693
1213.000000 -0.431695
1214.000000 -0.422653
1215.000000 -0.413569
1216.000000 -0.404444
1217.000000 -0.395278
1218.000000 -0.386073
1219.000000 -0.376829
1220.000000 -0.367548
1221.000000 -0.358229
1222.000000 -0.348875
1223.000000 -0.339486
1224.000000 -0.330063
1225.000000 -0.320607
1226.000000 -0.311119
1227.000000 -0.301600
1228.000000 -0.292051
1229.000000 -0.282473
1230.000000 -0.272866
1231.000000 -0.263232
1232.000000 -0.253571
1233.000000 -0.243886
1234.000000 -0.234176
1235.000000 -0.224442
1236.000000 -0.214686
1237.000000 -0.204909
1238.000000 -0.195111
1239.000000 -0.185294
1240.000000 -0.175458
1241.000000 -0.165604
1242.000000 -0.155734
1243.000000 -0.145849
1244.000000 -0.135948
1245.000000 -0.126035
1246.000000 -0.116108
1247.000000 -0.106170
1248.000000 -0.096222
1249.000000 -0.086263
1250.000000 -0.076296
1251.000000 -0.066322
1252.000000 -0.056341
1253.000000 -0.046354
1254.000000 -0.036363
1255.000000 -0.026368
1256.000000 -0.016370
1257.000000 -0.006371
1258.000000 0.003629
1259.000000 0.013629
1260.000000 0.023627
1261.000000 0.033623
1262.000000 0.043616
1263.000000 0.053604
1264.000000 0.063586
1265.000000 0.073563
1266.000000 0.083532
1267.000000 0.093493
1268.000000 0.103444
1269.000000 0.113385
1270.000000 0.123315
1271.000000 0.133232
1272.000000 0.143136
1273.000000 0.153026
1274.000000 0.162900
1275.000000 0.172758
1276.000000 0.182599
1277.000000 0.192422
1278.000000 0.202225
1279.000000 0.212008
1280.000000 0.221770
1281.000000 0.231510
1282.000000 0.241226
1283.000000 0.250919
1284.000000 0.260586
1285.000000 0.270228
1286.000000 0.279842
1287.000000 0.289428
1288.000000 0.298986
1289.000000 0.308513
1290.000000 0.318010
1291.000000 0.327474
1292.000000 0.336907
1293.000000 0.346305
1294.000000 0.355669
1295.000000 0.364997
1296.000000 0.374289
1297.000000 0.383543
1298.000000 0.392759
1299.000000 0.401935
1300.000000 0.411072
1301.000000 0.420167
1302.000000 0.429220
1303.000000 0.438231
1304.000000 0.447197
1305.000000 0.456119
1306.000000 0.464995
1307.000000 0.473825
1308.000000 0.482607
1309.000000 0.491342
1310.000000 0.500027
1311.000000 0.508661
1312.000000 0.517246
1313.000000 0.525778
1314.000000 0.534258
1315.000000 0.542684
1316.000000 0.551056
1317.000000 0.559373
1318.000000 0.567634
1319.000000 0.575838
1320.000000 0.583985
1321.000000 0.592074
1322.000000 0.600103
1323.000000 0.608072
1324.000000 0.615980
1325.000000 0.623827
1326.000000 0.631611
1327.000000 0.639332
1328.000000 0.646989
1329.000000 0.654582
1330.000000 0.662109
1331.000000 0.669570
1332.000000 0.676964
1333.000000 0.684290
1334.000000 0.691548
1335.000000 0.698736
1336.000000 0.705855
1337.000000 0.712903
1338.000000 0.719880
1339.000000 0.726785
1340.000000 0.733617
1341.000000 0.740376
1342.000000 0.747061
1343.000000 0.753671
1344.000000 0.760206
1345.000000 0.766664
1346.000000 0.773046
1347.000000 0.779351
1348.000000 0.785578
1349.000000 0.791726
1350.000000 0.797795
1351.000000 0.803784
1352.000000 0.809693
1353.000000 0.815521
1354.000000 0.821268
1355.000000 0.826932
1356.000000 0.832514
1357.000000 0.838012
1358.000000 0.843426
1359.000000 0.848757
1360.000000 0.854002
1361.000000 0.859162
1362.000000 0.864236
1363.000000 0.869223
1364.000000 0.874124
1365.000000 0.878937
1366.000000 0.883663
1367.000000 0.888300
1368.000000 0.892848
1369.000000 0.897307
1370.000000 0.901676
1371.000000 0.905955
1372.000000 0.910143
1373.000000 0.914240
1374.000000 0.918246
1375.000000 0.922161
1376.000000 0.925982
1377.000000 0.929712
1378.000000 0.933348
1379.000000 0.936891
1380.000000 0.940340
1381.000000 0.943696
1382.000000 0.946957
1383.000000 0.950123
1384.000000 0.953194
1385.000000 0.956170
1386.000000 0.959050
1387.000000 0.961835
1388.000000 0.964523
1389.000000 0.967114
1390.000000 0.969609
1391.000000 0.972008
1392.000000 0.974308
1393.000000 0.976512
1394.000000 0.978618
1395.000000 0.980625
1396.000000 0.982535
1397.000000 0.984347
1398.000000 0.986060
1399.000000 0.987675
1400.000000 0.989190
1401.000000 0.990607
1402.000000 0.991925
1403.000000 0.993144
1404.000000 0.994263
1405.000000 0.995283
1406.000000 0.996203
1407.000000 0.997024
1408.000000 0.997745
1409.000000 0.998366
1410.000000 0.998888
1411.000000 0.999309
1412.000000 0.999631
1413.000000 0.999853
1414.000000 0.999974
1415.000000 0.999996
1416.000000 0.999918
1417.000000 0.999739
1418.000000 0.999461
1419.000000 0.999083
1420.000000 0.998605
1421.000000 0.998027
1422.000000 0.997349
1423.000000 0.996571
1424.000000 0.995694
1425.000000 0.994717
1426.000000 0.993641
1427.000000 0.992466
1428.000000 0.991191
1429.000000 0.989817
1430.000000 0.988344
1431.000000 0.986772
1432.000000 0.985102
1433.000000 0.983333
1434.000000 0.981465
1435.000000 0.979500
1436.000000 0.977436
1437.000000 0.975275
1438.000000 0.973017
1439.000000 0.970661
1440.000000 0.968208
1441.000000 0.965658
1442.000000 0.963011
1443.000000 0.960269
1444.000000 0.957430
1445.000000 0.954495
1446.000000 0.951466
1447.000000 0.948340
1448.000000 0.945121
1449.000000 0.941806
1450.000000 0.938397
1451.000000 0.934895
1452.000000 0.931299
1453.000000 0.927610
1454.000000 0.923828
1455.000000 0.919954
1456.000000 0.915988
1457.000000 0.911930
1458.000000 0.907781
1459.000000 0.903541
1460.000000 0.899211
1461.000000 0.894791
1462.000000 0.890282
1463.000000 0.885683
1464.000000 0.880996
1465.000000 0.876221
1466.000000 0.871358
1467.000000 0.866408
1468.000000 0.861371
1469.000000 0.856249
1470.000000 0.851040
1471.000000 0.845747
1472.000000 0.840369
1473.000000 0.834907
1474.000000 0.829361
1475.000000 0.823733
1476.000000 0.818022
1477.000000 0.812229
1478.000000 0.806355
1479.000000 0.800401
1480.000000 0.794366
1481.000000 0.788252
1482.000000 0.782059
1483.000000 0.775788
1484.000000 0.769440
1485.000000 0.763014
1486.000000 0.756512
1487.000000 0.749935
1488.000000 0.743282
1489.000000 0.736555
1490.000000 0.729755
1491.000000 0.722881
1492.000000 0.715936
1493.000000 0.708918
1494.000000 0.701830
1495.000000 0.694672
1496.000000 0.687444
1497.000000 0.680147
1498.000000 0.672782
1499.000000 0.665351
1500.000000 0.657852
1501.000000 0.650288
1502.000000 0.642659
1503.000000 0.634965
1504.000000 0.627208
1505.000000 0.619388
1506.000000 0.611507
1507.000000 0.603564
1508.000000 0.595561
1509.000000 0.587498
1510.000000 0.579376
1511.000000 0.571197
1512.000000 0.562960
1513.000000 0.554667
1514.000000 0.546319
1515.000000 0.537916
1516.000000 0.529459
1517.000000 0.520950
1518.000000 0.512388
1519.000000 0.503775
1520.000000 0.495112
1521.000000 0.486399
1522.000000 0.477637
1523.000000 0.468828
1524.000000 0.459972
1525.000000 0.451069
1526.000000 0.442122
1527.000000 0.433131
1528.000000 0.424096
1529.000000 0.415019
1530.000000 0.405900
1531.000000 0.396741
1532.000000 0.387542
1533.000000 0.378304
1534.000000 0.369028
1535.000000 0.359716
1536.000000 0.350367
1537.000000 0.340984
1538.000000 0.331566
1539.000000 0.322116
1540.000000 0.312633
1541.000000 0.303118
1542.000000 0.293574
1543.000000 0.284000
1544.000000 0.274398
1545.000000 0.264768
1546.000000 0.255112
1547.000000 0.245430
1548.000000 0.235724
1549.000000 0.225994
1550.000000 0.216242
1551.000000 0.206467
1552.000000 0.196673
1553.000000 0.186858
1554.000000 0.177025
1555.000000 0.167175
1556.000000 0.157307
1557.000000 0.147424
1558.000000 0.137526
1559.000000 0.127614
1560.000000 0.117690
1561.000000 0.107754
1562.000000 0.097807
1563.000000 0.087850
1564.000000 0.077884
1565.000000 0.067911
1566.000000 0.057931
1567.000000 0.047945
1568.000000 0.037954
1569.000000 0.027960
1570.000000 0.017962
1571.000000 0.007963
1572.000000 -0.002037
1573.000000 -0.012036
1574.000000 -0.022035
1575.000000 -0.032031
1576.000000 -0.042024
1577.000000 -0.052013
1578.000000 -0.061997
1579.000000 -0.071974
1580.000000 -0.081945
1581.000000 -0.091907
1582.000000 -0.101860
1583.000000 -0.111802
1584.000000 -0.121734
1585.000000 -0.131653
1586.000000 -0.141560
1587.000000 -0.151452
1588.000000 -0.161329
1589.000000 -0.171189
1590.000000 -0.181033
1591.000000 -0.190859
1592.000000 -0.200665
1593.000000 -0.210451
1594.000000 -0.220217
1595.000000 -0.229960
1596.000000 -0.239680
1597.000000 -0.249377
1598.000000 -0.259048
1599.000000 -0.268694
1600.000000 -0.278312
1601.000000 -0.287903
1602.000000 -0.297465
1603.000000 -0.306998
1604.000000 -0.316499
1605.000000 -0.325969
1606.000000 -0.335407
1607.000000 -0.344810
1608.000000 -0.354180
1609.000000 -0.363514
1610.000000 -0.372811
1611.000000 -0.382071
1612.000000 -0.391293
1613.000000 -0.400476
1614.000000 -0.409619
1615.000000 -0.418721
1616.000000 -0.427781
1617.000000 -0.436799
1618.000000 -0.445772
1619.000000 -0.454701
1620.000000 -0.463585
1621.000000 -0.472422
1622.000000 -0.481212
1623.000000 -0.489954
1624.000000 -0.498647
1625.000000 -0.507290
1626.000000 -0.515882
1627.000000 -0.524423
1628.000000 -0.532911
1629.000000 -0.541346
1630.000000 -0.549726
1631.000000 -0.558052
1632.000000 -0.566322
1633.000000 -0.574536
1634.000000 -0.582692
1635.000000 -0.590789
1636.000000 -0.598828
1637.000000 -0.606807
1638.000000 -0.614725
1639.000000 -0.622581
1640.000000 -0.630375
1641.000000 -0.638107
1642.000000 -0.645774
1643.000000 -0.653377
1644.000000 -0.660915
1645.000000 -0.668386
1646.000000 -0.675791
1647.000000 -0.683128
1648.000000 -0.690396
1649.000000 -0.697596
1650.000000 -0.704726
1651.000000 -0.711785
1652.000000 -0.718774
1653.000000 -0.725690
1654.000000 -0.732534
1655.000000 -0.739304
1656.000000 -0.746001
1657.000000 -0.752623
1658.000000 -0.759170
1659.000000 -0.765641
1660.000000 -0.772035
1661.000000 -0.778352
1662.000000 -0.784591
1663.000000 -0.790752
1664.000000 -0.796834
1665.000000 -0.802836
1666.000000 -0.808758
1667.000000 -0.814599
1668.000000 -0.820358
1669.000000 -0.826035
1670.000000 -0.831630
1671.000000 -0.837142
1672.000000 -0.842570
1673.000000 -0.847913
1674.000000 -0.853172
1675.000000 -0.858346
1676.000000 -0.863433
1677.000000 -0.868435
1678.000000 -0.873349
1679.000000 -0.878177
1680.000000 -0.882916
1681.000000 -0.887567
1682.000000 -0.892129
1683.000000 -0.896602
1684.000000 -0.900986
1685.000000 -0.905279
1686.000000 -0.909482
1687.000000 -0.913594
1688.000000 -0.917615
1689.000000 -0.921543
1690.000000 -0.925380
1691.000000 -0.929124
1692.000000 -0.932775
1693.000000 -0.936333
1694.000000 -0.939797
1695.000000 -0.943168
1696.000000 -0.946444
1697.000000 -0.949625
1698.000000 -0.952711
1699.000000 -0.955702
1700.000000 -0.958598
1701.000000 -0.961397
1702.000000 -0.964101
1703.000000 -0.966708
1704.000000 -0.969219
1705.000000 -0.971632
1706.000000 -0.973948
1707.000000 -0.976167
1708.000000 -0.978289
1709.000000 -0.980312
1710.000000 -0.982238
1711.000000 -0.984065
1712.000000 -0.985794
1713.000000 -0.987424
1714.000000 -0.988956
1715.000000 -0.990388
1716.000000 -0.991722
1717.000000 -0.992956
1718.000000 -0.994092
1719.000000 -0.995127
1720.000000 -0.996063
1721.000000 -0.996900
1722.000000 -0.997637
1723.000000 -0.998274
1724.000000 -0.998811
1725.000000 -0.999249
1726.000000 -0.999586
1727.000000 -0.999824
1728.000000 -0.999962
1729.000000 -0.999999
1730.000000 -0.999937
1731.000000 -0.999774
1732.000000 -0.999512
1733.000000 -0.999150
1734.000000 -0.998687
1735.000000 -0.998125
1736.000000 -0.997463
1737.000000 -0.996702
1738.000000 -0.995840
1739.000000 -0.994880
1740.000000 -0.993819
1741.000000 -0.992659
1742.000000 -0.991400
1743.000000 -0.990042
1744.000000 -0.988585
1745.000000 -0.987029
1746.000000 -0.985374
1747.000000 -0.983621
1748.000000 -0.981769
1749.000000 -0.979819
1750.000000 -0.977772
1751.000000 -0.975626
1752.000000 -0.973383
1753.000000 -0.971042
1754.000000 -0.968605
1755.000000 -0.966070
1756.000000 -0.963439
1757.000000 -0.960712
1758.000000 -0.957888
1759.000000 -0.954969
1760.000000 -0.951954
1761.000000 -0.948844
1762.000000 -0.945640
1763.000000 -0.942340
1764.000000 -0.938947
1765.000000 -0.935459
1766.000000 -0.931878
1767.000000 -0.928204
1768.000000 -0.924437
1769.000000 -0.920577
1770.000000 -0.916626
1771.000000 -0.912582
1772.000000 -0.908448
1773.000000 -0.904223
1774.000000 -0.899907
1775.000000 -0.895501
1776.000000 -0.891006
1777.000000 -0.886421
1778.000000 -0.881748
1779.000000 -0.876987
1780.000000 -0.872138
1781.000000 -0.867202
1782.000000 -0.862179
1783.000000 -0.857070
1784.000000 -0.851876
1785.000000 -0.846596
1786.000000 -0.841231
1787.000000 -0.835782
1788.000000 -0.830250
1789.000000 -0.824635
1790.000000 -0.818937
1791.000000 -0.813157
1792.000000 -0.807296
1793.000000 -0.801354
1794.000000 -0.795333
1795.000000 -0.789231
1796.000000 -0.783051
1797.000000 -0.776792
1798.000000 -0.770456
1799.000000 -0.764043
1800.000000 -0.757553
1801.000000 -0.750987
1802.000000 -0.744347
1803.000000 -0.737632
1804.000000 -0.730843
1805.000000 -0.723981
1806.000000 -0.717047
1807.000000 -0.710041
1808.000000 -0.702964
1809.000000 -0.695816
1810.000000 -0.688599
1811.000000 -0.681314
1812.000000 -0.673960
1813.000000 -0.666539
1814.000000 -0.659051
1815.000000 -0.651497
1816.000000 -0.643878
1817.000000 -0.636195
1818.000000 -0.628448
1819.000000 -0.620638
1820.000000 -0.612766
1821.000000 -0.604833
1822.000000 -0.596839
1823.000000 -0.588786
1824.000000 -0.580674
1825.000000 -0.572503
1826.000000 -0.564276
1827.000000 -0.555992
1828.000000 -0.547652
1829.000000 -0.539258
1830.000000 -0.530810
1831.000000 -0.522309
1832.000000 -0.513755
1833.000000 -0.505150
1834.000000 -0.496495
1835.000000 -0.487790
1836.000000 -0.479036
1837.000000 -0.470234
1838.000000 -0.461385
1839.000000 -0.452490
1840.000000 -0.443550
1841.000000 -0.434566
1842.000000 -0.425538
1843.000000 -0.416467
1844.000000 -0.407355
1845.000000 -0.398202
1846.000000 -0.389009
1847.000000 -0.379778
1848.000000 -0.370508
1849.000000 -0.361201
1850.000000 -0.351859
1851.000000 -0.342481
1852.000000 -0.333068
1853.000000 -0.323623
1854.000000 -0.314145
1855.000000 -0.304636
1856.000000 -0.295096
1857.000000 -0.285527
1858.000000 -0.275929
1859.000000 -0.266303
1860.000000 -0.256651
1861.000000 -0.246974
1862.000000 -0.237271
1863.000000 -0.227545
1864.000000 -0.217796
1865.000000 -0.208026
1866.000000 -0.198234
1867.000000 -0.188423
1868.000000 -0.178593
1869.000000 -0.168745
1870.000000 -0.158880
1871.000000 -0.148999
1872.000000 -0.139103
1873.000000 -0.129194
1874.000000 -0.119271
1875.000000 -0.109337
1876.000000 -0.099392
1877.000000 -0.089436
1878.000000 -0.079472
1879.000000 -0.069500
1880.000000 -0.059521
1881.000000 -0.049536
1882.000000 -0.039546
1883.000000 -0.029552
1884.000000 -0.019555
1885.000000 -0.009556
1886.000000 0.000444
1887.000000 0.010444
1888.000000 0.020443
1889.000000 0.030439
1890.000000 0.040433
1891.000000 0.050423
1892.000000 0.060407
1893.000000 0.070386
1894.000000 0.080357
1895.000000 0.090321
1896.000000 0.100275
1897.000000 0.110220
1898.000000 0.120153
1899.000000 0.130074
1900.000000 0.139983
1901.000000 0.149877
1902.000000 0.159757
1903.000000 0.169620
1904.000000 0.179466
1905.000000 0.189295
1906.000000 0.199105
1907.000000 0.208894
1908.000000 0.218663
1909.000000 0.228410
1910.000000 0.238134
1911.000000 0.247834
1912.000000 0.257510
1913.000000 0.267159
1914.000000 0.276782
1915.000000 0.286378
1916.000000 0.295944
1917.000000 0.305482
1918.000000 0.314988
1919.000000 0.324463
1920.000000 0.333906
1921.000000 0.343315
1922.000000 0.352690
1923.000000 0.362029
1924.000000 0.371333
1925.000000 0.380599
1926.000000 0.389827
1927.000000 0.399017
1928.000000 0.408166
1929.000000 0.417274
1930.000000 0.426341
1931.000000 0.435365
1932.000000 0.444346
1933.000000 0.453282
1934.000000 0.462173
1935.000000 0.471018
1936.000000 0.479815
1937.000000 0.488565
1938.000000 0.497265
1939.000000 0.505916
1940.000000 0.514517
1941.000000 0.523066
1942.000000 0.531562
1943.000000 0.540006
1944.000000 0.548395
1945.000000 0.556730
1946.000000 0.565009
1947.000000 0.573231
1948.000000 0.581397
1949.000000 0.589504
1950.000000 0.597552
1951.000000 0.605540
1952.000000 0.613468
1953.000000 0.621334
1954.000000 0.629138
1955.000000 0.636880
1956.000000 0.644557
1957.000000 0.652170
1958.000000 0.659718
1959.000000 0.667200
1960.000000 0.674616
1961.000000 0.681964
1962.000000 0.689243
1963.000000 0.696454
1964.000000 0.703595
1965.000000 0.710666
1966.000000 0.717665
1967.000000 0.724593
1968.000000 0.731449
1969.000000 0.738231
1970.000000 0.744939
1971.000000 0.751573
1972.000000 0.758132
1973.000000 0.764615
1974.000000 0.771022
1975.000000 0.777351
1976.000000 0.783603
1977.000000 0.789776
1978.000000 0.795871
1979.000000 0.801885
1980.000000 0.807820
1981.000000 0.813674
1982.000000 0.819446
1983.000000 0.825137
1984.000000 0.830745
1985.000000 0.836270
1986.000000 0.841711
1987.000000 0.847068
1988.000000 0.852340
1989.000000 0.857528
1990.000000 0.862629
1991.000000 0.867644
1992.000000 0.872572
1993.000000 0.877414
1994.000000 0.882167
1995.000000 0.886832
1996.000000 0.891409
1997.000000 0.895896
1998.000000 0.900294
1999.000000 0.904602
2000.000000 0.908819
2001.000000 0.912945
2002.000000 0.916980
2003.000000 0.920924
2004.000000 0.924775
2005.000000 0.928534
2006.000000 0.932200
2007.000000 0.935773
2008.000000 0.939252
2009.000000 0.942637
2010.000000 0.945928
2011.000000 0.949125
2012.000000 0.952226
2013.000000 0.955232
2014.000000 0.958143
2015.000000 0.960958
2016.000000 0.963677
2017.000000 0.966299
2018.000000 0.968825
2019.000000 0.971254
2020.000000 0.973586
2021.000000 0.975821
2022.000000 0.977957
2023.000000 0.979997
2024.000000 0.981938
2025.000000 0.983781
2026.000000 0.985525
2027.000000 0.987171
2028.000000 0.988718
2029.000000 0.990167
2030.000000 0.991516
2031.000000 0.992766
2032.000000 0.993917
2033.000000 0.994969
2034.000000 0.995921
2035.000000 0.996773
2036.000000 0.997526
2037.000000 0.998179
2038.000000 0.998733
2039.000000 0.999186
2040.000000 0.999539
2041.000000 0.999793
2042.000000 0.999946
2043.000000 1.000000
2044.000000 0.999953
2045.000000 0.999807
2046.000000 0.999561
2047.000000 0.999214
2048.000000 0.998768
2049.000000 0.998222
2050.000000 0.997576
2051.000000 0.996830
2052.000000 0.995984
2053.000000 0.995039
2054.000000 0.993995
2055.000000 0.992851
2056.000000 0.991607
2057.000000 0.990265
2058.000000 0.988824
2059.000000 0.987283
2060.000000 0.985644
2061.000000 0.983907
2062.000000 0.982071
2063.000000 0.980136
2064.000000 0.978104
2065.000000 0.975974
2066.000000 0.973747
2067.000000 0.971422
2068.000000 0.969000
2069.000000 0.966480
2070.000000 0.963865
2071.000000 0.961153
2072.000000 0.958345
2073.000000 0.955441
2074.000000 0.952441
2075.000000 0.949346
2076.000000 0.946156
2077.000000 0.942872
2078.000000 0.939493
2079.000000 0.936021
2080.000000 0.932455
2081.000000 0.928795
2082.000000 0.925043
2083.000000 0.921198
2084.000000 0.917261
2085.000000 0.913233
2086.000000 0.909113
2087.000000 0.904902
2088.000000 0.900600
2089.000000 0.896209
2090.000000 0.891728
2091.000000 0.887158
2092.000000 0.882499
2093.000000 0.877751
2094.000000 0.872916
2095.000000 0.867994
2096.000000 0.862985
2097.000000 0.857890
2098.000000 0.852709
2099.000000 0.847442
2100.000000 0.842091
2101.000000 0.836656
2102.000000 0.831137
2103.000000 0.825534
2104.000000 0.819850
2105.000000 0.814083
2106.000000 0.808235
2107.000000 0.802306
2108.000000 0.796297
2109.000000 0.790208
2110.000000 0.784040
2111.000000 0.777794
2112.000000 0.771470
2113.000000 0.765069
2114.000000 0.758591
2115.000000 0.752038
2116.000000 0.745409
2117.000000 0.738706
2118.000000 0.731929
2119.000000 0.725079
2120.000000 0.718156
2121.000000 0.711161
2122.000000 0.704095
2123.000000 0.696959
2124.000000 0.689754
2125.000000 0.682479
2126.000000 0.675136
2127.000000 0.667725
2128.000000 0.660248
2129.000000 0.652704
2130.000000 0.645096
2131.000000 0.637423
2132.000000 0.629686
2133.000000 0.621886
2134.000000 0.614024
2135.000000 0.606100
2136.000000 0.598116
2137.000000 0.590072
2138.000000 0.581970
2139.000000 0.573809
2140.000000 0.565590
2141.000000 0.557315
2142.000000 0.548984
2143.000000 0.540599
2144.000000 0.532159
2145.000000 0.523666
2146.000000 0.515121
2147.000000 0.506524
2148.000000 0.497877
2149.000000 0.489179
2150.000000 0.480433
2151.000000 0.471639
2152.000000 0.462798
2153.000000 0.453910
2154.000000 0.444977
2155.000000 0.435999
2156.000000 0.426978
2157.000000 0.417915
2158.000000 0.408809
2159.000000 0.399662
2160.000000 0.390476
2161.000000 0.381250
2162.000000 0.371987
2163.000000 0.362686
2164.000000 0.353349
2165.000000 0.343977
2166.000000 0.334570
2167.000000 0.325129
2168.000000 0.315657
2169.000000 0.306152
2170.000000 0.296617
2171.000000 0.287053
2172.000000 0.277459
2173.000000 0.267838
2174.000000 0.258190
2175.000000 0.248517
2176.000000 0.238818
2177.000000 0.229096
2178.000000 0.219350
2179.000000 0.209583
2180.000000 0.199795
2181.000000 0.189987
2182.000000 0.180159
2183.000000 0.170314
2184.000000 0.160452
2185.000000 0.150574
2186.000000 0.140680
2187.000000 0.130773
2188.000000 0.120852
2189.000000 0.110920
2190.000000 0.100976
2191.000000 0.091022
2192.000000 0.081060
2193.000000 0.071089
2194.000000 0.061110
2195.000000 0.051126
2196.000000 0.041137
2197.000000 0.031144
2198.000000 0.021147
2199.000000 0.011148
2200.000000 0.001149
2201.000000 -0.008851
2202.000000 -0.018850
2203.000000 -0.028847
2204.000000 -0.038842
2205.000000 -0.048832
2206.000000 -0.058817
2207.000000 -0.068797
2208.000000 -0.078770
2209.000000 -0.088735
2210.000000 -0.098691
2211.000000 -0.108637
2212.000000 -0.118572
2213.000000 -0.128495
2214.000000 -0.138406
2215.000000 -0.148302
2216.000000 -0.158184
2217.000000 -0.168050
2218.000000 -0.177899
2219.000000 -0.187731
2220.000000 -0.197544
2221.000000 -0.207336
2222.000000 -0.217109
2223.000000 -0.226859
2224.000000 -0.236587
2225.000000 -0.246291
2226.000000 -0.255970
2227.000000 -0.265624
2228.000000 -0.275252
2229.000000 -0.284851
2230.000000 -0.294423
2231.000000 -0.303965
2232.000000 -0.313476
2233.000000 -0.322956
2234.000000 -0.332404
2235.000000 -0.341819
2236.000000 -0.351199
2237.000000 -0.360544
2238.000000 -0.369854
2239.000000 -0.379126
2240.000000 -0.388360
2241.000000 -0.397556
2242.000000 -0.406711
2243.000000 -0.415827
2244.000000 -0.424900
2245.000000 -0.433931
2246.000000 -0.442919
2247.000000 -0.451862
2248.000000 -0.460760
2249.000000 -0.469612
2250.000000 -0.478417
2251.000000 -0.487175
2252.000000 -0.495883
2253.000000 -0.504542
2254.000000 -0.513151
2255.000000 -0.521708
2256.000000 -0.530213
2257.000000 -0.538665
2258.000000 -0.547063
2259.000000 -0.555406
2260.000000 -0.563694
2261.000000 -0.571926
2262.000000 -0.580100
2263.000000 -0.588216
2264.000000 -0.596274
2265.000000 -0.604272
2266.000000 -0.612209
2267.000000 -0.620085
2268.000000 -0.627900
2269.000000 -0.635651
2270.000000 -0.643339
2271.000000 -0.650962
2272.000000 -0.658521
2273.000000 -0.666013
2274.000000 -0.673439
2275.000000 -0.680798
2276.000000 -0.688088
2277.000000 -0.695310
2278.000000 -0.702462
2279.000000 -0.709544
2280.000000 -0.716555
2281.000000 -0.723495
2282.000000 -0.730362
2283.000000 -0.737156
2284.000000 -0.743876
2285.000000 -0.750522
2286.000000 -0.757093
2287.000000 -0.763588
2288.000000 -0.770007
2289.000000 -0.776348
2290.000000 -0.782612
2291.000000 -0.788798
2292.000000 -0.794905
2293.000000 -0.800933
2294.000000 -0.806880
2295.000000 -0.812747
2296.000000 -0.818532
2297.000000 -0.824236
2298.000000 -0.829857
2299.000000 -0.835395
2300.000000 -0.840850
2301.000000 -0.846220
2302.000000 -0.851506
2303.000000 -0.856707
2304.000000 -0.861822
2305.000000 -0.866851
2306.000000 -0.871793
2307.000000 -0.876648
2308.000000 -0.881416
2309.000000 -0.886095
2310.000000 -0.890686
2311.000000 -0.895187
2312.000000 -0.899599
2313.000000 -0.903922
2314.000000 -0.908153
2315.000000 -0.912294
2316.000000 -0.916344
2317.000000 -0.920302
2318.000000 -0.924168
2319.000000 -0.927941
2320.000000 -0.931622
2321.000000 -0.935210
2322.000000 -0.938704
2323.000000 -0.942104
2324.000000 -0.945410
2325.000000 -0.948622
2326.000000 -0.951738
2327.000000 -0.954760
2328.000000 -0.957686
2329.000000 -0.960516
2330.000000 -0.963250
2331.000000 -0.965888
2332.000000 -0.968429
2333.000000 -0.970874
2334.000000 -0.973221
2335.000000 -0.975471
2336.000000 -0.977624
2337.000000 -0.979678
2338.000000 -0.981635
2339.000000 -0.983494
2340.000000 -0.985254
2341.000000 -0.986916
2342.000000 -0.988479
2343.000000 -0.989943
2344.000000 -0.991308
2345.000000 -0.992574
2346.000000 -0.993741
2347.000000 -0.994808
2348.000000 -0.995776
2349.000000 -0.996644
2350.000000 -0.997413
2351.000000 -0.998082
2352.000000 -0.998651
2353.000000 -0.999120
2354.000000 -0.999490
2355.000000 -0.999759
2356.000000 -0.999929
2357.000000 -0.999998
2358.000000 -0.999968
2359.000000 -0.999837
2360.000000 -0.999606
2361.000000 -0.999276
2362.000000 -0.998846
2363.000000 -0.998315
2364.000000 -0.997685
2365.000000 -0.996955
2366.000000 -0.996126
2367.000000 -0.995196
2368.000000 -0.994168
2369.000000 -0.993040
2370.000000 -0.991812
2371.000000 -0.990486
2372.000000 -0.989060
2373.000000 -0.987535
2374.000000 -0.985912
2375.000000 -0.984190
2376.000000 -0.982370
2377.000000 -0.980451
2378.000000 -0.978434
2379.000000 -0.976320
2380.000000 -0.974108
2381.000000 -0.971798
2382.000000 -0.969392
2383.000000 -0.966888
2384.000000 -0.964288
2385.000000 -0.961591
2386.000000 -0.958798
2387.000000 -0.955909
2388.000000 -0.952925
2389.000000 -0.949845
2390.000000 -0.946671
2391.000000 -0.943401
2392.000000 -0.940038
2393.000000 -0.936580
2394.000000 -0.933029
2395.000000 -0.929384
2396.000000 -0.925647
2397.000000 -0.921817
2398.000000 -0.917894
2399.000000 -0.913880
2400.000000 -0.909775
2401.000000 -0.905578
2402.000000 -0.901291
2403.000000 -0.896914
2404.000000 -0.892447
2405.000000 -0.887891
2406.000000 -0.883247
2407.000000 -0.878513
2408.000000 -0.873692
2409.000000 -0.868784
2410.000000 -0.863789
2411.000000 -0.858707
2412.000000 -0.853539
2413.000000 -0.848287
2414.000000 -0.842949
2415.000000 -0.837527
2416.000000 -0.832021
2417.000000 -0.826432
2418.000000 -0.820761
2419.000000 -0.815007
2420.000000 -0.809172
2421.000000 -0.803256
2422.000000 -0.797259
2423.000000 -0.791183
2424.000000 -0.785028
2425.000000 -0.778794
2426.000000 -0.772483
2427.000000 -0.766094
2428.000000 -0.759628
2429.000000 -0.753087
2430.000000 -0.746470
2431.000000 -0.739779
2432.000000 -0.733013
2433.000000 -0.726175
2434.000000 -0.719263
2435.000000 -0.712280
2436.000000 -0.705226
2437.000000 -0.698101
2438.000000 -0.690906
2439.000000 -0.683642
2440.000000 -0.676310
2441.000000 -0.668910
2442.000000 -0.661443
2443.000000 -0.653910
2444.000000 -0.646312
2445.000000 -0.638649
2446.000000 -0.630922
2447.000000 -0.623132
2448.000000 -0.615280
2449.000000 -0.607366
2450.000000 -0.599392
2451.000000 -0.591358
2452.000000 -0.583264
2453.000000 -0.575112
2454.000000 -0.566903
2455.000000 -0.558637
2456.000000 -0.550315
2457.000000 -0.541938
2458.000000 -0.533507
2459.000000 -0.525022
2460.000000 -0.516485
2461.000000 -0.507897
2462.000000 -0.499257
2463.000000 -0.490568
2464.000000 -0.481829
2465.000000 -0.473043
2466.000000 -0.464209
2467.000000 -0.455329
2468.000000 -0.446403
2469.000000 -0.437432
2470.000000 -0.428418
2471.000000 -0.419361
2472.000000 -0.410262
2473.000000 -0.401122
2474.000000 -0.391942
2475.000000 -0.382722
2476.000000 -0.373465
2477.000000 -0.364170
2478.000000 -0.354838
2479.000000 -0.345472
2480.000000 -0.336070
2481.000000 -0.326635
2482.000000 -0.317167
2483.000000 -0.307668
2484.000000 -0.298138
2485.000000 -0.288578
2486.000000 -0.278989
2487.000000 -0.269372
2488.000000 -0.259729
2489.000000 -0.250059
2490.000000 -0.240364
2491.000000 -0.230646
2492.000000 -0.220904
2493.000000 -0.211140
2494.000000 -0.201355
2495.000000 -0.191550
2496.000000 -0.181726
2497.000000 -0.171883
2498.000000 -0.162024
2499.000000 -0.152148
2500.000000 -0.142257
