1.000000 0.000000
2.000000 0.000000
3.000000 0.000000
4.000000 0.000000
5.000000 0.000000
6.000000 0.000000
7.000000 0.000000
8.000000 0.019508
9.000000 0.038066
10.000000 0.055720
11.000000 0.072514
12.000000 0.088492
13.000000 0.103693
14.000000 0.118155
15.000000 0.131915
16.000000 0.145006
17.000000 0.157462
18.000000 0.169313
19.000000 0.180589
20.000000 0.191317
21.000000 0.201525
22.000000 0.211238
23.000000 0.220480
24.000000 0.229273
25.000000 0.237640
26.000000 0.245601
27.000000 0.253176
28.000000 0.260384
29.000000 0.267242
30.000000 0.273767
31.000000 0.279977
32.000000 0.285885
33.000000 0.291506
34.000000 0.296856
35.000000 0.301945
36.000000 0.306788
37.000000 0.311396
38.000000 0.315781
39.000000 0.319953
40.000000 0.323923
41.000000 0.327701
42.000000 0.331295
43.000000 0.334715
44.000000 0.337969
45.000000 0.341066
46.000000 0.344012
47.000000 0.346816
48.000000 0.349483
49.000000 0.352021
50.000000 0.354437
51.000000 0.356735
52.000000 0.358922
53.000000 0.361002
54.000000 0.362982
55.000000 0.364866
56.000000 0.366658
57.000000 0.368364
58.000000 0.369987
59.000000 0.371531
60.000000 0.373001
61.000000 0.374399
62.000000 0.375729
63.000000 0.376995
64.000000 0.378200
65.000000 0.379346
66.000000 0.380436
67.000000 0.381474
68.000000 0.382461
69.000000 0.383401
70.000000 0.384295
71.000000 0.385145
72.000000 0.385955
73.000000 0.386725
74.000000 0.387458
75.000000 0.388155
76.000000 0.388819
77.000000 0.389450
78.000000 0.390051
79.000000 0.390622
80.000000 0.391166
81.000000 0.391684
82.000000 0.392176
83.000000 0.392644
84.000000 0.393090
85.000000 0.393515
86.000000 0.393918
87.000000 0.394302
88.000000 0.394668
89.000000 0.395016
90.000000 0.395346
91.000000 0.395661
92.000000 0.395961
93.000000 0.396246
94.000000 0.396517
95.000000 0.396775
96.000000 0.397021
97.000000 0.397254
98.000000 0.397477
99.000000 0.397688
100.000000 0.397890
101.000000 0.398081
102.000000 0.398264
103.000000 0.398437
104.000000 0.398602
105.000000 0.398759
106.000000 0.398908
107.000000 0.399051
108.000000 0.399186
109.000000 0.399315
110.000000 0.399437
111.000000 0.399554
112.000000 0.399664
113.000000 0.399770
114.000000 0.399870
115.000000 0.399966
116.000000 0.400057
117.000000 0.400143
118.000000 0.400226
119.000000 0.400304
120.000000 0.400378
121.000000 0.400449
122.000000 0.400517
123.000000 0.400581
124.000000 0.400642
125.000000 0.400700
126.000000 0.400755
127.000000 0.400808
128.000000 0.400858
129.000000 0.400906
130.000000 0.400951
131.000000 0.400994
132.000000 0.401035
133.000000 0.401074
134.000000 0.401112
135.000000 0.401147
136.000000 0.401181
137.000000 0.401213
138.000000 0.401243
139.000000 0.401272
140.000000 0.401300
141.000000 0.401326
142.000000 0.401351
143.000000 0.401375
144.000000 0.401397
145.000000 0.401419
146.000000 0.401439
147.000000 0.401459
148.000000 0.401477
149.000000 0.401495
150.000000 0.401512
