1.000000 0.000000
2.000000 0.000000
3.000000 0.000000
4.000000 0.199400
5.000000 0.362668
6.000000 0.496360
7.000000 0.605841
8.000000 0.695503
9.000000 0.768942
10.000000 0.829099
11.000000 0.878384
12.000000 0.918767
13.000000 0.951862
14.000000 0.978990
15.000000 1.001232
16.000000 1.019474
17.000000 1.034439
18.000000 1.046720
19.000000 1.056804
20.000000 1.065088
21.000000 1.071896
22.000000 1.077496
23.000000 1.082105
24.000000 1.085902
25.000000 1.089033
26.000000 1.091618
27.000000 1.093755
28.000000 1.095524
29.000000 1.096992
30.000000 1.098211
31.000000 1.099226
32.000000 1.100074
33.000000 1.100783
34.000000 1.101379
35.000000 1.101880
36.000000 1.102304
37.000000 1.102664
38.000000 1.102971
39.000000 1.103234
40.000000 1.103461
41.000000 1.103656
42.000000 1.103827
43.000000 1.103976
44.000000 1.104107
45.000000 1.104223
46.000000 1.104326
47.000000 1.104418
48.000000 1.104501
49.000000 1.104576
50.000000 1.104644
51.000000 1.104706
52.000000 1.104763
53.000000 1.104816
54.000000 1.104864
55.000000 1.104909
56.000000 1.104951
57.000000 1.104990
58.000000 1.105027
59.000000 1.105061
60.000000 1.105093
61.000000 1.105123
62.000000 1.105151
63.000000 1.105178
64.000000 1.105203
65.000000 1.105227
66.000000 1.105250
67.000000 1.105271
68.000000 1.105292
69.000000 1.105311
70.000000 1.105329
71.000000 1.105346
72.000000 1.105363
73.000000 1.105379
74.000000 1.105393
75.000000 1.105407
76.000000 1.105421
77.000000 1.105434
78.000000 1.105446
79.000000 1.105457
80.000000 1.105468
81.000000 1.105478
82.000000 1.105488
83.000000 1.105498
84.000000 1.105507
85.000000 1.105515
86.000000 1.105523
87.000000 1.105531
88.000000 1.105538
89.000000 1.105545
90.000000 1.105552
91.000000 1.105558
92.000000 1.105564
93.000000 1.105570
94.000000 1.105575
95.000000 1.105580
96.000000 1.105585
97.000000 1.105590
98.000000 1.105595
99.000000 1.105599
100.000000 1.105603
101.000000 1.105607
102.000000 1.105610
103.000000 1.105614
104.000000 1.105617
105.000000 1.105620
106.000000 1.105623
107.000000 1.105626
108.000000 1.105629
109.000000 1.105631
110.000000 1.105634
111.000000 1.105636
112.000000 1.105638
113.000000 1.105640
114.000000 1.105642
115.000000 1.105644
116.000000 1.105646
117.000000 1.105648
118.000000 1.105650
119.000000 1.105651
120.000000 1.105653
121.000000 1.105654
122.000000 1.105655
123.000000 1.105657
124.000000 1.105658
125.000000 1.105659
126.000000 1.105660
127.000000 1.105661
128.000000 1.105662
129.000000 1.105663
130.000000 1.105664
