1.000000 0.000000
2.000000 0.000000
3.000000 0.000000
4.000000 0.000000
5.000000 0.000000
6.000000 0.000000
7.000000 0.000000
8.000000 0.000000
9.000000 0.000000
10.000000 0.000000
11.000000 0.000000
12.000000 0.000000
13.000000 0.000000
14.000000 0.000000
15.000000 0.000000
16.000000 0.000000
17.000000 0.000000
18.000000 0.000000
19.000000 0.000000
20.000000 0.000000
21.000000 1.797740
22.000000 2.436181
23.000000 2.498264
24.000000 2.345392
25.000000 2.214943
26.000000 2.182500
27.000000 1.985167
28.000000 1.350135
29.000000 1.181921
30.000000 0.761854
31.000000 0.345685
32.000000 1.228096
33.000000 0.445105
34.000000 0.949687
35.000000 0.436126
36.000000 0.252975
37.000000 1.178295
38.000000 1.156294
39.000000 0.178292
40.000000 0.645937
41.000000 0.770574
42.000000 1.147728
43.000000 0.852159
44.000000 0.713302
45.000000 1.405500
46.000000 1.609398
47.000000 1.419456
48.000000 1.223344
49.000000 0.174377
50.000000 0.303008
51.000000 0.330239
52.000000 0.964373
53.000000 1.514319
54.000000 1.103687
55.000000 1.171412
56.000000 0.767829
57.000000 1.071620
58.000000 0.567058
59.000000 1.169183
60.000000 0.363716
61.000000 0.201347
62.000000 0.306005
63.000000 0.933849
64.000000 1.164575
65.000000 0.976327
66.000000 0.513818
67.000000 0.990222
68.000000 0.500324
69.000000 -0.261512
70.000000 0.332298
71.000000 0.533087
72.000000 1.282703
73.000000 1.915873
74.000000 1.196074
75.000000 0.971250
76.000000 1.010304
77.000000 0.902123
78.000000 0.898616
79.000000 1.186405
80.000000 1.905956
81.000000 1.321579
82.000000 0.951090
83.000000 0.585454
84.000000 0.532370
85.000000 0.840971
86.000000 0.530736
87.000000 0.191828
88.000000 0.407569
89.000000 0.135697
90.000000 0.334755
91.000000 0.368383
92.000000 0.981922
93.000000 1.169276
94.000000 0.849296
95.000000 0.995437
96.000000 0.709308
97.000000 -0.007954
98.000000 -0.091851
99.000000 -0.128386
100.000000 -0.324501
101.000000 0.061464
102.000000 0.695383
103.000000 0.772937
104.000000 1.789999
105.000000 2.214554
106.000000 1.540540
107.000000 1.390448
108.000000 1.249717
109.000000 1.071736
110.000000 1.059578
111.000000 0.961701
112.000000 1.009551
113.000000 1.054054
114.000000 1.174408
115.000000 0.909959
116.000000 0.874313
117.000000 0.125380
118.000000 0.132871
119.000000 -0.097142
120.000000 0.333740
121.000000 0.661401
122.000000 0.489674
123.000000 0.380390
124.000000 0.793750
125.000000 0.585280
126.000000 0.895678
127.000000 1.031048
128.000000 0.581034
129.000000 0.523499
130.000000 0.645791
131.000000 1.034090
132.000000 1.573130
133.000000 1.673543
134.000000 1.017125
135.000000 1.784024
136.000000 1.656553
137.000000 1.416745
138.000000 0.861808
139.000000 1.112374
140.000000 0.546533
141.000000 0.089283
142.000000 0.330002
143.000000 0.394343
144.000000 0.921899
145.000000 0.193530
146.000000 0.266722
147.000000 0.540758
148.000000 1.067941
149.000000 1.041456
150.000000 0.383642
151.000000 0.492075
152.000000 0.563422
153.000000 1.239726
154.000000 1.105629
155.000000 0.801120
156.000000 1.304152
157.000000 0.732425
158.000000 -0.024706
159.000000 0.737211
160.000000 1.500622
161.000000 1.451399
162.000000 0.878591
163.000000 0.708712
164.000000 0.738503
165.000000 0.691725
166.000000 0.948129
167.000000 1.298516
168.000000 0.469031
169.000000 0.360821
170.000000 0.727865
171.000000 0.359901
172.000000 0.962314
173.000000 0.810343
174.000000 0.612556
175.000000 0.949591
176.000000 0.947536
177.000000 0.914560
178.000000 0.110394
179.000000 0.173336
180.000000 0.591959
181.000000 0.920298
182.000000 1.143240
183.000000 0.669706
184.000000 0.975453
185.000000 1.281185
186.000000 1.125151
187.000000 1.036264
188.000000 0.574526
189.000000 0.325810
190.000000 0.125058
191.000000 0.226077
192.000000 0.414965
193.000000 0.196533
194.000000 1.193692
195.000000 1.535511
196.000000 2.247266
197.000000 1.533622
198.000000 1.252036
199.000000 1.037857
200.000000 1.335037
201.000000 0.811645
202.000000 0.546776
203.000000 0.750510
204.000000 0.900080
205.000000 0.885471
206.000000 0.594128
207.000000 0.918580
208.000000 0.643347
209.000000 0.224000
210.000000 0.252952
211.000000 0.471946
212.000000 0.421165
213.000000 0.112557
214.000000 0.500250
215.000000 0.864894
216.000000 1.495093
217.000000 1.611144
218.000000 1.057703
219.000000 0.873735
220.000000 0.374298
221.000000 0.171921
222.000000 0.143382
223.000000 0.113340
224.000000 0.009587
225.000000 0.359873
226.000000 0.752075
227.000000 1.251292
228.000000 1.917536
229.000000 1.975155
230.000000 1.598066
231.000000 1.621640
232.000000 0.960373
233.000000 0.566346
234.000000 0.276977
235.000000 0.132669
236.000000 0.275070
237.000000 0.433424
238.000000 0.653233
239.000000 0.521609
240.000000 0.821177
241.000000 1.865169
242.000000 1.743738
243.000000 1.315553
244.000000 0.527375
245.000000 -0.067909
246.000000 0.427766
247.000000 0.175303
248.000000 0.366814
249.000000 0.638512
250.000000 0.880794
251.000000 1.104053
252.000000 1.066930
253.000000 1.004958
254.000000 1.219593
255.000000 1.418092
256.000000 0.802398
257.000000 0.741256
258.000000 0.100632
259.000000 0.642810
260.000000 0.848352
261.000000 0.380119
262.000000 0.112944
263.000000 0.781570
264.000000 0.959060
265.000000 0.688309
266.000000 0.396385
267.000000 1.178052
268.000000 0.764933
269.000000 0.813055
270.000000 0.832448
271.000000 1.122526
272.000000 1.566360
273.000000 1.313172
274.000000 1.232795
275.000000 0.192229
276.000000 0.310513
277.000000 0.497664
278.000000 0.705282
279.000000 1.057140
280.000000 0.322756
281.000000 0.477440
282.000000 0.708749
283.000000 0.622543
284.000000 0.953377
285.000000 1.095537
286.000000 1.443666
287.000000 1.563142
288.000000 0.764193
289.000000 0.499159
290.000000 0.501826
291.000000 0.089096
292.000000 0.451191
293.000000 0.584222
294.000000 1.445673
295.000000 1.274695
296.000000 1.753062
297.000000 1.730368
298.000000 0.976661
299.000000 0.570390
300.000000 0.604910
301.000000 0.610330
302.000000 0.398693
303.000000 0.264213
304.000000 0.949982
305.000000 1.275366
306.000000 1.647029
307.000000 1.118888
308.000000 1.285195
309.000000 0.468645
310.000000 0.540914
311.000000 0.541094
312.000000 -0.329228
313.000000 -0.870405
314.000000 -0.120086
315.000000 0.426149
316.000000 0.268417
317.000000 0.957801
318.000000 0.688090
319.000000 1.001102
320.000000 1.259660
321.000000 1.550122
322.000000 1.010786
323.000000 0.865147
324.000000 1.192864
325.000000 1.084776
326.000000 1.403623
327.000000 1.094281
328.000000 0.483145
329.000000 0.396826
330.000000 0.781603
331.000000 0.769105
332.000000 1.091518
333.000000 0.310353
334.000000 1.223903
335.000000 1.321328
336.000000 0.953894
337.000000 1.091431
338.000000 0.795391
339.000000 0.554451
340.000000 0.059624
341.000000 0.552596
342.000000 0.725870
343.000000 1.011016
344.000000 0.997138
345.000000 0.818905
346.000000 1.056110
347.000000 0.645737
348.000000 0.540857
349.000000 0.724861
350.000000 0.664728
351.000000 0.446105
352.000000 0.263629
353.000000 0.364945
354.000000 0.780086
355.000000 1.251240
356.000000 1.243357
357.000000 1.414846
358.000000 1.373573
359.000000 0.869732
360.000000 0.283720
361.000000 0.173238
362.000000 -0.257997
363.000000 0.837969
364.000000 1.015459
365.000000 1.249076
366.000000 0.740704
367.000000 0.784589
368.000000 1.119625
369.000000 0.976902
370.000000 0.824183
371.000000 0.799902
372.000000 1.604764
373.000000 1.032235
374.000000 2.120937
375.000000 1.337988
376.000000 1.470887
377.000000 0.857676
378.000000 -0.141245
379.000000 -0.038611
380.000000 -0.805762
381.000000 -0.527789
382.000000 0.062512
383.000000 0.928809
384.000000 1.458959
385.000000 1.370127
386.000000 2.180487
387.000000 1.490888
388.000000 1.078518
389.000000 0.358087
390.000000 -0.436121
391.000000 0.027972
392.000000 0.589921
393.000000 0.457667
394.000000 0.485802
395.000000 0.859323
396.000000 1.394509
397.000000 1.371490
398.000000 1.662191
399.000000 1.322240
400.000000 1.311811
401.000000 1.198783
402.000000 0.460138
403.000000 0.319585
404.000000 -0.235474
405.000000 0.461530
406.000000 0.490277
407.000000 1.075968
408.000000 0.843406
409.000000 0.489283
410.000000 0.364459
411.000000 1.346204
412.000000 1.060563
413.000000 1.071595
414.000000 0.795662
415.000000 1.016083
416.000000 1.516506
417.000000 0.827250
418.000000 0.858570
419.000000 0.705677
420.000000 0.577587
421.000000 -0.329340
422.000000 -0.783910
423.000000 0.382928
424.000000 1.041328
425.000000 1.079082
426.000000 1.958553
427.000000 1.328792
428.000000 1.507768
429.000000 0.673929
430.000000 0.957732
431.000000 1.109406
432.000000 0.098228
433.000000 0.101425
434.000000 0.379045
435.000000 1.099113
436.000000 0.784405
437.000000 0.772285
438.000000 1.660913
439.000000 1.759047
440.000000 0.412275
441.000000 0.347762
442.000000 1.012180
443.000000 1.281083
444.000000 1.135764
445.000000 0.485046
446.000000 0.505734
447.000000 0.457521
448.000000 0.496738
449.000000 0.835457
450.000000 0.364904
451.000000 0.701175
452.000000 0.882725
453.000000 0.869453
454.000000 0.904814
455.000000 1.000299
456.000000 0.900358
457.000000 0.121091
458.000000 0.164954
459.000000 0.668465
460.000000 1.215830
461.000000 1.309765
462.000000 1.710219
463.000000 0.753848
464.000000 0.681411
465.000000 0.943829
466.000000 0.765177
467.000000 1.188375
468.000000 0.614729
469.000000 0.663379
470.000000 0.545133
471.000000 0.425099
472.000000 0.236778
473.000000 0.692379
474.000000 1.305292
475.000000 1.240088
476.000000 1.345161
477.000000 0.857627
478.000000 1.351560
479.000000 0.615939
480.000000 0.352551
481.000000 0.603523
482.000000 0.606607
483.000000 0.335090
484.000000 -0.454087
485.000000 0.172055
486.000000 0.135984
487.000000 1.056993
488.000000 1.183472
489.000000 1.466288
490.000000 1.382537
491.000000 1.480658
492.000000 1.766869
493.000000 1.393570
494.000000 0.821785
495.000000 0.659878
496.000000 0.487212
497.000000 0.259541
498.000000 0.067194
499.000000 0.486709
500.000000 0.726689
501.000000 0.556589
502.000000 0.607948
503.000000 1.225790
504.000000 0.687322
505.000000 1.049513
506.000000 1.148527
507.000000 1.565510
508.000000 1.258961
509.000000 0.911168
510.000000 0.736623
511.000000 0.793608
512.000000 1.120670
513.000000 -0.310796
514.000000 -0.601373
515.000000 -0.088195
516.000000 0.499030
517.000000 0.813130
518.000000 1.031165
519.000000 1.459436
520.000000 1.194392
521.000000 1.604254
522.000000 0.630127
523.000000 1.316549
524.000000 1.106057
525.000000 0.651364
526.000000 0.523253
527.000000 0.957344
528.000000 0.589493
529.000000 0.559079
530.000000 0.805049
531.000000 0.684230
532.000000 0.523352
533.000000 -0.145431
534.000000 0.357351
535.000000 0.827225
536.000000 1.297815
537.000000 1.988045
538.000000 1.460421
539.000000 1.957495
540.000000 1.372442
541.000000 0.975743
542.000000 0.163396
543.000000 0.885001
544.000000 0.183705
545.000000 0.327053
546.000000 0.609151
547.000000 0.533627
548.000000 0.504472
549.000000 0.580181
550.000000 1.112122
551.000000 0.545187
552.000000 0.505574
553.000000 0.733927
554.000000 0.360214
555.000000 0.461570
556.000000 0.996715
557.000000 0.843967
558.000000 1.575409
559.000000 1.592271
560.000000 1.226894
561.000000 0.737421
562.000000 0.447323
563.000000 1.040786
564.000000 0.448284
565.000000 -0.014881
566.000000 -0.284495
567.000000 0.369228
568.000000 0.884959
569.000000 1.409899
570.000000 1.258399
571.000000 1.129795
572.000000 1.313083
573.000000 0.768633
574.000000 0.421781
575.000000 0.196336
576.000000 0.681176
577.000000 1.265100
578.000000 0.933950
579.000000 0.434798
580.000000 1.007997
581.000000 1.740157
582.000000 0.942194
583.000000 0.761002
584.000000 0.126607
585.000000 0.045738
586.000000 0.734949
587.000000 0.916193
588.000000 1.304367
589.000000 1.070735
590.000000 0.606067
591.000000 0.654002
592.000000 1.369491
593.000000 0.723566
594.000000 0.695126
595.000000 0.717895
596.000000 1.458851
597.000000 1.031723
598.000000 0.679314
599.000000 0.375557
600.000000 0.765611
601.000000 0.935119
602.000000 1.050457
603.000000 0.176945
604.000000 0.568963
605.000000 0.618957
606.000000 1.012213
607.000000 0.558270
608.000000 0.590518
609.000000 0.646147
610.000000 0.439210
611.000000 0.421476
612.000000 0.364733
613.000000 1.460866
614.000000 1.324987
615.000000 0.968672
616.000000 0.780076
617.000000 0.502792
618.000000 0.019766
619.000000 -0.036042
620.000000 0.862512
621.000000 1.483670
622.000000 1.629391
623.000000 1.713795
624.000000 1.464113
625.000000 0.798433
626.000000 0.823535
627.000000 0.695471
628.000000 0.693413
629.000000 0.348648
630.000000 0.062142
631.000000 0.406107
632.000000 0.755974
633.000000 0.634033
634.000000 0.603923
635.000000 0.674867
636.000000 -0.122783
637.000000 0.523125
638.000000 0.806188
639.000000 1.333645
640.000000 1.310168
641.000000 1.590076
642.000000 1.214194
643.000000 0.597149
644.000000 0.709019
645.000000 0.833540
646.000000 1.181649
647.000000 1.266104
648.000000 1.695771
649.000000 1.338496
650.000000 1.289653
651.000000 0.368335
652.000000 0.186236
653.000000 0.115115
654.000000 -0.247373
655.000000 0.739817
656.000000 0.664696
657.000000 1.291601
658.000000 1.367157
659.000000 1.096657
660.000000 0.651901
661.000000 0.824480
662.000000 0.517435
663.000000 0.055243
664.000000 0.541483
665.000000 0.996904
666.000000 1.087348
667.000000 0.799397
668.000000 0.786700
669.000000 1.112114
670.000000 0.970182
671.000000 0.783364
672.000000 0.821733
673.000000 1.126905
674.000000 0.792799
675.000000 0.662449
676.000000 0.670608
677.000000 0.855149
678.000000 0.932056
679.000000 1.043635
680.000000 1.160072
681.000000 0.428305
682.000000 0.469244
683.000000 0.960652
684.000000 0.960918
685.000000 0.412466
686.000000 0.519959
687.000000 -0.083034
688.000000 0.571859
689.000000 0.904948
690.000000 1.338383
691.000000 0.815148
692.000000 1.001679
693.000000 0.768450
694.000000 1.347343
695.000000 1.228275
696.000000 0.701185
697.000000 0.983102
698.000000 0.666867
699.000000 0.418790
700.000000 -0.257412
701.000000 -0.160265
702.000000 -0.004714
703.000000 0.689975
704.000000 1.259825
705.000000 1.420887
706.000000 1.792239
707.000000 1.178056
708.000000 0.849439
709.000000 0.427573
710.000000 0.122525
711.000000 0.480541
712.000000 0.900498
713.000000 0.915292
714.000000 0.688645
715.000000 0.623877
716.000000 0.615157
717.000000 0.447499
718.000000 0.752565
719.000000 0.663925
720.000000 1.109904
721.000000 1.057833
722.000000 1.771608
723.000000 1.105352
724.000000 1.753443
725.000000 1.282749
726.000000 1.184281
727.000000 1.221704
728.000000 0.656257
729.000000 0.379412
730.000000 -0.261033
731.000000 -0.038323
732.000000 0.070059
733.000000 0.406947
734.000000 0.286134
735.000000 0.408201
736.000000 0.943941
737.000000 1.267583
738.000000 0.888826
739.000000 1.227655
740.000000 1.014507
741.000000 1.523405
742.000000 1.614907
743.000000 1.052893
744.000000 0.700677
745.000000 0.248216
746.000000 0.669304
747.000000 0.368625
748.000000 0.550031
749.000000 0.746951
750.000000 0.382796
751.000000 0.301308
752.000000 1.446377
753.000000 1.360671
754.000000 1.700744
755.000000 1.418972
756.000000 1.365238
757.000000 0.466871
758.000000 -0.077500
759.000000 -0.129854
760.000000 -0.034729
761.000000 0.287784
762.000000 0.471409
763.000000 0.871645
764.000000 1.304590
765.000000 1.306896
766.000000 1.497834
767.000000 1.498969
768.000000 1.390920
769.000000 1.125208
770.000000 0.818136
771.000000 -0.235746
772.000000 0.435798
773.000000 0.846660
774.000000 0.854526
775.000000 0.863139
776.000000 1.039337
777.000000 0.913549
778.000000 0.597971
779.000000 0.962364
780.000000 0.963953
781.000000 1.307152
782.000000 0.914632
783.000000 0.635091
784.000000 0.263341
785.000000 0.668527
786.000000 0.506114
787.000000 0.604730
788.000000 0.137818
789.000000 0.331928
790.000000 0.809309
791.000000 1.056141
792.000000 1.312268
793.000000 0.695971
794.000000 1.001460
795.000000 1.479535
796.000000 1.305593
797.000000 0.628495
798.000000 0.242117
799.000000 0.297076
800.000000 -0.105114
801.000000 0.507293
802.000000 0.650028
803.000000 1.316995
804.000000 1.619133
805.000000 1.574065
806.000000 1.106643
807.000000 0.186852
808.000000 0.056698
809.000000 0.653950
810.000000 0.867121
811.000000 1.149207
812.000000 1.153260
813.000000 0.706489
814.000000 0.666747
815.000000 0.357203
816.000000 0.396040
817.000000 0.905427
818.000000 0.690594
819.000000 1.395933
820.000000 0.980038
821.000000 0.857527
822.000000 0.481297
823.000000 1.119411
824.000000 1.141457
825.000000 1.036128
826.000000 0.845905
827.000000 0.463254
828.000000 0.357311
829.000000 0.280002
830.000000 0.494225
831.000000 0.196497
832.000000 0.773902
833.000000 1.014624
834.000000 1.471242
835.000000 1.460612
836.000000 1.082464
837.000000 1.445215
838.000000 1.063425
839.000000 1.138171
840.000000 0.501977
841.000000 1.088450
842.000000 1.432715
843.000000 0.429691
844.000000 0.341167
845.000000 0.824498
846.000000 1.272698
847.000000 0.917491
848.000000 0.396473
849.000000 0.134627
850.000000 -0.159982
851.000000 -0.008020
852.000000 0.292871
853.000000 0.276397
854.000000 0.039707
855.000000 0.639516
856.000000 1.202648
857.000000 1.181650
858.000000 1.563618
859.000000 2.006755
860.000000 1.790902
861.000000 1.316891
862.000000 0.832526
863.000000 0.967276
864.000000 0.858844
865.000000 0.792954
866.000000 0.164639
867.000000 0.228016
868.000000 0.085994
869.000000 0.151991
870.000000 0.519598
871.000000 1.428460
872.000000 1.257686
873.000000 0.954588
874.000000 1.103720
875.000000 0.962006
876.000000 1.022717
877.000000 0.170646
878.000000 0.309072
879.000000 0.373723
880.000000 0.987194
881.000000 1.248637
882.000000 1.579308
883.000000 1.029463
884.000000 0.642087
885.000000 0.807893
886.000000 -0.320356
887.000000 -0.239590
888.000000 -0.020364
889.000000 -0.044574
890.000000 1.544928
891.000000 1.640543
892.000000 1.819499
893.000000 1.516195
894.000000 1.636314
895.000000 1.110588
896.000000 1.517802
897.000000 0.861547
898.000000 0.382280
899.000000 0.175137
900.000000 0.002626
901.000000 0.463158
902.000000 0.304367
903.000000 0.666524
904.000000 1.332223
905.000000 1.317524
906.000000 1.355769
907.000000 1.303509
908.000000 0.743166
909.000000 0.501100
910.000000 0.366229
911.000000 0.504281
912.000000 -0.103011
913.000000 -0.229883
914.000000 0.273283
915.000000 0.696251
916.000000 0.565614
917.000000 0.340786
918.000000 0.513419
919.000000 1.213618
920.000000 1.723173
921.000000 1.483798
922.000000 1.749192
923.000000 1.848347
924.000000 1.595925
925.000000 0.771647
926.000000 0.400308
927.000000 0.201225
928.000000 -0.105983
929.000000 0.082232
930.000000 0.766211
931.000000 0.693242
932.000000 0.804580
933.000000 0.972633
934.000000 1.254732
935.000000 1.427012
936.000000 1.203522
937.000000 1.261051
938.000000 1.113086
939.000000 1.315280
940.000000 1.001615
941.000000 0.821438
942.000000 0.234178
943.000000 -0.375746
944.000000 -0.506920
945.000000 -0.425679
946.000000 0.006888
947.000000 0.463674
948.000000 0.811662
949.000000 1.587992
950.000000 1.477693
951.000000 2.024306
952.000000 1.503345
953.000000 1.592223
954.000000 1.483964
955.000000 1.152515
956.000000 1.162262
957.000000 0.588313
958.000000 -0.057165
959.000000 0.000006
960.000000 -0.088651
961.000000 0.189051
962.000000 0.044453
963.000000 0.576506
964.000000 0.844122
965.000000 0.333825
966.000000 0.456867
967.000000 1.219920
968.000000 1.132970
969.000000 1.697392
970.000000 1.505496
971.000000 1.338327
972.000000 0.874224
973.000000 0.906131
974.000000 0.629640
975.000000 0.049250
976.000000 0.962445
977.000000 1.292107
978.000000 0.855258
979.000000 0.898771
980.000000 0.784617
981.000000 0.552210
982.000000 -0.143750
983.000000 0.644625
984.000000 1.133880
985.000000 1.267241
986.000000 1.159351
987.000000 0.970878
988.000000 1.051465
989.000000 0.477014
990.000000 0.818472
991.000000 0.626113
992.000000 0.364261
993.000000 0.387530
994.000000 0.778953
995.000000 0.906734
996.000000 1.091542
997.000000 1.235238
998.000000 0.663003
999.000000 0.803659
1000.000000 0.932801
1001.000000 0.929718
1002.000000 0.583779
1003.000000 0.873509
1004.000000 1.120348
1005.000000 0.639280
1006.000000 0.742460
1007.000000 0.430430
1008.000000 -0.027104
1009.000000 -0.385041
1010.000000 -0.732459
1011.000000 0.178748
1012.000000 0.232317
1013.000000 0.618681
1014.000000 0.498882
1015.000000 0.867299
1016.000000 0.911313
1017.000000 0.764606
1018.000000 1.157644
1019.000000 1.363096
1020.000000 1.787220
1021.000000 1.433393
1022.000000 0.944663
1023.000000 0.906204
1024.000000 0.561135
1025.000000 0.524534
1026.000000 0.456628
1027.000000 0.097432
1028.000000 -0.045253
1029.000000 -0.198596
1030.000000 0.635376
1031.000000 0.896781
1032.000000 0.844647
1033.000000 1.381761
1034.000000 0.570799
1035.000000 0.696026
1036.000000 0.835569
1037.000000 0.500794
1038.000000 0.532786
1039.000000 0.541648
1040.000000 0.985534
1041.000000 1.593308
1042.000000 1.600226
1043.000000 1.396694
1044.000000 0.714220
1045.000000 0.192588
1046.000000 0.324446
1047.000000 -0.093991
1048.000000 -0.161735
1049.000000 0.114209
1050.000000 0.764018
1051.000000 0.643335
1052.000000 0.870736
1053.000000 1.260190
1054.000000 1.102501
1055.000000 0.826591
1056.000000 1.163087
1057.000000 0.265979
1058.000000 1.112069
1059.000000 1.292001
1060.000000 0.571705
1061.000000 0.306532
1062.000000 0.300966
1063.000000 0.415314
1064.000000 0.209004
1065.000000 0.616242
1066.000000 0.367348
1067.000000 0.399730
1068.000000 0.620890
1069.000000 0.740841
1070.000000 1.146618
1071.000000 1.369511
1072.000000 1.324002
1073.000000 0.706631
1074.000000 0.662681
1075.000000 0.686257
1076.000000 0.929007
1077.000000 1.077843
1078.000000 0.735100
1079.000000 0.190521
1080.000000 -0.224687
1081.000000 -0.150075
1082.000000 0.328733
1083.000000 0.749997
1084.000000 0.820336
1085.000000 0.671767
1086.000000 0.565742
1087.000000 1.550902
1088.000000 1.395643
1089.000000 1.549282
1090.000000 1.225135
1091.000000 0.265855
1092.000000 0.503973
1093.000000 0.859617
1094.000000 0.619164
1095.000000 0.506068
1096.000000 0.480423
1097.000000 0.199255
1098.000000 0.150374
1099.000000 0.174437
1100.000000 0.558392
1101.000000 0.647775
1102.000000 0.938032
1103.000000 0.932390
1104.000000 0.795430
1105.000000 0.742106
1106.000000 1.008530
1107.000000 1.129274
1108.000000 1.318939
1109.000000 0.645186
1110.000000 0.553626
1111.000000 0.665004
1112.000000 0.355140
1113.000000 0.580763
1114.000000 0.349200
1115.000000 0.010187
1116.000000 0.018240
1117.000000 0.467739
1118.000000 0.884674
1119.000000 0.447442
1120.000000 0.875926
1121.000000 0.967713
1122.000000 1.102653
1123.000000 0.840044
1124.000000 0.844486
1125.000000 0.828988
1126.000000 0.812719
1127.000000 -0.030315
1128.000000 0.093828
1129.000000 0.833472
1130.000000 1.557446
1131.000000 2.070528
1132.000000 0.994319
1133.000000 1.164988
1134.000000 0.488040
1135.000000 0.304870
1136.000000 0.773555
1137.000000 -0.103686
1138.000000 0.064122
1139.000000 -0.348519
1140.000000 0.200639
1141.000000 0.664694
1142.000000 1.396874
1143.000000 1.505215
1144.000000 1.410231
1145.000000 1.779603
1146.000000 1.340889
1147.000000 0.904269
1148.000000 0.724692
1149.000000 0.249585
1150.000000 0.585885
1151.000000 0.519827
1152.000000 0.371630
1153.000000 0.520615
1154.000000 0.287752
1155.000000 0.525451
1156.000000 0.795185
1157.000000 0.408000
1158.000000 0.301350
1159.000000 0.209826
1160.000000 0.266554
1161.000000 0.242049
1162.000000 0.268810
1163.000000 0.714063
1164.000000 1.205385
1165.000000 1.394294
1166.000000 0.949059
1167.000000 1.402160
1168.000000 1.384298
1169.000000 0.802768
1170.000000 0.336104
1171.000000 0.471678
1172.000000 0.617331
1173.000000 0.701376
1174.000000 0.746378
1175.000000 1.545218
1176.000000 1.335073
1177.000000 0.867826
1178.000000 -0.340132
1179.000000 0.310711
1180.000000 0.530727
1181.000000 0.709546
1182.000000 0.916272
1183.000000 0.955671
1184.000000 1.501250
1185.000000 1.040279
1186.000000 0.818379
1187.000000 0.198267
1188.000000 0.042898
1189.000000 -0.328685
1190.000000 -0.638994
1191.000000 -0.135817
1192.000000 0.817257
1193.000000 1.074914
1194.000000 0.799403
1195.000000 1.035744
1196.000000 1.030150
1197.000000 1.479993
1198.000000 0.722723
1199.000000 0.603607
1200.000000 0.763534
1201.000000 1.362607
1202.000000 1.363294
1203.000000 1.326555
1204.000000 1.037040
1205.000000 0.533371
1206.000000 0.009633
1207.000000 -0.094099
1208.000000 -0.001333
1209.000000 0.105805
1210.000000 -0.496847
1211.000000 0.060168
1212.000000 0.595410
1213.000000 0.627749
1214.000000 1.101570
1215.000000 1.561668
1216.000000 1.369584
1217.000000 1.508369
1218.000000 1.189281
1219.000000 0.767010
1220.000000 0.418252
1221.000000 0.989274
1222.000000 1.656412
1223.000000 1.462832
1224.000000 0.389328
1225.000000 0.108798
1226.000000 0.142981
1227.000000 0.305608
1228.000000 -0.009290
1229.000000 0.106831
1230.000000 0.290067
1231.000000 1.398618
1232.000000 1.385004
1233.000000 1.246009
1234.000000 1.273657
1235.000000 0.951117
1236.000000 0.921340
1237.000000 0.223869
1238.000000 0.347526
1239.000000 -0.174138
1240.000000 0.111782
1241.000000 0.025986
1242.000000 -0.336388
1243.000000 0.323573
1244.000000 0.313696
1245.000000 1.385189
1246.000000 0.930005
1247.000000 1.705318
1248.000000 1.623095
1249.000000 1.604265
1250.000000 1.664329
1251.000000 1.540530
1252.000000 0.768076
1253.000000 0.806433
1254.000000 0.757127
1255.000000 -0.011662
1256.000000 -0.130202
1257.000000 -0.299233
1258.000000 0.324624
1259.000000 0.519722
1260.000000 0.528374
1261.000000 0.614146
1262.000000 0.133933
1263.000000 0.734647
1264.000000 0.886459
1265.000000 0.737268
1266.000000 0.527910
1267.000000 1.359588
1268.000000 1.398176
1269.000000 1.440341
1270.000000 1.004499
1271.000000 0.532959
1272.000000 0.270443
1273.000000 -0.159961
1274.000000 -0.068372
1275.000000 0.132845
1276.000000 0.219328
1277.000000 0.543879
1278.000000 1.365748
1279.000000 1.421154
1280.000000 1.964175
1281.000000 1.116130
1282.000000 1.626206
1283.000000 1.192799
1284.000000 0.683867
1285.000000 0.274700
1286.000000 -0.642000
1287.000000 -0.340775
1288.000000 0.128632
1289.000000 0.269696
1290.000000 1.038381
1291.000000 0.882838
1292.000000 0.998991
1293.000000 1.118990
1294.000000 1.224053
1295.000000 1.436807
1296.000000 1.626196
1297.000000 1.166828
1298.000000 0.364304
1299.000000 0.286667
1300.000000 -0.478246
1301.000000 0.059203
1302.000000 -0.609658
1303.000000 0.226061
1304.000000 0.540507
1305.000000 0.457811
1306.000000 0.489443
1307.000000 1.114451
1308.000000 1.120313
1309.000000 1.661842
1310.000000 1.985919
1311.000000 1.328942
1312.000000 1.564726
1313.000000 1.594096
1314.000000 0.926011
1315.000000 -0.151856
1316.000000 -0.831523
1317.000000 -0.072634
1318.000000 0.076975
1319.000000 0.066099
1320.000000 0.014759
1321.000000 -0.029051
1322.000000 0.118406
1323.000000 0.459947
1324.000000 1.517281
1325.000000 1.678527
1326.000000 2.175012
1327.000000 1.327267
1328.000000 0.536193
1329.000000 1.163759
1330.000000 0.550735
1331.000000 0.683851
1332.000000 0.597231
1333.000000 0.860228
1334.000000 0.346716
1335.000000 0.244025
1336.000000 0.399833
1337.000000 0.430739
1338.000000 0.299612
1339.000000 0.831122
1340.000000 1.204379
1341.000000 0.962218
1342.000000 0.378064
1343.000000 0.082884
1344.000000 0.475329
1345.000000 1.191829
1346.000000 1.958305
1347.000000 1.839954
1348.000000 0.926334
1349.000000 0.768272
1350.000000 0.313308
1351.000000 0.133534
1352.000000 0.783798
1353.000000 0.091552
1354.000000 -0.414932
1355.000000 -0.079965
1356.000000 0.014463
1357.000000 0.879892
1358.000000 0.838792
1359.000000 0.407245
1360.000000 0.392449
1361.000000 1.061128
1362.000000 1.665856
1363.000000 1.546277
1364.000000 1.400143
1365.000000 1.139523
1366.000000 0.490999
1367.000000 0.361965
1368.000000 -0.238977
1369.000000 0.149629
1370.000000 0.486456
1371.000000 0.531372
1372.000000 0.721139
1373.000000 1.016783
1374.000000 1.729506
1375.000000 1.878966
1376.000000 1.208630
1377.000000 0.639988
1378.000000 0.881955
1379.000000 0.529619
1380.000000 0.166541
1381.000000 0.451353
1382.000000 0.708411
1383.000000 0.251872
1384.000000 0.887490
1385.000000 0.520286
1386.000000 0.279107
1387.000000 0.939421
1388.000000 0.806312
1389.000000 1.201243
1390.000000 0.781147
1391.000000 0.744219
1392.000000 1.098233
1393.000000 0.493702
1394.000000 0.157211
1395.000000 0.271592
1396.000000 0.135174
1397.000000 0.798646
1398.000000 1.096373
1399.000000 1.345208
1400.000000 1.041831
1401.000000 0.884776
1402.000000 -0.075744
1403.000000 0.019362
1404.000000 -0.105340
1405.000000 0.026472
1406.000000 0.261492
1407.000000 0.557339
1408.000000 0.529643
1409.000000 1.319663
1410.000000 0.817598
1411.000000 0.856732
1412.000000 1.336898
1413.000000 0.896824
1414.000000 0.601170
1415.000000 0.045824
1416.000000 0.597364
1417.000000 0.312922
1418.000000 0.657186
1419.000000 1.420740
1420.000000 1.715698
1421.000000 1.264801
1422.000000 0.431222
1423.000000 0.897896
1424.000000 0.844037
1425.000000 1.016583
1426.000000 0.104942
1427.000000 0.560433
1428.000000 0.153411
1429.000000 0.684373
1430.000000 0.465033
1431.000000 1.120920
1432.000000 0.578530
1433.000000 1.481221
1434.000000 1.063343
1435.000000 0.787487
1436.000000 0.878229
1437.000000 0.941113
1438.000000 0.538894
1439.000000 0.702402
1440.000000 0.468459
1441.000000 1.384725
1442.000000 1.585331
1443.000000 0.974962
1444.000000 0.052789
1445.000000 0.359038
1446.000000 -0.097121
1447.000000 -0.213742
1448.000000 0.051592
1449.000000 0.249045
1450.000000 -0.176734
1451.000000 0.759196
1452.000000 0.762441
1453.000000 1.016826
1454.000000 0.946950
1455.000000 0.999172
1456.000000 0.961294
1457.000000 1.000061
1458.000000 1.475379
1459.000000 1.324141
1460.000000 0.890451
1461.000000 0.474732
1462.000000 0.112313
1463.000000 -0.563814
1464.000000 0.407446
1465.000000 0.328144
1466.000000 0.693560
1467.000000 0.868620
1468.000000 1.259371
1469.000000 1.327851
1470.000000 0.913051
1471.000000 0.671368
1472.000000 1.159959
1473.000000 0.620802
1474.000000 0.496534
1475.000000 -0.241514
1476.000000 0.515882
1477.000000 0.916681
1478.000000 1.567413
1479.000000 1.262965
1480.000000 0.645668
1481.000000 0.721235
1482.000000 0.723103
1483.000000 0.699533
1484.000000 0.543902
1485.000000 0.077961
1486.000000 0.243775
1487.000000 0.547646
1488.000000 0.459301
1489.000000 1.091892
1490.000000 0.771722
1491.000000 0.932404
1492.000000 0.098020
1493.000000 0.582714
1494.000000 0.531955
1495.000000 0.699725
1496.000000 1.170145
1497.000000 0.766586
1498.000000 1.635184
1499.000000 1.859370
1500.000000 1.765794
1501.000000 1.798864
1502.000000 1.651709
1503.000000 2.227814
1504.000000 2.159264
1505.000000 2.275324
1506.000000 1.846101
1507.000000 0.896252
1508.000000 1.309605
1509.000000 0.587972
1510.000000 1.173758
1511.000000 1.513346
1512.000000 1.460244
1513.000000 1.410955
1514.000000 1.390108
1515.000000 2.065004
1516.000000 2.122782
1517.000000 2.107008
1518.000000 1.794307
1519.000000 1.615353
1520.000000 1.033010
1521.000000 0.414415
1522.000000 0.500418
1523.000000 0.420649
1524.000000 0.500455
1525.000000 0.822025
1526.000000 1.295212
1527.000000 1.780955
1528.000000 2.216904
1529.000000 2.073680
1530.000000 1.707764
1531.000000 1.439521
1532.000000 1.071649
1533.000000 0.899907
1534.000000 0.574435
1535.000000 0.919306
1536.000000 1.046985
1537.000000 1.104547
1538.000000 1.346357
1539.000000 1.277532
1540.000000 1.973607
1541.000000 1.527135
1542.000000 1.232582
1543.000000 1.074899
1544.000000 1.143100
1545.000000 1.279017
1546.000000 1.718808
1547.000000 1.048987
1548.000000 0.813536
1549.000000 1.191707
1550.000000 1.668411
1551.000000 1.605628
1552.000000 1.053447
1553.000000 0.663119
1554.000000 0.599777
1555.000000 0.570721
1556.000000 0.295126
1557.000000 1.405763
1558.000000 1.457916
1559.000000 1.786061
1560.000000 2.013569
1561.000000 1.620853
1562.000000 1.595100
1563.000000 0.956421
1564.000000 1.386806
1565.000000 1.544405
1566.000000 1.249957
1567.000000 1.466337
1568.000000 1.191237
1569.000000 1.316168
1570.000000 0.776675
1571.000000 0.708959
1572.000000 1.011553
1573.000000 1.364362
1574.000000 1.551788
1575.000000 0.646029
1576.000000 0.959330
1577.000000 1.209876
1578.000000 1.507469
1579.000000 1.021536
1580.000000 1.770796
1581.000000 1.313595
1582.000000 1.696620
1583.000000 1.569409
1584.000000 1.195472
1585.000000 1.502733
1586.000000 1.117139
1587.000000 1.165050
1588.000000 1.535347
1589.000000 1.267186
1590.000000 1.007888
1591.000000 0.716552
1592.000000 1.063974
1593.000000 1.160217
1594.000000 1.017438
1595.000000 0.958779
1596.000000 1.283104
1597.000000 1.852494
1598.000000 1.624576
1599.000000 1.381682
1600.000000 0.743007
1601.000000 1.451916
1602.000000 1.469862
1603.000000 1.244752
1604.000000 1.185011
1605.000000 0.449358
1606.000000 0.971994
1607.000000 1.903295
1608.000000 1.535686
1609.000000 1.967247
1610.000000 1.088574
1611.000000 1.013735
1612.000000 1.084067
1613.000000 1.372907
1614.000000 0.666450
1615.000000 0.717484
1616.000000 1.093785
1617.000000 1.560219
1618.000000 1.645490
1619.000000 1.094982
1620.000000 0.564795
1621.000000 0.902718
1622.000000 1.055274
1623.000000 1.266149
1624.000000 2.010549
1625.000000 1.870289
1626.000000 1.991300
1627.000000 1.794523
1628.000000 1.530334
1629.000000 2.210315
1630.000000 1.737665
1631.000000 0.935816
1632.000000 0.485579
1633.000000 0.520085
1634.000000 0.688623
1635.000000 1.056515
1636.000000 1.217563
1637.000000 1.370931
1638.000000 1.313639
1639.000000 0.984533
1640.000000 0.975540
1641.000000 0.991723
1642.000000 1.331307
1643.000000 0.924147
1644.000000 0.958873
1645.000000 0.880021
1646.000000 1.062860
1647.000000 1.004374
1648.000000 0.743650
1649.000000 1.319574
1650.000000 1.378421
1651.000000 1.442557
1652.000000 1.598805
1653.000000 1.036554
1654.000000 1.717884
1655.000000 1.838800
1656.000000 1.780462
1657.000000 1.595902
1658.000000 1.466774
1659.000000 1.519298
1660.000000 1.012943
1661.000000 0.985660
1662.000000 1.220418
1663.000000 0.613429
1664.000000 0.559837
1665.000000 0.320678
1666.000000 0.938068
1667.000000 0.734418
1668.000000 1.020967
1669.000000 2.143695
1670.000000 2.680140
1671.000000 2.298600
1672.000000 1.947336
1673.000000 1.598132
1674.000000 0.962055
1675.000000 0.249875
1676.000000 0.273008
1677.000000 0.591192
1678.000000 0.279630
1679.000000 0.950327
1680.000000 1.577217
1681.000000 2.183498
1682.000000 2.454398
1683.000000 2.125997
1684.000000 2.125604
1685.000000 2.249579
1686.000000 2.000792
1687.000000 1.096024
1688.000000 0.198859
1689.000000 -0.305904
1690.000000 -0.771632
1691.000000 0.346861
1692.000000 0.418157
1693.000000 1.203320
1694.000000 1.840846
1695.000000 2.284356
1696.000000 2.030527
1697.000000 1.681152
1698.000000 2.193251
1699.000000 1.454268
1700.000000 1.008256
1701.000000 0.920520
1702.000000 1.268454
1703.000000 1.512418
1704.000000 1.714293
1705.000000 1.414697
1706.000000 1.332360
1707.000000 1.188472
1708.000000 0.915087
1709.000000 0.921315
1710.000000 1.409777
1711.000000 1.412397
1712.000000 1.381482
1713.000000 1.667206
1714.000000 0.965725
1715.000000 1.578437
1716.000000 0.930908
1717.000000 0.917009
1718.000000 0.844494
1719.000000 0.549806
1720.000000 0.839021
1721.000000 0.963422
1722.000000 1.428145
1723.000000 1.019376
1724.000000 0.827054
1725.000000 0.822520
1726.000000 0.968935
1727.000000 1.067574
1728.000000 1.130061
1729.000000 1.335506
1730.000000 1.415778
1731.000000 1.912521
1732.000000 1.890163
1733.000000 1.645055
1734.000000 1.795347
1735.000000 1.565151
1736.000000 1.480465
1737.000000 0.810726
1738.000000 0.695884
1739.000000 0.479882
1740.000000 0.640676
1741.000000 0.702029
1742.000000 1.216940
1743.000000 1.548440
1744.000000 2.016553
1745.000000 1.867565
1746.000000 0.768666
1747.000000 1.037646
1748.000000 1.227202
1749.000000 1.209492
1750.000000 1.915349
1751.000000 1.369630
1752.000000 1.832153
1753.000000 1.413721
1754.000000 1.287576
1755.000000 1.243731
1756.000000 1.396635
1757.000000 1.175197
1758.000000 0.739345
1759.000000 0.649464
1760.000000 0.449813
1761.000000 1.403867
1762.000000 1.520875
1763.000000 2.124067
1764.000000 1.841103
1765.000000 1.466044
1766.000000 1.568637
1767.000000 0.832548
1768.000000 1.038857
1769.000000 0.702223
1770.000000 1.005301
1771.000000 1.354807
1772.000000 1.588968
1773.000000 1.993871
1774.000000 1.104004
1775.000000 1.887247
1776.000000 1.818844
1777.000000 2.072214
1778.000000 1.764705
1779.000000 1.937140
1780.000000 0.876051
1781.000000 0.332498
1782.000000 0.331190
1783.000000 0.625163
1784.000000 0.982624
1785.000000 0.844514
1786.000000 1.462557
1787.000000 1.039293
1788.000000 0.997745
1789.000000 0.951669
1790.000000 0.671895
1791.000000 0.704528
1792.000000 0.944824
1793.000000 1.120645
1794.000000 1.336195
1795.000000 1.611121
1796.000000 1.206417
1797.000000 0.913020
1798.000000 1.068184
1799.000000 1.620742
1800.000000 2.039361
1801.000000 1.711294
1802.000000 1.598909
1803.000000 1.637382
1804.000000 1.332413
1805.000000 1.512445
1806.000000 1.008798
1807.000000 1.442125
1808.000000 1.939378
1809.000000 1.495177
1810.000000 1.404633
1811.000000 0.342837
1812.000000 -0.078381
1813.000000 0.373573
1814.000000 0.959019
1815.000000 1.264106
1816.000000 1.443510
1817.000000 1.014746
1818.000000 1.383102
1819.000000 1.010024
1820.000000 0.826748
1821.000000 0.245324
1822.000000 0.999034
1823.000000 1.633735
1824.000000 1.368842
1825.000000 1.947346
1826.000000 2.547581
1827.000000 2.325202
1828.000000 1.770765
1829.000000 1.453945
1830.000000 1.292011
1831.000000 1.516038
1832.000000 0.517934
1833.000000 0.485571
1834.000000 0.765128
1835.000000 0.847319
1836.000000 0.810698
1837.000000 1.380652
1838.000000 1.434372
1839.000000 1.736031
1840.000000 1.036501
1841.000000 1.121841
1842.000000 1.582350
1843.000000 1.559182
1844.000000 1.318431
1845.000000 0.479488
1846.000000 0.787542
1847.000000 0.862872
1848.000000 0.820033
1849.000000 1.029527
1850.000000 1.677062
1851.000000 1.948557
1852.000000 2.175750
1853.000000 1.667125
1854.000000 1.007636
1855.000000 1.059045
1856.000000 0.727232
1857.000000 1.227345
1858.000000 1.203799
1859.000000 1.418315
1860.000000 0.920601
1861.000000 1.068676
1862.000000 1.020983
1863.000000 1.425436
1864.000000 1.750650
1865.000000 1.565960
1866.000000 1.828865
1867.000000 2.044216
1868.000000 1.785802
1869.000000 0.832256
1870.000000 0.821079
1871.000000 0.677732
1872.000000 1.022520
1873.000000 1.695393
1874.000000 1.441286
1875.000000 0.760563
1876.000000 0.914699
1877.000000 1.362103
1878.000000 1.684282
1879.000000 1.292428
1880.000000 1.261677
1881.000000 0.796629
1882.000000 1.001574
1883.000000 1.695392
1884.000000 1.594863
1885.000000 1.145283
1886.000000 0.628878
1887.000000 0.325840
1888.000000 0.364255
1889.000000 0.442457
1890.000000 0.375979
1891.000000 0.616063
1892.000000 1.359503
1893.000000 2.138812
1894.000000 2.508072
1895.000000 2.221129
1896.000000 1.697278
1897.000000 1.732583
1898.000000 1.066834
1899.000000 1.395425
1900.000000 1.416853
1901.000000 1.515564
1902.000000 1.620924
1903.000000 1.087175
1904.000000 1.162732
1905.000000 0.446727
1906.000000 0.758029
1907.000000 0.333200
1908.000000 1.701557
1909.000000 1.607534
1910.000000 1.637077
1911.000000 0.923336
1912.000000 1.048029
1913.000000 0.688417
1914.000000 0.439398
1915.000000 1.188664
1916.000000 1.941760
1917.000000 1.823802
1918.000000 2.130086
1919.000000 1.935293
1920.000000 1.964612
1921.000000 1.532088
1922.000000 0.979650
1923.000000 0.603061
1924.000000 0.607001
1925.000000 1.104615
1926.000000 1.440942
1927.000000 1.297817
1928.000000 2.016210
1929.000000 2.044670
1930.000000 2.160837
1931.000000 1.542858
1932.000000 0.787607
1933.000000 -0.312175
1934.000000 -0.107394
1935.000000 0.583704
1936.000000 1.055128
1937.000000 1.115981
1938.000000 0.966502
1939.000000 1.477753
1940.000000 1.628201
1941.000000 1.274172
1942.000000 1.269121
1943.000000 1.300746
1944.000000 1.551363
1945.000000 1.639178
1946.000000 1.150390
1947.000000 1.391125
1948.000000 1.334648
1949.000000 1.696357
1950.000000 1.256496
1951.000000 1.087410
1952.000000 0.913940
1953.000000 1.020330
1954.000000 1.372606
1955.000000 1.350801
1956.000000 1.772460
1957.000000 1.634935
1958.000000 0.646442
1959.000000 0.193816
1960.000000 0.228531
1961.000000 0.665950
1962.000000 0.905916
1963.000000 1.263040
1964.000000 1.390414
1965.000000 1.416989
1966.000000 2.129520
1967.000000 2.187125
1968.000000 2.097485
1969.000000 1.984199
1970.000000 1.953517
1971.000000 1.103119
1972.000000 0.667635
1973.000000 0.912801
1974.000000 1.269285
1975.000000 1.054218
1976.000000 1.239971
1977.000000 1.553297
1978.000000 1.496626
1979.000000 1.567896
1980.000000 0.908839
1981.000000 0.075093
1982.000000 0.945615
1983.000000 0.721841
1984.000000 0.946128
1985.000000 1.381099
1986.000000 1.170395
1987.000000 1.771059
1988.000000 2.256020
1989.000000 2.313177
1990.000000 1.588660
1991.000000 0.991987
1992.000000 0.427000
1993.000000 0.337323
1994.000000 0.105846
1995.000000 1.237029
1996.000000 1.486387
1997.000000 1.779668
1998.000000 1.699810
1999.000000 1.219790
2000.000000 1.510039
2001.000000 1.236028
2002.000000 1.855856
2003.000000 1.778283
2004.000000 1.102156
2005.000000 1.519137
2006.000000 0.633177
2007.000000 0.906941
2008.000000 0.592163
2009.000000 1.173516
2010.000000 0.944516
2011.000000 1.079626
2012.000000 0.770143
2013.000000 1.252840
2014.000000 1.648212
2015.000000 1.887154
2016.000000 1.033343
2017.000000 1.216719
2018.000000 1.752055
2019.000000 1.286248
2020.000000 1.220820
2021.000000 1.168344
2022.000000 1.034849
2023.000000 0.824284
2024.000000 1.155107
2025.000000 1.213945
2026.000000 1.458177
2027.000000 1.624162
2028.000000 1.358986
2029.000000 1.095126
2030.000000 1.566573
2031.000000 1.038877
2032.000000 1.074383
2033.000000 1.118085
2034.000000 1.734344
2035.000000 1.665794
2036.000000 1.448345
2037.000000 1.185539
2038.000000 1.209094
2039.000000 0.782003
2040.000000 0.295632
2041.000000 0.171650
2042.000000 0.783246
2043.000000 1.146054
2044.000000 1.407603
2045.000000 1.885798
2046.000000 1.965345
2047.000000 2.153454
2048.000000 1.828558
2049.000000 1.008019
2050.000000 1.045198
2051.000000 1.230662
2052.000000 0.755526
2053.000000 0.619016
2054.000000 1.030897
2055.000000 1.564641
2056.000000 1.178673
2057.000000 1.312389
2058.000000 1.319824
2059.000000 1.369763
2060.000000 1.647609
2061.000000 1.146031
2062.000000 0.469241
2063.000000 1.659424
2064.000000 1.539060
2065.000000 1.328037
2066.000000 1.518013
2067.000000 1.387198
2068.000000 1.402612
2069.000000 1.449582
2070.000000 1.048335
2071.000000 0.680945
2072.000000 0.765601
2073.000000 0.880539
2074.000000 1.366242
2075.000000 1.084552
2076.000000 1.372725
2077.000000 1.336403
2078.000000 1.110365
2079.000000 1.424441
2080.000000 1.526888
2081.000000 1.565527
2082.000000 1.581591
2083.000000 1.887216
2084.000000 1.458363
2085.000000 1.760367
2086.000000 1.426329
2087.000000 1.627725
2088.000000 0.722777
2089.000000 0.588472
2090.000000 0.409114
2091.000000 0.717811
2092.000000 0.390251
2093.000000 0.940222
2094.000000 0.861346
2095.000000 0.957875
2096.000000 1.559602
2097.000000 1.609415
2098.000000 1.791711
2099.000000 1.045021
2100.000000 1.651810
2101.000000 2.168452
2102.000000 1.841370
2103.000000 1.902315
2104.000000 1.615078
2105.000000 1.219658
2106.000000 1.394863
2107.000000 0.624984
2108.000000 0.507589
2109.000000 0.080029
2110.000000 0.631777
2111.000000 0.692663
2112.000000 1.529495
2113.000000 1.603254
2114.000000 1.372364
2115.000000 1.744138
2116.000000 1.629821
2117.000000 1.069134
2118.000000 1.384958
2119.000000 1.678148
2120.000000 1.278828
2121.000000 1.225759
2122.000000 1.486324
2123.000000 1.701369
2124.000000 1.338502
2125.000000 1.026878
2126.000000 1.050647
2127.000000 0.943272
2128.000000 0.791367
2129.000000 1.129117
2130.000000 1.280647
2131.000000 1.585705
2132.000000 0.990835
2133.000000 1.513033
2134.000000 0.818584
2135.000000 1.225517
2136.000000 1.177913
2137.000000 0.925997
2138.000000 0.882016
2139.000000 1.183328
2140.000000 1.104979
2141.000000 1.746406
2142.000000 1.199923
2143.000000 1.009640
2144.000000 1.187044
2145.000000 1.231816
2146.000000 1.133737
2147.000000 1.414158
2148.000000 1.345844
2149.000000 1.306929
2150.000000 1.301070
2151.000000 1.904686
2152.000000 1.896898
2153.000000 2.355452
2154.000000 1.899679
2155.000000 1.685254
2156.000000 1.158050
2157.000000 0.628262
2158.000000 0.188439
2159.000000 0.319503
2160.000000 0.534580
2161.000000 0.502371
2162.000000 0.492673
2163.000000 0.963710
2164.000000 1.169127
2165.000000 1.880345
2166.000000 1.437619
2167.000000 1.924306
2168.000000 2.113724
2169.000000 1.760072
2170.000000 1.595196
2171.000000 1.830016
2172.000000 1.131029
2173.000000 0.773359
2174.000000 0.141124
2175.000000 0.435048
2176.000000 0.616038
2177.000000 1.480443
2178.000000 1.049449
2179.000000 0.670315
2180.000000 1.345221
2181.000000 1.935897
2182.000000 1.777312
2183.000000 2.157817
2184.000000 1.844434
2185.000000 1.785573
2186.000000 1.194759
2187.000000 1.715039
2188.000000 1.312069
2189.000000 1.031669
2190.000000 1.450964
2191.000000 1.197162
2192.000000 0.880777
2193.000000 1.178866
2194.000000 1.113081
2195.000000 1.019196
2196.000000 1.094763
2197.000000 0.486682
2198.000000 0.511867
2199.000000 0.983498
2200.000000 1.128856
2201.000000 1.011758
2202.000000 1.178752
2203.000000 1.262710
2204.000000 1.340107
2205.000000 1.279011
2206.000000 1.926107
2207.000000 2.086689
2208.000000 2.010498
2209.000000 2.183586
2210.000000 2.093248
2211.000000 1.373084
2212.000000 0.749277
2213.000000 0.142687
2214.000000 0.137192
2215.000000 0.652388
2216.000000 0.870569
2217.000000 1.379009
2218.000000 1.155554
2219.000000 1.883079
2220.000000 1.430557
2221.000000 1.261826
2222.000000 0.926549
2223.000000 1.222094
2224.000000 1.214026
2225.000000 1.261114
2226.000000 1.781951
2227.000000 1.423039
2228.000000 1.226842
2229.000000 1.360169
2230.000000 0.824423
2231.000000 1.570014
2232.000000 1.447014
2233.000000 1.490445
2234.000000 1.495965
2235.000000 1.439720
2236.000000 1.059831
2237.000000 1.184105
2238.000000 0.952188
2239.000000 1.063476
2240.000000 1.007568
2241.000000 0.339552
2242.000000 0.858811
2243.000000 0.729513
2244.000000 1.149670
2245.000000 1.348026
2246.000000 2.170296
2247.000000 1.678456
2248.000000 1.547950
2249.000000 1.506696
2250.000000 1.346404
2251.000000 1.280770
2252.000000 0.466955
2253.000000 1.082600
2254.000000 1.312607
2255.000000 1.312876
2256.000000 0.687299
2257.000000 0.841492
2258.000000 0.794765
2259.000000 0.975007
2260.000000 1.079321
2261.000000 1.013479
2262.000000 0.731041
2263.000000 1.296951
2264.000000 1.835111
2265.000000 2.040498
2266.000000 2.184351
2267.000000 2.795534
2268.000000 2.315914
2269.000000 1.717747
2270.000000 1.253302
2271.000000 0.918707
2272.000000 0.279819
2273.000000 0.281947
2274.000000 0.468403
2275.000000 1.034693
2276.000000 1.417269
2277.000000 1.508224
2278.000000 1.474563
2279.000000 1.300209
2280.000000 0.743041
2281.000000 0.481206
2282.000000 1.229016
2283.000000 0.809957
2284.000000 1.577709
2285.000000 0.727202
2286.000000 1.201325
2287.000000 1.628530
2288.000000 2.469879
2289.000000 2.357984
2290.000000 1.385225
2291.000000 1.355263
2292.000000 1.273492
2293.000000 1.593795
2294.000000 1.596355
2295.000000 1.364210
2296.000000 0.928053
2297.000000 1.446374
2298.000000 0.846953
2299.000000 0.922452
2300.000000 0.448459
2301.000000 0.615013
2302.000000 0.960145
2303.000000 0.904296
2304.000000 0.968888
2305.000000 0.479828
2306.000000 1.445409
2307.000000 1.837530
2308.000000 2.297524
2309.000000 2.153535
2310.000000 1.901144
2311.000000 1.643182
2312.000000 1.336935
2313.000000 1.111848
2314.000000 0.852084
2315.000000 0.526539
2316.000000 0.184557
2317.000000 0.602038
2318.000000 0.268805
2319.000000 0.571112
2320.000000 0.683200
2321.000000 1.687338
2322.000000 2.617113
2323.000000 2.348616
2324.000000 1.996965
2325.000000 2.214242
2326.000000 2.223471
2327.000000 1.456859
2328.000000 0.524320
2329.000000 -0.132822
2330.000000 0.456794
2331.000000 0.463847
2332.000000 0.633819
2333.000000 1.010898
2334.000000 1.745396
2335.000000 2.271342
2336.000000 1.793555
2337.000000 2.167835
2338.000000 1.766621
2339.000000 1.361227
2340.000000 0.592440
2341.000000 0.619080
2342.000000 1.140434
2343.000000 0.953229
2344.000000 1.243922
2345.000000 0.539292
2346.000000 1.176128
2347.000000 1.181535
2348.000000 0.641074
2349.000000 0.628721
2350.000000 1.009103
2351.000000 1.315515
2352.000000 0.815596
2353.000000 0.825130
2354.000000 1.836838
2355.000000 2.038838
2356.000000 1.788594
2357.000000 2.260117
2358.000000 1.894912
2359.000000 1.778723
2360.000000 1.288733
2361.000000 1.352352
2362.000000 1.756311
2363.000000 1.689462
2364.000000 0.611315
2365.000000 0.564129
2366.000000 0.886539
2367.000000 0.473548
2368.000000 0.413388
2369.000000 0.988831
2370.000000 0.955552
2371.000000 0.993856
2372.000000 1.540786
2373.000000 1.524954
2374.000000 1.851576
2375.000000 1.301252
2376.000000 1.822871
2377.000000 1.765431
2378.000000 1.293742
2379.000000 1.191570
2380.000000 0.853672
2381.000000 0.417152
2382.000000 0.870531
2383.000000 1.456175
2384.000000 1.074255
2385.000000 1.461963
2386.000000 1.365825
2387.000000 1.748879
2388.000000 2.165822
2389.000000 2.086901
2390.000000 1.202465
2391.000000 1.084216
2392.000000 0.911301
2393.000000 0.769610
2394.000000 0.364468
2395.000000 0.544633
2396.000000 0.985773
2397.000000 1.575068
2398.000000 1.439471
2399.000000 2.209542
2400.000000 2.274455
2401.000000 1.610033
2402.000000 1.062559
2403.000000 1.202798
2404.000000 0.803494
2405.000000 0.588697
2406.000000 0.988883
2407.000000 1.033419
2408.000000 0.622086
2409.000000 1.018390
2410.000000 1.625692
2411.000000 1.612658
2412.000000 1.716809
2413.000000 1.571152
2414.000000 1.270010
2415.000000 1.163254
2416.000000 1.142058
2417.000000 1.412948
2418.000000 1.497084
2419.000000 1.600167
2420.000000 1.472132
2421.000000 0.560181
2422.000000 0.552646
2423.000000 0.808789
2424.000000 1.020246
2425.000000 1.049360
2426.000000 1.049099
2427.000000 1.148130
2428.000000 0.974348
2429.000000 1.353919
2430.000000 1.337155
2431.000000 1.708217
2432.000000 2.268998
2433.000000 2.103040
2434.000000 1.222471
2435.000000 1.098035
2436.000000 0.565922
2437.000000 0.525121
2438.000000 0.884033
2439.000000 0.399602
2440.000000 0.646908
2441.000000 0.786667
2442.000000 1.697988
2443.000000 2.159752
2444.000000 1.909534
2445.000000 1.449535
2446.000000 1.455506
2447.000000 0.878914
2448.000000 1.135704
2449.000000 0.945708
2450.000000 1.225722
2451.000000 1.038268
2452.000000 1.432275
2453.000000 1.589921
2454.000000 2.171676
2455.000000 1.808841
2456.000000 1.549163
2457.000000 1.114920
2458.000000 0.908912
2459.000000 1.145690
2460.000000 0.835510
2461.000000 0.086861
2462.000000 0.779960
2463.000000 0.816704
2464.000000 1.571158
2465.000000 1.998017
2466.000000 2.340176
2467.000000 1.892822
2468.000000 1.574376
2469.000000 0.983904
2470.000000 0.972321
2471.000000 1.289650
2472.000000 1.195647
2473.000000 1.136569
2474.000000 0.831340
2475.000000 1.354903
2476.000000 1.893735
2477.000000 1.422049
2478.000000 1.455179
2479.000000 1.261075
2480.000000 0.899971
2481.000000 0.796065
2482.000000 0.661752
2483.000000 0.412470
2484.000000 0.378120
2485.000000 0.826319
2486.000000 1.443070
2487.000000 2.096314
2488.000000 1.904267
2489.000000 1.018014
2490.000000 0.810785
2491.000000 0.971547
2492.000000 1.636541
2493.000000 2.035689
2494.000000 1.989695
2495.000000 2.971088
2496.000000 1.973468
2497.000000 0.972600
2498.000000 0.439716
2499.000000 0.390915
2500.000000 0.022094
