1.000000 0.000000
2.000000 0.000000
3.000000 0.000000
4.000000 0.000000
5.000000 0.000000
6.000000 0.000000
7.000000 0.000000
8.000000 0.000000
9.000000 0.000000
10.000000 -3.999501
11.000000 -4.996018
12.000000 -6.129604
13.000000 -6.288189
14.000000 -5.997594
15.000000 -5.806959
16.000000 -5.940367
17.000000 -6.296654
18.000000 -6.654266
19.000000 -6.868985
20.000000 -6.939644
21.000000 -6.953609
22.000000 -6.996578
23.000000 -7.099665
24.000000 -7.242768
25.000000 -7.389099
26.000000 -7.515935
27.000000 -7.623400
28.000000 -7.724686
29.000000 -7.831732
30.000000 -7.947504
31.000000 -8.067229
32.000000 -8.184137
33.000000 -8.294196
34.000000 -8.397209
35.000000 -8.495070
36.000000 -8.589460
37.000000 -8.680714
38.000000 -8.768088
39.000000 -8.850680
40.000000 -8.928133
41.000000 -9.000738
42.000000 -9.069114
43.000000 -9.133828
44.000000 -9.195220
45.000000 -9.253454
46.000000 -9.308659
47.000000 -9.361033
48.000000 -9.410848
49.000000 -9.458396
50.000000 -9.503929
51.000000 -9.547636
52.000000 -9.589658
53.000000 -9.630107
54.000000 -9.669095
55.000000 -9.706724
56.000000 -9.743093
57.000000 -9.778279
58.000000 -9.812344
59.000000 -9.845338
60.000000 -9.877302
61.000000 -9.908275
62.000000 -9.938293
63.000000 -9.967391
64.000000 -9.995602
65.000000 -10.022954
66.000000 -10.049475
67.000000 -10.075194
68.000000 -10.100137
69.000000 -10.124332
70.000000 -10.147806
71.000000 -10.170585
72.000000 -10.192697
73.000000 -10.214166
74.000000 -10.235016
75.000000 -10.255273
76.000000 -10.274960
77.000000 -10.294099
78.000000 -10.312711
79.000000 -10.330816
80.000000 -10.348436
81.000000 -10.365586
82.000000 -10.382286
83.000000 -10.398551
84.000000 -10.414396
85.000000 -10.429838
86.000000 -10.444889
87.000000 -10.459562
88.000000 -10.473869
89.000000 -10.487823
90.000000 -10.501435
91.000000 -10.514714
92.000000 -10.527671
93.000000 -10.540316
94.000000 -10.552657
95.000000 -10.564704
96.000000 -10.576464
97.000000 -10.587947
98.000000 -10.599158
99.000000 -10.610107
100.000000 -10.620799
101.000000 -10.631243
102.000000 -10.641445
103.000000 -10.651411
104.000000 -10.661147
105.000000 -10.670660
106.000000 -10.679955
107.000000 -10.689038
108.000000 -10.697915
109.000000 -10.706590
110.000000 -10.715069
111.000000 -4.037002
112.000000 -2.117118
113.000000 -3.254180
114.000000 -5.385389
115.000000 -6.716556
116.000000 -6.757022
117.000000 -6.095302
118.000000 -5.565097
119.000000 -5.596179
120.000000 -6.093325
121.000000 -6.705162
122.000000 -7.149673
123.000000 -7.362983
124.000000 -7.447705
125.000000 -7.536164
126.000000 -7.691496
127.000000 -7.894758
128.000000 -8.090956
129.000000 -8.239972
130.000000 -8.337369
131.000000 -8.403856
132.000000 -8.462946
133.000000 -8.525980
134.000000 -8.591100
135.000000 -8.651060
136.000000 -8.701192
137.000000 -8.742293
138.000000 -8.778651
139.000000 -8.814473
140.000000 -8.851688
141.000000 -8.889988
142.000000 -8.928189
143.000000 -8.965499
144.000000 -9.001941
145.000000 -9.038014
146.000000 -9.074146
147.000000 -9.110383
148.000000 -9.146438
149.000000 -9.181926
150.000000 -9.216568
151.000000 -9.250246
152.000000 -9.282945
153.000000 -9.314662
154.000000 -9.345361
155.000000 -9.374980
156.000000 -9.403465
157.000000 -9.430800
158.000000 -9.457006
159.000000 -9.482129
160.000000 -9.506225
161.000000 -9.529343
162.000000 -9.551532
163.000000 -9.572841
164.000000 -9.593322
165.000000 -9.613030
166.000000 -9.632019
167.000000 -9.650339
168.000000 -9.668036
169.000000 -9.685150
170.000000 -9.701716
171.000000 -9.717766
172.000000 -9.733330
173.000000 -9.748435
174.000000 -9.763103
175.000000 -9.777354
176.000000 -9.791206
177.000000 -9.804674
178.000000 -9.817773
179.000000 -9.830515
180.000000 -9.842912
181.000000 -9.854977
182.000000 -9.866718
183.000000 -9.878146
184.000000 -9.889271
185.000000 -9.900102
186.000000 -9.910648
187.000000 -9.920917
188.000000 -9.930919
189.000000 -9.940662
190.000000 -9.950154
191.000000 -9.959404
192.000000 -9.968418
193.000000 -9.977205
194.000000 -9.985773
195.000000 -9.994127
196.000000 -10.002275
197.000000 -10.010224
198.000000 -10.017980
199.000000 -10.025549
200.000000 -10.032937
201.000000 -10.040149
202.000000 -10.047191
203.000000 -10.054067
204.000000 -10.060783
205.000000 -10.067343
206.000000 -10.073751
207.000000 -10.080012
208.000000 -10.086130
209.000000 -10.092109
210.000000 -10.097952
211.000000 -10.540380
212.000000 -8.870820
213.000000 -7.853058
214.000000 -7.721474
215.000000 -8.085937
216.000000 -8.417735
217.000000 -8.441676
218.000000 -8.208927
219.000000 -7.928547
220.000000 -7.765958
221.000000 -7.752121
222.000000 -7.816769
223.000000 -7.873501
224.000000 -7.880601
225.000000 -7.848317
226.000000 -7.809830
227.000000 -7.789552
228.000000 -7.790274
229.000000 -7.799732
230.000000 -7.804364
231.000000 -7.798409
232.000000 -7.784355
233.000000 -7.767969
234.000000 -7.753310
235.000000 -7.740935
236.000000 -7.729121
237.000000 -7.716075
238.000000 -7.701278
239.000000 -7.685450
240.000000 -7.669713
241.000000 -7.654820
242.000000 -7.640912
243.000000 -7.627756
244.000000 -7.615098
245.000000 -7.602875
246.000000 -7.591189
247.000000 -7.580183
248.000000 -7.569921
249.000000 -7.560361
250.000000 -7.551407
251.000000 -7.542962
252.000000 -7.534961
253.000000 -7.527373
254.000000 -7.520174
255.000000 -7.513333
256.000000 -7.506807
257.000000 -7.500552
258.000000 -7.494531
259.000000 -7.488714
260.000000 -7.483085
261.000000 -7.477628
262.000000 -7.472332
263.000000 -7.467185
264.000000 -7.462177
265.000000 -7.457301
266.000000 -7.452551
267.000000 -7.447924
268.000000 -7.443418
269.000000 -7.439031
270.000000 -7.434760
271.000000 -7.430604
272.000000 -7.426559
273.000000 -7.422625
274.000000 -7.418798
275.000000 -7.415077
276.000000 -7.411459
277.000000 -7.407941
278.000000 -7.404520
279.000000 -7.401194
280.000000 -7.397958
281.000000 -7.394810
282.000000 -7.391747
283.000000 -7.388766
284.000000 -7.385864
285.000000 -7.383038
286.000000 -7.380285
287.000000 -7.377602
288.000000 -7.374988
289.000000 -7.372439
290.000000 -7.369954
291.000000 -7.367530
292.000000 -7.365166
293.000000 -7.362859
294.000000 -7.360607
295.000000 -7.358410
296.000000 -7.356265
297.000000 -7.354171
298.000000 -7.352127
299.000000 -7.350131
300.000000 -7.348181
301.000000 -7.346278
302.000000 -7.344419
303.000000 -7.342602
304.000000 -7.340829
305.000000 -7.339096
306.000000 -7.337403
307.000000 -7.335749
308.000000 -7.334133
309.000000 -7.332554
310.000000 -8.219790
311.000000 -8.439730
312.000000 -8.690165
313.000000 -8.723967
314.000000 -8.657983
315.000000 -8.614244
316.000000 -8.642546
317.000000 -8.720407
318.000000 -8.798592
319.000000 -8.845052
320.000000 -8.859526
321.000000 -8.861430
322.000000 -8.869805
323.000000 -8.891566
324.000000 -8.922245
325.000000 -8.953666
326.000000 -8.980780
327.000000 -9.003612
328.000000 -9.025095
329.000000 -9.047880
330.000000 -9.072626
331.000000 -9.098273
332.000000 -9.123314
333.000000 -9.146854
334.000000 -9.168849
335.000000 -9.189718
336.000000 -9.209836
337.000000 -9.229275
338.000000 -9.247870
339.000000 -9.265421
340.000000 -9.281847
341.000000 -9.297213
342.000000 -9.311656
343.000000 -9.325301
344.000000 -9.338224
345.000000 -9.350461
346.000000 -9.362041
347.000000 -9.373006
348.000000 -9.383417
349.000000 -9.393338
350.000000 -9.402826
351.000000 -9.411922
352.000000 -9.420656
353.000000 -9.429054
354.000000 -9.437140
355.000000 -9.444937
356.000000 -9.452466
357.000000 -9.459743
358.000000 -9.466784
359.000000 -9.473598
360.000000 -9.480194
361.000000 -9.486580
362.000000 -9.492765
363.000000 -9.498757
364.000000 -9.504561
365.000000 -9.510184
366.000000 -9.515632
367.000000 -9.520912
368.000000 -9.526029
369.000000 -9.530988
370.000000 -9.535796
371.000000 -9.540459
372.000000 -9.544981
373.000000 -9.549369
374.000000 -9.553628
375.000000 -9.557763
376.000000 -9.561780
377.000000 -9.565682
378.000000 -9.569474
379.000000 -9.573161
380.000000 -9.576747
381.000000 -9.580236
382.000000 -9.583632
383.000000 -9.586938
384.000000 -9.590157
385.000000 -9.593293
386.000000 -9.596348
387.000000 -9.599326
388.000000 -9.602228
389.000000 -9.605058
390.000000 -9.607817
391.000000 -9.610508
392.000000 -9.613133
393.000000 -9.615694
394.000000 -9.618193
395.000000 -9.620631
396.000000 -9.623011
397.000000 -9.625334
398.000000 -9.627601
399.000000 -9.629815
400.000000 -9.631977
401.000000 -9.634088
402.000000 -9.636149
403.000000 -9.638163
404.000000 -9.640129
405.000000 -9.642051
406.000000 -9.643927
407.000000 -9.645761
408.000000 -9.647553
409.000000 -9.649304
410.000000 -9.651015
411.000000 -13.664500
412.000000 -14.822925
413.000000 -14.147037
414.000000 -12.874520
415.000000 -12.081887
416.000000 -12.063541
417.000000 -12.466373
418.000000 -12.790168
419.000000 -12.777065
420.000000 -12.484201
421.000000 -12.122402
422.000000 -11.860882
423.000000 -11.737969
424.000000 -11.692096
425.000000 -11.643872
426.000000 -11.555418
427.000000 -11.438103
428.000000 -11.324924
429.000000 -11.239956
430.000000 -11.185861
431.000000 -11.150219
432.000000 -11.118922
433.000000 -11.085168
434.000000 -11.050074
435.000000 -11.017990
436.000000 -10.991719
437.000000 -10.970783
438.000000 -10.952613
439.000000 -10.934685
440.000000 -10.915845
441.000000 -10.896278
442.000000 -10.876698
443.000000 -10.857580
444.000000 -10.838912
445.000000 -10.820397
446.000000 -10.801779
447.000000 -10.783033
448.000000 -10.764332
449.000000 -10.745907
450.000000 -10.727929
451.000000 -10.710469
452.000000 -10.693538
453.000000 -10.677139
454.000000 -10.661294
455.000000 -10.646042
456.000000 -10.631416
457.000000 -10.617428
458.000000 -10.604066
459.000000 -10.591303
460.000000 -10.579107
461.000000 -10.567450
462.000000 -10.556303
463.000000 -10.545638
464.000000 -10.535424
465.000000 -10.525631
466.000000 -10.516225
467.000000 -10.507178
468.000000 -10.498464
469.000000 -10.490060
470.000000 -10.481945
471.000000 -10.474100
472.000000 -10.466510
473.000000 -10.459157
474.000000 -10.452031
475.000000 -10.445120
476.000000 -10.438413
477.000000 -10.431902
478.000000 -10.425580
479.000000 -10.419440
480.000000 -10.413474
481.000000 -10.407677
482.000000 -10.402043
483.000000 -10.396568
484.000000 -10.391245
485.000000 -10.386071
486.000000 -10.381039
487.000000 -10.376146
488.000000 -10.371386
489.000000 -10.366756
490.000000 -10.362251
491.000000 -10.357866
492.000000 -10.353598
493.000000 -10.349442
494.000000 -10.345394
495.000000 -10.341451
496.000000 -10.337610
497.000000 -10.333866
498.000000 -10.330216
499.000000 -10.326657
500.000000 -10.323187
501.000000 -10.319801
502.000000 -10.316498
503.000000 -10.313275
504.000000 -10.310130
505.000000 -10.307059
506.000000 -10.304061
507.000000 -10.301133
508.000000 -10.298275
509.000000 -10.295482
510.000000 -10.292755
511.000000 -10.945165
512.000000 -8.429848
513.000000 -6.892473
514.000000 -6.684608
515.000000 -7.221048
516.000000 -7.708716
517.000000 -7.734825
518.000000 -7.376114
519.000000 -6.946168
520.000000 -6.693117
521.000000 -6.663393
522.000000 -6.751594
523.000000 -6.828111
524.000000 -6.830369
525.000000 -6.773732
526.000000 -6.707969
527.000000 -6.669693
528.000000 -6.663087
529.000000 -6.669751
530.000000 -6.669338
531.000000 -6.653201
532.000000 -6.625071
533.000000 -6.593593
534.000000 -6.564854
535.000000 -6.539684
536.000000 -6.515497
537.000000 -6.489599
538.000000 -6.461209
539.000000 -6.431404
540.000000 -6.401865
541.000000 -6.373715
542.000000 -6.347167
543.000000 -6.321866
544.000000 -6.297432
545.000000 -6.273763
546.000000 -6.251013
547.000000 -6.229392
548.000000 -6.208994
549.000000 -6.189755
550.000000 -6.171528
551.000000 -6.154164
552.000000 -6.137566
553.000000 -6.121682
554.000000 -6.106477
555.000000 -6.091900
556.000000 -6.077886
557.000000 -6.064368
558.000000 -6.051286
559.000000 -6.038596
560.000000 -6.026269
561.000000 -6.014283
562.000000 -6.002616
563.000000 -5.991251
564.000000 -5.980171
565.000000 -5.969362
566.000000 -5.958815
567.000000 -5.948524
568.000000 -5.938484
569.000000 -5.928691
570.000000 -5.919139
571.000000 -5.909824
572.000000 -5.900741
573.000000 -5.891886
574.000000 -5.883254
575.000000 -5.874840
576.000000 -5.866640
577.000000 -5.858647
578.000000 -5.850856
579.000000 -5.843262
580.000000 -5.835858
581.000000 -5.828639
582.000000 -5.821599
583.000000 -5.814732
584.000000 -5.808034
585.000000 -5.801498
586.000000 -5.795120
587.000000 -5.788894
588.000000 -5.782816
589.000000 -5.776881
590.000000 -5.771085
591.000000 -5.765424
592.000000 -5.759893
593.000000 -5.754491
594.000000 -5.749212
595.000000 -5.744053
596.000000 -5.739012
597.000000 -5.734085
598.000000 -5.729269
599.000000 -5.724562
600.000000 -5.719960
601.000000 -5.715462
602.000000 -5.711064
603.000000 -5.706765
604.000000 -5.702561
605.000000 -5.698451
606.000000 -5.694432
607.000000 -5.690502
608.000000 -5.686660
609.000000 -5.682902
610.000000 -1.235337
611.000000 -0.124502
612.000000 1.138553
613.000000 1.318196
614.000000 0.998675
615.000000 0.790148
616.000000 0.941595
617.000000 1.340616
618.000000 1.741041
619.000000 1.982627
620.000000 2.064083
621.000000 2.082481
622.000000 2.133043
623.000000 2.250342
624.000000 2.412043
625.000000 2.577272
626.000000 2.720784
627.000000 2.842715
628.000000 2.957728
629.000000 3.079086
630.000000 3.210089
631.000000 3.345432
632.000000 3.477596
633.000000 3.602101
634.000000 3.718730
635.000000 3.829586
636.000000 3.936542
637.000000 4.039968
638.000000 4.139040
639.000000 4.232756
640.000000 4.320719
641.000000 4.403256
642.000000 4.481054
643.000000 4.554743
644.000000 4.624704
645.000000 4.691118
646.000000 4.754131
647.000000 4.813962
648.000000 4.870915
649.000000 4.925315
650.000000 4.977442
651.000000 5.027509
652.000000 5.075670
653.000000 5.122054
654.000000 5.166782
655.000000 5.209972
656.000000 5.251731
657.000000 5.292148
658.000000 5.331291
659.000000 5.369217
660.000000 5.405971
661.000000 5.441598
662.000000 5.476138
663.000000 5.509631
664.000000 5.542113
665.000000 5.573617
666.000000 5.604175
667.000000 5.633818
668.000000 5.662576
669.000000 5.690481
670.000000 5.717564
671.000000 5.743854
672.000000 5.769380
673.000000 5.794173
674.000000 5.818259
675.000000 5.841666
676.000000 5.864420
677.000000 5.886546
678.000000 5.908070
679.000000 5.929013
680.000000 5.949398
681.000000 5.969245
682.000000 5.988575
683.000000 6.007405
684.000000 6.025754
685.000000 6.043638
686.000000 6.061072
687.000000 6.078072
688.000000 6.094651
689.000000 6.110823
690.000000 6.126601
691.000000 6.141995
692.000000 6.157019
693.000000 6.171681
694.000000 6.185994
695.000000 6.199967
696.000000 6.213610
697.000000 6.226931
698.000000 6.239940
699.000000 6.252645
700.000000 6.265054
701.000000 6.277176
702.000000 6.289018
703.000000 6.300587
704.000000 6.311891
705.000000 6.322936
706.000000 6.333730
707.000000 6.344278
708.000000 6.354587
709.000000 6.364663
710.000000 6.374513
711.000000 9.058683
712.000000 9.839289
713.000000 9.396834
714.000000 8.556444
715.000000 8.035800
716.000000 8.031175
717.000000 8.307167
718.000000 8.530304
719.000000 8.528681
720.000000 8.340394
721.000000 8.105997
722.000000 7.938304
723.000000 7.862869
724.000000 7.838652
725.000000 7.812729
726.000000 7.759850
727.000000 7.687596
728.000000 7.617971
729.000000 7.567026
730.000000 7.536540
731.000000 7.518234
732.000000 7.502707
733.000000 7.485426
734.000000 7.467139
735.000000 7.450748
736.000000 7.438124
737.000000 7.428951
738.000000 7.421519
739.000000 7.414148
740.000000 7.406070
741.000000 7.397412
742.000000 7.388649
743.000000 7.380103
744.000000 7.371767
745.000000 7.363444
746.000000 7.354968
747.000000 7.346320
748.000000 7.337621
749.000000 7.329025
750.000000 7.320648
751.000000 7.312540
752.000000 7.304709
753.000000 7.297158
754.000000 7.289904
755.000000 7.282976
756.000000 7.276396
757.000000 7.270173
758.000000 7.264302
759.000000 7.258765
760.000000 7.253544
761.000000 7.248620
762.000000 7.243975
763.000000 7.239593
764.000000 7.235453
765.000000 7.231537
766.000000 7.227824
767.000000 7.224296
768.000000 7.220937
769.000000 7.217732
770.000000 7.214669
771.000000 7.211737
772.000000 7.208926
773.000000 7.206226
774.000000 7.203630
775.000000 7.201132
776.000000 7.198725
777.000000 7.196406
778.000000 7.194170
779.000000 7.192013
780.000000 7.189932
781.000000 7.187923
782.000000 7.185984
783.000000 7.184112
784.000000 7.182304
785.000000 7.180559
786.000000 7.178873
787.000000 7.177244
788.000000 7.175670
789.000000 7.174148
790.000000 7.172677
791.000000 7.171253
792.000000 7.169876
793.000000 7.168543
794.000000 7.167252
795.000000 7.166002
796.000000 7.164789
797.000000 7.163614
798.000000 7.162473
799.000000 7.161366
800.000000 7.160292
801.000000 7.159248
802.000000 7.158234
803.000000 7.157248
804.000000 7.156289
805.000000 7.155356
806.000000 7.154449
807.000000 7.153566
808.000000 7.152706
809.000000 7.151868
810.000000 7.151052
811.000000 8.242049
812.000000 4.053418
813.000000 1.494612
814.000000 1.151578
815.000000 2.048976
816.000000 2.865016
817.000000 2.911716
818.000000 2.316981
819.000000 1.603453
820.000000 1.184682
821.000000 1.138059
822.000000 1.287913
823.000000 1.418232
824.000000 1.424726
825.000000 1.333002
826.000000 1.226012
827.000000 1.164776
828.000000 1.156268
829.000000 1.169823
830.000000 1.171531
831.000000 1.146982
832.000000 1.102392
833.000000 1.052175
834.000000 1.006476
835.000000 0.966677
836.000000 0.928471
837.000000 0.887368
838.000000 0.842069
839.000000 0.794369
840.000000 0.747070
841.000000 0.702046
842.000000 0.659651
843.000000 0.619296
844.000000 0.580347
845.000000 0.542636
846.000000 0.506421
847.000000 0.472051
848.000000 0.439684
849.000000 0.409217
850.000000 0.380401
851.000000 0.352990
852.000000 0.326824
853.000000 0.301819
854.000000 0.277912
855.000000 0.255023
856.000000 0.233044
857.000000 0.211862
858.000000 0.191377
859.000000 0.171520
860.000000 0.152241
861.000000 0.133502
862.000000 0.115270
863.000000 0.097516
864.000000 0.080212
865.000000 0.063335
866.000000 0.046873
867.000000 0.030813
868.000000 0.015149
869.000000 -0.000126
870.000000 -0.015021
871.000000 -0.029542
872.000000 -0.043697
873.000000 -0.057493
874.000000 -0.070937
875.000000 -0.084037
876.000000 -0.096801
877.000000 -0.109237
878.000000 -0.121355
879.000000 -0.133164
880.000000 -0.144673
881.000000 -0.155890
882.000000 -0.166827
883.000000 -0.177490
884.000000 -0.187890
885.000000 -0.198035
886.000000 -0.207933
887.000000 -0.217592
888.000000 -0.227019
889.000000 -0.236223
890.000000 -0.245209
891.000000 -0.253984
892.000000 -0.262554
893.000000 -0.270926
894.000000 -0.279104
895.000000 -0.287095
896.000000 -0.294903
897.000000 -0.302532
898.000000 -0.309989
899.000000 -0.317276
900.000000 -0.324398
