1.000000 0.000000
2.000000 0.000000
3.000000 0.000000
4.000000 0.000000
5.000000 0.000000
6.000000 0.000000
7.000000 0.000000
8.000000 0.000000
9.000000 0.000000
10.000000 0.000000
11.000000 4.845567
12.000000 3.647352
13.000000 1.889769
14.000000 2.051443
15.000000 2.610352
16.000000 2.536175
17.000000 2.395296
18.000000 2.571864
19.000000 2.835385
20.000000 3.005970
21.000000 3.142984
22.000000 3.300120
23.000000 3.447136
24.000000 3.559381
25.000000 3.648355
26.000000 3.726972
27.000000 3.795575
28.000000 3.853681
29.000000 3.904973
30.000000 3.952698
31.000000 3.997608
32.000000 4.039755
33.000000 4.079519
34.000000 4.117156
35.000000 4.152579
36.000000 4.185654
37.000000 4.216384
38.000000 4.244847
39.000000 4.271138
40.000000 4.295386
41.000000 4.317759
42.000000 4.338437
43.000000 4.357587
44.000000 4.375367
45.000000 4.391915
46.000000 4.407352
47.000000 4.421781
48.000000 4.435290
49.000000 4.447952
50.000000 4.459835
51.000000 4.470994
52.000000 4.481484
53.000000 4.491351
54.000000 4.500642
55.000000 4.509397
56.000000 4.517655
57.000000 4.525454
58.000000 4.532826
59.000000 4.539802
60.000000 4.546412
61.000000 4.552681
62.000000 4.558634
63.000000 4.564292
64.000000 4.569675
65.000000 4.574802
66.000000 4.579690
67.000000 4.584354
68.000000 4.588810
69.000000 4.593069
70.000000 4.597144
71.000000 4.601047
72.000000 4.604788
73.000000 4.608377
74.000000 4.611822
75.000000 4.615132
76.000000 4.618316
77.000000 4.621379
78.000000 4.624329
79.000000 4.627172
80.000000 4.629913
81.000000 4.632559
82.000000 4.635113
83.000000 4.637581
84.000000 4.639967
85.000000 4.642275
86.000000 4.644508
87.000000 4.646671
88.000000 4.648767
89.000000 4.650799
90.000000 4.652769
91.000000 4.654680
92.000000 4.656536
93.000000 4.658338
94.000000 4.660089
95.000000 4.661790
96.000000 4.663444
97.000000 4.665053
98.000000 4.666618
99.000000 4.668142
100.000000 4.669625
101.000000 4.671070
102.000000 4.672477
103.000000 4.673848
104.000000 4.675184
105.000000 4.676487
106.000000 4.677758
107.000000 4.678998
108.000000 4.680207
109.000000 4.681387
110.000000 187.134558
111.000000 21.591757
112.000000 27.026779
113.000000 17.545049
114.000000 16.561324
115.000000 15.349866
116.000000 15.171365
117.000000 15.198842
118.000000 15.123018
119.000000 14.999075
120.000000 14.937484
121.000000 14.908879
122.000000 14.871664
123.000000 14.835598
124.000000 14.815504
125.000000 14.805809
126.000000 14.798060
127.000000 14.791568
128.000000 14.787411
129.000000 14.784352
130.000000 14.780993
131.000000 14.777282
132.000000 14.773609
133.000000 14.770073
134.000000 14.766698
135.000000 14.763631
136.000000 14.761022
137.000000 14.758918
138.000000 14.757307
139.000000 14.756161
140.000000 14.755443
141.000000 14.755097
142.000000 14.755066
143.000000 14.755298
144.000000 14.755752
145.000000 14.756393
146.000000 14.757194
147.000000 14.758135
148.000000 14.759201
149.000000 14.760378
150.000000 14.761657
151.000000 14.763028
152.000000 14.764483
153.000000 14.766012
154.000000 14.767608
155.000000 14.769263
156.000000 14.770970
157.000000 14.772720
158.000000 14.774508
159.000000 14.776327
160.000000 14.778172
161.000000 14.780037
162.000000 14.781919
163.000000 14.783814
164.000000 14.785717
165.000000 14.787626
166.000000 14.789538
167.000000 14.791449
168.000000 14.793359
169.000000 14.795263
170.000000 14.797161
171.000000 14.799051
172.000000 14.800931
173.000000 14.802799
174.000000 14.804654
175.000000 14.806495
176.000000 14.808321
177.000000 14.810130
178.000000 14.811923
179.000000 14.813697
180.000000 14.815453
181.000000 14.817190
182.000000 14.818907
183.000000 14.820604
184.000000 14.822280
185.000000 14.823935
186.000000 14.825569
187.000000 14.827181
188.000000 14.828771
189.000000 14.830340
190.000000 14.831886
191.000000 14.833411
192.000000 14.834912
193.000000 14.836392
194.000000 14.837849
195.000000 14.839285
196.000000 14.840697
197.000000 14.842088
198.000000 14.843456
199.000000 14.844803
200.000000 14.846128
201.000000 14.847430
202.000000 14.848712
203.000000 14.849971
204.000000 14.851210
205.000000 14.852427
206.000000 14.853623
207.000000 14.854799
208.000000 14.855954
209.000000 14.857089
210.000000 14.858203
211.000000 13.807536
212.000000 12.536268
213.000000 13.313709
214.000000 13.761018
215.000000 13.553619
216.000000 13.441282
217.000000 13.576011
218.000000 13.662176
219.000000 13.631592
220.000000 13.596005
221.000000 13.589143
222.000000 13.575201
223.000000 13.545607
224.000000 13.517798
225.000000 13.498264
226.000000 13.482053
227.000000 13.467021
228.000000 13.454745
229.000000 13.445453
230.000000 13.437786
231.000000 13.430879
232.000000 13.424609
233.000000 13.418853
234.000000 13.413365
235.000000 13.408032
236.000000 13.402885
237.000000 13.397969
238.000000 13.393300
239.000000 13.388896
240.000000 13.384778
241.000000 13.380950
242.000000 13.377403
243.000000 13.374118
244.000000 13.371074
245.000000 13.368248
246.000000 13.365617
247.000000 13.363160
248.000000 13.360860
249.000000 13.358700
250.000000 13.356669
251.000000 13.354756
252.000000 13.352952
253.000000 13.351249
254.000000 13.349641
255.000000 13.348122
256.000000 13.346685
257.000000 13.345326
258.000000 13.344038
259.000000 13.342819
260.000000 13.341661
261.000000 13.340563
262.000000 13.339518
263.000000 13.338525
264.000000 13.337579
265.000000 13.336677
266.000000 13.335816
267.000000 13.334994
268.000000 13.334209
269.000000 13.333458
270.000000 13.332738
271.000000 13.332049
272.000000 13.331388
273.000000 13.330753
274.000000 13.330144
275.000000 13.329558
276.000000 13.328994
277.000000 13.328452
278.000000 13.327930
279.000000 13.327426
280.000000 13.326940
281.000000 13.326471
282.000000 13.326018
283.000000 13.325580
284.000000 13.325157
285.000000 13.324747
286.000000 13.324350
287.000000 13.323966
288.000000 13.323593
289.000000 13.323232
290.000000 13.322881
291.000000 13.322541
292.000000 13.322210
293.000000 13.321889
294.000000 13.321577
295.000000 13.321273
296.000000 13.320977
297.000000 13.320690
298.000000 13.320410
299.000000 13.320137
300.000000 13.319871
301.000000 13.319611
302.000000 13.319359
303.000000 13.319112
304.000000 13.318871
305.000000 13.318636
306.000000 13.318407
307.000000 13.318183
308.000000 13.317964
309.000000 13.317751
310.000000 13.317542
311.000000 14.394130
312.000000 14.127660
313.000000 13.736891
314.000000 13.772628
315.000000 13.896643
316.000000 13.879976
317.000000 13.848491
318.000000 13.887553
319.000000 13.945942
320.000000 13.983681
321.000000 14.013965
322.000000 14.048723
323.000000 14.081235
324.000000 14.106024
325.000000 14.125645
326.000000 14.142967
327.000000 14.158067
328.000000 14.170837
329.000000 14.182095
330.000000 14.192564
331.000000 14.202410
332.000000 14.211644
333.000000 14.220352
334.000000 14.228590
335.000000 14.236337
336.000000 14.243566
337.000000 14.250276
338.000000 14.256484
339.000000 14.262212
340.000000 14.267488
341.000000 14.272350
342.000000 14.276837
343.000000 14.280987
344.000000 14.284834
345.000000 14.288409
346.000000 14.291740
347.000000 14.294848
348.000000 14.297754
349.000000 14.300474
350.000000 14.303022
351.000000 14.305411
352.000000 14.307653
353.000000 14.309759
354.000000 14.311738
355.000000 14.313599
356.000000 14.315352
357.000000 14.317005
358.000000 14.318564
359.000000 14.320036
360.000000 14.321429
361.000000 14.322748
362.000000 14.323997
363.000000 14.325183
364.000000 14.326308
365.000000 14.327379
366.000000 14.328397
367.000000 14.329367
368.000000 14.330292
369.000000 14.331175
370.000000 14.332018
371.000000 14.332824
372.000000 14.333595
373.000000 14.334333
374.000000 14.335041
375.000000 14.335720
376.000000 14.336372
377.000000 14.336998
378.000000 14.337600
379.000000 14.338180
380.000000 14.338737
381.000000 14.339275
382.000000 14.339793
383.000000 14.340293
384.000000 14.340776
385.000000 14.341242
386.000000 14.341693
387.000000 14.342129
388.000000 14.342551
389.000000 14.342960
390.000000 14.343356
391.000000 14.343739
392.000000 14.344111
393.000000 14.344472
394.000000 14.344822
395.000000 14.345163
396.000000 14.345493
397.000000 14.345814
398.000000 14.346126
399.000000 14.346430
400.000000 14.346725
401.000000 14.347012
402.000000 14.347292
403.000000 14.347565
404.000000 14.347830
405.000000 14.348089
406.000000 14.348341
407.000000 14.348587
408.000000 14.348826
409.000000 14.349060
410.000000 -95.121924
411.000000 4.204655
412.000000 0.944517
413.000000 6.634411
414.000000 7.225481
415.000000 7.953172
416.000000 8.061070
417.000000 8.045363
418.000000 8.091619
419.000000 8.166729
420.000000 8.204412
421.000000 8.222286
422.000000 8.245310
423.000000 8.267630
424.000000 8.280352
425.000000 8.286819
426.000000 8.292106
427.000000 8.296624
428.000000 8.299727
429.000000 8.302159
430.000000 8.304757
431.000000 8.307555
432.000000 8.310318
433.000000 8.312986
434.000000 8.315547
435.000000 8.317911
436.000000 8.319989
437.000000 8.321753
438.000000 8.323212
439.000000 8.324381
440.000000 8.325283
441.000000 8.325951
442.000000 8.326422
443.000000 8.326725
444.000000 8.326886
445.000000 8.326925
446.000000 8.326860
447.000000 8.326702
448.000000 8.326462
449.000000 8.326145
450.000000 8.325760
451.000000 8.325312
452.000000 8.324806
453.000000 8.324247
454.000000 8.323641
455.000000 8.322992
456.000000 8.322306
457.000000 8.321586
458.000000 8.320837
459.000000 8.320062
460.000000 8.319266
461.000000 8.318450
462.000000 8.317619
463.000000 8.316774
464.000000 8.315917
465.000000 8.315052
466.000000 8.314179
467.000000 8.313300
468.000000 8.312417
469.000000 8.311532
470.000000 8.310645
471.000000 8.309758
472.000000 8.308872
473.000000 8.307988
474.000000 8.307107
475.000000 8.306230
476.000000 8.305357
477.000000 8.304489
478.000000 8.303627
479.000000 8.302771
480.000000 8.301922
481.000000 8.301080
482.000000 8.300246
483.000000 8.299420
484.000000 8.298602
485.000000 8.297794
486.000000 8.296994
487.000000 8.296203
488.000000 8.295422
489.000000 8.294650
490.000000 8.293888
491.000000 8.293135
492.000000 8.292393
493.000000 8.291661
494.000000 8.290939
495.000000 8.290227
496.000000 8.289525
497.000000 8.288834
498.000000 8.288153
499.000000 8.287482
500.000000 8.286821
501.000000 8.286171
502.000000 8.285530
503.000000 8.284900
504.000000 8.284280
505.000000 8.283670
506.000000 8.283070
507.000000 8.282481
508.000000 8.281901
509.000000 8.281330
510.000000 8.280770
511.000000 6.702577
512.000000 4.793520
513.000000 5.957567
514.000000 6.626453
515.000000 6.313315
516.000000 6.142808
517.000000 6.342937
518.000000 6.470255
519.000000 6.422486
520.000000 6.367249
521.000000 6.355133
522.000000 6.332432
523.000000 6.286287
524.000000 6.242852
525.000000 6.211863
526.000000 6.185892
527.000000 6.161720
528.000000 6.141713
529.000000 6.126215
530.000000 6.113184
531.000000 6.101323
532.000000 6.090447
533.000000 6.080371
534.000000 6.070726
535.000000 6.061341
536.000000 6.052263
537.000000 6.043558
538.000000 6.035251
539.000000 6.027368
540.000000 6.019939
541.000000 6.012972
542.000000 6.006450
543.000000 6.000345
544.000000 5.994626
545.000000 5.989258
546.000000 5.984206
547.000000 5.979438
548.000000 5.974927
549.000000 5.970649
550.000000 5.966585
551.000000 5.962720
552.000000 5.959038
553.000000 5.955529
554.000000 5.952182
555.000000 5.948988
556.000000 5.945937
557.000000 5.943021
558.000000 5.940231
559.000000 5.937561
560.000000 5.935003
561.000000 5.932550
562.000000 5.930195
563.000000 5.927934
564.000000 5.925760
565.000000 5.923668
566.000000 5.921654
567.000000 5.919714
568.000000 5.917844
569.000000 5.916040
570.000000 5.914298
571.000000 5.912615
572.000000 5.910989
573.000000 5.909417
574.000000 5.907896
575.000000 5.906423
576.000000 5.904997
577.000000 5.903615
578.000000 5.902275
579.000000 5.900976
580.000000 5.899715
581.000000 5.898491
582.000000 5.897302
583.000000 5.896148
584.000000 5.895026
585.000000 5.893935
586.000000 5.892874
587.000000 5.891842
588.000000 5.890838
589.000000 5.889860
590.000000 5.888908
591.000000 5.887981
592.000000 5.887078
593.000000 5.886197
594.000000 5.885339
595.000000 5.884503
596.000000 5.883687
597.000000 5.882891
598.000000 5.882115
599.000000 5.881358
600.000000 5.880618
601.000000 5.879897
602.000000 5.879192
603.000000 5.878504
604.000000 5.877832
605.000000 5.877176
606.000000 5.876534
607.000000 5.875908
608.000000 5.875296
609.000000 5.874697
610.000000 5.874112
611.000000 0.489578
612.000000 1.820369
613.000000 3.772692
614.000000 3.592520
615.000000 2.970987
616.000000 3.052894
617.000000 3.208927
618.000000 3.012252
619.000000 2.718972
620.000000 2.528965
621.000000 2.376270
622.000000 2.201226
623.000000 2.037436
624.000000 1.912291
625.000000 1.813011
626.000000 1.725248
627.000000 1.648620
628.000000 1.583664
629.000000 1.526288
630.000000 1.472883
631.000000 1.422614
632.000000 1.375423
633.000000 1.330887
634.000000 1.288721
635.000000 1.249023
636.000000 1.211941
637.000000 1.177472
638.000000 1.145528
639.000000 1.116005
640.000000 1.088757
641.000000 1.063599
642.000000 1.040332
643.000000 1.018767
644.000000 0.998731
645.000000 0.980070
646.000000 0.962649
647.000000 0.946353
648.000000 0.931086
649.000000 0.916764
650.000000 0.903315
651.000000 0.890673
652.000000 0.878781
653.000000 0.867585
654.000000 0.857035
655.000000 0.847085
656.000000 0.837691
657.000000 0.828813
658.000000 0.820413
659.000000 0.812457
660.000000 0.804912
661.000000 0.797750
662.000000 0.790945
663.000000 0.784470
664.000000 0.778305
665.000000 0.772428
666.000000 0.766820
667.000000 0.761465
668.000000 0.756345
669.000000 0.751447
670.000000 0.746757
671.000000 0.742262
672.000000 0.737950
673.000000 0.733810
674.000000 0.729833
675.000000 0.726009
676.000000 0.722329
677.000000 0.718786
678.000000 0.715371
679.000000 0.712078
680.000000 0.708901
681.000000 0.705834
682.000000 0.702870
683.000000 0.700005
684.000000 0.697233
685.000000 0.694551
686.000000 0.691954
687.000000 0.689438
688.000000 0.686998
689.000000 0.684633
690.000000 0.682338
691.000000 0.680110
692.000000 0.677947
693.000000 0.675846
694.000000 0.673804
695.000000 0.671818
696.000000 0.669887
697.000000 0.668008
698.000000 0.666180
699.000000 0.664400
700.000000 0.662667
701.000000 0.660978
702.000000 0.659333
703.000000 0.657730
704.000000 0.656166
705.000000 0.654642
706.000000 0.653155
707.000000 0.651705
708.000000 0.650289
709.000000 0.648908
710.000000 73.628367
711.000000 7.409480
712.000000 9.581765
713.000000 5.787388
714.000000 5.392253
715.000000 4.906062
716.000000 4.833090
717.000000 4.842546
718.000000 4.810716
719.000000 4.759672
720.000000 4.733602
721.000000 4.720758
722.000000 4.704501
723.000000 4.688734
724.000000 4.679385
725.000000 4.674224
726.000000 4.669869
727.000000 4.666045
728.000000 4.663181
729.000000 4.660783
730.000000 4.658289
731.000000 4.655679
732.000000 4.653109
733.000000 4.650616
734.000000 4.648211
735.000000 4.645952
736.000000 4.643898
737.000000 4.642066
738.000000 4.640453
739.000000 4.639046
740.000000 4.637831
741.000000 4.636783
742.000000 4.635881
743.000000 4.635102
744.000000 4.634430
745.000000 4.633851
746.000000 4.633353
747.000000 4.632929
748.000000 4.632570
749.000000 4.632273
750.000000 4.632032
751.000000 4.631843
752.000000 4.631704
753.000000 4.631609
754.000000 4.631555
755.000000 4.631540
756.000000 4.631559
757.000000 4.631609
758.000000 4.631687
759.000000 4.631792
760.000000 4.631919
761.000000 4.632067
762.000000 4.632235
763.000000 4.632419
764.000000 4.632619
765.000000 4.632832
766.000000 4.633059
767.000000 4.633296
768.000000 4.633543
769.000000 4.633799
770.000000 4.634063
771.000000 4.634334
772.000000 4.634611
773.000000 4.634893
774.000000 4.635179
775.000000 4.635470
776.000000 4.635763
777.000000 4.636059
778.000000 4.636357
779.000000 4.636657
780.000000 4.636958
781.000000 4.637260
782.000000 4.637562
783.000000 4.637863
784.000000 4.638165
785.000000 4.638465
786.000000 4.638765
787.000000 4.639064
788.000000 4.639361
789.000000 4.639656
790.000000 4.639950
791.000000 4.640241
792.000000 4.640531
793.000000 4.640817
794.000000 4.641102
795.000000 4.641384
796.000000 4.641663
797.000000 4.641939
798.000000 4.642212
799.000000 4.642483
800.000000 4.642750
801.000000 4.643014
802.000000 4.643275
803.000000 4.643532
804.000000 4.643787
805.000000 4.644038
806.000000 4.644285
807.000000 4.644530
808.000000 4.644771
809.000000 4.645008
810.000000 4.645242
811.000000 7.274876
812.000000 10.455962
813.000000 8.515222
814.000000 7.399761
815.000000 7.921018
816.000000 8.204570
817.000000 7.870407
818.000000 7.657607
819.000000 7.736630
820.000000 7.828111
821.000000 7.847734
822.000000 7.885011
823.000000 7.961371
824.000000 8.033225
825.000000 8.084346
826.000000 8.127115
827.000000 8.166894
828.000000 8.199742
829.000000 8.225086
830.000000 8.246326
831.000000 8.265627
832.000000 8.283295
833.000000 8.299639
834.000000 8.315273
835.000000 8.330482
836.000000 8.345189
837.000000 8.359284
838.000000 8.372722
839.000000 8.385462
840.000000 8.397454
841.000000 8.408685
842.000000 8.419181
843.000000 8.428989
844.000000 8.438162
845.000000 8.446757
846.000000 8.454833
847.000000 8.462443
848.000000 8.469631
849.000000 8.476438
850.000000 8.482895
851.000000 8.489028
852.000000 8.494861
853.000000 8.500412
854.000000 8.505699
855.000000 8.510739
856.000000 8.515546
857.000000 8.520133
858.000000 8.524515
859.000000 8.528705
860.000000 8.532713
861.000000 8.536551
862.000000 8.540231
863.000000 8.543760
864.000000 8.547149
865.000000 8.550406
866.000000 8.553537
867.000000 8.556551
868.000000 8.559453
869.000000 8.562251
870.000000 8.564948
871.000000 8.567551
872.000000 8.570064
873.000000 8.572492
874.000000 8.574839
875.000000 8.577109
876.000000 8.579305
877.000000 8.581432
878.000000 8.583493
879.000000 8.585490
880.000000 8.587426
881.000000 8.589304
882.000000 8.591127
883.000000 8.592897
884.000000 8.594616
885.000000 8.596286
886.000000 8.597910
887.000000 8.599489
888.000000 8.601025
889.000000 8.602519
890.000000 8.603973
891.000000 8.605389
892.000000 8.606769
893.000000 8.608112
894.000000 8.609421
895.000000 8.610697
896.000000 8.611942
897.000000 8.613155
898.000000 8.614338
899.000000 8.615493
900.000000 8.616620
