1.000000 0.000000
2.000000 0.000000
3.000000 0.000000
4.000000 0.000000
5.000000 0.000000
6.000000 0.000000
7.000000 0.000000
8.000000 0.000000
9.000000 0.000000
10.000000 0.000000
11.000000 -8.993702
12.000000 -7.920619
13.000000 -8.517067
14.000000 -8.958629
15.000000 -9.400494
16.000000 -9.773402
17.000000 -10.082936
18.000000 -10.336405
19.000000 -10.543129
20.000000 -10.711264
21.000000 -10.847651
22.000000 -10.957912
23.000000 -11.046656
24.000000 -11.117661
25.000000 -11.174035
26.000000 -11.218335
27.000000 -11.252673
28.000000 -11.278793
29.000000 -11.298142
30.000000 -11.311918
31.000000 -11.321116
32.000000 -11.326564
33.000000 -11.328949
34.000000 -11.328846
35.000000 -11.326729
36.000000 -11.322999
37.000000 -11.317984
38.000000 -11.311962
39.000000 -11.305161
40.000000 -11.297772
41.000000 -11.289954
42.000000 -11.281838
43.000000 -11.273532
44.000000 -11.265128
45.000000 -11.256697
46.000000 -11.248301
47.000000 -11.239988
48.000000 -11.231799
49.000000 -11.223765
50.000000 -11.215912
51.000000 -11.208259
52.000000 -11.200821
53.000000 -11.193609
54.000000 -11.186631
55.000000 -11.179893
56.000000 -11.173397
57.000000 -11.167144
58.000000 -11.161134
59.000000 -11.155366
60.000000 -11.149836
61.000000 -11.144540
62.000000 -11.139475
63.000000 -11.134636
64.000000 -11.130017
65.000000 -11.125613
66.000000 -11.121417
67.000000 -11.117425
68.000000 -11.113629
69.000000 -11.110025
70.000000 -11.106604
71.000000 -11.103362
72.000000 -11.100291
73.000000 -11.097387
74.000000 -11.094642
75.000000 -11.092052
76.000000 -11.089609
77.000000 -11.087309
78.000000 -11.085146
79.000000 -11.083114
80.000000 -11.081209
81.000000 -11.079424
82.000000 -11.077756
83.000000 -11.076199
84.000000 -11.074748
85.000000 -11.073399
86.000000 -11.072147
87.000000 -11.070989
88.000000 -11.069919
89.000000 -11.068935
90.000000 -11.068031
91.000000 -11.067205
92.000000 -11.066453
93.000000 -11.065772
94.000000 -11.065157
95.000000 -11.064606
96.000000 -11.064116
97.000000 -11.063683
98.000000 -11.063306
99.000000 -11.062980
100.000000 -11.062704
101.000000 -11.062475
102.000000 -11.062290
103.000000 -11.062147
104.000000 -11.062044
105.000000 -11.061979
106.000000 -11.061949
107.000000 -11.061953
108.000000 -11.061988
109.000000 -11.062053
110.000000 -11.062147
111.000000 -17.612971
112.000000 -11.868001
113.000000 -11.440043
114.000000 -11.104800
115.000000 -10.948679
116.000000 -10.812877
117.000000 -10.697245
118.000000 -10.598391
119.000000 -10.515207
120.000000 -10.445767
121.000000 -10.388048
122.000000 -10.340161
123.000000 -10.300464
124.000000 -10.267572
125.000000 -10.240341
126.000000 -10.217824
127.000000 -10.199244
128.000000 -10.183959
129.000000 -10.171440
130.000000 -10.161249
131.000000 -10.153023
132.000000 -10.146458
133.000000 -10.141302
134.000000 -10.137343
135.000000 -10.134404
136.000000 -10.132335
137.000000 -10.131010
138.000000 -10.130322
139.000000 -10.130181
140.000000 -10.130509
141.000000 -10.131242
142.000000 -10.132321
143.000000 -10.133701
144.000000 -10.135338
145.000000 -10.137197
146.000000 -10.139249
147.000000 -10.141464
148.000000 -10.143822
149.000000 -10.146300
150.000000 -10.148882
151.000000 -10.151552
152.000000 -10.154296
153.000000 -10.157102
154.000000 -10.159959
155.000000 -10.162859
156.000000 -10.165793
157.000000 -10.168753
158.000000 -10.171732
159.000000 -10.174725
160.000000 -10.177726
161.000000 -10.180731
162.000000 -10.183735
163.000000 -10.186735
164.000000 -10.189726
165.000000 -10.192706
166.000000 -10.195672
167.000000 -10.198621
168.000000 -10.201551
169.000000 -10.204460
170.000000 -10.207347
171.000000 -10.210208
172.000000 -10.213043
173.000000 -10.215851
174.000000 -10.218630
175.000000 -10.221379
176.000000 -10.224098
177.000000 -10.226784
178.000000 -10.229439
179.000000 -10.232060
180.000000 -10.234647
181.000000 -10.237200
182.000000 -10.239719
183.000000 -10.242202
184.000000 -10.244651
185.000000 -10.247064
186.000000 -10.249441
187.000000 -10.251782
188.000000 -10.254088
189.000000 -10.256358
190.000000 -10.258591
191.000000 -10.260789
192.000000 -10.262952
193.000000 -10.265078
194.000000 -10.267170
195.000000 -10.269225
196.000000 -10.271246
197.000000 -10.273232
198.000000 -10.275183
199.000000 -10.277100
200.000000 -10.278983
201.000000 -10.280832
202.000000 -10.282647
203.000000 -10.284429
204.000000 -10.286179
205.000000 -10.287896
206.000000 -10.289581
207.000000 -10.291234
208.000000 -10.292856
209.000000 -10.294447
210.000000 -2.778406
211.000000 -7.115743
212.000000 -7.139543
213.000000 -7.248522
214.000000 -7.219605
215.000000 -7.193032
216.000000 -7.170783
217.000000 -7.154946
218.000000 -7.143750
219.000000 -7.135943
220.000000 -7.130662
221.000000 -7.127344
222.000000 -7.125594
223.000000 -7.125115
224.000000 -7.125669
225.000000 -7.127064
226.000000 -7.129136
227.000000 -7.131751
228.000000 -7.134792
229.000000 -7.138163
230.000000 -7.141784
231.000000 -7.145586
232.000000 -7.149513
233.000000 -7.153518
234.000000 -7.157561
235.000000 -7.161612
236.000000 -7.165643
237.000000 -7.169633
238.000000 -7.173566
239.000000 -7.177427
240.000000 -7.181205
241.000000 -7.184893
242.000000 -7.188484
243.000000 -7.191973
244.000000 -7.195357
245.000000 -7.198634
246.000000 -7.201803
247.000000 -7.204864
248.000000 -7.207817
249.000000 -7.210663
250.000000 -7.213404
251.000000 -7.216041
252.000000 -7.218576
253.000000 -7.221012
254.000000 -7.223350
255.000000 -7.225594
256.000000 -7.227746
257.000000 -7.229808
258.000000 -7.231783
259.000000 -7.233674
260.000000 -7.235484
261.000000 -7.237215
262.000000 -7.238870
263.000000 -7.240452
264.000000 -7.241963
265.000000 -7.243405
266.000000 -7.244781
267.000000 -7.246094
268.000000 -7.247346
269.000000 -7.248539
270.000000 -7.249675
271.000000 -7.250757
272.000000 -7.251786
273.000000 -7.252765
274.000000 -7.253696
275.000000 -7.254580
276.000000 -7.255420
277.000000 -7.256216
278.000000 -7.256972
279.000000 -7.257689
280.000000 -7.258367
281.000000 -7.259010
282.000000 -7.259617
283.000000 -7.260192
284.000000 -7.260734
285.000000 -7.261246
286.000000 -7.261729
287.000000 -7.262184
288.000000 -7.262612
289.000000 -7.263015
290.000000 -7.263393
291.000000 -7.263747
292.000000 -7.264080
293.000000 -7.264391
294.000000 -7.264681
295.000000 -7.264952
296.000000 -7.265205
297.000000 -7.265440
298.000000 -7.265657
299.000000 -7.265859
300.000000 -7.266046
301.000000 -7.266217
302.000000 -7.266375
303.000000 -7.266520
304.000000 -7.266652
305.000000 -7.266772
306.000000 -7.266880
307.000000 -7.266978
308.000000 -7.267066
309.000000 -7.267143
310.000000 -7.267212
311.000000 -9.265872
312.000000 -9.027460
313.000000 -9.160048
314.000000 -9.258208
315.000000 -9.356430
316.000000 -9.439320
317.000000 -9.508121
318.000000 -9.564458
319.000000 -9.610401
320.000000 -9.647763
321.000000 -9.678066
322.000000 -9.702557
323.000000 -9.722263
324.000000 -9.738023
325.000000 -9.750528
326.000000 -9.760346
327.000000 -9.767946
328.000000 -9.773718
329.000000 -9.777982
330.000000 -9.781004
331.000000 -9.783007
332.000000 -9.784174
333.000000 -9.784658
334.000000 -9.784587
335.000000 -9.784067
336.000000 -9.783187
337.000000 -9.782019
338.000000 -9.780627
339.000000 -9.779060
340.000000 -9.777361
341.000000 -9.775566
342.000000 -9.773704
343.000000 -9.771798
344.000000 -9.769870
345.000000 -9.767936
346.000000 -9.766009
347.000000 -9.764100
348.000000 -9.762218
349.000000 -9.760370
350.000000 -9.758562
351.000000 -9.756798
352.000000 -9.755082
353.000000 -9.753417
354.000000 -9.751803
355.000000 -9.750243
356.000000 -9.748737
357.000000 -9.747285
358.000000 -9.745887
359.000000 -9.744543
360.000000 -9.743252
361.000000 -9.742014
362.000000 -9.740828
363.000000 -9.739692
364.000000 -9.738605
365.000000 -9.737567
366.000000 -9.736576
367.000000 -9.735630
368.000000 -9.734728
369.000000 -9.733870
370.000000 -9.733052
371.000000 -9.732276
372.000000 -9.731538
373.000000 -9.730837
374.000000 -9.730173
375.000000 -9.729543
376.000000 -9.728947
377.000000 -9.728383
378.000000 -9.727851
379.000000 -9.727348
380.000000 -9.726874
381.000000 -9.726428
382.000000 -9.726008
383.000000 -9.725613
384.000000 -9.725243
385.000000 -9.724896
386.000000 -9.724572
387.000000 -9.724269
388.000000 -9.723986
389.000000 -9.723723
390.000000 -9.723479
391.000000 -9.723252
392.000000 -9.723043
393.000000 -9.722850
394.000000 -9.722673
395.000000 -9.722510
396.000000 -9.722361
397.000000 -9.722227
398.000000 -9.722104
399.000000 -9.721995
400.000000 -9.721896
401.000000 -9.721809
402.000000 -9.721732
403.000000 -9.721666
404.000000 -9.721608
405.000000 -9.721560
406.000000 -9.721520
407.000000 -9.721489
408.000000 -9.721465
409.000000 -9.721448
410.000000 -9.721438
411.000000 -5.791011
412.000000 -9.238083
413.000000 -9.494967
414.000000 -9.696240
415.000000 -9.790057
416.000000 -9.871699
417.000000 -9.941254
418.000000 -10.000757
419.000000 -10.050870
420.000000 -10.092750
421.000000 -10.127608
422.000000 -10.156577
423.000000 -10.180643
424.000000 -10.200633
425.000000 -10.217236
426.000000 -10.231018
427.000000 -10.242444
428.000000 -10.251900
429.000000 -10.259701
430.000000 -10.266110
431.000000 -10.271346
432.000000 -10.275588
433.000000 -10.278988
434.000000 -10.281674
435.000000 -10.283749
436.000000 -10.285305
437.000000 -10.286417
438.000000 -10.287147
439.000000 -10.287550
440.000000 -10.287673
441.000000 -10.287553
442.000000 -10.287225
443.000000 -10.286717
444.000000 -10.286054
445.000000 -10.285257
446.000000 -10.284343
447.000000 -10.283330
448.000000 -10.282231
449.000000 -10.281057
450.000000 -10.279819
451.000000 -10.278527
452.000000 -10.277188
453.000000 -10.275810
454.000000 -10.274398
455.000000 -10.272959
456.000000 -10.271497
457.000000 -10.270016
458.000000 -10.268521
459.000000 -10.267015
460.000000 -10.265500
461.000000 -10.263981
462.000000 -10.262459
463.000000 -10.260937
464.000000 -10.259416
465.000000 -10.257899
466.000000 -10.256386
467.000000 -10.254881
468.000000 -10.253384
469.000000 -10.251895
470.000000 -10.250418
471.000000 -10.248951
472.000000 -10.247497
473.000000 -10.246056
474.000000 -10.244628
475.000000 -10.243215
476.000000 -10.241817
477.000000 -10.240434
478.000000 -10.239068
479.000000 -10.237718
480.000000 -10.236384
481.000000 -10.235068
482.000000 -10.233769
483.000000 -10.232488
484.000000 -10.231224
485.000000 -10.229978
486.000000 -10.228750
487.000000 -10.227541
488.000000 -10.226350
489.000000 -10.225176
490.000000 -10.224022
491.000000 -10.222885
492.000000 -10.221767
493.000000 -10.220667
494.000000 -10.219585
495.000000 -10.218521
496.000000 -10.217475
497.000000 -10.216447
498.000000 -10.215437
499.000000 -10.214445
500.000000 -10.213470
501.000000 -10.212512
502.000000 -10.211572
503.000000 -10.210649
504.000000 -10.209743
505.000000 -10.208854
506.000000 -10.207981
507.000000 -10.207124
508.000000 -10.206284
509.000000 -10.205460
510.000000 1.071751
511.000000 -5.431166
512.000000 -5.463838
513.000000 -5.624338
514.000000 -5.578051
515.000000 -5.535340
516.000000 -5.499169
517.000000 -5.472673
518.000000 -5.453193
519.000000 -5.438851
520.000000 -5.428352
521.000000 -5.420849
522.000000 -5.415750
523.000000 -5.412607
524.000000 -5.411065
525.000000 -5.410833
526.000000 -5.411666
527.000000 -5.413358
528.000000 -5.415738
529.000000 -5.418659
530.000000 -5.421998
531.000000 -5.425654
532.000000 -5.429541
533.000000 -5.433587
534.000000 -5.437733
535.000000 -5.441930
536.000000 -5.446138
537.000000 -5.450325
538.000000 -5.454464
539.000000 -5.458534
540.000000 -5.462517
541.000000 -5.466401
542.000000 -5.470175
543.000000 -5.473832
544.000000 -5.477366
545.000000 -5.480773
546.000000 -5.484051
547.000000 -5.487200
548.000000 -5.490218
549.000000 -5.493108
550.000000 -5.495870
551.000000 -5.498506
552.000000 -5.501018
553.000000 -5.503410
554.000000 -5.505685
555.000000 -5.507844
556.000000 -5.509893
557.000000 -5.511834
558.000000 -5.513670
559.000000 -5.515406
560.000000 -5.517044
561.000000 -5.518589
562.000000 -5.520043
563.000000 -5.521410
564.000000 -5.522694
565.000000 -5.523897
566.000000 -5.525023
567.000000 -5.526076
568.000000 -5.527057
569.000000 -5.527970
570.000000 -5.528819
571.000000 -5.529605
572.000000 -5.530332
573.000000 -5.531002
574.000000 -5.531618
575.000000 -5.532182
576.000000 -5.532696
577.000000 -5.533164
578.000000 -5.533586
579.000000 -5.533966
580.000000 -5.534305
581.000000 -5.534605
582.000000 -5.534869
583.000000 -5.535098
584.000000 -5.535293
585.000000 -5.535457
586.000000 -5.535591
587.000000 -5.535697
588.000000 -5.535776
589.000000 -5.535829
590.000000 -5.535859
591.000000 -5.535866
592.000000 -5.535852
593.000000 -5.535818
594.000000 -5.535764
595.000000 -5.535693
596.000000 -5.535605
597.000000 -5.535502
598.000000 -5.535383
599.000000 -5.535251
600.000000 -5.535106
601.000000 -5.534949
602.000000 -5.534780
603.000000 -5.534601
604.000000 -5.534413
605.000000 -5.534215
606.000000 -5.534010
607.000000 -5.533796
608.000000 -5.533576
609.000000 -5.533349
610.000000 -5.533116
611.000000 4.460125
612.000000 3.268053
613.000000 3.931020
614.000000 4.421895
615.000000 4.913112
616.000000 5.327711
617.000000 5.671899
618.000000 5.953793
619.000000 6.183751
620.000000 6.370833
621.000000 6.522642
622.000000 6.645422
623.000000 6.744295
624.000000 6.823459
625.000000 6.886366
626.000000 6.935858
627.000000 6.974280
628.000000 7.003571
629.000000 7.025338
630.000000 7.040911
631.000000 7.051397
632.000000 7.057714
633.000000 7.060628
634.000000 7.060774
635.000000 7.058682
636.000000 7.054795
637.000000 7.049479
638.000000 7.043042
639.000000 7.035737
640.000000 7.027777
641.000000 7.019337
642.000000 7.010564
643.000000 7.001579
644.000000 6.992480
645.000000 6.983350
646.000000 6.974255
647.000000 6.965251
648.000000 6.956381
649.000000 6.947681
650.000000 6.939179
651.000000 6.930896
652.000000 6.922850
653.000000 6.915052
654.000000 6.907511
655.000000 6.900233
656.000000 6.893222
657.000000 6.886478
658.000000 6.880001
659.000000 6.873789
660.000000 6.867839
661.000000 6.862146
662.000000 6.856708
663.000000 6.851516
664.000000 6.846567
665.000000 6.841854
666.000000 6.837369
667.000000 6.833108
668.000000 6.829062
669.000000 6.825225
670.000000 6.821590
671.000000 6.818151
672.000000 6.814900
673.000000 6.811830
674.000000 6.808935
675.000000 6.806209
676.000000 6.803645
677.000000 6.801236
678.000000 6.798977
679.000000 6.796861
680.000000 6.794883
681.000000 6.793037
682.000000 6.791317
683.000000 6.789718
684.000000 6.788235
685.000000 6.786863
686.000000 6.785597
687.000000 6.784432
688.000000 6.783363
689.000000 6.782387
690.000000 6.781499
691.000000 6.780694
692.000000 6.779969
693.000000 6.779321
694.000000 6.778744
695.000000 6.778237
696.000000 6.777794
697.000000 6.777414
698.000000 6.777093
699.000000 6.776828
700.000000 6.776616
701.000000 6.776454
702.000000 6.776339
703.000000 6.776270
704.000000 6.776243
705.000000 6.776255
706.000000 6.776306
707.000000 6.776392
708.000000 6.776512
709.000000 6.776663
710.000000 6.776844
711.000000 4.156771
712.000000 6.455052
713.000000 6.626561
714.000000 6.761015
715.000000 6.823851
716.000000 6.878585
717.000000 6.925278
718.000000 6.965283
719.000000 6.999041
720.000000 7.027322
721.000000 7.050933
722.000000 7.070629
723.000000 7.087064
724.000000 7.100791
725.000000 7.112267
726.000000 7.121869
727.000000 7.129906
728.000000 7.136635
729.000000 7.142266
730.000000 7.146973
731.000000 7.150901
732.000000 7.154169
733.000000 7.156878
734.000000 7.159112
735.000000 7.160942
736.000000 7.162425
737.000000 7.163612
738.000000 7.164546
739.000000 7.165261
740.000000 7.165788
741.000000 7.166152
742.000000 7.166376
743.000000 7.166479
744.000000 7.166476
745.000000 7.166381
746.000000 7.166207
747.000000 7.165963
748.000000 7.165658
749.000000 7.165301
750.000000 7.164898
751.000000 7.164456
752.000000 7.163978
753.000000 7.163470
754.000000 7.162937
755.000000 7.162380
756.000000 7.161804
757.000000 7.161212
758.000000 7.160606
759.000000 7.159988
760.000000 7.159360
761.000000 7.158724
762.000000 7.158081
763.000000 7.157434
764.000000 7.156783
765.000000 7.156129
766.000000 7.155475
767.000000 7.154819
768.000000 7.154165
769.000000 7.153511
770.000000 7.152860
771.000000 7.152211
772.000000 7.151566
773.000000 7.150924
774.000000 7.150287
775.000000 7.149655
776.000000 7.149027
777.000000 7.148406
778.000000 7.147790
779.000000 7.147180
780.000000 7.146577
781.000000 7.145980
782.000000 7.145391
783.000000 7.144808
784.000000 7.144233
785.000000 7.143665
786.000000 7.143104
787.000000 7.142551
788.000000 7.142006
789.000000 7.141469
790.000000 7.140939
791.000000 7.140418
792.000000 7.139904
793.000000 7.139398
794.000000 7.138900
795.000000 7.138410
796.000000 7.137929
797.000000 7.137455
798.000000 7.136989
799.000000 7.136531
800.000000 7.136080
801.000000 7.135638
802.000000 7.135203
803.000000 7.134776
804.000000 7.134357
805.000000 7.133945
806.000000 7.133541
807.000000 7.133145
808.000000 7.132755
809.000000 7.132373
810.000000 -11.662006
811.000000 -0.822856
812.000000 -0.767467
813.000000 -0.499051
814.000000 -0.575296
815.000000 -0.645602
816.000000 -0.705022
817.000000 -0.748337
818.000000 -0.779975
819.000000 -0.803065
820.000000 -0.819768
821.000000 -0.831492
822.000000 -0.839228
823.000000 -0.843718
824.000000 -0.845555
825.000000 -0.845224
826.000000 -0.843134
827.000000 -0.839625
828.000000 -0.834985
829.000000 -0.829458
830.000000 -0.823247
831.000000 -0.816522
832.000000 -0.809426
833.000000 -0.802077
834.000000 -0.794575
835.000000 -0.787000
836.000000 -0.779418
837.000000 -0.771885
838.000000 -0.764443
839.000000 -0.757129
840.000000 -0.749970
841.000000 -0.742989
842.000000 -0.736201
843.000000 -0.729620
844.000000 -0.723255
845.000000 -0.717110
846.000000 -0.711191
847.000000 -0.705498
848.000000 -0.700032
849.000000 -0.694790
850.000000 -0.689771
851.000000 -0.684970
852.000000 -0.680384
853.000000 -0.676008
854.000000 -0.671837
855.000000 -0.667865
856.000000 -0.664087
857.000000 -0.660496
858.000000 -0.657088
859.000000 -0.653855
860.000000 -0.650792
861.000000 -0.647893
862.000000 -0.645152
863.000000 -0.642563
864.000000 -0.640121
865.000000 -0.637819
866.000000 -0.635652
867.000000 -0.633615
868.000000 -0.631703
869.000000 -0.629910
870.000000 -0.628232
871.000000 -0.626663
872.000000 -0.625200
873.000000 -0.623836
874.000000 -0.622569
875.000000 -0.621394
876.000000 -0.620306
877.000000 -0.619302
878.000000 -0.618379
879.000000 -0.617531
880.000000 -0.616756
881.000000 -0.616051
882.000000 -0.615411
883.000000 -0.614835
884.000000 -0.614318
885.000000 -0.613858
886.000000 -0.613453
887.000000 -0.613098
888.000000 -0.612793
889.000000 -0.612533
890.000000 -0.612318
891.000000 -0.612144
892.000000 -0.612009
893.000000 -0.611912
894.000000 -0.611850
895.000000 -0.611821
896.000000 -0.611823
897.000000 -0.611855
898.000000 -0.611915
899.000000 -0.612001
900.000000 -0.612111
