1.000000 0.000000
2.000000 0.000000
3.000000 0.000000
4.000000 0.000000
5.000000 0.000000
6.000000 0.000000
7.000000 0.000000
8.000000 0.000000
9.000000 0.000000
10.000000 0.000000
11.000000 8.660996
12.000000 8.910637
13.000000 8.972172
14.000000 8.943287
15.000000 8.942622
16.000000 8.951365
17.000000 8.963432
18.000000 8.975411
19.000000 8.986293
20.000000 8.995823
21.000000 9.004023
22.000000 9.010994
23.000000 9.016863
24.000000 9.021756
25.000000 9.025792
26.000000 9.029082
27.000000 9.031726
28.000000 9.033814
29.000000 9.035426
30.000000 9.036629
31.000000 9.037486
32.000000 9.038049
33.000000 9.038364
34.000000 9.038471
35.000000 9.038402
36.000000 9.038188
37.000000 9.037852
38.000000 9.037418
39.000000 9.036901
40.000000 9.036319
41.000000 9.035684
42.000000 9.035008
43.000000 9.034299
44.000000 9.033567
45.000000 9.032817
46.000000 9.032056
47.000000 9.031288
48.000000 9.030518
49.000000 9.029748
50.000000 9.028983
51.000000 9.028223
52.000000 9.027472
53.000000 9.026730
54.000000 9.025999
55.000000 9.025280
56.000000 9.024575
57.000000 9.023883
58.000000 9.023205
59.000000 9.022541
60.000000 9.021893
61.000000 9.021259
62.000000 9.020641
63.000000 9.020038
64.000000 9.019449
65.000000 9.018876
66.000000 9.018318
67.000000 9.017774
68.000000 9.017245
69.000000 9.016731
70.000000 9.016230
71.000000 9.015743
72.000000 9.015270
73.000000 9.014810
74.000000 9.014364
75.000000 9.013930
76.000000 9.013508
77.000000 9.013099
78.000000 9.012701
79.000000 9.012316
80.000000 9.011941
81.000000 9.011578
82.000000 9.011225
83.000000 9.010883
84.000000 9.010551
85.000000 9.010229
86.000000 9.009917
87.000000 9.009614
88.000000 9.009321
89.000000 9.009036
90.000000 9.008759
91.000000 9.008492
92.000000 9.008232
93.000000 9.007980
94.000000 9.007736
95.000000 9.007500
96.000000 9.007270
97.000000 9.007048
98.000000 9.006833
99.000000 9.006624
100.000000 9.006421
101.000000 9.006225
102.000000 9.006035
103.000000 9.005851
104.000000 9.005672
105.000000 9.005499
106.000000 9.005332
107.000000 9.005169
108.000000 9.005012
109.000000 9.004859
110.000000 9.004711
111.000000 11.983919
112.000000 9.415195
113.000000 9.134435
114.000000 9.071294
115.000000 9.073724
116.000000 9.074140
117.000000 9.071984
118.000000 9.068314
119.000000 9.064241
120.000000 9.060204
121.000000 9.056375
122.000000 9.052809
123.000000 9.049518
124.000000 9.046498
125.000000 9.043732
126.000000 9.041203
127.000000 9.038891
128.000000 9.036776
129.000000 9.034839
130.000000 9.033061
131.000000 9.031426
132.000000 9.029918
133.000000 9.028525
134.000000 9.027234
135.000000 9.026034
136.000000 9.024917
137.000000 9.023872
138.000000 9.022894
139.000000 9.021975
140.000000 9.021110
141.000000 9.020294
142.000000 9.019523
143.000000 9.018792
144.000000 9.018099
145.000000 9.017440
146.000000 9.016813
147.000000 9.016215
148.000000 9.015645
149.000000 9.015099
150.000000 9.014578
151.000000 9.014079
152.000000 9.013600
153.000000 9.013141
154.000000 9.012701
155.000000 9.012278
156.000000 9.011871
157.000000 9.011481
158.000000 9.011105
159.000000 9.010743
160.000000 9.010395
161.000000 9.010060
162.000000 9.009737
163.000000 9.009426
164.000000 9.009126
165.000000 9.008837
166.000000 9.008558
167.000000 9.008288
168.000000 9.008029
169.000000 9.007778
170.000000 9.007536
171.000000 9.007303
172.000000 9.007077
173.000000 9.006859
174.000000 9.006649
175.000000 9.006446
176.000000 9.006249
177.000000 9.006060
178.000000 9.005876
179.000000 9.005699
180.000000 9.005527
181.000000 9.005362
182.000000 9.005202
183.000000 9.005047
184.000000 9.004897
185.000000 9.004752
186.000000 9.004612
187.000000 9.004476
188.000000 9.004345
189.000000 9.004218
190.000000 9.004095
191.000000 9.003976
192.000000 9.003860
193.000000 9.003749
194.000000 9.003641
195.000000 9.003536
196.000000 9.003435
197.000000 9.003337
198.000000 9.003242
199.000000 9.003150
200.000000 9.003061
201.000000 9.002974
202.000000 9.002890
203.000000 9.002809
204.000000 9.002731
205.000000 9.002654
206.000000 9.002581
207.000000 9.002509
208.000000 9.002439
209.000000 9.002372
210.000000 9.002307
211.000000 9.168532
212.000000 8.996341
213.000000 9.001034
214.000000 8.998060
215.000000 8.997055
216.000000 8.995173
217.000000 8.993388
218.000000 8.991865
219.000000 8.990651
220.000000 8.989713
221.000000 8.989008
222.000000 8.988496
223.000000 8.988139
224.000000 8.987910
225.000000 8.987784
226.000000 8.987742
227.000000 8.987767
228.000000 8.987846
229.000000 8.987970
230.000000 8.988128
231.000000 8.988314
232.000000 8.988521
233.000000 8.988745
234.000000 8.988982
235.000000 8.989228
236.000000 8.989480
237.000000 8.989736
238.000000 8.989994
239.000000 8.990253
240.000000 8.990512
241.000000 8.990769
242.000000 8.991023
243.000000 8.991274
244.000000 8.991521
245.000000 8.991764
246.000000 8.992002
247.000000 8.992235
248.000000 8.992464
249.000000 8.992687
250.000000 8.992905
251.000000 8.993118
252.000000 8.993325
253.000000 8.993528
254.000000 8.993724
255.000000 8.993916
256.000000 8.994102
257.000000 8.994283
258.000000 8.994459
259.000000 8.994630
260.000000 8.994796
261.000000 8.994957
262.000000 8.995114
263.000000 8.995266
264.000000 8.995414
265.000000 8.995557
266.000000 8.995696
267.000000 8.995830
268.000000 8.995961
269.000000 8.996088
270.000000 8.996211
271.000000 8.996330
272.000000 8.996445
273.000000 8.996557
274.000000 8.996665
275.000000 8.996771
276.000000 8.996872
277.000000 8.996971
278.000000 8.997067
279.000000 8.997159
280.000000 8.997249
281.000000 8.997336
282.000000 8.997420
283.000000 8.997502
284.000000 8.997581
285.000000 8.997657
286.000000 8.997731
287.000000 8.997803
288.000000 8.997873
289.000000 8.997940
290.000000 8.998005
291.000000 8.998068
292.000000 8.998129
293.000000 8.998188
294.000000 8.998246
295.000000 8.998301
296.000000 8.998355
297.000000 8.998407
298.000000 8.998457
299.000000 8.998506
300.000000 8.998553
301.000000 8.998599
302.000000 8.998643
303.000000 8.998685
304.000000 8.998727
305.000000 8.998767
306.000000 8.998806
307.000000 8.998843
308.000000 8.998880
309.000000 8.998915
310.000000 8.998949
311.000000 10.923648
312.000000 10.979155
313.000000 10.992861
314.000000 10.986472
315.000000 10.986353
316.000000 10.988324
317.000000 10.991032
318.000000 10.993721
319.000000 10.996164
320.000000 10.998307
321.000000 11.000153
322.000000 11.001725
323.000000 11.003051
324.000000 11.004160
325.000000 11.005078
326.000000 11.005829
327.000000 11.006437
328.000000 11.006919
329.000000 11.007296
330.000000 11.007581
331.000000 11.007789
332.000000 11.007931
333.000000 11.008017
334.000000 11.008056
335.000000 11.008056
336.000000 11.008023
337.000000 11.007962
338.000000 11.007879
339.000000 11.007778
340.000000 11.007662
341.000000 11.007533
342.000000 11.007395
343.000000 11.007249
344.000000 11.007097
345.000000 11.006942
346.000000 11.006783
347.000000 11.006623
348.000000 11.006462
349.000000 11.006300
350.000000 11.006139
351.000000 11.005980
352.000000 11.005821
353.000000 11.005665
354.000000 11.005511
355.000000 11.005359
356.000000 11.005210
357.000000 11.005063
358.000000 11.004920
359.000000 11.004780
360.000000 11.004642
361.000000 11.004508
362.000000 11.004377
363.000000 11.004249
364.000000 11.004124
365.000000 11.004003
366.000000 11.003884
367.000000 11.003769
368.000000 11.003657
369.000000 11.003547
370.000000 11.003441
371.000000 11.003338
372.000000 11.003237
373.000000 11.003140
374.000000 11.003045
375.000000 11.002953
376.000000 11.002863
377.000000 11.002776
378.000000 11.002692
379.000000 11.002610
380.000000 11.002530
381.000000 11.002453
382.000000 11.002378
383.000000 11.002305
384.000000 11.002235
385.000000 11.002166
386.000000 11.002100
387.000000 11.002035
388.000000 11.001973
389.000000 11.001912
390.000000 11.001854
391.000000 11.001797
392.000000 11.001742
393.000000 11.001688
394.000000 11.001636
395.000000 11.001586
396.000000 11.001537
397.000000 11.001490
398.000000 11.001444
399.000000 11.001400
400.000000 11.001357
401.000000 11.001315
402.000000 11.001275
403.000000 11.001236
404.000000 11.001198
405.000000 11.001161
406.000000 11.001126
407.000000 11.001091
408.000000 11.001058
409.000000 11.001025
410.000000 11.000994
411.000000 9.213353
412.000000 10.754475
413.000000 10.922822
414.000000 10.960600
415.000000 10.959040
416.000000 10.958691
417.000000 10.959888
418.000000 10.961997
419.000000 10.964350
420.000000 10.966685
421.000000 10.968897
422.000000 10.970955
423.000000 10.972850
424.000000 10.974585
425.000000 10.976169
426.000000 10.977614
427.000000 10.978931
428.000000 10.980132
429.000000 10.981229
430.000000 10.982232
431.000000 10.983151
432.000000 10.983996
433.000000 10.984773
434.000000 10.985492
435.000000 10.986157
436.000000 10.986775
437.000000 10.987350
438.000000 10.987888
439.000000 10.988391
440.000000 10.988863
441.000000 10.989307
442.000000 10.989726
443.000000 10.990122
444.000000 10.990497
445.000000 10.990852
446.000000 10.991190
447.000000 10.991511
448.000000 10.991817
449.000000 10.992109
450.000000 10.992388
451.000000 10.992654
452.000000 10.992909
453.000000 10.993154
454.000000 10.993388
455.000000 10.993612
456.000000 10.993828
457.000000 10.994035
458.000000 10.994234
459.000000 10.994425
460.000000 10.994608
461.000000 10.994785
462.000000 10.994956
463.000000 10.995119
464.000000 10.995277
465.000000 10.995429
466.000000 10.995576
467.000000 10.995717
468.000000 10.995853
469.000000 10.995985
470.000000 10.996111
471.000000 10.996234
472.000000 10.996352
473.000000 10.996465
474.000000 10.996575
475.000000 10.996681
476.000000 10.996784
477.000000 10.996883
478.000000 10.996978
479.000000 10.997070
480.000000 10.997160
481.000000 10.997246
482.000000 10.997329
483.000000 10.997410
484.000000 10.997487
485.000000 10.997563
486.000000 10.997635
487.000000 10.997706
488.000000 10.997774
489.000000 10.997839
490.000000 10.997903
491.000000 10.997965
492.000000 10.998024
493.000000 10.998082
494.000000 10.998138
495.000000 10.998192
496.000000 10.998244
497.000000 10.998294
498.000000 10.998343
499.000000 10.998391
500.000000 10.998437
501.000000 10.998481
502.000000 10.998524
503.000000 10.998566
504.000000 10.998606
505.000000 10.998646
506.000000 10.998684
507.000000 10.998720
508.000000 10.998756
509.000000 10.998791
510.000000 10.998824
511.000000 11.248290
512.000000 10.990126
513.000000 10.997286
514.000000 10.992942
515.000000 10.991547
516.000000 10.988833
517.000000 10.986263
518.000000 10.984081
519.000000 10.982359
520.000000 10.981050
521.000000 10.980087
522.000000 10.979410
523.000000 10.978964
524.000000 10.978707
525.000000 10.978602
526.000000 10.978619
527.000000 10.978736
528.000000 10.978932
529.000000 10.979192
530.000000 10.979502
531.000000 10.979851
532.000000 10.980230
533.000000 10.980633
534.000000 10.981052
535.000000 10.981484
536.000000 10.981923
537.000000 10.982367
538.000000 10.982812
539.000000 10.983257
540.000000 10.983699
541.000000 10.984137
542.000000 10.984570
543.000000 10.984996
544.000000 10.985416
545.000000 10.985827
546.000000 10.986231
547.000000 10.986626
548.000000 10.987013
549.000000 10.987390
550.000000 10.987758
551.000000 10.988118
552.000000 10.988468
553.000000 10.988809
554.000000 10.989141
555.000000 10.989465
556.000000 10.989779
557.000000 10.990085
558.000000 10.990382
559.000000 10.990671
560.000000 10.990952
561.000000 10.991225
562.000000 10.991490
563.000000 10.991747
564.000000 10.991997
565.000000 10.992239
566.000000 10.992474
567.000000 10.992703
568.000000 10.992924
569.000000 10.993139
570.000000 10.993348
571.000000 10.993550
572.000000 10.993746
573.000000 10.993937
574.000000 10.994121
575.000000 10.994300
576.000000 10.994474
577.000000 10.994642
578.000000 10.994805
579.000000 10.994963
580.000000 10.995117
581.000000 10.995265
582.000000 10.995409
583.000000 10.995549
584.000000 10.995685
585.000000 10.995816
586.000000 10.995943
587.000000 10.996067
588.000000 10.996186
589.000000 10.996302
590.000000 10.996414
591.000000 10.996523
592.000000 10.996629
593.000000 10.996731
594.000000 10.996830
595.000000 10.996926
596.000000 10.997019
597.000000 10.997109
598.000000 10.997197
599.000000 10.997281
600.000000 10.997363
601.000000 10.997443
602.000000 10.997520
603.000000 10.997595
604.000000 10.997667
605.000000 10.997737
606.000000 10.997805
607.000000 10.997871
608.000000 10.997935
609.000000 10.997997
610.000000 10.998057
611.000000 1.374786
612.000000 1.097464
613.000000 1.029146
614.000000 1.061293
615.000000 1.062084
616.000000 1.052419
617.000000 1.039060
618.000000 1.025795
619.000000 1.013750
620.000000 1.003205
621.000000 0.994137
622.000000 0.986432
623.000000 0.979951
624.000000 0.974553
625.000000 0.970106
626.000000 0.966487
627.000000 0.963584
628.000000 0.961298
629.000000 0.959541
630.000000 0.958235
631.000000 0.957314
632.000000 0.956719
633.000000 0.956398
634.000000 0.956308
635.000000 0.956412
636.000000 0.956677
637.000000 0.957075
638.000000 0.957584
639.000000 0.958181
640.000000 0.958852
641.000000 0.959580
642.000000 0.960354
643.000000 0.961163
644.000000 0.961997
645.000000 0.962851
646.000000 0.963716
647.000000 0.964588
648.000000 0.965463
649.000000 0.966335
650.000000 0.967204
651.000000 0.968064
652.000000 0.968916
653.000000 0.969756
654.000000 0.970583
655.000000 0.971397
656.000000 0.972195
657.000000 0.972978
658.000000 0.973745
659.000000 0.974495
660.000000 0.975229
661.000000 0.975945
662.000000 0.976644
663.000000 0.977326
664.000000 0.977991
665.000000 0.978639
666.000000 0.979270
667.000000 0.979885
668.000000 0.980483
669.000000 0.981064
670.000000 0.981630
671.000000 0.982180
672.000000 0.982715
673.000000 0.983235
674.000000 0.983740
675.000000 0.984230
676.000000 0.984706
677.000000 0.985169
678.000000 0.985618
679.000000 0.986054
680.000000 0.986477
681.000000 0.986888
682.000000 0.987286
683.000000 0.987673
684.000000 0.988048
685.000000 0.988412
686.000000 0.988765
687.000000 0.989107
688.000000 0.989439
689.000000 0.989761
690.000000 0.990073
691.000000 0.990376
692.000000 0.990669
693.000000 0.990954
694.000000 0.991230
695.000000 0.991497
696.000000 0.991757
697.000000 0.992008
698.000000 0.992252
699.000000 0.992488
700.000000 0.992717
701.000000 0.992939
702.000000 0.993154
703.000000 0.993362
704.000000 0.993564
705.000000 0.993760
706.000000 0.993949
707.000000 0.994133
708.000000 0.994311
709.000000 0.994484
710.000000 0.994651
711.000000 2.186554
712.000000 1.159276
713.000000 1.047178
714.000000 1.022122
715.000000 1.023287
716.000000 1.023641
717.000000 1.022960
718.000000 1.021668
719.000000 1.020210
720.000000 1.018760
721.000000 1.017389
722.000000 1.016117
723.000000 1.014952
724.000000 1.013889
725.000000 1.012924
726.000000 1.012049
727.000000 1.011257
728.000000 1.010539
729.000000 1.009889
730.000000 1.009298
731.000000 1.008761
732.000000 1.008272
733.000000 1.007824
734.000000 1.007414
735.000000 1.007037
736.000000 1.006690
737.000000 1.006369
738.000000 1.006072
739.000000 1.005795
740.000000 1.005538
741.000000 1.005297
742.000000 1.005071
743.000000 1.004859
744.000000 1.004660
745.000000 1.004472
746.000000 1.004294
747.000000 1.004126
748.000000 1.003967
749.000000 1.003815
750.000000 1.003671
751.000000 1.003534
752.000000 1.003404
753.000000 1.003279
754.000000 1.003160
755.000000 1.003046
756.000000 1.002937
757.000000 1.002833
758.000000 1.002733
759.000000 1.002638
760.000000 1.002546
761.000000 1.002458
762.000000 1.002374
763.000000 1.002292
764.000000 1.002214
765.000000 1.002140
766.000000 1.002068
767.000000 1.001998
768.000000 1.001932
769.000000 1.001868
770.000000 1.001806
771.000000 1.001746
772.000000 1.001689
773.000000 1.001634
774.000000 1.001581
775.000000 1.001530
776.000000 1.001481
777.000000 1.001433
778.000000 1.001387
779.000000 1.001343
780.000000 1.001301
781.000000 1.001260
782.000000 1.001220
783.000000 1.001182
784.000000 1.001145
785.000000 1.001109
786.000000 1.001075
787.000000 1.001042
788.000000 1.001010
789.000000 1.000979
790.000000 1.000949
791.000000 1.000920
792.000000 1.000892
793.000000 1.000865
794.000000 1.000839
795.000000 1.000814
796.000000 1.000790
797.000000 1.000767
798.000000 1.000744
799.000000 1.000722
800.000000 1.000701
801.000000 1.000680
802.000000 1.000660
803.000000 1.000641
804.000000 1.000623
805.000000 1.000605
806.000000 1.000587
807.000000 1.000570
808.000000 1.000554
809.000000 1.000538
810.000000 1.000523
811.000000 0.584786
812.000000 1.015097
813.000000 1.003201
814.000000 1.010477
815.000000 1.012837
816.000000 1.017394
817.000000 1.021711
818.000000 1.025378
819.000000 1.028280
820.000000 1.030492
821.000000 1.032125
822.000000 1.033283
823.000000 1.034053
824.000000 1.034509
825.000000 1.034710
826.000000 1.034706
827.000000 1.034536
828.000000 1.034232
829.000000 1.033823
830.000000 1.033329
831.000000 1.032769
832.000000 1.032157
833.000000 1.031507
834.000000 1.030828
835.000000 1.030128
836.000000 1.029415
837.000000 1.028694
838.000000 1.027970
839.000000 1.027246
840.000000 1.026526
841.000000 1.025812
842.000000 1.025107
843.000000 1.024412
844.000000 1.023728
845.000000 1.023056
846.000000 1.022398
847.000000 1.021753
848.000000 1.021123
849.000000 1.020507
850.000000 1.019906
851.000000 1.019319
852.000000 1.018748
853.000000 1.018191
854.000000 1.017649
855.000000 1.017121
856.000000 1.016608
857.000000 1.016109
858.000000 1.015624
859.000000 1.015152
860.000000 1.014694
861.000000 1.014249
862.000000 1.013817
863.000000 1.013397
864.000000 1.012990
865.000000 1.012594
866.000000 1.012211
867.000000 1.011838
868.000000 1.011477
869.000000 1.011126
870.000000 1.010786
871.000000 1.010457
872.000000 1.010137
873.000000 1.009827
874.000000 1.009526
875.000000 1.009234
876.000000 1.008951
877.000000 1.008677
878.000000 1.008411
879.000000 1.008154
880.000000 1.007904
881.000000 1.007662
882.000000 1.007427
883.000000 1.007199
884.000000 1.006979
885.000000 1.006765
886.000000 1.006558
887.000000 1.006357
888.000000 1.006163
889.000000 1.005974
890.000000 1.005792
891.000000 1.005615
892.000000 1.005443
893.000000 1.005277
894.000000 1.005116
895.000000 1.004960
896.000000 1.004809
897.000000 1.004662
898.000000 1.004520
899.000000 1.004383
900.000000 1.004250
