1.000000 0.000000
2.000000 0.000000
3.000000 0.000000
4.000000 0.000000
5.000000 0.000000
6.000000 0.000000
7.000000 0.000000
8.000000 0.000000
9.000000 0.000000
10.000000 0.000000
11.000000 -2.494604
12.000000 1.402029
13.000000 1.623550
14.000000 1.957232
15.000000 2.229249
16.000000 2.491173
17.000000 2.724411
18.000000 2.928702
19.000000 3.106510
20.000000 3.261473
21.000000 3.396994
22.000000 3.515995
23.000000 3.620918
24.000000 3.713789
25.000000 3.796295
26.000000 3.869847
27.000000 3.935630
28.000000 3.994644
29.000000 4.047738
30.000000 4.095638
31.000000 4.138962
32.000000 4.178243
33.000000 4.213942
34.000000 4.246458
35.000000 4.276137
36.000000 4.303281
37.000000 4.328157
38.000000 4.350995
39.000000 4.372001
40.000000 4.391356
41.000000 4.409219
42.000000 4.425733
43.000000 4.441023
44.000000 4.455203
45.000000 4.468372
46.000000 4.480620
47.000000 4.492029
48.000000 4.502670
49.000000 4.512609
50.000000 4.521905
51.000000 4.530610
52.000000 4.538773
53.000000 4.546437
54.000000 4.553641
55.000000 4.560422
56.000000 4.566811
57.000000 4.572839
58.000000 4.578532
59.000000 4.583915
60.000000 4.589011
61.000000 4.593840
62.000000 4.598421
63.000000 4.602772
64.000000 4.606908
65.000000 4.610844
66.000000 4.614593
67.000000 4.618168
68.000000 4.621580
69.000000 4.624839
70.000000 4.627956
71.000000 4.630939
72.000000 4.633796
73.000000 4.636535
74.000000 4.639163
75.000000 4.641687
76.000000 4.644113
77.000000 4.646446
78.000000 4.648691
79.000000 4.650854
80.000000 4.652940
81.000000 4.654951
82.000000 4.656892
83.000000 4.658768
84.000000 4.660580
85.000000 4.662333
86.000000 4.664030
87.000000 4.665672
88.000000 4.667264
89.000000 4.668806
90.000000 4.670302
91.000000 4.671754
92.000000 4.673163
93.000000 4.674532
94.000000 4.675863
95.000000 4.677156
96.000000 4.678414
97.000000 4.679637
98.000000 4.680829
99.000000 4.681988
100.000000 4.683118
101.000000 4.684219
102.000000 4.685292
103.000000 4.686338
104.000000 4.687359
105.000000 4.688355
106.000000 4.689326
107.000000 4.690275
108.000000 4.691201
109.000000 4.692106
110.000000 186.449954
111.000000 37.705035
112.000000 20.963990
113.000000 16.387058
114.000000 15.590273
115.000000 15.346130
116.000000 15.250372
117.000000 15.182841
118.000000 15.126773
119.000000 15.078453
120.000000 15.036986
121.000000 15.001565
122.000000 14.971365
123.000000 14.945606
124.000000 14.923598
125.000000 14.904756
126.000000 14.888592
127.000000 14.874702
128.000000 14.862751
129.000000 14.852459
130.000000 14.843595
131.000000 14.835964
132.000000 14.829402
133.000000 14.823769
134.000000 14.818947
135.000000 14.814836
136.000000 14.811349
137.000000 14.808411
138.000000 14.805958
139.000000 14.803934
140.000000 14.802290
141.000000 14.800984
142.000000 14.799977
143.000000 14.799238
144.000000 14.798737
145.000000 14.798448
146.000000 14.798350
147.000000 14.798421
148.000000 14.798644
149.000000 14.799003
150.000000 14.799483
151.000000 14.800071
152.000000 14.800757
153.000000 14.801529
154.000000 14.802379
155.000000 14.803298
156.000000 14.804277
157.000000 14.805312
158.000000 14.806394
159.000000 14.807518
160.000000 14.808680
161.000000 14.809875
162.000000 14.811098
163.000000 14.812345
164.000000 14.813613
165.000000 14.814899
166.000000 14.816199
167.000000 14.817511
168.000000 14.818833
169.000000 14.820161
170.000000 14.821495
171.000000 14.822832
172.000000 14.824171
173.000000 14.825509
174.000000 14.826845
175.000000 14.828179
176.000000 14.829508
177.000000 14.830832
178.000000 14.832150
179.000000 14.833460
180.000000 14.834762
181.000000 14.836055
182.000000 14.837339
183.000000 14.838612
184.000000 14.839874
185.000000 14.841124
186.000000 14.842363
187.000000 14.843589
188.000000 14.844802
189.000000 14.846002
190.000000 14.847189
191.000000 14.848362
192.000000 14.849521
193.000000 14.850665
194.000000 14.851796
195.000000 14.852911
196.000000 14.854012
197.000000 14.855098
198.000000 14.856170
199.000000 14.857226
200.000000 14.858267
201.000000 14.859293
202.000000 14.860304
203.000000 14.861300
204.000000 14.862281
205.000000 14.863247
206.000000 14.864198
207.000000 14.865134
208.000000 14.866055
209.000000 14.866961
210.000000 14.867852
211.000000 12.080601
212.000000 13.343017
213.000000 13.495023
214.000000 13.548749
215.000000 13.537317
216.000000 13.518306
217.000000 13.499744
218.000000 13.483611
219.000000 13.469590
220.000000 13.457238
221.000000 13.446219
222.000000 13.436311
223.000000 13.427359
224.000000 13.419246
225.000000 13.411877
226.000000 13.405171
227.000000 13.399057
228.000000 13.393474
229.000000 13.388366
230.000000 13.383686
231.000000 13.379388
232.000000 13.375436
233.000000 13.371794
234.000000 13.368433
235.000000 13.365327
236.000000 13.362450
237.000000 13.359782
238.000000 13.357304
239.000000 13.354999
240.000000 13.352851
241.000000 13.350848
242.000000 13.348976
243.000000 13.347226
244.000000 13.345587
245.000000 13.344050
246.000000 13.342607
247.000000 13.341251
248.000000 13.339975
249.000000 13.338773
250.000000 13.337641
251.000000 13.336571
252.000000 13.335561
253.000000 13.334606
254.000000 13.333702
255.000000 13.332845
256.000000 13.332033
257.000000 13.331262
258.000000 13.330529
259.000000 13.329833
260.000000 13.329170
261.000000 13.328539
262.000000 13.327937
263.000000 13.327363
264.000000 13.326814
265.000000 13.326290
266.000000 13.325789
267.000000 13.325309
268.000000 13.324849
269.000000 13.324409
270.000000 13.323986
271.000000 13.323580
272.000000 13.323189
273.000000 13.322814
274.000000 13.322453
275.000000 13.322105
276.000000 13.321769
277.000000 13.321445
278.000000 13.321133
279.000000 13.320831
280.000000 13.320539
281.000000 13.320257
282.000000 13.319984
283.000000 13.319719
284.000000 13.319463
285.000000 13.319214
286.000000 13.318972
287.000000 13.318738
288.000000 13.318510
289.000000 13.318288
290.000000 13.318073
291.000000 13.317863
292.000000 13.317659
293.000000 13.317460
294.000000 13.317266
295.000000 13.317077
296.000000 13.316892
297.000000 13.316712
298.000000 13.316536
299.000000 13.316364
300.000000 13.316196
301.000000 13.316032
302.000000 13.315871
303.000000 13.315714
304.000000 13.315560
305.000000 13.315409
306.000000 13.315262
307.000000 13.315117
308.000000 13.314976
309.000000 13.314837
310.000000 13.314701
311.000000 12.760211
312.000000 13.625999
313.000000 13.675098
314.000000 13.749123
315.000000 13.809448
316.000000 13.867532
317.000000 13.919244
318.000000 13.964525
319.000000 14.003923
320.000000 14.038246
321.000000 14.068251
322.000000 14.094588
323.000000 14.117797
324.000000 14.138330
325.000000 14.156562
326.000000 14.172805
327.000000 14.187324
328.000000 14.200340
329.000000 14.212043
330.000000 14.222593
331.000000 14.232127
332.000000 14.240765
333.000000 14.248609
334.000000 14.255746
335.000000 14.262255
336.000000 14.268202
337.000000 14.273646
338.000000 14.278639
339.000000 14.283226
340.000000 14.287447
341.000000 14.291339
342.000000 14.294932
343.000000 14.298254
344.000000 14.301331
345.000000 14.304184
346.000000 14.306834
347.000000 14.309299
348.000000 14.311594
349.000000 14.313735
350.000000 14.315734
351.000000 14.317602
352.000000 14.319352
353.000000 14.320991
354.000000 14.322530
355.000000 14.323975
356.000000 14.325335
357.000000 14.326615
358.000000 14.327822
359.000000 14.328961
360.000000 14.330037
361.000000 14.331055
362.000000 14.332019
363.000000 14.332933
364.000000 14.333799
365.000000 14.334623
366.000000 14.335405
367.000000 14.336150
368.000000 14.336860
369.000000 14.337536
370.000000 14.338182
371.000000 14.338799
372.000000 14.339389
373.000000 14.339953
374.000000 14.340493
375.000000 14.341011
376.000000 14.341509
377.000000 14.341986
378.000000 14.342444
379.000000 14.342885
380.000000 14.343310
381.000000 14.343719
382.000000 14.344113
383.000000 14.344492
384.000000 14.344859
385.000000 14.345213
386.000000 14.345556
387.000000 14.345886
388.000000 14.346207
389.000000 14.346517
390.000000 14.346817
391.000000 14.347108
392.000000 14.347390
393.000000 14.347664
394.000000 14.347930
395.000000 14.348188
396.000000 14.348439
397.000000 14.348683
398.000000 14.348920
399.000000 14.349151
400.000000 14.349376
401.000000 14.349594
402.000000 14.349807
403.000000 14.350015
404.000000 14.350217
405.000000 14.350415
406.000000 14.350607
407.000000 14.350795
408.000000 14.350978
409.000000 14.351157
410.000000 -94.702846
411.000000 -5.455207
412.000000 4.590094
413.000000 7.336911
414.000000 7.815626
415.000000 7.962740
416.000000 8.020810
417.000000 8.061931
418.000000 8.096160
419.000000 8.125728
420.000000 8.151173
421.000000 8.172977
422.000000 8.191637
423.000000 8.207621
424.000000 8.221344
425.000000 8.233157
426.000000 8.243352
427.000000 8.252172
428.000000 8.259820
429.000000 8.266461
430.000000 8.272237
431.000000 8.277264
432.000000 8.281641
433.000000 8.285451
434.000000 8.288766
435.000000 8.291646
436.000000 8.294143
437.000000 8.296303
438.000000 8.298164
439.000000 8.299760
440.000000 8.301120
441.000000 8.302271
442.000000 8.303234
443.000000 8.304030
444.000000 8.304676
445.000000 8.305187
446.000000 8.305579
447.000000 8.305861
448.000000 8.306047
449.000000 8.306144
450.000000 8.306163
451.000000 8.306111
452.000000 8.305994
453.000000 8.305820
454.000000 8.305594
455.000000 8.305320
456.000000 8.305005
457.000000 8.304652
458.000000 8.304264
459.000000 8.303846
460.000000 8.303401
461.000000 8.302931
462.000000 8.302439
463.000000 8.301928
464.000000 8.301400
465.000000 8.300857
466.000000 8.300300
467.000000 8.299732
468.000000 8.299154
469.000000 8.298567
470.000000 8.297973
471.000000 8.297373
472.000000 8.296768
473.000000 8.296160
474.000000 8.295548
475.000000 8.294935
476.000000 8.294320
477.000000 8.293705
478.000000 8.293090
479.000000 8.292476
480.000000 8.291864
481.000000 8.291253
482.000000 8.290646
483.000000 8.290041
484.000000 8.289439
485.000000 8.288841
486.000000 8.288247
487.000000 8.287658
488.000000 8.287073
489.000000 8.286494
490.000000 8.285919
491.000000 8.285351
492.000000 8.284787
493.000000 8.284230
494.000000 8.283678
495.000000 8.283133
496.000000 8.282594
497.000000 8.282062
498.000000 8.281536
499.000000 8.281016
500.000000 8.280503
501.000000 8.279997
502.000000 8.279498
503.000000 8.279005
504.000000 8.278520
505.000000 8.278041
506.000000 8.277569
507.000000 8.277104
508.000000 8.276646
509.000000 8.276195
510.000000 8.275751
511.000000 4.093121
512.000000 5.985021
513.000000 6.211336
514.000000 6.290258
515.000000 6.271470
516.000000 6.241343
517.000000 6.211917
518.000000 6.186161
519.000000 6.163601
520.000000 6.143571
521.000000 6.125567
522.000000 6.109256
523.000000 6.094405
524.000000 6.080838
525.000000 6.068412
526.000000 6.057006
527.000000 6.046514
528.000000 6.036842
529.000000 6.027907
530.000000 6.019636
531.000000 6.011964
532.000000 6.004833
533.000000 5.998191
534.000000 5.991993
535.000000 5.986198
536.000000 5.980770
537.000000 5.975677
538.000000 5.970890
539.000000 5.966383
540.000000 5.962133
541.000000 5.958120
542.000000 5.954325
543.000000 5.950730
544.000000 5.947323
545.000000 5.944087
546.000000 5.941011
547.000000 5.938084
548.000000 5.935296
549.000000 5.932636
550.000000 5.930097
551.000000 5.927671
552.000000 5.925350
553.000000 5.923129
554.000000 5.921000
555.000000 5.918958
556.000000 5.916999
557.000000 5.915117
558.000000 5.913307
559.000000 5.911567
560.000000 5.909892
561.000000 5.908278
562.000000 5.906723
563.000000 5.905223
564.000000 5.903775
565.000000 5.902377
566.000000 5.901027
567.000000 5.899721
568.000000 5.898458
569.000000 5.897235
570.000000 5.896052
571.000000 5.894905
572.000000 5.893794
573.000000 5.892716
574.000000 5.891671
575.000000 5.890656
576.000000 5.889671
577.000000 5.888714
578.000000 5.887785
579.000000 5.886881
580.000000 5.886002
581.000000 5.885147
582.000000 5.884315
583.000000 5.883505
584.000000 5.882717
585.000000 5.881949
586.000000 5.881200
587.000000 5.880471
588.000000 5.879760
589.000000 5.879066
590.000000 5.878390
591.000000 5.877730
592.000000 5.877086
593.000000 5.876458
594.000000 5.875844
595.000000 5.875245
596.000000 5.874659
597.000000 5.874087
598.000000 5.873529
599.000000 5.872983
600.000000 5.872449
601.000000 5.871927
602.000000 5.871417
603.000000 5.870918
604.000000 5.870430
605.000000 5.869952
606.000000 5.869485
607.000000 5.869028
608.000000 5.868581
609.000000 5.868143
610.000000 5.867715
611.000000 8.639078
612.000000 4.309075
613.000000 4.062539
614.000000 3.691387
615.000000 3.388761
616.000000 3.097357
617.000000 2.837834
618.000000 2.610483
619.000000 2.412563
620.000000 2.240035
621.000000 2.089116
622.000000 1.956559
623.000000 1.839652
624.000000 1.736142
625.000000 1.644155
626.000000 1.562123
627.000000 1.488731
628.000000 1.422865
629.000000 1.363582
630.000000 1.310077
631.000000 1.261662
632.000000 1.217744
633.000000 1.177811
634.000000 1.141422
635.000000 1.108189
636.000000 1.077778
637.000000 1.049893
638.000000 1.024276
639.000000 1.000699
640.000000 0.978963
641.000000 0.958888
642.000000 0.940317
643.000000 0.923110
644.000000 0.907141
645.000000 0.892300
646.000000 0.878485
647.000000 0.865608
648.000000 0.853587
649.000000 0.842351
650.000000 0.831833
651.000000 0.821976
652.000000 0.812724
653.000000 0.804031
654.000000 0.795851
655.000000 0.788147
656.000000 0.780880
657.000000 0.774018
658.000000 0.767532
659.000000 0.761393
660.000000 0.755576
661.000000 0.750059
662.000000 0.744821
663.000000 0.739841
664.000000 0.735104
665.000000 0.730591
666.000000 0.726289
667.000000 0.722183
668.000000 0.718261
669.000000 0.714511
670.000000 0.710922
671.000000 0.707485
672.000000 0.704189
673.000000 0.701028
674.000000 0.697992
675.000000 0.695074
676.000000 0.692267
677.000000 0.689566
678.000000 0.686965
679.000000 0.684457
680.000000 0.682038
681.000000 0.679703
682.000000 0.677448
683.000000 0.675268
684.000000 0.673160
685.000000 0.671120
686.000000 0.669145
687.000000 0.667232
688.000000 0.665377
689.000000 0.663578
690.000000 0.661833
691.000000 0.660139
692.000000 0.658494
693.000000 0.656895
694.000000 0.655341
695.000000 0.653829
696.000000 0.652359
697.000000 0.650928
698.000000 0.649534
699.000000 0.648177
700.000000 0.646855
701.000000 0.645566
702.000000 0.644310
703.000000 0.643085
704.000000 0.641889
705.000000 0.640723
706.000000 0.639584
707.000000 0.638473
708.000000 0.637387
709.000000 0.636327
710.000000 73.338077
711.000000 13.838752
712.000000 7.141007
713.000000 5.308937
714.000000 4.988954
715.000000 4.890057
716.000000 4.850540
717.000000 4.822341
718.000000 4.798753
719.000000 4.778289
720.000000 4.760590
721.000000 4.745333
722.000000 4.732188
723.000000 4.720841
724.000000 4.711016
725.000000 4.702479
726.000000 4.695034
727.000000 4.688519
728.000000 4.682799
729.000000 4.677762
730.000000 4.673315
731.000000 4.669379
732.000000 4.665888
733.000000 4.662787
734.000000 4.660027
735.000000 4.657569
736.000000 4.655376
737.000000 4.653419
738.000000 4.651671
739.000000 4.650110
740.000000 4.648716
741.000000 4.647472
742.000000 4.646362
743.000000 4.645373
744.000000 4.644492
745.000000 4.643711
746.000000 4.643018
747.000000 4.642406
748.000000 4.641868
749.000000 4.641396
750.000000 4.640985
751.000000 4.640629
752.000000 4.640324
753.000000 4.640065
754.000000 4.639848
755.000000 4.639669
756.000000 4.639526
757.000000 4.639415
758.000000 4.639334
759.000000 4.639280
760.000000 4.639250
761.000000 4.639244
762.000000 4.639258
763.000000 4.639291
764.000000 4.639342
765.000000 4.639410
766.000000 4.639491
767.000000 4.639587
768.000000 4.639694
769.000000 4.639813
770.000000 4.639943
771.000000 4.640081
772.000000 4.640228
773.000000 4.640383
774.000000 4.640544
775.000000 4.640712
776.000000 4.640886
777.000000 4.641065
778.000000 4.641248
779.000000 4.641435
780.000000 4.641625
781.000000 4.641819
782.000000 4.642016
783.000000 4.642214
784.000000 4.642415
785.000000 4.642617
786.000000 4.642820
787.000000 4.643025
788.000000 4.643230
789.000000 4.643436
790.000000 4.643641
791.000000 4.643847
792.000000 4.644053
793.000000 4.644258
794.000000 4.644463
795.000000 4.644667
796.000000 4.644870
797.000000 4.645072
798.000000 4.645273
799.000000 4.645472
800.000000 4.645670
801.000000 4.645867
802.000000 4.646062
803.000000 4.646256
804.000000 4.646447
805.000000 4.646637
806.000000 4.646825
807.000000 4.647011
808.000000 4.647195
809.000000 4.647377
810.000000 4.647557
811.000000 11.618056
812.000000 8.464347
813.000000 8.086623
814.000000 7.954564
815.000000 7.985362
816.000000 8.035068
817.000000 8.083615
818.000000 8.126053
819.000000 8.163175
820.000000 8.196088
821.000000 8.225632
822.000000 8.252364
823.000000 8.276670
824.000000 8.298845
825.000000 8.319125
826.000000 8.337714
827.000000 8.354787
828.000000 8.370502
829.000000 8.384995
830.000000 8.398389
831.000000 8.410794
832.000000 8.422304
833.000000 8.433005
834.000000 8.442974
835.000000 8.452279
836.000000 8.460978
837.000000 8.469127
838.000000 8.476772
839.000000 8.483956
840.000000 8.490719
841.000000 8.497093
842.000000 8.503111
843.000000 8.508799
844.000000 8.514183
845.000000 8.519286
846.000000 8.524129
847.000000 8.528729
848.000000 8.533104
849.000000 8.537270
850.000000 8.541241
851.000000 8.545028
852.000000 8.548646
853.000000 8.552103
854.000000 8.555411
855.000000 8.558579
856.000000 8.561614
857.000000 8.564525
858.000000 8.567320
859.000000 8.570004
860.000000 8.572584
861.000000 8.575067
862.000000 8.577456
863.000000 8.579758
864.000000 8.581977
865.000000 8.584117
866.000000 8.586182
867.000000 8.588176
868.000000 8.590103
869.000000 8.591966
870.000000 8.593769
871.000000 8.595513
872.000000 8.597202
873.000000 8.598838
874.000000 8.600424
875.000000 8.601962
876.000000 8.603455
877.000000 8.604903
878.000000 8.606310
879.000000 8.607676
880.000000 8.609004
881.000000 8.610295
882.000000 8.611550
883.000000 8.612772
884.000000 8.613961
885.000000 8.615119
886.000000 8.616246
887.000000 8.617345
888.000000 8.618416
889.000000 8.619459
890.000000 8.620477
891.000000 8.621470
892.000000 8.622439
893.000000 8.623384
894.000000 8.624307
895.000000 8.625208
896.000000 8.626088
897.000000 8.626947
898.000000 8.627787
899.000000 8.628608
900.000000 8.629410
