1.000000 0.000000
2.000000 0.000000
3.000000 0.000000
4.000000 0.000000
5.000000 0.000000
6.000000 0.000000
7.000000 0.000000
8.000000 0.000000
9.000000 0.000000
10.000000 -13.015281
11.000000 -14.185460
12.000000 -8.476900
13.000000 -7.736154
14.000000 -9.637805
15.000000 -9.790961
16.000000 -9.022749
17.000000 -9.032820
18.000000 -9.531099
19.000000 -9.824605
20.000000 -9.961225
21.000000 -10.169137
22.000000 -10.411342
23.000000 -10.586030
24.000000 -10.699457
25.000000 -10.792295
26.000000 -10.869324
27.000000 -10.923039
28.000000 -10.959252
29.000000 -10.987804
30.000000 -11.012103
31.000000 -11.032272
32.000000 -11.049392
33.000000 -11.064748
34.000000 -11.078545
35.000000 -11.090459
36.000000 -11.100383
37.000000 -11.108389
38.000000 -11.114534
39.000000 -11.118900
40.000000 -11.121664
41.000000 -11.123060
42.000000 -11.123320
43.000000 -11.122659
44.000000 -11.121276
45.000000 -11.119340
46.000000 -11.116989
47.000000 -11.114332
48.000000 -11.111452
49.000000 -11.108413
50.000000 -11.105267
51.000000 -11.102050
52.000000 -11.098797
53.000000 -11.095533
54.000000 -11.092282
55.000000 -11.089064
56.000000 -11.085896
57.000000 -11.082796
58.000000 -11.079775
59.000000 -11.076845
60.000000 -11.074016
61.000000 -11.071293
62.000000 -11.068683
63.000000 -11.066188
64.000000 -11.063812
65.000000 -11.061555
66.000000 -11.059418
67.000000 -11.057400
68.000000 -11.055500
69.000000 -11.053716
70.000000 -11.052046
71.000000 -11.050488
72.000000 -11.049040
73.000000 -11.047697
74.000000 -11.046458
75.000000 -11.045320
76.000000 -11.044278
77.000000 -11.043330
78.000000 -11.042472
79.000000 -11.041701
80.000000 -11.041014
81.000000 -11.040407
82.000000 -11.039877
83.000000 -11.039421
84.000000 -11.039036
85.000000 -11.038717
86.000000 -11.038463
87.000000 -11.038271
88.000000 -11.038136
89.000000 -11.038057
90.000000 -11.038031
91.000000 -11.038054
92.000000 -11.038125
93.000000 -11.038241
94.000000 -11.038399
95.000000 -11.038597
96.000000 -11.038832
97.000000 -11.039104
98.000000 -11.039408
99.000000 -11.039744
100.000000 -11.040109
101.000000 -11.040502
102.000000 -11.040921
103.000000 -11.041363
104.000000 -11.041828
105.000000 -11.042313
106.000000 -11.042818
107.000000 -11.043340
108.000000 -11.043879
109.000000 -11.044432
110.000000 -11.044999
111.000000 -6.720537
112.000000 -10.674796
113.000000 -11.547870
114.000000 -10.543829
115.000000 -10.292812
116.000000 -10.727519
117.000000 -10.796893
118.000000 -10.539556
119.000000 -10.381303
120.000000 -10.344049
121.000000 -10.283373
122.000000 -10.196023
123.000000 -10.139716
124.000000 -10.116182
125.000000 -10.100047
126.000000 -10.085459
127.000000 -10.077488
128.000000 -10.074828
129.000000 -10.072815
130.000000 -10.070069
131.000000 -10.067387
132.000000 -10.064976
133.000000 -10.062573
134.000000 -10.060310
135.000000 -10.058555
136.000000 -10.057496
137.000000 -10.057144
138.000000 -10.057488
139.000000 -10.058503
140.000000 -10.060117
141.000000 -10.062232
142.000000 -10.064750
143.000000 -10.067593
144.000000 -10.070692
145.000000 -10.073989
146.000000 -10.077444
147.000000 -10.081025
148.000000 -10.084710
149.000000 -10.088484
150.000000 -10.092331
151.000000 -10.096242
152.000000 -10.100205
153.000000 -10.104211
154.000000 -10.108251
155.000000 -10.112314
156.000000 -10.116393
157.000000 -10.120478
158.000000 -10.124563
159.000000 -10.128640
160.000000 -10.132704
161.000000 -10.136750
162.000000 -10.140773
163.000000 -10.144768
164.000000 -10.148734
165.000000 -10.152666
166.000000 -10.156562
167.000000 -10.160420
168.000000 -10.164237
169.000000 -10.168013
170.000000 -10.171746
171.000000 -10.175433
172.000000 -10.179075
173.000000 -10.182670
174.000000 -10.186217
175.000000 -10.189716
176.000000 -10.193165
177.000000 -10.196565
178.000000 -10.199916
179.000000 -10.203216
180.000000 -10.206465
181.000000 -10.209665
182.000000 -10.212813
183.000000 -10.215912
184.000000 -10.218960
185.000000 -10.221958
186.000000 -10.224906
187.000000 -10.227804
188.000000 -10.230653
189.000000 -10.233453
190.000000 -10.236204
191.000000 -10.238907
192.000000 -10.241561
193.000000 -10.244169
194.000000 -10.246729
195.000000 -10.249242
196.000000 -10.251710
197.000000 -10.254132
198.000000 -10.256508
199.000000 -10.258841
200.000000 -10.261129
201.000000 -10.263374
202.000000 -10.265576
203.000000 -10.267736
204.000000 -10.269855
205.000000 -10.271932
206.000000 -10.273968
207.000000 -10.275965
208.000000 -10.277922
209.000000 -10.279841
210.000000 -10.281722
211.000000 -5.022945
212.000000 -6.060397
213.000000 -7.883698
214.000000 -7.503690
215.000000 -6.863534
216.000000 -7.088658
217.000000 -7.434722
218.000000 -7.431852
219.000000 -7.340922
220.000000 -7.348908
221.000000 -7.369006
222.000000 -7.336582
223.000000 -7.290995
224.000000 -7.264436
225.000000 -7.247327
226.000000 -7.229555
227.000000 -7.215160
228.000000 -7.207634
229.000000 -7.204444
230.000000 -7.202859
231.000000 -7.202473
232.000000 -7.203235
233.000000 -7.204503
234.000000 -7.205758
235.000000 -7.206942
236.000000 -7.208130
237.000000 -7.209334
238.000000 -7.210568
239.000000 -7.211884
240.000000 -7.213328
241.000000 -7.214909
242.000000 -7.216616
243.000000 -7.218433
244.000000 -7.220335
245.000000 -7.222295
246.000000 -7.224285
247.000000 -7.226281
248.000000 -7.228264
249.000000 -7.230219
250.000000 -7.232136
251.000000 -7.234008
252.000000 -7.235830
253.000000 -7.237599
254.000000 -7.239315
255.000000 -7.240976
256.000000 -7.242582
257.000000 -7.244132
258.000000 -7.245627
259.000000 -7.247066
260.000000 -7.248449
261.000000 -7.249777
262.000000 -7.251050
263.000000 -7.252270
264.000000 -7.253436
265.000000 -7.254549
266.000000 -7.255612
267.000000 -7.256624
268.000000 -7.257588
269.000000 -7.258504
270.000000 -7.259375
271.000000 -7.260202
272.000000 -7.260985
273.000000 -7.261727
274.000000 -7.262429
275.000000 -7.263092
276.000000 -7.263719
277.000000 -7.264309
278.000000 -7.264865
279.000000 -7.265387
280.000000 -7.265878
281.000000 -7.266338
282.000000 -7.266769
283.000000 -7.267172
284.000000 -7.267548
285.000000 -7.267898
286.000000 -7.268224
287.000000 -7.268525
288.000000 -7.268805
289.000000 -7.269062
290.000000 -7.269299
291.000000 -7.269517
292.000000 -7.269715
293.000000 -7.269896
294.000000 -7.270060
295.000000 -7.270207
296.000000 -7.270339
297.000000 -7.270456
298.000000 -7.270560
299.000000 -7.270650
300.000000 -7.270727
301.000000 -7.270793
302.000000 -7.270847
303.000000 -7.270891
304.000000 -7.270924
305.000000 -7.270948
306.000000 -7.270963
307.000000 -7.270969
308.000000 -7.270967
309.000000 -7.270957
310.000000 -10.163225
311.000000 -10.423241
312.000000 -9.154643
313.000000 -8.989996
314.000000 -9.412544
315.000000 -9.446532
316.000000 -9.275766
317.000000 -9.277948
318.000000 -9.388617
319.000000 -9.453776
320.000000 -9.484067
321.000000 -9.530198
322.000000 -9.583947
323.000000 -9.622689
324.000000 -9.647815
325.000000 -9.668362
326.000000 -9.685395
327.000000 -9.697245
328.000000 -9.705203
329.000000 -9.711457
330.000000 -9.716765
331.000000 -9.721153
332.000000 -9.724863
333.000000 -9.728180
334.000000 -9.731150
335.000000 -9.733700
336.000000 -9.735807
337.000000 -9.737488
338.000000 -9.738755
339.000000 -9.739626
340.000000 -9.740141
341.000000 -9.740352
342.000000 -9.740310
343.000000 -9.740064
344.000000 -9.739658
345.000000 -9.739128
346.000000 -9.738508
347.000000 -9.737819
348.000000 -9.737081
349.000000 -9.736309
350.000000 -9.735513
351.000000 -9.734702
352.000000 -9.733884
353.000000 -9.733063
354.000000 -9.732247
355.000000 -9.731439
356.000000 -9.730642
357.000000 -9.729862
358.000000 -9.729100
359.000000 -9.728359
360.000000 -9.727641
361.000000 -9.726948
362.000000 -9.726281
363.000000 -9.725641
364.000000 -9.725028
365.000000 -9.724442
366.000000 -9.723884
367.000000 -9.723354
368.000000 -9.722851
369.000000 -9.722374
370.000000 -9.721924
371.000000 -9.721500
372.000000 -9.721102
373.000000 -9.720728
374.000000 -9.720378
375.000000 -9.720052
376.000000 -9.719748
377.000000 -9.719466
378.000000 -9.719205
379.000000 -9.718965
380.000000 -9.718744
381.000000 -9.718542
382.000000 -9.718358
383.000000 -9.718192
384.000000 -9.718042
385.000000 -9.717909
386.000000 -9.717791
387.000000 -9.717687
388.000000 -9.717597
389.000000 -9.717521
390.000000 -9.717458
391.000000 -9.717406
392.000000 -9.717366
393.000000 -9.717337
394.000000 -9.717318
395.000000 -9.717309
396.000000 -9.717310
397.000000 -9.717319
398.000000 -9.717337
399.000000 -9.717362
400.000000 -9.717395
401.000000 -9.717435
402.000000 -9.717481
403.000000 -9.717534
404.000000 -9.717593
405.000000 -9.717656
406.000000 -9.717725
407.000000 -9.717799
408.000000 -9.717877
409.000000 -9.717960
410.000000 -9.718046
411.000000 -12.313160
412.000000 -9.941053
413.000000 -9.417665
414.000000 -10.020555
415.000000 -10.171637
416.000000 -9.911292
417.000000 -9.870152
418.000000 -10.025044
419.000000 -10.120490
420.000000 -10.143341
421.000000 -10.180248
422.000000 -10.233161
423.000000 -10.267451
424.000000 -10.282079
425.000000 -10.292268
426.000000 -10.301530
427.000000 -10.306821
428.000000 -10.308925
429.000000 -10.310641
430.000000 -10.312795
431.000000 -10.314909
432.000000 -10.316859
433.000000 -10.318802
434.000000 -10.320658
435.000000 -10.322207
436.000000 -10.323336
437.000000 -10.324036
438.000000 -10.324316
439.000000 -10.324190
440.000000 -10.323700
441.000000 -10.322906
442.000000 -10.321866
443.000000 -10.320626
444.000000 -10.319229
445.000000 -10.317708
446.000000 -10.316088
447.000000 -10.314387
448.000000 -10.312618
449.000000 -10.310792
450.000000 -10.308916
451.000000 -10.306997
452.000000 -10.305042
453.000000 -10.303055
454.000000 -10.301043
455.000000 -10.299012
456.000000 -10.296966
457.000000 -10.294910
458.000000 -10.292849
459.000000 -10.290788
460.000000 -10.288729
461.000000 -10.286675
462.000000 -10.284630
463.000000 -10.282595
464.000000 -10.280574
465.000000 -10.278567
466.000000 -10.276576
467.000000 -10.274602
468.000000 -10.272648
469.000000 -10.270713
470.000000 -10.268799
471.000000 -10.266906
472.000000 -10.265036
473.000000 -10.263189
474.000000 -10.261365
475.000000 -10.259565
476.000000 -10.257790
477.000000 -10.256039
478.000000 -10.254313
479.000000 -10.252613
480.000000 -10.250938
481.000000 -10.249288
482.000000 -10.247663
483.000000 -10.246065
484.000000 -10.244491
485.000000 -10.242944
486.000000 -10.241421
487.000000 -10.239924
488.000000 -10.238453
489.000000 -10.237006
490.000000 -10.235584
491.000000 -10.234187
492.000000 -10.232815
493.000000 -10.231467
494.000000 -10.230143
495.000000 -10.228843
496.000000 -10.227566
497.000000 -10.226314
498.000000 -10.225084
499.000000 -10.223877
500.000000 -10.222693
501.000000 -10.221531
502.000000 -10.220391
503.000000 -10.219274
504.000000 -10.218177
505.000000 -10.217102
506.000000 -10.216048
507.000000 -10.215014
508.000000 -10.214001
509.000000 -10.213007
510.000000 -10.212034
511.000000 -2.320150
512.000000 -3.872683
513.000000 -6.604064
514.000000 -6.030554
515.000000 -5.066893
516.000000 -5.401220
517.000000 -5.917027
518.000000 -5.909500
519.000000 -5.769949
520.000000 -5.778838
521.000000 -5.805958
522.000000 -5.754359
523.000000 -5.683075
524.000000 -5.640396
525.000000 -5.611951
526.000000 -5.582569
527.000000 -5.558310
528.000000 -5.544412
529.000000 -5.537074
530.000000 -5.532196
531.000000 -5.529170
532.000000 -5.527918
533.000000 -5.527476
534.000000 -5.527066
535.000000 -5.526597
536.000000 -5.526183
537.000000 -5.525842
538.000000 -5.525591
539.000000 -5.525508
540.000000 -5.525662
541.000000 -5.526065
542.000000 -5.526701
543.000000 -5.527543
544.000000 -5.528554
545.000000 -5.529693
546.000000 -5.530915
547.000000 -5.532185
548.000000 -5.533473
549.000000 -5.534758
550.000000 -5.536021
551.000000 -5.537251
552.000000 -5.538442
553.000000 -5.539589
554.000000 -5.540688
555.000000 -5.541738
556.000000 -5.542737
557.000000 -5.543684
558.000000 -5.544578
559.000000 -5.545419
560.000000 -5.546206
561.000000 -5.546938
562.000000 -5.547617
563.000000 -5.548242
564.000000 -5.548815
565.000000 -5.549335
566.000000 -5.549804
567.000000 -5.550223
568.000000 -5.550595
569.000000 -5.550919
570.000000 -5.551199
571.000000 -5.551435
572.000000 -5.551630
573.000000 -5.551784
574.000000 -5.551900
575.000000 -5.551979
576.000000 -5.552024
577.000000 -5.552034
578.000000 -5.552013
579.000000 -5.551962
580.000000 -5.551881
581.000000 -5.551774
582.000000 -5.551640
583.000000 -5.551483
584.000000 -5.551302
585.000000 -5.551099
586.000000 -5.550876
587.000000 -5.550633
588.000000 -5.550373
589.000000 -5.550096
590.000000 -5.549803
591.000000 -5.549495
592.000000 -5.549174
593.000000 -5.548840
594.000000 -5.548494
595.000000 -5.548138
596.000000 -5.547772
597.000000 -5.547396
598.000000 -5.547012
599.000000 -5.546621
600.000000 -5.546223
601.000000 -5.545819
602.000000 -5.545409
603.000000 -5.544995
604.000000 -5.544576
605.000000 -5.544153
606.000000 -5.543728
607.000000 -5.543300
608.000000 -5.542870
609.000000 -5.542438
610.000000 8.919418
611.000000 10.220051
612.000000 3.877641
613.000000 3.055023
614.000000 5.168403
615.000000 5.339009
616.000000 4.485872
617.000000 4.497493
618.000000 5.051566
619.000000 5.378111
620.000000 5.530335
621.000000 5.761771
622.000000 6.031308
623.000000 6.225824
624.000000 6.352269
625.000000 6.455833
626.000000 6.541829
627.000000 6.601918
628.000000 6.642556
629.000000 6.674678
630.000000 6.702071
631.000000 6.724870
632.000000 6.744278
633.000000 6.761723
634.000000 6.777430
635.000000 6.791041
636.000000 6.802437
637.000000 6.811697
638.000000 6.818885
639.000000 6.824092
640.000000 6.827515
641.000000 6.829412
642.000000 6.830043
643.000000 6.829647
644.000000 6.828442
645.000000 6.826619
646.000000 6.824331
647.000000 6.821698
648.000000 6.818812
649.000000 6.815746
650.000000 6.812554
651.000000 6.809282
652.000000 6.805962
653.000000 6.802627
654.000000 6.799301
655.000000 6.796008
656.000000 6.792767
657.000000 6.789595
658.000000 6.786507
659.000000 6.783516
660.000000 6.780632
661.000000 6.777862
662.000000 6.775213
663.000000 6.772689
664.000000 6.770291
665.000000 6.768023
666.000000 6.765883
667.000000 6.763871
668.000000 6.761986
669.000000 6.760226
670.000000 6.758589
671.000000 6.757073
672.000000 6.755674
673.000000 6.754389
674.000000 6.753215
675.000000 6.752149
676.000000 6.751187
677.000000 6.750326
678.000000 6.749561
679.000000 6.748889
680.000000 6.748307
681.000000 6.747811
682.000000 6.747397
683.000000 6.747061
684.000000 6.746800
685.000000 6.746611
686.000000 6.746491
687.000000 6.746435
688.000000 6.746441
689.000000 6.746505
690.000000 6.746625
691.000000 6.746797
692.000000 6.747020
693.000000 6.747289
694.000000 6.747602
695.000000 6.747957
696.000000 6.748351
697.000000 6.748782
698.000000 6.749248
699.000000 6.749745
700.000000 6.750273
701.000000 6.750829
702.000000 6.751411
703.000000 6.752017
704.000000 6.752646
705.000000 6.753296
706.000000 6.753964
707.000000 6.754650
708.000000 6.755351
709.000000 6.756068
710.000000 6.756797
711.000000 8.487555
712.000000 6.906840
713.000000 6.558612
714.000000 6.961241
715.000000 7.062672
716.000000 6.889822
717.000000 6.863112
718.000000 6.967094
719.000000 7.031447
720.000000 7.047404
721.000000 7.072733
722.000000 7.108734
723.000000 7.132318
724.000000 7.142793
725.000000 7.150307
726.000000 7.157201
727.000000 7.161445
728.000000 7.163562
729.000000 7.165417
730.000000 7.167560
731.000000 7.169672
732.000000 7.171670
733.000000 7.173658
734.000000 7.175584
735.000000 7.177300
736.000000 7.178729
737.000000 7.179867
738.000000 7.180719
739.000000 7.181294
740.000000 7.181620
741.000000 7.181736
742.000000 7.181682
743.000000 7.181487
744.000000 7.181181
745.000000 7.180784
746.000000 7.180314
747.000000 7.179783
748.000000 7.179200
749.000000 7.178570
750.000000 7.177900
751.000000 7.177194
752.000000 7.176455
753.000000 7.175688
754.000000 7.174896
755.000000 7.174084
756.000000 7.173254
757.000000 7.172410
758.000000 7.171555
759.000000 7.170691
760.000000 7.169822
761.000000 7.168948
762.000000 7.168073
763.000000 7.167197
764.000000 7.166322
765.000000 7.165449
766.000000 7.164579
767.000000 7.163714
768.000000 7.162853
769.000000 7.161999
770.000000 7.161151
771.000000 7.160310
772.000000 7.159477
773.000000 7.158652
774.000000 7.157836
775.000000 7.157029
776.000000 7.156232
777.000000 7.155444
778.000000 7.154665
779.000000 7.153898
780.000000 7.153140
781.000000 7.152393
782.000000 7.151656
783.000000 7.150930
784.000000 7.150215
785.000000 7.149511
786.000000 7.148818
787.000000 7.148135
788.000000 7.147463
789.000000 7.146803
790.000000 7.146153
791.000000 7.145514
792.000000 7.144886
793.000000 7.144268
794.000000 7.143661
795.000000 7.143065
796.000000 7.142480
797.000000 7.141905
798.000000 7.141340
799.000000 7.140785
800.000000 7.140241
801.000000 7.139707
802.000000 7.139182
803.000000 7.138668
804.000000 7.138163
805.000000 7.137668
806.000000 7.137182
807.000000 7.136706
808.000000 7.136239
809.000000 7.135781
810.000000 7.135332
811.000000 -6.016658
812.000000 -3.427974
813.000000 1.125432
814.000000 0.170662
815.000000 -1.434379
816.000000 -0.876128
817.000000 -0.015432
818.000000 -0.026981
819.000000 -0.258591
820.000000 -0.242820
821.000000 -0.196685
822.000000 -0.281766
823.000000 -0.399676
824.000000 -0.469929
825.000000 -0.516478
826.000000 -0.564605
827.000000 -0.604212
828.000000 -0.626570
829.000000 -0.638011
830.000000 -0.645367
831.000000 -0.649654
832.000000 -0.651000
833.000000 -0.651012
834.000000 -0.650988
835.000000 -0.651075
836.000000 -0.651086
837.000000 -0.650992
838.000000 -0.650760
839.000000 -0.650261
840.000000 -0.649383
841.000000 -0.648103
842.000000 -0.646448
843.000000 -0.644463
844.000000 -0.642208
845.000000 -0.639754
846.000000 -0.637172
847.000000 -0.634522
848.000000 -0.631854
849.000000 -0.629204
850.000000 -0.626601
851.000000 -0.624062
852.000000 -0.621601
853.000000 -0.619224
854.000000 -0.616936
855.000000 -0.614741
856.000000 -0.612640
857.000000 -0.610636
858.000000 -0.608729
859.000000 -0.606920
860.000000 -0.605210
861.000000 -0.603599
862.000000 -0.602088
863.000000 -0.600674
864.000000 -0.599356
865.000000 -0.598134
866.000000 -0.597004
867.000000 -0.595965
868.000000 -0.595014
869.000000 -0.594148
870.000000 -0.593365
871.000000 -0.592661
872.000000 -0.592034
873.000000 -0.591480
874.000000 -0.590997
875.000000 -0.590582
876.000000 -0.590231
877.000000 -0.589943
878.000000 -0.589714
879.000000 -0.589541
880.000000 -0.589423
881.000000 -0.589355
882.000000 -0.589336
883.000000 -0.589364
884.000000 -0.589435
885.000000 -0.589548
886.000000 -0.589700
887.000000 -0.589889
888.000000 -0.590113
889.000000 -0.590370
890.000000 -0.590657
891.000000 -0.590974
892.000000 -0.591318
893.000000 -0.591687
894.000000 -0.592081
895.000000 -0.592496
896.000000 -0.592932
897.000000 -0.593387
898.000000 -0.593860
899.000000 -0.594350
900.000000 -0.594854
