1.000000 0.000000
2.000000 0.000000
3.000000 0.000000
4.000000 0.000000
5.000000 0.000000
6.000000 0.000000
7.000000 0.000000
8.000000 0.000000
9.000000 0.000000
10.000000 0.000000
11.000000 -0.287897
12.000000 6.061595
13.000000 8.667738
14.000000 7.980610
15.000000 8.002565
16.000000 8.802689
17.000000 9.013744
18.000000 8.709258
19.000000 8.520293
20.000000 8.513825
21.000000 8.497572
22.000000 8.459887
23.000000 8.474438
24.000000 8.538313
25.000000 8.609713
26.000000 8.674679
27.000000 8.737215
28.000000 8.794775
29.000000 8.841346
30.000000 8.876240
31.000000 8.902322
32.000000 8.921775
33.000000 8.935918
34.000000 8.946291
35.000000 8.954436
36.000000 8.961337
37.000000 8.967478
38.000000 8.973120
39.000000 8.978394
40.000000 8.983301
41.000000 8.987779
42.000000 8.991765
43.000000 8.995230
44.000000 8.998169
45.000000 9.000602
46.000000 9.002571
47.000000 9.004135
48.000000 9.005355
49.000000 9.006289
50.000000 9.006992
51.000000 9.007508
52.000000 9.007875
53.000000 9.008121
54.000000 9.008267
55.000000 9.008332
56.000000 9.008327
57.000000 9.008263
58.000000 9.008149
59.000000 9.007991
60.000000 9.007797
61.000000 9.007573
62.000000 9.007325
63.000000 9.007057
64.000000 9.006774
65.000000 9.006481
66.000000 9.006180
67.000000 9.005875
68.000000 9.005569
69.000000 9.005263
70.000000 9.004959
71.000000 9.004659
72.000000 9.004364
73.000000 9.004074
74.000000 9.003791
75.000000 9.003515
76.000000 9.003247
77.000000 9.002986
78.000000 9.002734
79.000000 9.002490
80.000000 9.002255
81.000000 9.002028
82.000000 9.001810
83.000000 9.001600
84.000000 9.001400
85.000000 9.001207
86.000000 9.001023
87.000000 9.000847
88.000000 9.000679
89.000000 9.000519
90.000000 9.000367
91.000000 9.000222
92.000000 9.000084
93.000000 8.999953
94.000000 8.999829
95.000000 8.999712
96.000000 8.999601
97.000000 8.999496
98.000000 8.999397
99.000000 8.999304
100.000000 8.999217
101.000000 8.999135
102.000000 8.999058
103.000000 8.998986
104.000000 8.998918
105.000000 8.998855
106.000000 8.998797
107.000000 8.998742
108.000000 8.998692
109.000000 8.998645
110.000000 8.998603
111.000000 11.989308
112.000000 9.082108
113.000000 7.854474
114.000000 8.598105
115.000000 9.032223
116.000000 8.813001
117.000000 8.769186
118.000000 8.999233
119.000000 9.156516
120.000000 9.173370
121.000000 9.172868
122.000000 9.187349
123.000000 9.179629
124.000000 9.146694
125.000000 9.112150
126.000000 9.085358
127.000000 9.062697
128.000000 9.043226
129.000000 9.029128
130.000000 9.020387
131.000000 9.015027
132.000000 9.011601
133.000000 9.009479
134.000000 9.008092
135.000000 9.006873
136.000000 9.005532
137.000000 9.004031
138.000000 9.002414
139.000000 9.000738
140.000000 8.999078
141.000000 8.997517
142.000000 8.996110
143.000000 8.994884
144.000000 8.993843
145.000000 8.992979
146.000000 8.992272
147.000000 8.991698
148.000000 8.991231
149.000000 8.990849
150.000000 8.990535
151.000000 8.990274
152.000000 8.990057
153.000000 8.989877
154.000000 8.989730
155.000000 8.989612
156.000000 8.989520
157.000000 8.989454
158.000000 8.989411
159.000000 8.989389
160.000000 8.989386
161.000000 8.989401
162.000000 8.989432
163.000000 8.989476
164.000000 8.989533
165.000000 8.989600
166.000000 8.989676
167.000000 8.989760
168.000000 8.989852
169.000000 8.989949
170.000000 8.990052
171.000000 8.990160
172.000000 8.990272
173.000000 8.990388
174.000000 8.990507
175.000000 8.990628
176.000000 8.990752
177.000000 8.990878
178.000000 8.991005
179.000000 8.991133
180.000000 8.991263
181.000000 8.991393
182.000000 8.991524
183.000000 8.991655
184.000000 8.991786
185.000000 8.991917
186.000000 8.992048
187.000000 8.992179
188.000000 8.992309
189.000000 8.992438
190.000000 8.992567
191.000000 8.992695
192.000000 8.992822
193.000000 8.992948
194.000000 8.993073
195.000000 8.993196
196.000000 8.993319
197.000000 8.993440
198.000000 8.993561
199.000000 8.993679
200.000000 8.993797
201.000000 8.993913
202.000000 8.994027
203.000000 8.994141
204.000000 8.994252
205.000000 8.994362
206.000000 8.994471
207.000000 8.994578
208.000000 8.994684
209.000000 8.994788
210.000000 8.994891
211.000000 12.632683
212.000000 11.705946
213.000000 9.536005
214.000000 9.207272
215.000000 9.526913
216.000000 9.297792
217.000000 8.932106
218.000000 8.876344
219.000000 8.960447
220.000000 8.982827
221.000000 8.978116
222.000000 9.005361
223.000000 9.041107
224.000000 9.055981
225.000000 9.056055
226.000000 9.053503
227.000000 9.048748
228.000000 9.040047
229.000000 9.029836
230.000000 9.020909
231.000000 9.013786
232.000000 9.008129
233.000000 9.003927
234.000000 9.001148
235.000000 8.999449
236.000000 8.998422
237.000000 8.997795
238.000000 8.997396
239.000000 8.997093
240.000000 8.996803
241.000000 8.996497
242.000000 8.996181
243.000000 8.995872
244.000000 8.995586
245.000000 8.995342
246.000000 8.995150
247.000000 8.995015
248.000000 8.994937
249.000000 8.994911
250.000000 8.994929
251.000000 8.994982
252.000000 8.995063
253.000000 8.995165
254.000000 8.995281
255.000000 8.995407
256.000000 8.995540
257.000000 8.995678
258.000000 8.995818
259.000000 8.995961
260.000000 8.996104
261.000000 8.996248
262.000000 8.996392
263.000000 8.996535
264.000000 8.996677
265.000000 8.996817
266.000000 8.996955
267.000000 8.997090
268.000000 8.997223
269.000000 8.997353
270.000000 8.997479
271.000000 8.997602
272.000000 8.997721
273.000000 8.997837
274.000000 8.997949
275.000000 8.998057
276.000000 8.998161
277.000000 8.998262
278.000000 8.998359
279.000000 8.998453
280.000000 8.998543
281.000000 8.998629
282.000000 8.998713
283.000000 8.998793
284.000000 8.998869
285.000000 8.998943
286.000000 8.999013
287.000000 8.999081
288.000000 8.999145
289.000000 8.999207
290.000000 8.999266
291.000000 8.999323
292.000000 8.999376
293.000000 8.999428
294.000000 8.999477
295.000000 8.999524
296.000000 8.999568
297.000000 8.999611
298.000000 8.999651
299.000000 8.999690
300.000000 8.999726
301.000000 8.999761
302.000000 8.999794
303.000000 8.999825
304.000000 8.999855
305.000000 8.999883
306.000000 8.999910
307.000000 8.999935
308.000000 8.999959
309.000000 8.999981
310.000000 9.000003
311.000000 8.936045
312.000000 10.347062
313.000000 10.926223
314.000000 10.773545
315.000000 10.778439
316.000000 10.956259
317.000000 11.003174
318.000000 10.935524
319.000000 10.893543
320.000000 10.892117
321.000000 10.888516
322.000000 10.880151
323.000000 10.883394
324.000000 10.897597
325.000000 10.913471
326.000000 10.927915
327.000000 10.941818
328.000000 10.954615
329.000000 10.964970
330.000000 10.972729
331.000000 10.978529
332.000000 10.982856
333.000000 10.986002
334.000000 10.988311
335.000000 10.990123
336.000000 10.991659
337.000000 10.993026
338.000000 10.994281
339.000000 10.995455
340.000000 10.996546
341.000000 10.997542
342.000000 10.998428
343.000000 10.999199
344.000000 10.999852
345.000000 11.000392
346.000000 11.000830
347.000000 11.001176
348.000000 11.001447
349.000000 11.001653
350.000000 11.001808
351.000000 11.001922
352.000000 11.002002
353.000000 11.002055
354.000000 11.002086
355.000000 11.002098
356.000000 11.002095
357.000000 11.002079
358.000000 11.002052
359.000000 11.002015
360.000000 11.001969
361.000000 11.001917
362.000000 11.001860
363.000000 11.001798
364.000000 11.001732
365.000000 11.001664
366.000000 11.001595
367.000000 11.001525
368.000000 11.001454
369.000000 11.001383
370.000000 11.001313
371.000000 11.001244
372.000000 11.001175
373.000000 11.001108
374.000000 11.001042
375.000000 11.000978
376.000000 11.000916
377.000000 11.000855
378.000000 11.000796
379.000000 11.000739
380.000000 11.000684
381.000000 11.000631
382.000000 11.000580
383.000000 11.000530
384.000000 11.000483
385.000000 11.000438
386.000000 11.000394
387.000000 11.000352
388.000000 11.000312
389.000000 11.000274
390.000000 11.000237
391.000000 11.000202
392.000000 11.000169
393.000000 11.000138
394.000000 11.000108
395.000000 11.000079
396.000000 11.000052
397.000000 11.000026
398.000000 11.000002
399.000000 10.999979
400.000000 10.999957
401.000000 10.999936
402.000000 10.999917
403.000000 10.999898
404.000000 10.999881
405.000000 10.999865
406.000000 10.999850
407.000000 10.999835
408.000000 10.999822
409.000000 10.999809
410.000000 10.999798
411.000000 9.205340
412.000000 10.949629
413.000000 11.686180
414.000000 11.239975
415.000000 10.979480
416.000000 11.110991
417.000000 11.137261
418.000000 10.999215
419.000000 10.904830
420.000000 10.894704
421.000000 10.894993
422.000000 10.886295
423.000000 10.890919
424.000000 10.910672
425.000000 10.931394
426.000000 10.947465
427.000000 10.961058
428.000000 10.972740
429.000000 10.981198
430.000000 10.986444
431.000000 10.989661
432.000000 10.991720
433.000000 10.992997
434.000000 10.993834
435.000000 10.994571
436.000000 10.995382
437.000000 10.996289
438.000000 10.997267
439.000000 10.998281
440.000000 10.999286
441.000000 11.000232
442.000000 11.001086
443.000000 11.001832
444.000000 11.002467
445.000000 11.002997
446.000000 11.003432
447.000000 11.003789
448.000000 11.004082
449.000000 11.004323
450.000000 11.004525
451.000000 11.004694
452.000000 11.004837
453.000000 11.004959
454.000000 11.005061
455.000000 11.005145
456.000000 11.005214
457.000000 11.005268
458.000000 11.005308
459.000000 11.005335
460.000000 11.005350
461.000000 11.005356
462.000000 11.005351
463.000000 11.005339
464.000000 11.005319
465.000000 11.005293
466.000000 11.005262
467.000000 11.005225
468.000000 11.005184
469.000000 11.005140
470.000000 11.005092
471.000000 11.005041
472.000000 11.004988
473.000000 11.004932
474.000000 11.004874
475.000000 11.004815
476.000000 11.004754
477.000000 11.004692
478.000000 11.004629
479.000000 11.004565
480.000000 11.004500
481.000000 11.004435
482.000000 11.004369
483.000000 11.004303
484.000000 11.004237
485.000000 11.004170
486.000000 11.004104
487.000000 11.004038
488.000000 11.003972
489.000000 11.003906
490.000000 11.003840
491.000000 11.003775
492.000000 11.003710
493.000000 11.003645
494.000000 11.003581
495.000000 11.003518
496.000000 11.003455
497.000000 11.003392
498.000000 11.003331
499.000000 11.003270
500.000000 11.003209
501.000000 11.003149
502.000000 11.003090
503.000000 11.003032
504.000000 11.002975
505.000000 11.002918
506.000000 11.002862
507.000000 11.002806
508.000000 11.002752
509.000000 11.002698
510.000000 11.002645
511.000000 16.459131
512.000000 15.068823
513.000000 11.813715
514.000000 11.320421
515.000000 11.799690
516.000000 11.455821
517.000000 10.907108
518.000000 10.823282
519.000000 10.949257
520.000000 10.982651
521.000000 10.975413
522.000000 11.016111
523.000000 11.069562
524.000000 11.091709
525.000000 11.091659
526.000000 11.087672
527.000000 11.080385
528.000000 11.067181
529.000000 11.051715
530.000000 11.038178
531.000000 11.027348
532.000000 11.018722
533.000000 11.012279
534.000000 11.007974
535.000000 11.005293
536.000000 11.003621
537.000000 11.002551
538.000000 11.001827
539.000000 11.001250
540.000000 11.000693
541.000000 11.000115
542.000000 10.999525
543.000000 10.998947
544.000000 10.998407
545.000000 10.997930
546.000000 10.997535
547.000000 10.997228
548.000000 10.997008
549.000000 10.996868
550.000000 10.996795
551.000000 10.996779
552.000000 10.996806
553.000000 10.996865
554.000000 10.996948
555.000000 10.997048
556.000000 10.997161
557.000000 10.997282
558.000000 10.997409
559.000000 10.997540
560.000000 10.997675
561.000000 10.997813
562.000000 10.997952
563.000000 10.998091
564.000000 10.998230
565.000000 10.998368
566.000000 10.998505
567.000000 10.998639
568.000000 10.998771
569.000000 10.998900
570.000000 10.999025
571.000000 10.999146
572.000000 10.999263
573.000000 10.999376
574.000000 10.999484
575.000000 10.999589
576.000000 10.999689
577.000000 10.999785
578.000000 10.999876
579.000000 10.999964
580.000000 11.000047
581.000000 11.000126
582.000000 11.000201
583.000000 11.000273
584.000000 11.000340
585.000000 11.000404
586.000000 11.000465
587.000000 11.000522
588.000000 11.000575
589.000000 11.000626
590.000000 11.000673
591.000000 11.000717
592.000000 11.000758
593.000000 11.000797
594.000000 11.000833
595.000000 11.000866
596.000000 11.000897
597.000000 11.000925
598.000000 11.000951
599.000000 11.000975
600.000000 11.000997
601.000000 11.001017
602.000000 11.001035
603.000000 11.001051
604.000000 11.001065
605.000000 11.001078
606.000000 11.001089
607.000000 11.001099
608.000000 11.001107
609.000000 11.001114
610.000000 11.001119
611.000000 11.321009
612.000000 4.266022
613.000000 1.370309
614.000000 2.133786
615.000000 2.109392
616.000000 1.220364
617.000000 0.985857
618.000000 1.324172
619.000000 1.534130
620.000000 1.541312
621.000000 1.559366
622.000000 1.601234
623.000000 1.585060
624.000000 1.514081
625.000000 1.434740
626.000000 1.362549
627.000000 1.293057
628.000000 1.229092
629.000000 1.177337
630.000000 1.138557
631.000000 1.109567
632.000000 1.087944
633.000000 1.072219
634.000000 1.060682
635.000000 1.051622
636.000000 1.043943
637.000000 1.037109
638.000000 1.030829
639.000000 1.024958
640.000000 1.019494
641.000000 1.014507
642.000000 1.010066
643.000000 1.006204
644.000000 1.002927
645.000000 1.000212
646.000000 0.998011
647.000000 0.996261
648.000000 0.994894
649.000000 0.993844
650.000000 0.993051
651.000000 0.992466
652.000000 0.992046
653.000000 0.991761
654.000000 0.991586
655.000000 0.991502
656.000000 0.991496
657.000000 0.991555
658.000000 0.991671
659.000000 0.991834
660.000000 0.992038
661.000000 0.992275
662.000000 0.992540
663.000000 0.992826
664.000000 0.993129
665.000000 0.993444
666.000000 0.993767
667.000000 0.994095
668.000000 0.994424
669.000000 0.994754
670.000000 0.995080
671.000000 0.995403
672.000000 0.995721
673.000000 0.996033
674.000000 0.996337
675.000000 0.996634
676.000000 0.996922
677.000000 0.997202
678.000000 0.997473
679.000000 0.997734
680.000000 0.997986
681.000000 0.998229
682.000000 0.998462
683.000000 0.998686
684.000000 0.998901
685.000000 0.999106
686.000000 0.999302
687.000000 0.999489
688.000000 0.999667
689.000000 0.999837
690.000000 0.999998
691.000000 1.000151
692.000000 1.000297
693.000000 1.000434
694.000000 1.000564
695.000000 1.000687
696.000000 1.000803
697.000000 1.000912
698.000000 1.001015
699.000000 1.001111
700.000000 1.001202
701.000000 1.001286
702.000000 1.001365
703.000000 1.001439
704.000000 1.001508
705.000000 1.001571
706.000000 1.001630
707.000000 1.001685
708.000000 1.001735
709.000000 1.001781
710.000000 1.001822
711.000000 2.198158
712.000000 1.035327
713.000000 0.544318
714.000000 0.841810
715.000000 1.015493
716.000000 0.927835
717.000000 0.910337
718.000000 1.002379
719.000000 1.065313
720.000000 1.072071
721.000000 1.071884
722.000000 1.077687
723.000000 1.074607
724.000000 1.061438
725.000000 1.047623
726.000000 1.036907
727.000000 1.027840
728.000000 1.020048
729.000000 1.014402
730.000000 1.010898
731.000000 1.008744
732.000000 1.007362
733.000000 1.006499
734.000000 1.005930
735.000000 1.005427
736.000000 1.004873
737.000000 1.004254
738.000000 1.003587
739.000000 1.002896
740.000000 1.002210
741.000000 1.001563
742.000000 1.000977
743.000000 1.000462
744.000000 1.000021
745.000000 0.999650
746.000000 0.999341
747.000000 0.999084
748.000000 0.998870
749.000000 0.998690
750.000000 0.998537
751.000000 0.998404
752.000000 0.998289
753.000000 0.998188
754.000000 0.998100
755.000000 0.998024
756.000000 0.997958
757.000000 0.997902
758.000000 0.997855
759.000000 0.997817
760.000000 0.997786
761.000000 0.997763
762.000000 0.997745
763.000000 0.997733
764.000000 0.997727
765.000000 0.997724
766.000000 0.997725
767.000000 0.997730
768.000000 0.997738
769.000000 0.997748
770.000000 0.997761
771.000000 0.997776
772.000000 0.997792
773.000000 0.997810
774.000000 0.997830
775.000000 0.997851
776.000000 0.997874
777.000000 0.997897
778.000000 0.997921
779.000000 0.997946
780.000000 0.997972
781.000000 0.997998
782.000000 0.998025
783.000000 0.998052
784.000000 0.998079
785.000000 0.998107
786.000000 0.998135
787.000000 0.998163
788.000000 0.998191
789.000000 0.998220
790.000000 0.998248
791.000000 0.998276
792.000000 0.998305
793.000000 0.998333
794.000000 0.998361
795.000000 0.998389
796.000000 0.998417
797.000000 0.998445
798.000000 0.998472
799.000000 0.998499
800.000000 0.998526
801.000000 0.998553
802.000000 0.998579
803.000000 0.998606
804.000000 0.998632
805.000000 0.998657
806.000000 0.998683
807.000000 0.998708
808.000000 0.998732
809.000000 0.998757
810.000000 0.998781
811.000000 -8.095425
812.000000 -5.778308
813.000000 -0.353189
814.000000 0.468907
815.000000 -0.329934
816.000000 0.243124
817.000000 1.157588
818.000000 1.297240
819.000000 1.087227
820.000000 1.031515
821.000000 1.043526
822.000000 0.975644
823.000000 0.886506
824.000000 0.849544
825.000000 0.849577
826.000000 0.856173
827.000000 0.868271
828.000000 0.890230
829.000000 0.915961
830.000000 0.938477
831.000000 0.956482
832.000000 0.970815
833.000000 0.981510
834.000000 0.988643
835.000000 0.993070
836.000000 0.995816
837.000000 0.997559
838.000000 0.998727
839.000000 0.999651
840.000000 1.000542
841.000000 1.001468
842.000000 1.002415
843.000000 1.003344
844.000000 1.004209
845.000000 1.004970
846.000000 1.005596
847.000000 1.006074
848.000000 1.006409
849.000000 1.006612
850.000000 1.006702
851.000000 1.006699
852.000000 1.006626
853.000000 1.006498
854.000000 1.006331
855.000000 1.006137
856.000000 1.005922
857.000000 1.005694
858.000000 1.005457
859.000000 1.005212
860.000000 1.004962
861.000000 1.004709
862.000000 1.004454
863.000000 1.004198
864.000000 1.003944
865.000000 1.003691
866.000000 1.003441
867.000000 1.003196
868.000000 1.002956
869.000000 1.002721
870.000000 1.002493
871.000000 1.002272
872.000000 1.002058
873.000000 1.001851
874.000000 1.001651
875.000000 1.001460
876.000000 1.001275
877.000000 1.001099
878.000000 1.000929
879.000000 1.000767
880.000000 1.000612
881.000000 1.000465
882.000000 1.000324
883.000000 1.000190
884.000000 1.000063
885.000000 0.999942
886.000000 0.999827
887.000000 0.999718
888.000000 0.999616
889.000000 0.999519
890.000000 0.999427
891.000000 0.999341
892.000000 0.999260
893.000000 0.999184
894.000000 0.999112
895.000000 0.999046
896.000000 0.998983
897.000000 0.998925
898.000000 0.998871
899.000000 0.998821
900.000000 0.998774
