1.000000 0.000000
2.000000 0.000000
3.000000 0.000000
4.000000 0.000000
5.000000 0.000000
6.000000 0.000000
7.000000 0.000000
8.000000 0.000000
9.000000 0.000000
10.000000 0.000000
11.000000 2.392705
12.000000 1.010100
13.000000 0.685124
14.000000 0.479797
15.000000 0.371483
16.000000 0.296247
17.000000 0.239576
18.000000 0.194620
19.000000 0.158326
20.000000 0.128793
21.000000 0.104666
22.000000 0.084905
23.000000 0.068687
24.000000 0.055355
25.000000 0.044383
26.000000 0.035344
27.000000 0.027893
28.000000 0.021750
29.000000 0.016685
30.000000 0.012513
31.000000 0.009080
32.000000 0.006259
33.000000 0.003946
34.000000 0.002055
35.000000 0.000516
36.000000 -0.000731
37.000000 -0.001734
38.000000 -0.002535
39.000000 -0.003167
40.000000 -0.003659
41.000000 -0.004034
42.000000 -0.004312
43.000000 -0.004510
44.000000 -0.004641
45.000000 -0.004717
46.000000 -0.004748
47.000000 -0.004742
48.000000 -0.004706
49.000000 -0.004645
50.000000 -0.004564
51.000000 -0.004468
52.000000 -0.004359
53.000000 -0.004241
54.000000 -0.004115
55.000000 -0.003985
56.000000 -0.003851
57.000000 -0.003714
58.000000 -0.003577
59.000000 -0.003440
60.000000 -0.003303
61.000000 -0.003168
62.000000 -0.003035
63.000000 -0.002903
64.000000 -0.002775
65.000000 -0.002649
66.000000 -0.002527
67.000000 -0.002408
68.000000 -0.002292
69.000000 -0.002179
70.000000 -0.002070
71.000000 -0.001965
72.000000 -0.001863
73.000000 -0.001765
74.000000 -0.001670
75.000000 -0.001578
76.000000 -0.001490
77.000000 -0.001405
78.000000 -0.001324
79.000000 -0.001245
80.000000 -0.001170
81.000000 -0.001098
82.000000 -0.001028
83.000000 -0.000962
84.000000 -0.000898
85.000000 -0.000837
86.000000 -0.000778
87.000000 -0.000723
88.000000 -0.000669
89.000000 -0.000618
90.000000 -0.000569
91.000000 -0.000523
92.000000 -0.000478
93.000000 -0.000436
94.000000 -0.000395
95.000000 -0.000357
96.000000 -0.000320
97.000000 -0.000285
98.000000 -0.000252
99.000000 -0.000221
100.000000 -0.000191
101.000000 -0.000162
102.000000 -0.000136
103.000000 -0.000110
104.000000 -0.000086
105.000000 -0.000063
106.000000 -0.000041
107.000000 -0.000021
108.000000 -0.000001
109.000000 0.000017
110.000000 0.000034
111.000000 1.742815
112.000000 -0.584718
113.000000 -0.445394
114.000000 -0.325349
115.000000 -0.213887
116.000000 -0.149156
117.000000 -0.109694
118.000000 -0.084418
119.000000 -0.066901
120.000000 -0.053976
121.000000 -0.044009
122.000000 -0.036107
123.000000 -0.029735
124.000000 -0.024542
125.000000 -0.020279
126.000000 -0.016761
127.000000 -0.013845
128.000000 -0.011419
129.000000 -0.009395
130.000000 -0.007701
131.000000 -0.006278
132.000000 -0.005080
133.000000 -0.004068
134.000000 -0.003213
135.000000 -0.002487
136.000000 -0.001869
137.000000 -0.001343
138.000000 -0.000894
139.000000 -0.000510
140.000000 -0.000181
141.000000 0.000101
142.000000 0.000343
143.000000 0.000552
144.000000 0.000732
145.000000 0.000886
146.000000 0.001019
147.000000 0.001134
148.000000 0.001232
149.000000 0.001317
150.000000 0.001389
151.000000 0.001451
152.000000 0.001504
153.000000 0.001548
154.000000 0.001586
155.000000 0.001617
156.000000 0.001642
157.000000 0.001663
158.000000 0.001679
159.000000 0.001691
160.000000 0.001700
161.000000 0.001705
162.000000 0.001708
163.000000 0.001708
164.000000 0.001706
165.000000 0.001702
166.000000 0.001696
167.000000 0.001688
168.000000 0.001679
169.000000 0.001669
170.000000 0.001657
171.000000 0.001644
172.000000 0.001630
173.000000 0.001616
174.000000 0.001600
175.000000 0.001584
176.000000 0.001567
177.000000 0.001550
178.000000 0.001532
179.000000 0.001514
180.000000 0.001495
181.000000 0.001476
182.000000 0.001456
183.000000 0.001437
184.000000 0.001417
185.000000 0.001397
186.000000 0.001377
187.000000 0.001356
188.000000 0.001336
189.000000 0.001316
190.000000 0.001295
191.000000 0.001275
192.000000 0.001254
193.000000 0.001234
194.000000 0.001214
195.000000 0.001194
196.000000 0.001174
197.000000 0.001154
198.000000 0.001134
199.000000 0.001114
200.000000 0.001094
201.000000 0.001075
202.000000 0.001056
203.000000 0.001037
204.000000 0.001018
205.000000 0.000999
206.000000 0.000980
207.000000 0.000962
208.000000 0.000944
209.000000 0.000926
210.000000 0.000909
211.000000 2.071453
212.000000 2.062148
213.000000 2.062032
214.000000 2.025363
215.000000 2.006133
216.000000 1.997184
217.000000 1.994209
218.000000 1.993910
219.000000 1.994675
220.000000 1.995764
221.000000 1.996869
222.000000 1.997875
223.000000 1.998749
224.000000 1.999488
225.000000 2.000105
226.000000 2.000612
227.000000 2.001026
228.000000 2.001360
229.000000 2.001624
230.000000 2.001831
231.000000 2.001989
232.000000 2.002106
233.000000 2.002189
234.000000 2.002243
235.000000 2.002273
236.000000 2.002284
237.000000 2.002279
238.000000 2.002261
239.000000 2.002232
240.000000 2.002194
241.000000 2.002150
242.000000 2.002101
243.000000 2.002047
244.000000 2.001991
245.000000 2.001932
246.000000 2.001872
247.000000 2.001812
248.000000 2.001751
249.000000 2.001690
250.000000 2.001629
251.000000 2.001569
252.000000 2.001510
253.000000 2.001452
254.000000 2.001396
255.000000 2.001340
256.000000 2.001286
257.000000 2.001234
258.000000 2.001182
259.000000 2.001133
260.000000 2.001085
261.000000 2.001038
262.000000 2.000993
263.000000 2.000950
264.000000 2.000908
265.000000 2.000867
266.000000 2.000828
267.000000 2.000790
268.000000 2.000754
269.000000 2.000719
270.000000 2.000685
271.000000 2.000653
272.000000 2.000621
273.000000 2.000591
274.000000 2.000562
275.000000 2.000535
276.000000 2.000508
277.000000 2.000483
278.000000 2.000458
279.000000 2.000434
280.000000 2.000412
281.000000 2.000390
282.000000 2.000369
283.000000 2.000349
284.000000 2.000330
285.000000 2.000312
286.000000 2.000295
287.000000 2.000278
288.000000 2.000262
289.000000 2.000246
290.000000 2.000232
291.000000 2.000218
292.000000 2.000204
293.000000 2.000192
294.000000 2.000179
295.000000 2.000168
296.000000 2.000156
297.000000 2.000146
298.000000 2.000136
299.000000 2.000126
300.000000 2.000117
301.000000 2.000108
302.000000 2.000099
303.000000 2.000091
304.000000 2.000084
305.000000 2.000076
306.000000 2.000070
307.000000 2.000063
308.000000 2.000057
309.000000 2.000051
310.000000 2.000045
311.000000 2.531752
312.000000 2.224501
313.000000 2.152280
314.000000 2.106647
315.000000 2.082573
316.000000 2.065850
317.000000 2.053253
318.000000 2.043259
319.000000 2.035190
320.000000 2.028624
321.000000 2.023259
322.000000 2.018865
323.000000 2.015258
324.000000 2.012293
325.000000 2.009852
326.000000 2.007841
327.000000 2.006184
328.000000 2.004817
329.000000 2.003689
330.000000 2.002761
331.000000 2.001996
332.000000 2.001368
333.000000 2.000852
334.000000 2.000431
335.000000 2.000088
336.000000 1.999810
337.000000 1.999586
338.000000 1.999407
339.000000 1.999265
340.000000 1.999155
341.000000 1.999071
342.000000 1.999009
343.000000 1.998964
344.000000 1.998935
345.000000 1.998917
346.000000 1.998910
347.000000 1.998911
348.000000 1.998919
349.000000 1.998932
350.000000 1.998950
351.000000 1.998972
352.000000 1.998996
353.000000 1.999022
354.000000 1.999050
355.000000 1.999079
356.000000 1.999109
357.000000 1.999139
358.000000 1.999170
359.000000 1.999200
360.000000 1.999231
361.000000 1.999261
362.000000 1.999291
363.000000 1.999320
364.000000 1.999349
365.000000 1.999377
366.000000 1.999404
367.000000 1.999431
368.000000 1.999457
369.000000 1.999483
370.000000 1.999507
371.000000 1.999531
372.000000 1.999554
373.000000 1.999576
374.000000 1.999598
375.000000 1.999618
376.000000 1.999638
377.000000 1.999657
378.000000 1.999676
379.000000 1.999694
380.000000 1.999711
381.000000 1.999727
382.000000 1.999743
383.000000 1.999758
384.000000 1.999773
385.000000 1.999787
386.000000 1.999800
387.000000 1.999813
388.000000 1.999825
389.000000 1.999837
390.000000 1.999848
391.000000 1.999859
392.000000 1.999869
393.000000 1.999879
394.000000 1.999888
395.000000 1.999897
396.000000 1.999906
397.000000 1.999914
398.000000 1.999922
399.000000 1.999929
400.000000 1.999936
401.000000 1.999943
402.000000 1.999949
403.000000 1.999955
404.000000 1.999961
405.000000 1.999966
406.000000 1.999972
407.000000 1.999976
408.000000 1.999981
409.000000 1.999985
410.000000 1.999990
411.000000 0.954335
412.000000 2.350867
413.000000 2.267285
414.000000 2.195269
415.000000 2.128403
416.000000 2.089574
417.000000 2.065906
418.000000 2.050749
419.000000 2.040247
420.000000 2.032500
421.000000 2.026527
422.000000 2.021792
423.000000 2.017975
424.000000 2.014865
425.000000 2.012312
426.000000 2.010206
427.000000 2.008461
428.000000 2.007009
429.000000 2.005798
430.000000 2.004785
431.000000 2.003934
432.000000 2.003218
433.000000 2.002613
434.000000 2.002102
435.000000 2.001668
436.000000 2.001299
437.000000 2.000985
438.000000 2.000716
439.000000 2.000487
440.000000 2.000290
441.000000 2.000121
442.000000 1.999976
443.000000 1.999851
444.000000 1.999743
445.000000 1.999650
446.000000 1.999570
447.000000 1.999500
448.000000 1.999441
449.000000 1.999389
450.000000 1.999345
451.000000 1.999307
452.000000 1.999274
453.000000 1.999246
454.000000 1.999222
455.000000 1.999203
456.000000 1.999186
457.000000 1.999172
458.000000 1.999161
459.000000 1.999152
460.000000 1.999145
461.000000 1.999140
462.000000 1.999137
463.000000 1.999135
464.000000 1.999134
465.000000 1.999135
466.000000 1.999137
467.000000 1.999139
468.000000 1.999143
469.000000 1.999147
470.000000 1.999153
471.000000 1.999158
472.000000 1.999165
473.000000 1.999171
474.000000 1.999179
475.000000 1.999186
476.000000 1.999195
477.000000 1.999203
478.000000 1.999212
479.000000 1.999221
480.000000 1.999230
481.000000 1.999240
482.000000 1.999249
483.000000 1.999259
484.000000 1.999269
485.000000 1.999279
486.000000 1.999289
487.000000 1.999300
488.000000 1.999310
489.000000 1.999320
490.000000 1.999331
491.000000 1.999341
492.000000 1.999351
493.000000 1.999362
494.000000 1.999372
495.000000 1.999382
496.000000 1.999393
497.000000 1.999403
498.000000 1.999413
499.000000 1.999423
500.000000 1.999433
501.000000 1.999443
502.000000 1.999453
503.000000 1.999463
504.000000 1.999473
505.000000 1.999483
506.000000 1.999492
507.000000 1.999502
508.000000 1.999511
509.000000 1.999520
510.000000 1.999529
511.000000 5.105381
512.000000 5.091458
513.000000 5.091319
514.000000 5.036349
515.000000 5.007536
516.000000 4.994147
517.000000 4.989717
518.000000 4.989300
519.000000 4.990479
520.000000 4.992143
521.000000 4.993831
522.000000 4.995370
523.000000 4.996710
524.000000 4.997848
525.000000 4.998801
526.000000 4.999591
527.000000 5.000239
528.000000 5.000766
529.000000 5.001190
530.000000 5.001526
531.000000 5.001789
532.000000 5.001990
533.000000 5.002138
534.000000 5.002244
535.000000 5.002313
536.000000 5.002353
537.000000 5.002368
538.000000 5.002363
539.000000 5.002342
540.000000 5.002308
541.000000 5.002263
542.000000 5.002209
543.000000 5.002150
544.000000 5.002085
545.000000 5.002017
546.000000 5.001947
547.000000 5.001874
548.000000 5.001801
549.000000 5.001728
550.000000 5.001655
551.000000 5.001583
552.000000 5.001511
553.000000 5.001441
554.000000 5.001372
555.000000 5.001305
556.000000 5.001240
557.000000 5.001177
558.000000 5.001115
559.000000 5.001055
560.000000 5.000998
561.000000 5.000942
562.000000 5.000888
563.000000 5.000837
564.000000 5.000787
565.000000 5.000739
566.000000 5.000693
567.000000 5.000649
568.000000 5.000606
569.000000 5.000566
570.000000 5.000527
571.000000 5.000490
572.000000 5.000454
573.000000 5.000420
574.000000 5.000387
575.000000 5.000356
576.000000 5.000326
577.000000 5.000298
578.000000 5.000271
579.000000 5.000245
580.000000 5.000221
581.000000 5.000197
582.000000 5.000175
583.000000 5.000154
584.000000 5.000134
585.000000 5.000115
586.000000 5.000097
587.000000 5.000080
588.000000 5.000063
589.000000 5.000048
590.000000 5.000033
591.000000 5.000019
592.000000 5.000006
593.000000 4.999994
594.000000 4.999983
595.000000 4.999972
596.000000 4.999961
597.000000 4.999952
598.000000 4.999943
599.000000 4.999934
600.000000 4.999926
601.000000 4.999919
602.000000 4.999912
603.000000 4.999905
604.000000 4.999899
605.000000 4.999894
606.000000 4.999889
607.000000 4.999884
608.000000 4.999879
609.000000 4.999875
610.000000 4.999872
611.000000 2.341307
612.000000 3.877532
613.000000 4.238613
614.000000 4.466752
615.000000 4.587099
616.000000 4.670692
617.000000 4.733658
618.000000 4.783608
619.000000 4.823933
620.000000 4.856746
621.000000 4.883553
622.000000 4.905509
623.000000 4.923529
624.000000 4.938342
625.000000 4.950533
626.000000 4.960576
627.000000 4.968855
628.000000 4.975681
629.000000 4.981308
630.000000 4.985944
631.000000 4.989759
632.000000 4.992895
633.000000 4.995465
634.000000 4.997567
635.000000 4.999278
636.000000 5.000664
637.000000 5.001780
638.000000 5.002671
639.000000 5.003374
640.000000 5.003922
641.000000 5.004340
642.000000 5.004650
643.000000 5.004871
644.000000 5.005019
645.000000 5.005105
646.000000 5.005141
647.000000 5.005135
648.000000 5.005096
649.000000 5.005030
650.000000 5.004942
651.000000 5.004836
652.000000 5.004717
653.000000 5.004587
654.000000 5.004450
655.000000 5.004306
656.000000 5.004159
657.000000 5.004009
658.000000 5.003858
659.000000 5.003708
660.000000 5.003557
661.000000 5.003409
662.000000 5.003262
663.000000 5.003118
664.000000 5.002977
665.000000 5.002839
666.000000 5.002705
667.000000 5.002574
668.000000 5.002447
669.000000 5.002324
670.000000 5.002204
671.000000 5.002089
672.000000 5.001977
673.000000 5.001869
674.000000 5.001765
675.000000 5.001665
676.000000 5.001569
677.000000 5.001476
678.000000 5.001387
679.000000 5.001301
680.000000 5.001219
681.000000 5.001140
682.000000 5.001064
683.000000 5.000992
684.000000 5.000922
685.000000 5.000856
686.000000 5.000793
687.000000 5.000732
688.000000 5.000674
689.000000 5.000618
690.000000 5.000565
691.000000 5.000515
692.000000 5.000467
693.000000 5.000421
694.000000 5.000377
695.000000 5.000336
696.000000 5.000296
697.000000 5.000259
698.000000 5.000223
699.000000 5.000189
700.000000 5.000157
701.000000 5.000126
702.000000 5.000098
703.000000 5.000070
704.000000 5.000044
705.000000 5.000020
706.000000 4.999997
707.000000 4.999975
708.000000 4.999955
709.000000 4.999935
710.000000 4.999917
711.000000 5.697006
712.000000 4.765971
713.000000 4.821680
714.000000 4.869679
715.000000 4.914245
716.000000 4.940121
717.000000 4.955890
718.000000 4.965985
719.000000 4.972979
720.000000 4.978136
721.000000 4.982111
722.000000 4.985261
723.000000 4.987800
724.000000 4.989868
725.000000 4.991565
726.000000 4.992965
727.000000 4.994125
728.000000 4.995089
729.000000 4.995893
730.000000 4.996566
731.000000 4.997131
732.000000 4.997606
733.000000 4.998008
734.000000 4.998347
735.000000 4.998636
736.000000 4.998881
737.000000 4.999090
738.000000 4.999268
739.000000 4.999421
740.000000 4.999553
741.000000 4.999666
742.000000 4.999763
743.000000 4.999847
744.000000 4.999920
745.000000 4.999983
746.000000 5.000038
747.000000 5.000086
748.000000 5.000127
749.000000 5.000163
750.000000 5.000194
751.000000 5.000222
752.000000 5.000245
753.000000 5.000266
754.000000 5.000284
755.000000 5.000299
756.000000 5.000313
757.000000 5.000324
758.000000 5.000334
759.000000 5.000343
760.000000 5.000350
761.000000 5.000356
762.000000 5.000361
763.000000 5.000364
764.000000 5.000367
765.000000 5.000370
766.000000 5.000371
767.000000 5.000372
768.000000 5.000372
769.000000 5.000372
770.000000 5.000372
771.000000 5.000371
772.000000 5.000369
773.000000 5.000367
774.000000 5.000365
775.000000 5.000363
776.000000 5.000360
777.000000 5.000357
778.000000 5.000354
779.000000 5.000351
780.000000 5.000347
781.000000 5.000344
782.000000 5.000340
783.000000 5.000336
784.000000 5.000332
785.000000 5.000328
786.000000 5.000324
787.000000 5.000320
788.000000 5.000315
789.000000 5.000311
790.000000 5.000307
791.000000 5.000302
792.000000 5.000298
793.000000 5.000293
794.000000 5.000289
795.000000 5.000284
796.000000 5.000280
797.000000 5.000275
798.000000 5.000270
799.000000 5.000266
800.000000 5.000261
801.000000 5.000257
802.000000 5.000253
803.000000 5.000248
804.000000 5.000244
805.000000 5.000239
806.000000 5.000235
807.000000 5.000231
808.000000 5.000227
809.000000 5.000222
810.000000 5.000218
811.000000 -0.176191
812.000000 -0.152974
813.000000 -0.152732
814.000000 -0.061105
815.000000 -0.013074
816.000000 0.009253
817.000000 0.016646
818.000000 0.017351
819.000000 0.015395
820.000000 0.012631
821.000000 0.009827
822.000000 0.007271
823.000000 0.005047
824.000000 0.003159
825.000000 0.001580
826.000000 0.000272
827.000000 -0.000800
828.000000 -0.001670
829.000000 -0.002368
830.000000 -0.002920
831.000000 -0.003350
832.000000 -0.003677
833.000000 -0.003917
834.000000 -0.004085
835.000000 -0.004194
836.000000 -0.004253
837.000000 -0.004271
838.000000 -0.004256
839.000000 -0.004214
840.000000 -0.004150
841.000000 -0.004068
842.000000 -0.003973
843.000000 -0.003867
844.000000 -0.003754
845.000000 -0.003634
846.000000 -0.003510
847.000000 -0.003384
848.000000 -0.003257
849.000000 -0.003129
850.000000 -0.003002
851.000000 -0.002876
852.000000 -0.002751
853.000000 -0.002629
854.000000 -0.002510
855.000000 -0.002393
856.000000 -0.002280
857.000000 -0.002169
858.000000 -0.002062
859.000000 -0.001958
860.000000 -0.001857
861.000000 -0.001760
862.000000 -0.001666
863.000000 -0.001576
864.000000 -0.001489
865.000000 -0.001405
866.000000 -0.001324
867.000000 -0.001247
868.000000 -0.001173
869.000000 -0.001101
870.000000 -0.001033
871.000000 -0.000967
872.000000 -0.000904
873.000000 -0.000844
874.000000 -0.000786
875.000000 -0.000731
876.000000 -0.000679
877.000000 -0.000628
878.000000 -0.000580
879.000000 -0.000534
880.000000 -0.000490
881.000000 -0.000449
882.000000 -0.000409
883.000000 -0.000371
884.000000 -0.000335
885.000000 -0.000300
886.000000 -0.000268
887.000000 -0.000237
888.000000 -0.000207
889.000000 -0.000179
890.000000 -0.000153
891.000000 -0.000127
892.000000 -0.000103
893.000000 -0.000081
894.000000 -0.000059
895.000000 -0.000039
896.000000 -0.000020
897.000000 -0.000002
898.000000 0.000015
899.000000 0.000031
900.000000 0.000046
