1.000000 0.000000
2.000000 0.000000
3.000000 0.000000
4.000000 0.000000
5.000000 0.000000
6.000000 0.000000
7.000000 0.000000
8.000000 0.000000
9.000000 0.000000
10.000000 0.000000
11.000000 -0.081611
12.000000 -1.788735
13.000000 -3.798424
14.000000 -4.950282
15.000000 -4.950639
16.000000 -4.242373
17.000000 -3.451725
18.000000 -2.937804
19.000000 -2.694334
20.000000 -2.523082
21.000000 -2.256051
22.000000 -1.863411
23.000000 -1.424741
24.000000 -1.038575
25.000000 -0.754373
26.000000 -0.562062
27.000000 -0.422743
28.000000 -0.304250
29.000000 -0.196985
30.000000 -0.108172
31.000000 -0.047354
32.000000 -0.016274
33.000000 -0.008029
34.000000 -0.012371
35.000000 -0.021277
36.000000 -0.031138
37.000000 -0.041546
38.000000 -0.052866
39.000000 -0.064622
40.000000 -0.075394
41.000000 -0.083618
42.000000 -0.088372
43.000000 -0.089607
44.000000 -0.087851
45.000000 -0.083767
46.000000 -0.077873
47.000000 -0.070509
48.000000 -0.061948
49.000000 -0.052509
50.000000 -0.042573
51.000000 -0.032534
52.000000 -0.022725
53.000000 -0.013387
54.000000 -0.004670
55.000000 0.003335
56.000000 0.010571
57.000000 0.017008
58.000000 0.022637
59.000000 0.027477
60.000000 0.031574
61.000000 0.034991
62.000000 0.037800
63.000000 0.040074
64.000000 0.041886
65.000000 0.043303
66.000000 0.044388
67.000000 0.045198
68.000000 0.045784
69.000000 0.046192
70.000000 0.046459
71.000000 0.046614
72.000000 0.046680
73.000000 0.046677
74.000000 0.046617
75.000000 0.046510
76.000000 0.046364
77.000000 0.046184
78.000000 0.045970
79.000000 0.045725
80.000000 0.045450
81.000000 0.045143
82.000000 0.044807
83.000000 0.044440
84.000000 0.044044
85.000000 0.043618
86.000000 0.043164
87.000000 0.042683
88.000000 0.042176
89.000000 0.041647
90.000000 0.041096
91.000000 0.040526
92.000000 0.039940
93.000000 0.039339
94.000000 0.038727
95.000000 0.038104
96.000000 0.037474
97.000000 0.036839
98.000000 0.036200
99.000000 0.035559
100.000000 0.034918
101.000000 0.034277
102.000000 0.033639
103.000000 0.033004
104.000000 0.032374
105.000000 0.031748
106.000000 0.031128
107.000000 0.030514
108.000000 0.029907
109.000000 0.029308
110.000000 0.028715
111.000000 0.266565
112.000000 6.584322
113.000000 13.607209
114.000000 17.386982
115.000000 17.406778
116.000000 15.545875
117.000000 13.920333
118.000000 13.458678
119.000000 13.827494
120.000000 14.199816
121.000000 14.023665
122.000000 13.293785
123.000000 12.354364
124.000000 11.552205
125.000000 11.025695
126.000000 10.710532
127.000000 10.470216
128.000000 10.216527
129.000000 9.946932
130.000000 9.709397
131.000000 9.547599
132.000000 9.470415
133.000000 9.455849
134.000000 9.473092
135.000000 9.501312
136.000000 9.534593
137.000000 9.575654
138.000000 9.627074
139.000000 9.686764
140.000000 9.748867
141.000000 9.807257
142.000000 9.858275
143.000000 9.901192
144.000000 9.936960
145.000000 9.966706
146.000000 9.990969
147.000000 10.009812
148.000000 10.023326
149.000000 10.031983
150.000000 10.036647
151.000000 10.038323
152.000000 10.037912
153.000000 10.036089
154.000000 10.033335
155.000000 10.030025
156.000000 10.026491
157.000000 10.023035
158.000000 10.019901
159.000000 10.017249
160.000000 10.015156
161.000000 10.013634
162.000000 10.012654
163.000000 10.012169
164.000000 10.012124
165.000000 10.012451
166.000000 10.013080
167.000000 10.013934
168.000000 10.014939
169.000000 10.016029
170.000000 10.017145
171.000000 10.018241
172.000000 10.019282
173.000000 10.020239
174.000000 10.021092
175.000000 10.021831
176.000000 10.022449
177.000000 10.022946
178.000000 10.023326
179.000000 10.023597
180.000000 10.023769
181.000000 10.023852
182.000000 10.023857
183.000000 10.023795
184.000000 10.023679
185.000000 10.023516
186.000000 10.023317
187.000000 10.023089
188.000000 10.022839
189.000000 10.022573
190.000000 10.022295
191.000000 10.022009
192.000000 10.021717
193.000000 10.021421
194.000000 10.021124
195.000000 10.020824
196.000000 10.020525
197.000000 10.020224
198.000000 10.019924
199.000000 10.019623
200.000000 10.019321
201.000000 10.019019
202.000000 10.018716
203.000000 10.018413
204.000000 10.018109
205.000000 10.017805
206.000000 10.017501
207.000000 10.017197
208.000000 10.016893
209.000000 10.016590
210.000000 10.016288
211.000000 7.092077
212.000000 6.053944
213.000000 7.072445
214.000000 8.966656
215.000000 10.447846
216.000000 10.979446
217.000000 10.811344
218.000000 10.495692
219.000000 10.408885
220.000000 10.584794
221.000000 10.838609
222.000000 10.981674
223.000000 10.950892
224.000000 10.803832
225.000000 10.637481
226.000000 10.514197
227.000000 10.439637
228.000000 10.385568
229.000000 10.324470
230.000000 10.248816
231.000000 10.168935
232.000000 10.099696
233.000000 10.049287
234.000000 10.016560
235.000000 9.995227
236.000000 9.979481
237.000000 9.966886
238.000000 9.957858
239.000000 9.953510
240.000000 9.953953
241.000000 9.958002
242.000000 9.963906
243.000000 9.970223
244.000000 9.976227
245.000000 9.981766
246.000000 9.986882
247.000000 9.991539
248.000000 9.995570
249.000000 9.998778
250.000000 10.001066
251.000000 10.002469
252.000000 10.003122
253.000000 10.003184
254.000000 10.002791
255.000000 10.002043
256.000000 10.001021
257.000000 9.999807
258.000000 9.998483
259.000000 9.997129
260.000000 9.995810
261.000000 9.994575
262.000000 9.993453
263.000000 9.992460
264.000000 9.991604
265.000000 9.990887
266.000000 9.990308
267.000000 9.989860
268.000000 9.989532
269.000000 9.989309
270.000000 9.989176
271.000000 9.989120
272.000000 9.989124
273.000000 9.989178
274.000000 9.989268
275.000000 9.989386
276.000000 9.989523
277.000000 9.989671
278.000000 9.989826
279.000000 9.989982
280.000000 9.990138
281.000000 9.990291
282.000000 9.990440
283.000000 9.990585
284.000000 9.990726
285.000000 9.990864
286.000000 9.990998
287.000000 9.991129
288.000000 9.991259
289.000000 9.991388
290.000000 9.991517
291.000000 9.991645
292.000000 9.991775
293.000000 9.991905
294.000000 9.992036
295.000000 9.992168
296.000000 9.992301
297.000000 9.992436
298.000000 9.992571
299.000000 9.992706
300.000000 9.992842
301.000000 9.992978
302.000000 9.993114
303.000000 9.993249
304.000000 9.993383
305.000000 9.993517
306.000000 9.993649
307.000000 9.993780
308.000000 9.993909
309.000000 9.994037
310.000000 9.994163
311.000000 9.976151
312.000000 9.596912
313.000000 9.150435
314.000000 8.894584
315.000000 8.894621
316.000000 9.052127
317.000000 9.227939
318.000000 9.342254
319.000000 9.396466
320.000000 9.434627
321.000000 9.494071
322.000000 9.581427
323.000000 9.679009
324.000000 9.764921
325.000000 9.828173
326.000000 9.871003
327.000000 9.902055
328.000000 9.928477
329.000000 9.952403
330.000000 9.972226
331.000000 9.985825
332.000000 9.992815
333.000000 9.994729
334.000000 9.993844
335.000000 9.991943
336.000000 9.989828
337.000000 9.987590
338.000000 9.985147
339.000000 9.982606
340.000000 9.980283
341.000000 9.978524
342.000000 9.977534
343.000000 9.977325
344.000000 9.977780
345.000000 9.978750
346.000000 9.980120
347.000000 9.981817
348.000000 9.983778
349.000000 9.985932
350.000000 9.988196
351.000000 9.990482
352.000000 9.992715
353.000000 9.994842
354.000000 9.996830
355.000000 9.998659
356.000000 10.000316
357.000000 10.001793
358.000000 10.003091
359.000000 10.004212
360.000000 10.005167
361.000000 10.005969
362.000000 10.006635
363.000000 10.007182
364.000000 10.007625
365.000000 10.007980
366.000000 10.008259
367.000000 10.008477
368.000000 10.008644
369.000000 10.008770
370.000000 10.008864
371.000000 10.008933
372.000000 10.008981
373.000000 10.009013
374.000000 10.009032
375.000000 10.009039
376.000000 10.009037
377.000000 10.009026
378.000000 10.009008
379.000000 10.008982
380.000000 10.008948
381.000000 10.008907
382.000000 10.008859
383.000000 10.008803
384.000000 10.008740
385.000000 10.008670
386.000000 10.008593
387.000000 10.008509
388.000000 10.008420
389.000000 10.008324
390.000000 10.008224
391.000000 10.008118
392.000000 10.008009
393.000000 10.007895
394.000000 10.007779
395.000000 10.007660
396.000000 10.007539
397.000000 10.007416
398.000000 10.007292
399.000000 10.007167
400.000000 10.007042
401.000000 10.006916
402.000000 10.006791
403.000000 10.006665
404.000000 10.006541
405.000000 10.006417
406.000000 10.006294
407.000000 10.006172
408.000000 10.006052
409.000000 10.005932
410.000000 10.005814
411.000000 9.862637
412.000000 6.071521
413.000000 1.857334
414.000000 -0.410978
415.000000 -0.423297
416.000000 0.692810
417.000000 1.667707
418.000000 1.944278
419.000000 1.722574
420.000000 1.498774
421.000000 1.604064
422.000000 2.041599
423.000000 2.604865
424.000000 3.085780
425.000000 3.401314
426.000000 3.590046
427.000000 3.733876
428.000000 3.885738
429.000000 4.047150
430.000000 4.189332
431.000000 4.286079
432.000000 4.332064
433.000000 4.340485
434.000000 4.329827
435.000000 4.312590
436.000000 4.292321
437.000000 4.267391
438.000000 4.236252
439.000000 4.200157
440.000000 4.162620
441.000000 4.127317
442.000000 4.096442
443.000000 4.070434
444.000000 4.048721
445.000000 4.030626
446.000000 4.015827
447.000000 4.004285
448.000000 3.995946
449.000000 3.990525
450.000000 3.987506
451.000000 3.986284
452.000000 3.986319
453.000000 3.987206
454.000000 3.988657
455.000000 3.990445
456.000000 3.992373
457.000000 3.994257
458.000000 3.995953
459.000000 3.997364
460.000000 3.998443
461.000000 3.999185
462.000000 3.999604
463.000000 3.999730
464.000000 3.999597
465.000000 3.999243
466.000000 3.998712
467.000000 3.998049
468.000000 3.997299
469.000000 3.996502
470.000000 3.995693
471.000000 3.994898
472.000000 3.994140
473.000000 3.993435
474.000000 3.992795
475.000000 3.992227
476.000000 3.991734
477.000000 3.991317
478.000000 3.990972
479.000000 3.990696
480.000000 3.990482
481.000000 3.990324
482.000000 3.990215
483.000000 3.990148
484.000000 3.990117
485.000000 3.990115
486.000000 3.990138
487.000000 3.990181
488.000000 3.990238
489.000000 3.990308
490.000000 3.990387
491.000000 3.990473
492.000000 3.990564
493.000000 3.990659
494.000000 3.990758
495.000000 3.990859
496.000000 3.990962
497.000000 3.991068
498.000000 3.991175
499.000000 3.991284
500.000000 3.991396
501.000000 3.991509
502.000000 3.991624
503.000000 3.991741
504.000000 3.991860
505.000000 3.991980
506.000000 3.992102
507.000000 3.992225
508.000000 3.992350
509.000000 3.992475
510.000000 3.992602
511.000000 -0.393136
512.000000 -1.949760
513.000000 -0.421434
514.000000 2.420452
515.000000 4.642802
516.000000 5.440763
517.000000 5.189164
518.000000 4.716236
519.000000 4.586569
520.000000 4.850969
521.000000 5.232220
522.000000 5.447339
523.000000 5.401679
524.000000 5.181597
525.000000 4.932568
526.000000 4.748132
527.000000 4.636775
528.000000 4.556146
529.000000 4.464966
530.000000 4.351943
531.000000 4.232570
532.000000 4.129153
533.000000 4.053975
534.000000 4.005310
535.000000 3.973728
536.000000 3.950518
537.000000 3.932028
538.000000 3.918881
539.000000 3.912745
540.000000 3.913789
541.000000 3.920234
542.000000 3.929454
543.000000 3.939286
544.000000 3.948643
545.000000 3.957292
546.000000 3.965302
547.000000 3.972617
548.000000 3.978984
549.000000 3.984112
550.000000 3.987851
551.000000 3.990258
552.000000 3.991534
553.000000 3.991916
554.000000 3.991609
555.000000 3.990763
556.000000 3.989503
557.000000 3.987947
558.000000 3.986220
559.000000 3.984442
560.000000 3.982713
561.000000 3.981103
562.000000 3.979657
563.000000 3.978399
564.000000 3.977342
565.000000 3.976490
566.000000 3.975839
567.000000 3.975380
568.000000 3.975095
569.000000 3.974963
570.000000 3.974964
571.000000 3.975073
572.000000 3.975270
573.000000 3.975535
574.000000 3.975853
575.000000 3.976208
576.000000 3.976586
577.000000 3.976978
578.000000 3.977376
579.000000 3.977773
580.000000 3.978165
581.000000 3.978550
582.000000 3.978926
583.000000 3.979292
584.000000 3.979648
585.000000 3.979996
586.000000 3.980336
587.000000 3.980669
588.000000 3.980996
589.000000 3.981319
590.000000 3.981638
591.000000 3.981955
592.000000 3.982270
593.000000 3.982584
594.000000 3.982896
595.000000 3.983207
596.000000 3.983518
597.000000 3.983827
598.000000 3.984136
599.000000 3.984442
600.000000 3.984747
601.000000 3.985050
602.000000 3.985350
603.000000 3.985647
604.000000 3.985941
605.000000 3.986231
606.000000 3.986518
607.000000 3.986801
608.000000 3.987079
609.000000 3.987353
610.000000 3.987622
611.000000 4.078566
612.000000 5.975631
613.000000 8.208874
614.000000 9.488967
615.000000 9.489610
616.000000 8.702889
617.000000 7.824628
618.000000 7.253836
619.000000 6.983542
620.000000 6.793486
621.000000 6.497003
622.000000 6.060951
623.000000 5.573749
624.000000 5.144882
625.000000 4.829303
626.000000 4.615822
627.000000 4.461216
628.000000 4.329748
629.000000 4.210749
630.000000 4.112249
631.000000 4.044853
632.000000 4.010493
633.000000 4.001502
634.000000 4.006493
635.000000 4.016553
636.000000 4.027669
637.000000 4.039390
638.000000 4.052120
639.000000 4.065332
640.000000 4.077448
641.000000 4.086728
642.000000 4.092150
643.000000 4.093659
644.000000 4.091841
645.000000 4.087435
646.000000 4.081014
647.000000 4.072956
648.000000 4.063567
649.000000 4.053199
650.000000 4.042276
651.000000 4.031236
652.000000 4.020448
653.000000 4.010181
654.000000 4.000603
655.000000 3.991814
656.000000 3.983875
657.000000 3.976823
658.000000 3.970666
659.000000 3.965383
660.000000 3.960923
661.000000 3.957218
662.000000 3.954186
663.000000 3.951746
664.000000 3.949817
665.000000 3.948326
666.000000 3.947202
667.000000 3.946381
668.000000 3.945807
669.000000 3.945429
670.000000 3.945207
671.000000 3.945107
672.000000 3.945103
673.000000 3.945176
674.000000 3.945310
675.000000 3.945494
676.000000 3.945720
677.000000 3.945984
678.000000 3.946283
679.000000 3.946615
680.000000 3.946980
681.000000 3.947377
682.000000 3.947807
683.000000 3.948269
684.000000 3.948763
685.000000 3.949289
686.000000 3.949844
687.000000 3.950429
688.000000 3.951040
689.000000 3.951676
690.000000 3.952334
691.000000 3.953012
692.000000 3.953708
693.000000 3.954419
694.000000 3.955142
695.000000 3.955875
696.000000 3.956615
697.000000 3.957361
698.000000 3.958110
699.000000 3.958859
700.000000 3.959609
701.000000 3.960356
702.000000 3.961101
703.000000 3.961840
704.000000 3.962575
705.000000 3.963302
706.000000 3.964023
707.000000 3.964736
708.000000 3.965441
709.000000 3.966138
710.000000 3.966825
711.000000 4.062877
712.000000 6.590879
713.000000 9.400920
714.000000 10.913702
715.000000 10.922480
716.000000 10.178965
717.000000 9.529581
718.000000 9.345738
719.000000 9.494070
720.000000 9.643790
721.000000 9.574107
722.000000 9.282919
723.000000 8.907901
724.000000 8.587774
725.000000 8.377893
726.000000 8.252537
727.000000 8.157106
728.000000 8.056313
729.000000 7.949144
730.000000 7.854786
731.000000 7.790709
732.000000 7.760466
733.000000 7.755257
734.000000 7.762758
735.000000 7.774638
736.000000 7.788531
737.000000 7.805523
738.000000 7.826647
739.000000 7.851067
740.000000 7.876440
741.000000 7.900317
742.000000 7.921235
743.000000 7.938901
744.000000 7.953696
745.000000 7.966072
746.000000 7.976244
747.000000 7.984239
748.000000 7.990091
749.000000 7.993991
750.000000 7.996284
751.000000 7.997372
752.000000 7.997617
753.000000 7.997287
754.000000 7.996576
755.000000 7.995634
756.000000 7.994594
757.000000 7.993577
758.000000 7.992680
759.000000 7.991968
760.000000 7.991472
761.000000 7.991196
762.000000 7.991130
763.000000 7.991254
764.000000 7.991547
765.000000 7.991982
766.000000 7.992530
767.000000 7.993162
768.000000 7.993848
769.000000 7.994561
770.000000 7.995279
771.000000 7.995982
772.000000 7.996657
773.000000 7.997292
774.000000 7.997881
775.000000 7.998418
776.000000 7.998900
777.000000 7.999330
778.000000 7.999707
779.000000 8.000035
780.000000 8.000318
781.000000 8.000561
782.000000 8.000769
783.000000 8.000944
784.000000 8.001093
785.000000 8.001219
786.000000 8.001327
787.000000 8.001418
788.000000 8.001496
789.000000 8.001564
790.000000 8.001623
791.000000 8.001675
792.000000 8.001720
793.000000 8.001761
794.000000 8.001797
795.000000 8.001829
796.000000 8.001857
797.000000 8.001881
798.000000 8.001902
799.000000 8.001920
800.000000 8.001934
801.000000 8.001945
802.000000 8.001952
803.000000 8.001956
804.000000 8.001958
805.000000 8.001956
806.000000 8.001952
807.000000 8.001944
808.000000 8.001935
809.000000 8.001923
810.000000 8.001909
811.000000 15.311666
812.000000 17.906233
813.000000 15.359216
814.000000 10.622930
815.000000 6.919203
816.000000 5.589454
817.000000 6.008970
818.000000 6.797366
819.000000 7.013658
820.000000 6.573169
821.000000 5.937924
822.000000 5.579566
823.000000 5.655834
824.000000 6.022805
825.000000 6.438018
826.000000 6.745572
827.000000 6.931326
828.000000 7.065863
829.000000 7.217983
830.000000 7.406504
831.000000 7.605606
832.000000 7.778112
833.000000 7.903552
834.000000 7.984799
835.000000 8.037572
836.000000 8.076390
837.000000 8.107338
838.000000 8.129377
839.000000 8.139730
840.000000 8.138114
841.000000 8.127493
842.000000 8.112246
843.000000 8.095975
844.000000 8.080495
845.000000 8.066190
846.000000 8.052950
847.000000 8.040865
848.000000 8.030358
849.000000 8.021914
850.000000 8.015782
851.000000 8.011868
852.000000 8.009839
853.000000 8.009295
854.000000 8.009900
855.000000 8.011399
856.000000 8.013588
857.000000 8.016268
858.000000 8.019230
859.000000 8.022275
860.000000 8.025238
861.000000 8.028000
862.000000 8.030487
863.000000 8.032658
864.000000 8.034494
865.000000 8.035986
866.000000 8.037142
867.000000 8.037977
868.000000 8.038519
869.000000 8.038804
870.000000 8.038868
871.000000 8.038749
872.000000 8.038483
873.000000 8.038100
874.000000 8.037630
875.000000 8.037096
876.000000 8.036522
877.000000 8.035923
878.000000 8.035314
879.000000 8.034705
880.000000 8.034103
881.000000 8.033512
882.000000 8.032935
883.000000 8.032373
884.000000 8.031826
885.000000 8.031293
886.000000 8.030772
887.000000 8.030261
888.000000 8.029758
889.000000 8.029262
890.000000 8.028771
891.000000 8.028283
892.000000 8.027797
893.000000 8.027313
894.000000 8.026830
895.000000 8.026348
896.000000 8.025866
897.000000 8.025385
898.000000 8.024906
899.000000 8.024428
900.000000 8.023953
