1.000000 0.000000
2.000000 0.000000
3.000000 0.000000
4.000000 0.000000
5.000000 0.000000
6.000000 0.000000
7.000000 0.000000
8.000000 0.000000
9.000000 0.000000
10.000000 0.000000
11.000000 -1.101577
12.000000 -2.326883
13.000000 -2.876669
14.000000 -2.600963
15.000000 -1.864055
16.000000 -1.129152
17.000000 -0.642763
18.000000 -0.382873
19.000000 -0.197020
20.000000 0.035997
21.000000 0.334209
22.000000 0.639411
23.000000 0.884494
24.000000 1.040681
25.000000 1.121943
26.000000 1.160906
27.000000 1.183145
28.000000 1.196825
29.000000 1.197878
30.000000 1.180827
31.000000 1.145836
32.000000 1.098907
33.000000 1.047849
34.000000 0.998346
35.000000 0.952622
36.000000 0.910528
37.000000 0.871388
38.000000 0.835147
39.000000 0.802411
40.000000 0.773852
41.000000 0.749667
42.000000 0.729462
43.000000 0.712488
44.000000 0.697977
45.000000 0.685330
46.000000 0.674130
47.000000 0.664046
48.000000 0.654752
49.000000 0.645913
50.000000 0.637218
51.000000 0.628423
52.000000 0.619373
53.000000 0.609985
54.000000 0.600230
55.000000 0.590103
56.000000 0.579618
57.000000 0.568804
58.000000 0.557705
59.000000 0.546383
60.000000 0.534902
61.000000 0.523332
62.000000 0.511735
63.000000 0.500168
64.000000 0.488680
65.000000 0.477314
66.000000 0.466106
67.000000 0.455084
68.000000 0.444269
69.000000 0.433678
70.000000 0.423319
71.000000 0.413197
72.000000 0.403313
73.000000 0.393666
74.000000 0.384250
75.000000 0.375061
76.000000 0.366090
77.000000 0.357332
78.000000 0.348779
79.000000 0.340423
80.000000 0.332258
81.000000 0.324277
82.000000 0.316475
83.000000 0.308846
84.000000 0.301386
85.000000 0.294091
86.000000 0.286957
87.000000 0.279981
88.000000 0.273161
89.000000 0.266493
90.000000 0.259976
91.000000 0.253606
92.000000 0.247383
93.000000 0.241304
94.000000 0.235366
95.000000 0.229568
96.000000 0.223907
97.000000 0.218381
98.000000 0.212987
99.000000 0.207724
100.000000 0.202589
101.000000 0.197579
102.000000 0.192692
103.000000 0.187925
104.000000 0.183275
105.000000 0.178740
106.000000 0.174318
107.000000 0.170006
108.000000 0.165800
109.000000 0.161700
110.000000 0.157702
111.000000 4.310492
112.000000 8.649739
113.000000 10.462918
114.000000 9.580181
115.000000 7.485003
116.000000 5.716790
117.000000 4.890547
118.000000 4.711455
119.000000 4.566273
120.000000 4.073007
121.000000 3.251050
122.000000 2.357704
123.000000 1.633713
124.000000 1.159862
125.000000 0.872329
126.000000 0.662452
127.000000 0.462552
128.000000 0.268715
129.000000 0.112163
130.000000 0.019205
131.000000 -0.009345
132.000000 0.006306
133.000000 0.041517
134.000000 0.080389
135.000000 0.118499
136.000000 0.157757
137.000000 0.199916
138.000000 0.243458
139.000000 0.284421
140.000000 0.318958
141.000000 0.345186
142.000000 0.363360
143.000000 0.374856
144.000000 0.381054
145.000000 0.382812
146.000000 0.380582
147.000000 0.374777
148.000000 0.366027
149.000000 0.355165
150.000000 0.343049
151.000000 0.330389
152.000000 0.317682
153.000000 0.305249
154.000000 0.293308
155.000000 0.282033
156.000000 0.271559
157.000000 0.261975
158.000000 0.253305
159.000000 0.245517
160.000000 0.238538
161.000000 0.232277
162.000000 0.226637
163.000000 0.221526
164.000000 0.216853
165.000000 0.212534
166.000000 0.208486
167.000000 0.204640
168.000000 0.200934
169.000000 0.197321
170.000000 0.193763
171.000000 0.190235
172.000000 0.186718
173.000000 0.183202
174.000000 0.179681
175.000000 0.176156
176.000000 0.172629
177.000000 0.169108
178.000000 0.165599
179.000000 0.162112
180.000000 0.158654
181.000000 0.155235
182.000000 0.151860
183.000000 0.148538
184.000000 0.145273
185.000000 0.142069
186.000000 0.138929
187.000000 0.135856
188.000000 0.132851
189.000000 0.129913
190.000000 0.127043
191.000000 0.124240
192.000000 0.121502
193.000000 0.118828
194.000000 0.116215
195.000000 0.113663
196.000000 0.111168
197.000000 0.108730
198.000000 0.106346
199.000000 0.104015
200.000000 0.101734
201.000000 0.099503
202.000000 0.097321
203.000000 0.095185
204.000000 0.093094
205.000000 0.091049
206.000000 0.089047
207.000000 0.087087
208.000000 0.085170
209.000000 0.083294
210.000000 0.081459
211.000000 -0.495186
212.000000 0.369868
213.000000 1.766481
214.000000 2.775352
215.000000 3.057832
216.000000 2.838272
217.000000 2.532165
218.000000 2.404853
219.000000 2.467802
220.000000 2.581489
221.000000 2.613400
222.000000 2.526286
223.000000 2.368107
224.000000 2.210322
225.000000 2.095503
226.000000 2.024264
227.000000 1.973903
228.000000 1.923794
229.000000 1.868476
230.000000 1.815133
231.000000 1.773574
232.000000 1.748365
233.000000 1.737377
234.000000 1.735145
235.000000 1.736952
236.000000 1.740756
237.000000 1.746644
238.000000 1.755196
239.000000 1.766286
240.000000 1.778923
241.000000 1.791810
242.000000 1.803965
243.000000 1.814967
244.000000 1.824824
245.000000 1.833678
246.000000 1.841605
247.000000 1.848583
248.000000 1.854570
249.000000 1.859591
250.000000 1.863756
251.000000 1.867233
252.000000 1.870189
253.000000 1.872762
254.000000 1.875053
255.000000 1.877140
256.000000 1.879092
257.000000 1.880975
258.000000 1.882845
259.000000 1.884746
260.000000 1.886703
261.000000 1.888729
262.000000 1.890825
263.000000 1.892989
264.000000 1.895212
265.000000 1.897486
266.000000 1.899798
267.000000 1.902135
268.000000 1.904483
269.000000 1.906827
270.000000 1.909157
271.000000 1.911460
272.000000 1.913728
273.000000 1.915954
274.000000 1.918133
275.000000 1.920259
276.000000 1.922332
277.000000 1.924348
278.000000 1.926308
279.000000 1.928212
280.000000 1.930062
281.000000 1.931859
282.000000 1.933605
283.000000 1.935302
284.000000 1.936952
285.000000 1.938558
286.000000 1.940121
287.000000 1.941643
288.000000 1.943126
289.000000 1.944572
290.000000 1.945982
291.000000 1.947358
292.000000 1.948699
293.000000 1.950009
294.000000 1.951286
295.000000 1.952533
296.000000 1.953749
297.000000 1.954935
298.000000 1.956093
299.000000 1.957221
300.000000 1.958322
301.000000 1.959395
302.000000 1.960441
303.000000 1.961461
304.000000 1.962454
305.000000 1.963423
306.000000 1.964366
307.000000 1.965284
308.000000 1.966179
309.000000 1.967051
310.000000 1.967900
311.000000 1.723932
312.000000 1.452446
313.000000 1.331055
314.000000 1.393087
315.000000 1.557587
316.000000 1.721623
317.000000 1.830414
318.000000 1.888854
319.000000 1.930823
320.000000 1.983255
321.000000 2.050158
322.000000 2.118598
323.000000 2.173662
324.000000 2.208955
325.000000 2.227583
326.000000 2.236796
327.000000 2.242278
328.000000 2.245844
329.000000 2.246590
330.000000 2.243300
331.000000 2.236010
332.000000 2.226054
333.000000 2.215169
334.000000 2.204616
335.000000 2.194892
336.000000 2.185963
337.000000 2.177679
338.000000 2.170029
339.000000 2.163147
340.000000 2.157183
341.000000 2.152181
342.000000 2.148054
343.000000 2.144635
344.000000 2.141754
345.000000 2.139278
346.000000 2.137116
347.000000 2.135192
348.000000 2.133436
349.000000 2.131774
350.000000 2.130135
351.000000 2.128466
352.000000 2.126733
353.000000 2.124918
354.000000 2.123015
355.000000 2.121021
356.000000 2.118942
357.000000 2.116783
358.000000 2.114554
359.000000 2.112270
360.000000 2.109944
361.000000 2.107593
362.000000 2.105230
363.000000 2.102868
364.000000 2.100519
365.000000 2.098191
366.000000 2.095893
367.000000 2.093632
368.000000 2.091412
369.000000 2.089236
370.000000 2.087108
371.000000 2.085029
372.000000 2.082997
373.000000 2.081014
374.000000 2.079079
375.000000 2.077189
376.000000 2.075345
377.000000 2.073544
378.000000 2.071785
379.000000 2.070066
380.000000 2.068386
381.000000 2.066743
382.000000 2.065137
383.000000 2.063566
384.000000 2.062030
385.000000 2.060527
386.000000 2.059057
387.000000 2.057619
388.000000 2.056213
389.000000 2.054838
390.000000 2.053494
391.000000 2.052181
392.000000 2.050897
393.000000 2.049642
394.000000 2.048417
395.000000 2.047220
396.000000 2.046052
397.000000 2.044911
398.000000 2.043798
399.000000 2.042711
400.000000 2.041651
401.000000 2.040617
402.000000 2.039608
403.000000 2.038624
404.000000 2.037664
405.000000 2.036728
406.000000 2.035815
407.000000 2.034925
408.000000 2.034057
409.000000 2.033210
410.000000 2.032385
411.000000 -0.462433
412.000000 -3.069046
413.000000 -4.159942
414.000000 -3.633214
415.000000 -2.378947
416.000000 -1.320789
417.000000 -0.827743
418.000000 -0.722919
419.000000 -0.638377
420.000000 -0.344918
421.000000 0.145818
422.000000 0.679448
423.000000 1.111526
424.000000 1.393578
425.000000 1.563896
426.000000 1.687676
427.000000 1.805524
428.000000 1.919787
429.000000 2.011731
430.000000 2.065568
431.000000 2.080810
432.000000 2.069578
433.000000 2.046657
434.000000 2.021585
435.000000 1.997014
436.000000 1.971798
437.000000 1.944882
438.000000 1.917178
439.000000 1.891061
440.000000 1.868839
441.000000 1.851639
442.000000 1.839309
443.000000 1.831021
444.000000 1.825948
445.000000 1.823572
446.000000 1.823623
447.000000 1.825851
448.000000 1.829877
449.000000 1.835201
450.000000 1.841308
451.000000 1.847770
452.000000 1.854288
453.000000 1.860670
454.000000 1.866784
455.000000 1.872524
456.000000 1.877810
457.000000 1.882586
458.000000 1.886838
459.000000 1.890585
460.000000 1.893869
461.000000 1.896745
462.000000 1.899270
463.000000 1.901499
464.000000 1.903486
465.000000 1.905281
466.000000 1.906933
467.000000 1.908483
468.000000 1.909967
469.000000 1.911415
470.000000 1.912847
471.000000 1.914278
472.000000 1.915719
473.000000 1.917177
474.000000 1.918653
475.000000 1.920147
476.000000 1.921658
477.000000 1.923180
478.000000 1.924709
479.000000 1.926239
480.000000 1.927765
481.000000 1.929282
482.000000 1.930784
483.000000 1.932269
484.000000 1.933731
485.000000 1.935168
486.000000 1.936579
487.000000 1.937961
488.000000 1.939314
489.000000 1.940636
490.000000 1.941929
491.000000 1.943193
492.000000 1.944427
493.000000 1.945633
494.000000 1.946811
495.000000 1.947962
496.000000 1.949088
497.000000 1.950189
498.000000 1.951266
499.000000 1.952320
500.000000 1.953352
501.000000 1.954362
502.000000 1.955351
503.000000 1.956319
504.000000 1.957268
505.000000 1.958197
506.000000 1.959107
507.000000 1.959998
508.000000 1.960870
509.000000 1.961725
510.000000 1.962561
511.000000 1.101107
512.000000 2.402125
513.000000 4.500405
514.000000 6.017002
515.000000 6.443939
516.000000 6.117744
517.000000 5.661661
518.000000 5.473702
519.000000 5.571068
520.000000 5.744476
521.000000 5.795155
522.000000 5.667236
523.000000 5.432656
524.000000 5.198609
525.000000 5.028950
526.000000 4.924605
527.000000 4.851521
528.000000 4.778759
529.000000 4.698131
530.000000 4.620411
531.000000 4.560318
532.000000 4.524698
533.000000 4.510362
534.000000 4.509112
535.000000 4.513872
536.000000 4.521583
537.000000 4.532375
538.000000 4.547119
539.000000 4.565627
540.000000 4.586414
541.000000 4.607536
542.000000 4.627518
543.000000 4.645733
544.000000 4.662192
545.000000 4.677108
546.000000 4.690598
547.000000 4.702628
548.000000 4.713138
549.000000 4.722163
550.000000 4.729873
551.000000 4.736517
552.000000 4.742348
553.000000 4.747574
554.000000 4.752346
555.000000 4.756782
556.000000 4.760987
557.000000 4.765059
558.000000 4.769085
559.000000 4.773130
560.000000 4.777233
561.000000 4.781413
562.000000 4.785674
563.000000 4.790010
564.000000 4.794412
565.000000 4.798866
566.000000 4.803355
567.000000 4.807859
568.000000 4.812356
569.000000 4.816828
570.000000 4.821255
571.000000 4.825623
572.000000 4.829918
573.000000 4.834130
574.000000 4.838252
575.000000 4.842277
576.000000 4.846202
577.000000 4.850026
578.000000 4.853747
579.000000 4.857368
580.000000 4.860891
581.000000 4.864317
582.000000 4.867652
583.000000 4.870897
584.000000 4.874056
585.000000 4.877134
586.000000 4.880133
587.000000 4.883057
588.000000 4.885909
589.000000 4.888691
590.000000 4.891406
591.000000 4.894056
592.000000 4.896642
593.000000 4.899168
594.000000 4.901633
595.000000 4.904040
596.000000 4.906390
597.000000 4.908684
598.000000 4.910924
599.000000 4.913109
600.000000 4.915242
601.000000 4.917323
602.000000 4.919353
603.000000 4.921334
604.000000 4.923266
605.000000 4.925150
606.000000 4.926988
607.000000 4.928779
608.000000 4.930526
609.000000 4.932230
610.000000 4.933891
611.000000 6.159484
612.000000 7.522514
613.000000 8.134926
614.000000 7.830087
615.000000 7.012763
616.000000 6.197630
617.000000 5.658588
618.000000 5.371177
619.000000 5.165995
620.000000 4.908375
621.000000 4.578284
622.000000 4.240396
623.000000 3.969275
624.000000 3.796897
625.000000 3.707742
626.000000 3.665555
627.000000 3.641924
628.000000 3.627776
629.000000 3.627631
630.000000 3.647578
631.000000 3.687431
632.000000 3.740525
633.000000 3.798182
634.000000 3.854089
635.000000 3.905775
636.000000 3.953405
637.000000 3.997732
638.000000 4.038817
639.000000 4.075987
640.000000 4.108496
641.000000 4.136125
642.000000 4.159314
643.000000 4.178894
644.000000 4.195720
645.000000 4.210457
646.000000 4.223569
647.000000 4.235426
648.000000 4.246387
649.000000 4.256828
650.000000 4.267093
651.000000 4.277455
652.000000 4.288085
653.000000 4.299076
654.000000 4.310462
655.000000 4.322248
656.000000 4.334418
657.000000 4.346942
658.000000 4.359768
659.000000 4.372832
660.000000 4.386059
661.000000 4.399375
662.000000 4.412709
663.000000 4.425998
664.000000 4.439189
665.000000 4.452234
666.000000 4.465094
667.000000 4.477737
668.000000 4.490140
669.000000 4.502286
670.000000 4.514164
671.000000 4.525769
672.000000 4.537101
673.000000 4.548163
674.000000 4.558959
675.000000 4.569495
676.000000 4.579780
677.000000 4.589821
678.000000 4.599628
679.000000 4.609207
680.000000 4.618568
681.000000 4.627717
682.000000 4.636661
683.000000 4.645406
684.000000 4.653957
685.000000 4.662318
686.000000 4.670494
687.000000 4.678488
688.000000 4.686305
689.000000 4.693945
690.000000 4.701413
691.000000 4.708712
692.000000 4.715842
693.000000 4.722808
694.000000 4.729612
695.000000 4.736255
696.000000 4.742741
697.000000 4.749073
698.000000 4.755253
699.000000 4.761283
700.000000 4.767168
701.000000 4.772909
702.000000 4.778509
703.000000 4.783972
704.000000 4.789301
705.000000 4.794498
706.000000 4.799566
707.000000 4.804509
708.000000 4.809329
709.000000 4.814030
710.000000 4.818613
711.000000 6.485758
712.000000 8.227335
713.000000 8.958338
714.000000 8.610832
715.000000 7.778209
716.000000 7.076236
717.000000 6.750919
718.000000 6.684331
719.000000 6.631182
720.000000 6.438675
721.000000 6.114571
722.000000 5.761794
723.000000 5.476644
724.000000 5.291439
725.000000 5.180652
726.000000 5.100821
727.000000 5.024878
728.000000 4.951258
729.000000 4.892454
730.000000 4.858992
731.000000 4.851199
732.000000 4.860995
733.000000 4.878527
734.000000 4.897435
735.000000 4.915955
736.000000 4.934851
737.000000 4.954828
738.000000 4.975279
739.000000 4.994623
740.000000 5.011322
741.000000 5.024625
742.000000 5.034636
743.000000 5.041907
744.000000 5.046991
745.000000 5.050235
746.000000 5.051819
747.000000 5.051912
748.000000 5.050766
749.000000 5.048717
750.000000 5.046108
751.000000 5.043227
752.000000 5.040272
753.000000 5.037373
754.000000 5.034620
755.000000 5.032083
756.000000 5.029817
757.000000 5.027860
758.000000 5.026221
759.000000 5.024890
760.000000 5.023838
761.000000 5.023031
762.000000 5.022430
763.000000 5.021999
764.000000 5.021705
765.000000 5.021512
766.000000 5.021391
767.000000 5.021313
768.000000 5.021255
769.000000 5.021200
770.000000 5.021132
771.000000 5.021043
772.000000 5.020927
773.000000 5.020779
774.000000 5.020598
775.000000 5.020386
776.000000 5.020144
777.000000 5.019875
778.000000 5.019584
779.000000 5.019274
780.000000 5.018950
781.000000 5.018616
782.000000 5.018274
783.000000 5.017929
784.000000 5.017583
785.000000 5.017238
786.000000 5.016897
787.000000 5.016560
788.000000 5.016228
789.000000 5.015903
790.000000 5.015585
791.000000 5.015273
792.000000 5.014968
793.000000 5.014669
794.000000 5.014377
795.000000 5.014091
796.000000 5.013810
797.000000 5.013535
798.000000 5.013265
799.000000 5.012999
800.000000 5.012739
801.000000 5.012482
802.000000 5.012230
803.000000 5.011982
804.000000 5.011737
805.000000 5.011497
806.000000 5.011260
807.000000 5.011028
808.000000 5.010799
809.000000 5.010574
810.000000 5.010352
811.000000 6.447257
812.000000 4.280016
813.000000 0.783980
814.000000 -1.742607
815.000000 -2.453118
816.000000 -1.908433
817.000000 -1.147291
818.000000 -0.833044
819.000000 -0.994361
820.000000 -1.282436
821.000000 -1.365983
822.000000 -1.151887
823.000000 -0.760044
824.000000 -0.369107
825.000000 -0.085505
826.000000 0.089223
827.000000 0.211832
828.000000 0.333885
829.000000 0.469030
830.000000 0.599311
831.000000 0.700200
832.000000 0.760281
833.000000 0.784873
834.000000 0.787640
835.000000 0.780375
836.000000 0.768177
837.000000 0.750829
838.000000 0.726881
839.000000 0.696644
840.000000 0.662595
841.000000 0.627976
842.000000 0.595244
843.000000 0.565443
844.000000 0.538557
845.000000 0.514229
846.000000 0.492268
847.000000 0.472727
848.000000 0.455708
849.000000 0.441153
850.000000 0.428780
851.000000 0.418173
852.000000 0.408909
853.000000 0.400644
854.000000 0.393126
855.000000 0.386158
856.000000 0.379566
857.000000 0.373185
858.000000 0.366873
859.000000 0.360521
860.000000 0.354063
861.000000 0.347468
862.000000 0.340730
863.000000 0.333859
864.000000 0.326869
865.000000 0.319786
866.000000 0.312638
867.000000 0.305457
868.000000 0.298279
869.000000 0.291137
870.000000 0.284063
871.000000 0.277081
872.000000 0.270213
873.000000 0.263477
874.000000 0.256886
875.000000 0.250450
876.000000 0.244174
877.000000 0.238062
878.000000 0.232114
879.000000 0.226328
880.000000 0.220701
881.000000 0.215228
882.000000 0.209904
883.000000 0.204724
884.000000 0.199680
885.000000 0.194769
886.000000 0.189984
887.000000 0.185319
888.000000 0.180771
889.000000 0.176334
890.000000 0.172005
891.000000 0.167780
892.000000 0.163656
893.000000 0.159630
894.000000 0.155700
895.000000 0.151863
896.000000 0.148117
897.000000 0.144462
898.000000 0.140894
899.000000 0.137411
900.000000 0.134014
