1.000000 0.000000
2.000000 0.000000
3.000000 0.000000
4.000000 0.000000
5.000000 0.000000
6.000000 0.000000
7.000000 0.000000
8.000000 0.000000
9.000000 0.000000
10.000000 0.000000
11.000000 -0.265580
12.000000 -0.204555
13.000000 -0.092002
14.000000 -0.087222
15.000000 -0.112522
16.000000 -0.103923
17.000000 -0.089630
18.000000 -0.093128
19.000000 -0.102519
20.000000 -0.106719
21.000000 -0.108452
22.000000 -0.111006
23.000000 -0.112920
24.000000 -0.112772
25.000000 -0.111203
26.000000 -0.109050
27.000000 -0.106427
28.000000 -0.103344
29.000000 -0.100028
30.000000 -0.096689
31.000000 -0.093385
32.000000 -0.090120
33.000000 -0.086914
34.000000 -0.083779
35.000000 -0.080706
36.000000 -0.077685
37.000000 -0.074711
38.000000 -0.071787
39.000000 -0.068914
40.000000 -0.066096
41.000000 -0.063341
42.000000 -0.060655
43.000000 -0.058043
44.000000 -0.055511
45.000000 -0.053062
46.000000 -0.050698
47.000000 -0.048420
48.000000 -0.046228
49.000000 -0.044121
50.000000 -0.042097
51.000000 -0.040156
52.000000 -0.038295
53.000000 -0.036512
54.000000 -0.034805
55.000000 -0.033172
56.000000 -0.031610
57.000000 -0.030117
58.000000 -0.028691
59.000000 -0.027330
60.000000 -0.026032
61.000000 -0.024793
62.000000 -0.023613
63.000000 -0.022487
64.000000 -0.021415
65.000000 -0.020395
66.000000 -0.019423
67.000000 -0.018498
68.000000 -0.017617
69.000000 -0.016780
70.000000 -0.015983
71.000000 -0.015226
72.000000 -0.014506
73.000000 -0.013821
74.000000 -0.013170
75.000000 -0.012552
76.000000 -0.011964
77.000000 -0.011405
78.000000 -0.010875
79.000000 -0.010370
80.000000 -0.009891
81.000000 -0.009436
82.000000 -0.009004
83.000000 -0.008593
84.000000 -0.008203
85.000000 -0.007832
86.000000 -0.007480
87.000000 -0.007146
88.000000 -0.006828
89.000000 -0.006526
90.000000 -0.006239
91.000000 -0.005966
92.000000 -0.005707
93.000000 -0.005461
94.000000 -0.005227
95.000000 -0.005005
96.000000 -0.004793
97.000000 -0.004592
98.000000 -0.004401
99.000000 -0.004219
100.000000 -0.004046
101.000000 -0.003881
102.000000 -0.003725
103.000000 -0.003576
104.000000 -0.003434
105.000000 -0.003299
106.000000 -0.003170
107.000000 -0.003048
108.000000 -0.002931
109.000000 -0.002820
110.000000 -0.002714
111.000000 8.895678
112.000000 9.324247
113.000000 9.914441
114.000000 10.017243
115.000000 10.090323
116.000000 10.100401
117.000000 10.093918
118.000000 10.092232
119.000000 10.093636
120.000000 10.091774
121.000000 10.087967
122.000000 10.084703
123.000000 10.081604
124.000000 10.077818
125.000000 10.073627
126.000000 10.069538
127.000000 10.065621
128.000000 10.061813
129.000000 10.058169
130.000000 10.054763
131.000000 10.051588
132.000000 10.048609
133.000000 10.045807
134.000000 10.043169
135.000000 10.040678
136.000000 10.038314
137.000000 10.036067
138.000000 10.033930
139.000000 10.031897
140.000000 10.029965
141.000000 10.028130
142.000000 10.026390
143.000000 10.024742
144.000000 10.023182
145.000000 10.021708
146.000000 10.020316
147.000000 10.019001
148.000000 10.017760
149.000000 10.016590
150.000000 10.015486
151.000000 10.014445
152.000000 10.013463
153.000000 10.012538
154.000000 10.011666
155.000000 10.010845
156.000000 10.010071
157.000000 10.009343
158.000000 10.008658
159.000000 10.008013
160.000000 10.007407
161.000000 10.006836
162.000000 10.006301
163.000000 10.005797
164.000000 10.005325
165.000000 10.004881
166.000000 10.004465
167.000000 10.004074
168.000000 10.003708
169.000000 10.003365
170.000000 10.003043
171.000000 10.002742
172.000000 10.002460
173.000000 10.002196
174.000000 10.001950
175.000000 10.001719
176.000000 10.001504
177.000000 10.001303
178.000000 10.001115
179.000000 10.000940
180.000000 10.000777
181.000000 10.000626
182.000000 10.000484
183.000000 10.000353
184.000000 10.000232
185.000000 10.000119
186.000000 10.000014
187.000000 9.999917
188.000000 9.999827
189.000000 9.999744
190.000000 9.999668
191.000000 9.999598
192.000000 9.999533
193.000000 9.999474
194.000000 9.999420
195.000000 9.999370
196.000000 9.999325
197.000000 9.999284
198.000000 9.999247
199.000000 9.999213
200.000000 9.999183
201.000000 9.999156
202.000000 9.999132
203.000000 9.999110
204.000000 9.999092
205.000000 9.999075
206.000000 9.999061
207.000000 9.999049
208.000000 9.999039
209.000000 9.999031
210.000000 9.999025
211.000000 10.056666
212.000000 10.127407
213.000000 10.082801
214.000000 10.050234
215.000000 10.056307
216.000000 10.059704
217.000000 10.049167
218.000000 10.040853
219.000000 10.039578
220.000000 10.039176
221.000000 10.037286
222.000000 10.035782
223.000000 10.035250
224.000000 10.034724
225.000000 10.033774
226.000000 10.032664
227.000000 10.031542
228.000000 10.030331
229.000000 10.029019
230.000000 10.027686
231.000000 10.026385
232.000000 10.025127
233.000000 10.023915
234.000000 10.022760
235.000000 10.021668
236.000000 10.020632
237.000000 10.019647
238.000000 10.018709
239.000000 10.017813
240.000000 10.016955
241.000000 10.016134
242.000000 10.015346
243.000000 10.014592
244.000000 10.013870
245.000000 10.013180
246.000000 10.012520
247.000000 10.011891
248.000000 10.011292
249.000000 10.010721
250.000000 10.010179
251.000000 10.009662
252.000000 10.009171
253.000000 10.008705
254.000000 10.008261
255.000000 10.007840
256.000000 10.007440
257.000000 10.007060
258.000000 10.006700
259.000000 10.006357
260.000000 10.006033
261.000000 10.005724
262.000000 10.005432
263.000000 10.005155
264.000000 10.004892
265.000000 10.004642
266.000000 10.004406
267.000000 10.004182
268.000000 10.003970
269.000000 10.003769
270.000000 10.003578
271.000000 10.003398
272.000000 10.003226
273.000000 10.003064
274.000000 10.002911
275.000000 10.002765
276.000000 10.002628
277.000000 10.002497
278.000000 10.002374
279.000000 10.002257
280.000000 10.002146
281.000000 10.002041
282.000000 10.001941
283.000000 10.001847
284.000000 10.001758
285.000000 10.001673
286.000000 10.001593
287.000000 10.001518
288.000000 10.001446
289.000000 10.001378
290.000000 10.001313
291.000000 10.001252
292.000000 10.001194
293.000000 10.001139
294.000000 10.001087
295.000000 10.001038
296.000000 10.000991
297.000000 10.000947
298.000000 10.000905
299.000000 10.000865
300.000000 10.000828
301.000000 10.000792
302.000000 10.000758
303.000000 10.000726
304.000000 10.000695
305.000000 10.000666
306.000000 10.000638
307.000000 10.000612
308.000000 10.000587
309.000000 10.000564
310.000000 10.000541
311.000000 9.941502
312.000000 9.955043
313.000000 9.980035
314.000000 9.981079
315.000000 9.975439
316.000000 9.977334
317.000000 9.980494
318.000000 9.979702
319.000000 9.977600
320.000000 9.976653
321.000000 9.976255
322.000000 9.975675
323.000000 9.975238
324.000000 9.975260
325.000000 9.975597
326.000000 9.976066
327.000000 9.976639
328.000000 9.977314
329.000000 9.978042
330.000000 9.978775
331.000000 9.979502
332.000000 9.980219
333.000000 9.980924
334.000000 9.981614
335.000000 9.982289
336.000000 9.982954
337.000000 9.983609
338.000000 9.984252
339.000000 9.984885
340.000000 9.985505
341.000000 9.986112
342.000000 9.986704
343.000000 9.987279
344.000000 9.987837
345.000000 9.988377
346.000000 9.988898
347.000000 9.989400
348.000000 9.989883
349.000000 9.990347
350.000000 9.990793
351.000000 9.991220
352.000000 9.991630
353.000000 9.992023
354.000000 9.992399
355.000000 9.992759
356.000000 9.993103
357.000000 9.993431
358.000000 9.993745
359.000000 9.994045
360.000000 9.994330
361.000000 9.994603
362.000000 9.994863
363.000000 9.995110
364.000000 9.995346
365.000000 9.995570
366.000000 9.995784
367.000000 9.995987
368.000000 9.996181
369.000000 9.996365
370.000000 9.996540
371.000000 9.996706
372.000000 9.996864
373.000000 9.997014
374.000000 9.997157
375.000000 9.997293
376.000000 9.997422
377.000000 9.997544
378.000000 9.997660
379.000000 9.997771
380.000000 9.997876
381.000000 9.997975
382.000000 9.998070
383.000000 9.998159
384.000000 9.998245
385.000000 9.998326
386.000000 9.998403
387.000000 9.998476
388.000000 9.998545
389.000000 9.998611
390.000000 9.998673
391.000000 9.998732
392.000000 9.998789
393.000000 9.998842
394.000000 9.998893
395.000000 9.998941
396.000000 9.998987
397.000000 9.999031
398.000000 9.999072
399.000000 9.999112
400.000000 9.999149
401.000000 9.999185
402.000000 9.999219
403.000000 9.999251
404.000000 9.999281
405.000000 9.999311
406.000000 9.999338
407.000000 9.999365
408.000000 9.999390
409.000000 9.999414
410.000000 9.999436
411.000000 4.660484
412.000000 4.403421
413.000000 4.049379
414.000000 3.987769
415.000000 3.943990
416.000000 3.938008
417.000000 3.941960
418.000000 3.943031
419.000000 3.942245
420.000000 3.943416
421.000000 3.945752
422.000000 3.947760
423.000000 3.949667
424.000000 3.951984
425.000000 3.954542
426.000000 3.957036
427.000000 3.959426
428.000000 3.961749
429.000000 3.963972
430.000000 3.966051
431.000000 3.967990
432.000000 3.969809
433.000000 3.971521
434.000000 3.973134
435.000000 3.974657
436.000000 3.976103
437.000000 3.977477
438.000000 3.978785
439.000000 3.980029
440.000000 3.981212
441.000000 3.982335
442.000000 3.983401
443.000000 3.984411
444.000000 3.985367
445.000000 3.986271
446.000000 3.987126
447.000000 3.987932
448.000000 3.988694
449.000000 3.989414
450.000000 3.990092
451.000000 3.990733
452.000000 3.991337
453.000000 3.991907
454.000000 3.992445
455.000000 3.992951
456.000000 3.993429
457.000000 3.993879
458.000000 3.994303
459.000000 3.994702
460.000000 3.995078
461.000000 3.995431
462.000000 3.995764
463.000000 3.996077
464.000000 3.996371
465.000000 3.996647
466.000000 3.996907
467.000000 3.997151
468.000000 3.997380
469.000000 3.997595
470.000000 3.997797
471.000000 3.997986
472.000000 3.998164
473.000000 3.998330
474.000000 3.998486
475.000000 3.998633
476.000000 3.998769
477.000000 3.998897
478.000000 3.999017
479.000000 3.999129
480.000000 3.999233
481.000000 3.999331
482.000000 3.999422
483.000000 3.999507
484.000000 3.999587
485.000000 3.999660
486.000000 3.999729
487.000000 3.999793
488.000000 3.999852
489.000000 3.999908
490.000000 3.999959
491.000000 4.000006
492.000000 4.000050
493.000000 4.000091
494.000000 4.000128
495.000000 4.000163
496.000000 4.000194
497.000000 4.000223
498.000000 4.000250
499.000000 4.000275
500.000000 4.000297
501.000000 4.000317
502.000000 4.000336
503.000000 4.000353
504.000000 4.000368
505.000000 4.000381
506.000000 4.000393
507.000000 4.000404
508.000000 4.000414
509.000000 4.000422
510.000000 4.000429
511.000000 4.086905
512.000000 4.193027
513.000000 4.126125
514.000000 4.077279
515.000000 4.086391
516.000000 4.091486
517.000000 4.075677
518.000000 4.063202
519.000000 4.061284
520.000000 4.060672
521.000000 4.057828
522.000000 4.055561
523.000000 4.054751
524.000000 4.053947
525.000000 4.052508
526.000000 4.050828
527.000000 4.049127
528.000000 4.047294
529.000000 4.045308
530.000000 4.043289
531.000000 4.041319
532.000000 4.039410
533.000000 4.037571
534.000000 4.035819
535.000000 4.034159
536.000000 4.032584
537.000000 4.031084
538.000000 4.029654
539.000000 4.028288
540.000000 4.026979
541.000000 4.025724
542.000000 4.024520
543.000000 4.023366
544.000000 4.022260
545.000000 4.021202
546.000000 4.020190
547.000000 4.019224
548.000000 4.018302
549.000000 4.017423
550.000000 4.016587
551.000000 4.015790
552.000000 4.015031
553.000000 4.014309
554.000000 4.013622
555.000000 4.012969
556.000000 4.012347
557.000000 4.011756
558.000000 4.011194
559.000000 4.010660
560.000000 4.010152
561.000000 4.009670
562.000000 4.009211
563.000000 4.008775
564.000000 4.008361
565.000000 4.007968
566.000000 4.007594
567.000000 4.007239
568.000000 4.006902
569.000000 4.006582
570.000000 4.006278
571.000000 4.005990
572.000000 4.005715
573.000000 4.005455
574.000000 4.005208
575.000000 4.004973
576.000000 4.004750
577.000000 4.004538
578.000000 4.004337
579.000000 4.004145
580.000000 4.003964
581.000000 4.003791
582.000000 4.003627
583.000000 4.003471
584.000000 4.003323
585.000000 4.003182
586.000000 4.003048
587.000000 4.002921
588.000000 4.002800
589.000000 4.002685
590.000000 4.002575
591.000000 4.002471
592.000000 4.002371
593.000000 4.002277
594.000000 4.002187
595.000000 4.002101
596.000000 4.002020
597.000000 4.001942
598.000000 4.001868
599.000000 4.001797
600.000000 4.001730
601.000000 4.001666
602.000000 4.001605
603.000000 4.001546
604.000000 4.001491
605.000000 4.001437
606.000000 4.001386
607.000000 4.001338
608.000000 4.001292
609.000000 4.001247
610.000000 4.001205
611.000000 4.296253
612.000000 4.228409
613.000000 4.103313
614.000000 4.097966
615.000000 4.126043
616.000000 4.116456
617.000000 4.100544
618.000000 4.104400
619.000000 4.114805
620.000000 4.119445
621.000000 4.121344
622.000000 4.124156
623.000000 4.126259
624.000000 4.126070
625.000000 4.124304
626.000000 4.121890
627.000000 4.118955
628.000000 4.115509
629.000000 4.111806
630.000000 4.108078
631.000000 4.104388
632.000000 4.100743
633.000000 4.097164
634.000000 4.093665
635.000000 4.090235
636.000000 4.086863
637.000000 4.083545
638.000000 4.080281
639.000000 4.077075
640.000000 4.073932
641.000000 4.070858
642.000000 4.067861
643.000000 4.064947
644.000000 4.062123
645.000000 4.059390
646.000000 4.056752
647.000000 4.054211
648.000000 4.051765
649.000000 4.049414
650.000000 4.047156
651.000000 4.044990
652.000000 4.042913
653.000000 4.040924
654.000000 4.039018
655.000000 4.037195
656.000000 4.035452
657.000000 4.033786
658.000000 4.032194
659.000000 4.030675
660.000000 4.029225
661.000000 4.027842
662.000000 4.026523
663.000000 4.025266
664.000000 4.024069
665.000000 4.022928
666.000000 4.021842
667.000000 4.020808
668.000000 4.019825
669.000000 4.018889
670.000000 4.017998
671.000000 4.017151
672.000000 4.016346
673.000000 4.015580
674.000000 4.014852
675.000000 4.014160
676.000000 4.013502
677.000000 4.012877
678.000000 4.012282
679.000000 4.011718
680.000000 4.011181
681.000000 4.010671
682.000000 4.010187
683.000000 4.009727
684.000000 4.009289
685.000000 4.008874
686.000000 4.008479
687.000000 4.008103
688.000000 4.007747
689.000000 4.007408
690.000000 4.007086
691.000000 4.006779
692.000000 4.006488
693.000000 4.006211
694.000000 4.005948
695.000000 4.005698
696.000000 4.005460
697.000000 4.005234
698.000000 4.005019
699.000000 4.004814
700.000000 4.004619
701.000000 4.004433
702.000000 4.004257
703.000000 4.004089
704.000000 4.003928
705.000000 4.003776
706.000000 4.003631
707.000000 4.003492
708.000000 4.003360
709.000000 4.003234
710.000000 4.003114
711.000000 7.562316
712.000000 7.733596
713.000000 7.969532
714.000000 8.010518
715.000000 8.039622
716.000000 8.043530
717.000000 8.040820
718.000000 8.040033
719.000000 8.040488
720.000000 8.039641
721.000000 8.038020
722.000000 8.036620
723.000000 8.035291
724.000000 8.033690
725.000000 8.031932
726.000000 8.030217
727.000000 8.028575
728.000000 8.026979
729.000000 8.025452
730.000000 8.024023
731.000000 8.022688
732.000000 8.021435
733.000000 8.020255
734.000000 8.019143
735.000000 8.018092
736.000000 8.017094
737.000000 8.016145
738.000000 8.015241
739.000000 8.014381
740.000000 8.013563
741.000000 8.012786
742.000000 8.012048
743.000000 8.011348
744.000000 8.010685
745.000000 8.010058
746.000000 8.009464
747.000000 8.008903
748.000000 8.008373
749.000000 8.007872
750.000000 8.007399
751.000000 8.006952
752.000000 8.006529
753.000000 8.006130
754.000000 8.005754
755.000000 8.005398
756.000000 8.005063
757.000000 8.004746
758.000000 8.004447
759.000000 8.004166
760.000000 8.003900
761.000000 8.003650
762.000000 8.003413
763.000000 8.003191
764.000000 8.002981
765.000000 8.002784
766.000000 8.002598
767.000000 8.002423
768.000000 8.002258
769.000000 8.002103
770.000000 8.001957
771.000000 8.001819
772.000000 8.001690
773.000000 8.001569
774.000000 8.001454
775.000000 8.001347
776.000000 8.001246
777.000000 8.001151
778.000000 8.001062
779.000000 8.000978
780.000000 8.000900
781.000000 8.000826
782.000000 8.000757
783.000000 8.000692
784.000000 8.000631
785.000000 8.000574
786.000000 8.000521
787.000000 8.000471
788.000000 8.000424
789.000000 8.000380
790.000000 8.000339
791.000000 8.000301
792.000000 8.000265
793.000000 8.000231
794.000000 8.000200
795.000000 8.000171
796.000000 8.000143
797.000000 8.000118
798.000000 8.000095
799.000000 8.000073
800.000000 8.000052
801.000000 8.000033
802.000000 8.000016
803.000000 7.999999
804.000000 7.999984
805.000000 7.999970
806.000000 7.999957
807.000000 7.999945
808.000000 7.999934
809.000000 7.999924
810.000000 7.999915
811.000000 7.855792
812.000000 7.678923
813.000000 7.790426
814.000000 7.871834
815.000000 7.856647
816.000000 7.848153
817.000000 7.874499
818.000000 7.895288
819.000000 7.898481
820.000000 7.899498
821.000000 7.904233
822.000000 7.908007
823.000000 7.909352
824.000000 7.910686
825.000000 7.913080
826.000000 7.915874
827.000000 7.918702
828.000000 7.921751
829.000000 7.925054
830.000000 7.928413
831.000000 7.931690
832.000000 7.934864
833.000000 7.937921
834.000000 7.940834
835.000000 7.943594
836.000000 7.946212
837.000000 7.948704
838.000000 7.951080
839.000000 7.953350
840.000000 7.955524
841.000000 7.957608
842.000000 7.959607
843.000000 7.961523
844.000000 7.963359
845.000000 7.965115
846.000000 7.966794
847.000000 7.968397
848.000000 7.969925
849.000000 7.971382
850.000000 7.972770
851.000000 7.974091
852.000000 7.975348
853.000000 7.976544
854.000000 7.977682
855.000000 7.978764
856.000000 7.979793
857.000000 7.980771
858.000000 7.981701
859.000000 7.982585
860.000000 7.983425
861.000000 7.984223
862.000000 7.984981
863.000000 7.985701
864.000000 7.986385
865.000000 7.987034
866.000000 7.987651
867.000000 7.988236
868.000000 7.988792
869.000000 7.989320
870.000000 7.989820
871.000000 7.990296
872.000000 7.990747
873.000000 7.991176
874.000000 7.991583
875.000000 7.991969
876.000000 7.992336
877.000000 7.992684
878.000000 7.993014
879.000000 7.993328
880.000000 7.993626
881.000000 7.993909
882.000000 7.994178
883.000000 7.994433
884.000000 7.994675
885.000000 7.994906
886.000000 7.995124
887.000000 7.995332
888.000000 7.995530
889.000000 7.995718
890.000000 7.995897
891.000000 7.996066
892.000000 7.996228
893.000000 7.996382
894.000000 7.996528
895.000000 7.996667
896.000000 7.996799
897.000000 7.996925
898.000000 7.997045
899.000000 7.997159
900.000000 7.997268
