1.000000 0.000000
2.000000 0.000000
3.000000 0.000000
4.000000 0.000000
5.000000 0.000000
6.000000 0.000000
7.000000 0.000000
8.000000 0.000000
9.000000 0.000000
10.000000 7.211313
11.000000 4.965963
12.000000 4.956258
13.000000 4.954072
14.000000 4.991865
15.000000 5.022021
16.000000 5.045028
17.000000 5.060814
18.000000 5.070362
19.000000 5.074523
20.000000 5.074073
21.000000 5.069703
22.000000 5.062025
23.000000 5.051582
24.000000 5.038849
25.000000 5.024243
26.000000 5.008121
27.000000 4.990795
28.000000 4.972530
29.000000 4.953554
30.000000 4.934061
31.000000 4.914216
32.000000 4.894157
33.000000 4.874002
34.000000 4.853849
35.000000 4.833781
36.000000 4.813865
37.000000 4.794157
38.000000 4.774705
39.000000 4.755545
40.000000 4.736708
41.000000 4.718217
42.000000 4.700092
43.000000 4.682346
44.000000 4.664990
45.000000 4.648031
46.000000 4.631474
47.000000 4.615319
48.000000 4.599569
49.000000 4.584221
50.000000 4.569272
51.000000 4.554719
52.000000 4.540556
53.000000 4.526780
54.000000 4.513382
55.000000 4.500357
56.000000 4.487697
57.000000 4.475396
58.000000 4.463445
59.000000 4.451837
60.000000 4.440565
61.000000 4.429619
62.000000 4.418993
63.000000 4.408679
64.000000 4.398668
65.000000 4.388952
66.000000 4.379525
67.000000 4.370377
68.000000 4.361503
69.000000 4.352894
70.000000 4.344542
71.000000 4.336442
72.000000 4.328585
73.000000 4.320965
74.000000 4.313575
75.000000 4.306409
76.000000 4.299459
77.000000 4.292720
78.000000 4.286186
79.000000 4.279851
80.000000 4.273708
81.000000 4.267752
82.000000 4.261978
83.000000 4.256379
84.000000 4.250952
85.000000 4.245690
86.000000 4.240589
87.000000 4.235643
88.000000 4.230849
89.000000 4.226202
90.000000 4.221696
91.000000 4.217328
92.000000 4.213094
93.000000 4.208989
94.000000 4.205010
95.000000 4.201152
96.000000 4.197413
97.000000 4.193787
98.000000 4.190273
99.000000 4.186866
100.000000 4.183563
101.000000 4.180361
102.000000 4.177256
103.000000 4.174247
104.000000 4.171329
105.000000 4.168500
106.000000 4.165758
107.000000 4.163099
108.000000 4.160521
109.000000 4.158021
110.000000 4.155597
111.000000 1.766022
112.000000 2.267833
113.000000 2.271755
114.000000 2.251604
115.000000 2.212270
116.000000 2.173375
117.000000 2.136321
118.000000 2.101604
119.000000 2.069128
120.000000 2.038752
121.000000 2.010322
122.000000 1.983684
123.000000 1.958691
124.000000 1.935204
125.000000 1.913093
126.000000 1.892239
127.000000 1.872535
128.000000 1.853882
129.000000 1.836194
130.000000 1.819392
131.000000 1.803406
132.000000 1.788173
133.000000 1.773637
134.000000 1.759748
135.000000 1.746461
136.000000 1.733737
137.000000 1.721538
138.000000 1.709833
139.000000 1.698592
140.000000 1.687789
141.000000 1.677399
142.000000 1.667400
143.000000 1.657772
144.000000 1.648496
145.000000 1.639555
146.000000 1.630934
147.000000 1.622617
148.000000 1.614592
149.000000 1.606844
150.000000 1.599363
151.000000 1.592136
152.000000 1.585155
153.000000 1.578408
154.000000 1.571886
155.000000 1.565580
156.000000 1.559483
157.000000 1.553585
158.000000 1.547880
159.000000 1.542360
160.000000 1.537019
161.000000 1.531850
162.000000 1.526845
163.000000 1.522001
164.000000 1.517310
165.000000 1.512768
166.000000 1.508369
167.000000 1.504108
168.000000 1.499980
169.000000 1.495980
170.000000 1.492105
171.000000 1.488350
172.000000 1.484710
173.000000 1.481183
174.000000 1.477763
175.000000 1.474447
176.000000 1.471233
177.000000 1.468115
178.000000 1.465092
179.000000 1.462160
180.000000 1.459316
181.000000 1.456558
182.000000 1.453881
183.000000 1.451284
184.000000 1.448764
185.000000 1.446319
186.000000 1.443945
187.000000 1.441641
188.000000 1.439405
189.000000 1.437234
190.000000 1.435126
191.000000 1.433079
192.000000 1.431092
193.000000 1.429162
194.000000 1.427287
195.000000 1.425466
196.000000 1.423698
197.000000 1.421979
198.000000 1.420310
199.000000 1.418688
200.000000 1.417111
201.000000 1.415579
202.000000 1.414091
203.000000 1.412644
204.000000 1.411237
205.000000 1.409869
206.000000 1.408540
207.000000 1.407247
208.000000 1.405991
209.000000 1.404768
210.000000 1.403580
211.000000 1.269184
212.000000 1.319245
213.000000 1.317140
214.000000 1.318989
215.000000 1.320805
216.000000 1.323852
217.000000 1.327804
218.000000 1.332480
219.000000 1.337706
220.000000 1.343346
221.000000 1.349291
222.000000 1.355450
223.000000 1.361753
224.000000 1.368140
225.000000 1.374565
226.000000 1.380989
227.000000 1.387381
228.000000 1.393716
229.000000 1.399975
230.000000 1.406141
231.000000 1.412203
232.000000 1.418150
233.000000 1.423975
234.000000 1.429673
235.000000 1.435240
236.000000 1.440673
237.000000 1.445971
238.000000 1.451134
239.000000 1.456160
240.000000 1.461052
241.000000 1.465810
242.000000 1.470435
243.000000 1.474931
244.000000 1.479298
245.000000 1.483539
246.000000 1.487657
247.000000 1.491654
248.000000 1.495533
249.000000 1.499296
250.000000 1.502947
251.000000 1.506488
252.000000 1.509922
253.000000 1.513252
254.000000 1.516480
255.000000 1.519610
256.000000 1.522644
257.000000 1.525584
258.000000 1.528434
259.000000 1.531196
260.000000 1.533872
261.000000 1.536465
262.000000 1.538977
263.000000 1.541411
264.000000 1.543770
265.000000 1.546054
266.000000 1.548267
267.000000 1.550411
268.000000 1.552488
269.000000 1.554499
270.000000 1.556448
271.000000 1.558335
272.000000 1.560162
273.000000 1.561932
274.000000 1.563646
275.000000 1.565307
276.000000 1.566915
277.000000 1.568472
278.000000 1.569980
279.000000 1.571440
280.000000 1.572854
281.000000 1.574224
282.000000 1.575550
283.000000 1.576834
284.000000 1.578078
285.000000 1.579282
286.000000 1.580448
287.000000 1.581578
288.000000 1.582671
289.000000 1.583730
290.000000 1.584756
291.000000 1.585749
292.000000 1.586710
293.000000 1.587642
294.000000 1.588544
295.000000 1.589417
296.000000 1.590263
297.000000 1.591082
298.000000 1.591875
299.000000 1.592643
300.000000 1.593387
301.000000 1.594108
302.000000 1.594805
303.000000 1.595481
304.000000 1.596136
305.000000 1.596770
306.000000 1.597384
307.000000 1.597978
308.000000 1.598554
309.000000 1.599112
310.000000 3.202167
311.000000 2.703723
312.000000 2.702074
313.000000 2.702079
314.000000 2.710954
315.000000 2.718116
316.000000 2.723675
317.000000 2.727616
318.000000 2.730157
319.000000 2.731488
320.000000 2.731781
321.000000 2.731191
322.000000 2.729854
323.000000 2.727891
324.000000 2.725409
325.000000 2.722499
326.000000 2.719242
327.000000 2.715707
328.000000 2.711954
329.000000 2.708034
330.000000 2.703990
331.000000 2.699858
332.000000 2.695671
333.000000 2.691453
334.000000 2.687229
335.000000 2.683015
336.000000 2.678827
337.000000 2.674679
338.000000 2.670580
339.000000 2.666540
340.000000 2.662564
341.000000 2.658660
342.000000 2.654830
343.000000 2.651078
344.000000 2.647408
345.000000 2.643820
346.000000 2.640315
347.000000 2.636895
348.000000 2.633560
349.000000 2.630309
350.000000 2.627142
351.000000 2.624058
352.000000 2.621057
353.000000 2.618137
354.000000 2.615297
355.000000 2.612536
356.000000 2.609852
357.000000 2.607244
358.000000 2.604710
359.000000 2.602248
360.000000 2.599858
361.000000 2.597537
362.000000 2.595284
363.000000 2.593096
364.000000 2.590973
365.000000 2.588913
366.000000 2.586914
367.000000 2.584975
368.000000 2.583093
369.000000 2.581267
370.000000 2.579497
371.000000 2.577779
372.000000 2.576114
373.000000 2.574498
374.000000 2.572932
375.000000 2.571413
376.000000 2.569940
377.000000 2.568512
378.000000 2.567128
379.000000 2.565785
380.000000 2.564484
381.000000 2.563222
382.000000 2.561999
383.000000 2.560813
384.000000 2.559664
385.000000 2.558550
386.000000 2.557470
387.000000 2.556423
388.000000 2.555408
389.000000 2.554424
390.000000 2.553471
391.000000 2.552547
392.000000 2.551651
393.000000 2.550783
394.000000 2.549941
395.000000 2.549125
396.000000 2.548335
397.000000 2.547568
398.000000 2.546826
399.000000 2.546106
400.000000 2.545408
401.000000 2.544731
402.000000 2.544075
403.000000 2.543440
404.000000 2.542824
405.000000 2.542226
406.000000 2.541648
407.000000 2.541086
408.000000 2.540542
409.000000 2.540015
410.000000 2.539504
411.000000 3.971344
412.000000 3.668409
413.000000 3.664264
414.000000 3.674618
415.000000 3.696535
416.000000 3.718238
417.000000 3.738887
418.000000 3.758181
419.000000 3.776178
420.000000 3.792959
421.000000 3.808617
422.000000 3.823241
423.000000 3.836919
424.000000 3.849734
425.000000 3.861761
426.000000 3.873071
427.000000 3.883728
428.000000 3.893789
429.000000 3.903304
430.000000 3.912321
431.000000 3.920881
432.000000 3.929019
433.000000 3.936769
434.000000 3.944159
435.000000 3.951217
436.000000 3.957964
437.000000 3.964422
438.000000 3.970609
439.000000 3.976543
440.000000 3.982238
441.000000 3.987708
442.000000 3.992967
443.000000 3.998024
444.000000 4.002892
445.000000 4.007578
446.000000 4.012093
447.000000 4.016445
448.000000 4.020641
449.000000 4.024688
450.000000 4.028592
451.000000 4.032361
452.000000 4.036000
453.000000 4.039513
454.000000 4.042907
455.000000 4.046187
456.000000 4.049356
457.000000 4.052419
458.000000 4.055380
459.000000 4.058244
460.000000 4.061013
461.000000 4.063692
462.000000 4.066284
463.000000 4.068791
464.000000 4.071218
465.000000 4.073567
466.000000 4.075841
467.000000 4.078042
468.000000 4.080173
469.000000 4.082237
470.000000 4.084236
471.000000 4.086173
472.000000 4.088049
473.000000 4.089866
474.000000 4.091627
475.000000 4.093334
476.000000 4.094988
477.000000 4.096591
478.000000 4.098145
479.000000 4.099652
480.000000 4.101113
481.000000 4.102530
482.000000 4.103904
483.000000 4.105237
484.000000 4.106530
485.000000 4.107784
486.000000 4.109001
487.000000 4.110182
488.000000 4.111328
489.000000 4.112440
490.000000 4.113519
491.000000 4.114567
492.000000 4.115584
493.000000 4.116571
494.000000 4.117530
495.000000 4.118461
496.000000 4.119365
497.000000 4.120243
498.000000 4.121096
499.000000 4.121925
500.000000 4.122730
501.000000 4.123512
502.000000 4.124272
503.000000 4.125011
504.000000 4.125729
505.000000 4.126426
506.000000 4.127104
507.000000 4.127763
508.000000 4.128404
509.000000 4.129027
510.000000 4.129633
511.000000 3.930362
512.000000 4.007713
513.000000 4.006754
514.000000 4.011665
515.000000 4.016468
516.000000 4.023063
517.000000 4.030959
518.000000 4.039889
519.000000 4.049593
520.000000 4.059867
521.000000 4.070549
522.000000 4.081507
523.000000 4.092633
524.000000 4.103842
525.000000 4.115065
526.000000 4.126244
527.000000 4.137334
528.000000 4.148300
529.000000 4.159113
530.000000 4.169750
531.000000 4.180193
532.000000 4.190429
533.000000 4.200449
534.000000 4.210244
535.000000 4.219810
536.000000 4.229144
537.000000 4.238246
538.000000 4.247113
539.000000 4.255748
540.000000 4.264153
541.000000 4.272330
542.000000 4.280282
543.000000 4.288012
544.000000 4.295525
545.000000 4.302825
546.000000 4.309916
547.000000 4.316802
548.000000 4.323489
549.000000 4.329981
550.000000 4.336282
551.000000 4.342398
552.000000 4.348334
553.000000 4.354093
554.000000 4.359681
555.000000 4.365103
556.000000 4.370362
557.000000 4.375464
558.000000 4.380413
559.000000 4.385213
560.000000 4.389868
561.000000 4.394383
562.000000 4.398761
563.000000 4.403007
564.000000 4.407124
565.000000 4.411117
566.000000 4.414989
567.000000 4.418743
568.000000 4.422383
569.000000 4.425912
570.000000 4.429334
571.000000 4.432652
572.000000 4.435869
573.000000 4.438988
574.000000 4.442013
575.000000 4.444945
576.000000 4.447787
577.000000 4.450544
578.000000 4.453216
579.000000 4.455807
580.000000 4.458319
581.000000 4.460754
582.000000 4.463116
583.000000 4.465405
584.000000 4.467625
585.000000 4.469778
586.000000 4.471864
587.000000 4.473888
588.000000 4.475850
589.000000 4.477752
590.000000 4.479597
591.000000 4.481385
592.000000 4.483120
593.000000 4.484801
594.000000 4.486432
595.000000 4.488014
596.000000 4.489547
597.000000 4.491034
598.000000 4.492476
599.000000 4.493875
600.000000 4.495232
601.000000 4.496547
602.000000 4.497823
603.000000 4.499060
604.000000 4.500261
605.000000 4.501425
606.000000 4.502554
607.000000 4.503649
608.000000 4.504712
609.000000 4.505742
610.000000 -3.505827
611.000000 -1.010024
612.000000 -0.998300
613.000000 -0.994958
614.000000 -1.036065
615.000000 -1.068712
616.000000 -1.093442
617.000000 -1.110173
618.000000 -1.119996
619.000000 -1.123859
620.000000 -1.122620
621.000000 -1.117046
622.000000 -1.107819
623.000000 -1.095540
624.000000 -1.080737
625.000000 -1.063871
626.000000 -1.045341
627.000000 -1.025489
628.000000 -1.004613
629.000000 -0.982964
630.000000 -0.960757
631.000000 -0.938174
632.000000 -0.915370
633.000000 -0.892473
634.000000 -0.869594
635.000000 -0.846823
636.000000 -0.824234
637.000000 -0.801891
638.000000 -0.779844
639.000000 -0.758135
640.000000 -0.736796
641.000000 -0.715854
642.000000 -0.695330
643.000000 -0.675238
644.000000 -0.655590
645.000000 -0.636394
646.000000 -0.617653
647.000000 -0.599371
648.000000 -0.581547
649.000000 -0.564179
650.000000 -0.547263
651.000000 -0.530796
652.000000 -0.514772
653.000000 -0.499184
654.000000 -0.484025
655.000000 -0.469288
656.000000 -0.454964
657.000000 -0.441046
658.000000 -0.427525
659.000000 -0.414391
660.000000 -0.401636
661.000000 -0.389251
662.000000 -0.377228
663.000000 -0.365556
664.000000 -0.354227
665.000000 -0.343233
666.000000 -0.332564
667.000000 -0.322212
668.000000 -0.312168
669.000000 -0.302424
670.000000 -0.292971
671.000000 -0.283802
672.000000 -0.274909
673.000000 -0.266283
674.000000 -0.257916
675.000000 -0.249803
676.000000 -0.241935
677.000000 -0.234304
678.000000 -0.226905
679.000000 -0.219731
680.000000 -0.212774
681.000000 -0.206029
682.000000 -0.199488
683.000000 -0.193147
684.000000 -0.186999
685.000000 -0.181037
686.000000 -0.175258
687.000000 -0.169654
688.000000 -0.164222
689.000000 -0.158955
690.000000 -0.153849
691.000000 -0.148898
692.000000 -0.144099
693.000000 -0.139445
694.000000 -0.134934
695.000000 -0.130560
696.000000 -0.126320
697.000000 -0.122209
698.000000 -0.118224
699.000000 -0.114359
700.000000 -0.110613
701.000000 -0.106980
702.000000 -0.103459
703.000000 -0.100044
704.000000 -0.096733
705.000000 -0.093523
706.000000 -0.090410
707.000000 -0.087392
708.000000 -0.084466
709.000000 -0.081628
710.000000 -0.078877
711.000000 -1.031099
712.000000 -0.826875
713.000000 -0.821913
714.000000 -0.826683
715.000000 -0.839226
716.000000 -0.851690
717.000000 -0.863510
718.000000 -0.874486
719.000000 -0.884654
720.000000 -0.894066
721.000000 -0.902783
722.000000 -0.910862
723.000000 -0.918361
724.000000 -0.925332
725.000000 -0.931826
726.000000 -0.937887
727.000000 -0.943556
728.000000 -0.948871
729.000000 -0.953864
730.000000 -0.958564
731.000000 -0.962999
732.000000 -0.967190
733.000000 -0.971159
734.000000 -0.974924
735.000000 -0.978501
736.000000 -0.981905
737.000000 -0.985148
738.000000 -0.988242
739.000000 -0.991197
740.000000 -0.994022
741.000000 -0.996726
742.000000 -0.999317
743.000000 -1.001800
744.000000 -1.004183
745.000000 -1.006470
746.000000 -1.008667
747.000000 -1.010779
748.000000 -1.012809
749.000000 -1.014763
750.000000 -1.016644
751.000000 -1.018455
752.000000 -1.020199
753.000000 -1.021880
754.000000 -1.023500
755.000000 -1.025062
756.000000 -1.026568
757.000000 -1.028021
758.000000 -1.029423
759.000000 -1.030777
760.000000 -1.032083
761.000000 -1.033345
762.000000 -1.034563
763.000000 -1.035739
764.000000 -1.036876
765.000000 -1.037975
766.000000 -1.039036
767.000000 -1.040062
768.000000 -1.041054
769.000000 -1.042014
770.000000 -1.042941
771.000000 -1.043838
772.000000 -1.044706
773.000000 -1.045546
774.000000 -1.046358
775.000000 -1.047144
776.000000 -1.047905
777.000000 -1.048642
778.000000 -1.049355
779.000000 -1.050045
780.000000 -1.050714
781.000000 -1.051361
782.000000 -1.051989
783.000000 -1.052596
784.000000 -1.053185
785.000000 -1.053755
786.000000 -1.054308
787.000000 -1.054844
788.000000 -1.055363
789.000000 -1.055867
790.000000 -1.056355
791.000000 -1.056829
792.000000 -1.057288
793.000000 -1.057733
794.000000 -1.058165
795.000000 -1.058584
796.000000 -1.058991
797.000000 -1.059385
798.000000 -1.059768
799.000000 -1.060140
800.000000 -1.060500
801.000000 -1.060850
802.000000 -1.061190
803.000000 -1.061520
804.000000 -1.061841
805.000000 -1.062152
806.000000 -1.062455
807.000000 -1.062749
808.000000 -1.063034
809.000000 -1.063311
810.000000 -1.063581
811.000000 -0.730742
812.000000 -0.858960
813.000000 -0.856680
814.000000 -0.864203
815.000000 -0.871563
816.000000 -0.881926
817.000000 -0.894477
818.000000 -0.908766
819.000000 -0.924360
820.000000 -0.940922
821.000000 -0.958177
822.000000 -0.975907
823.000000 -0.993932
824.000000 -1.012109
825.000000 -1.030321
826.000000 -1.048473
827.000000 -1.066491
828.000000 -1.084314
829.000000 -1.101893
830.000000 -1.119190
831.000000 -1.136176
832.000000 -1.152828
833.000000 -1.169129
834.000000 -1.185067
835.000000 -1.200634
836.000000 -1.215823
837.000000 -1.230633
838.000000 -1.245063
839.000000 -1.259115
840.000000 -1.272792
841.000000 -1.286097
842.000000 -1.299035
843.000000 -1.311612
844.000000 -1.323835
845.000000 -1.335710
846.000000 -1.347244
847.000000 -1.358445
848.000000 -1.369320
849.000000 -1.379876
850.000000 -1.390123
851.000000 -1.400066
852.000000 -1.409715
853.000000 -1.419076
854.000000 -1.428158
855.000000 -1.436968
856.000000 -1.445514
857.000000 -1.453802
858.000000 -1.461841
859.000000 -1.469636
860.000000 -1.477196
861.000000 -1.484526
862.000000 -1.491634
863.000000 -1.498526
864.000000 -1.505208
865.000000 -1.511687
866.000000 -1.517968
867.000000 -1.524057
868.000000 -1.529961
869.000000 -1.535684
870.000000 -1.541232
871.000000 -1.546611
872.000000 -1.551825
873.000000 -1.556879
874.000000 -1.561779
875.000000 -1.566528
876.000000 -1.571132
877.000000 -1.575595
878.000000 -1.579922
879.000000 -1.584116
880.000000 -1.588181
881.000000 -1.592122
882.000000 -1.595942
883.000000 -1.599645
884.000000 -1.603234
885.000000 -1.606714
886.000000 -1.610087
887.000000 -1.613358
888.000000 -1.616528
889.000000 -1.619601
890.000000 -1.622580
891.000000 -1.625468
892.000000 -1.628268
893.000000 -1.630982
894.000000 -1.633614
895.000000 -1.636165
896.000000 -1.638639
897.000000 -1.641037
898.000000 -1.643363
899.000000 -1.645617
900.000000 -1.647803
