1.000000 0.000000
2.000000 0.000000
3.000000 0.000000
4.000000 0.000000
5.000000 0.000000
6.000000 0.000000
7.000000 0.000000
8.000000 0.000000
9.000000 0.000000
10.000000 0.000000
11.000000 0.000000
12.000000 0.000000
13.000000 0.000000
14.000000 0.000000
15.000000 0.000000
16.000000 0.000000
17.000000 0.000195
18.000000 0.000760
19.000000 0.001666
20.000000 0.002885
21.000000 0.004394
22.000000 0.006167
23.000000 0.008184
24.000000 0.010423
25.000000 0.012867
26.000000 0.015496
27.000000 0.018295
28.000000 0.021248
29.000000 0.024341
30.000000 0.027561
31.000000 0.030894
32.000000 0.034330
33.000000 0.037858
34.000000 0.041467
35.000000 0.045149
36.000000 0.048895
37.000000 0.052696
38.000000 0.056545
39.000000 0.060436
40.000000 0.064362
41.000000 0.068316
42.000000 0.072294
43.000000 0.076291
44.000000 0.080301
45.000000 0.084320
46.000000 0.088344
47.000000 0.092369
48.000000 0.096392
49.000000 0.100410
50.000000 0.104420
51.000000 0.108419
52.000000 0.112404
53.000000 0.116373
54.000000 0.120325
55.000000 0.124257
56.000000 0.128167
57.000000 0.132054
58.000000 0.135917
59.000000 0.139754
60.000000 0.143563
61.000000 0.147344
62.000000 0.151096
63.000000 0.154818
64.000000 0.158509
65.000000 0.162169
66.000000 0.165796
67.000000 0.169391
68.000000 0.172952
69.000000 0.176479
70.000000 0.179973
71.000000 0.183432
72.000000 0.186857
73.000000 0.190247
74.000000 0.193602
75.000000 0.196923
76.000000 0.200208
77.000000 0.203458
78.000000 0.206672
79.000000 0.209852
80.000000 0.212997
81.000000 0.216106
82.000000 0.219181
83.000000 0.222221
84.000000 0.225227
85.000000 0.228198
86.000000 0.231134
87.000000 0.234037
88.000000 0.236905
89.000000 0.239740
90.000000 0.242542
91.000000 0.245310
92.000000 0.248045
93.000000 0.250748
94.000000 0.253418
95.000000 0.256056
96.000000 0.258662
97.000000 0.261237
98.000000 0.263780
99.000000 0.266292
100.000000 0.268773
101.000000 0.271224
102.000000 0.273645
103.000000 0.276036
104.000000 0.278397
105.000000 0.280729
106.000000 0.283032
107.000000 0.285307
108.000000 0.287553
109.000000 0.289771
110.000000 0.291962
111.000000 0.294125
112.000000 0.296261
113.000000 0.298370
114.000000 0.300452
115.000000 0.302509
116.000000 0.304540
117.000000 0.306545
118.000000 0.308524
119.000000 0.310479
120.000000 0.312409
121.000000 0.314315
122.000000 0.316196
123.000000 0.318054
124.000000 0.319888
125.000000 0.321699
126.000000 0.323486
127.000000 0.325251
128.000000 0.326994
129.000000 0.328715
130.000000 0.330413
131.000000 0.332090
132.000000 0.333746
133.000000 0.335381
134.000000 0.336994
135.000000 0.338587
136.000000 0.340160
137.000000 0.341713
138.000000 0.343246
139.000000 0.344759
140.000000 0.346253
141.000000 0.347728
142.000000 0.349185
143.000000 0.350622
144.000000 0.352041
145.000000 0.353442
146.000000 0.354825
147.000000 0.356191
148.000000 0.357538
149.000000 0.358869
150.000000 0.360183
151.000000 0.361480
152.000000 0.362760
153.000000 0.364024
154.000000 0.365271
155.000000 0.366503
156.000000 0.367719
157.000000 0.368919
158.000000 0.370104
159.000000 0.371274
160.000000 0.372428
161.000000 0.373568
162.000000 0.374693
163.000000 0.375804
164.000000 0.376901
165.000000 0.377984
166.000000 0.379052
167.000000 0.380107
168.000000 0.381149
169.000000 0.382177
170.000000 0.383192
171.000000 0.384194
172.000000 0.385183
173.000000 0.386159
174.000000 0.387123
175.000000 0.388074
176.000000 0.389014
177.000000 0.389941
178.000000 0.390856
179.000000 0.391760
180.000000 0.392652
181.000000 0.393532
182.000000 0.394402
183.000000 0.395260
184.000000 0.396107
185.000000 0.396943
186.000000 0.397769
187.000000 0.398583
188.000000 0.399388
189.000000 0.400182
190.000000 0.400966
191.000000 0.401740
192.000000 0.402504
193.000000 0.403258
194.000000 0.404002
195.000000 0.404737
196.000000 0.405462
197.000000 0.406179
198.000000 0.406886
199.000000 0.407583
200.000000 0.408272
201.000000 0.408952
202.000000 0.409624
203.000000 0.410286
204.000000 0.410941
205.000000 0.411586
206.000000 0.412224
207.000000 0.412853
208.000000 0.413475
209.000000 0.414088
210.000000 0.414693
211.000000 0.415291
212.000000 0.415881
213.000000 0.416463
214.000000 0.417038
215.000000 0.417606
216.000000 0.418166
217.000000 0.418719
218.000000 0.419265
219.000000 0.419804
220.000000 0.420336
221.000000 0.420861
222.000000 0.421380
223.000000 0.421891
224.000000 0.422397
225.000000 0.422895
226.000000 0.423388
227.000000 0.423874
228.000000 0.424354
229.000000 0.424827
230.000000 0.425295
231.000000 0.425756
232.000000 0.426212
233.000000 0.426662
234.000000 0.427106
235.000000 0.427544
236.000000 0.427977
237.000000 0.428404
238.000000 0.428825
239.000000 0.429242
240.000000 0.429652
241.000000 0.430058
242.000000 0.430458
243.000000 0.430854
244.000000 0.431244
245.000000 0.431629
246.000000 0.432009
247.000000 0.432385
248.000000 0.432755
249.000000 0.433121
250.000000 0.433482
251.000000 0.433838
252.000000 0.434190
253.000000 0.434538
254.000000 0.434880
255.000000 0.435219
256.000000 0.435553
257.000000 0.435883
258.000000 0.436208
259.000000 0.436530
260.000000 0.436847
261.000000 0.437160
262.000000 0.437470
263.000000 0.437775
264.000000 0.438076
265.000000 0.438374
266.000000 0.438667
267.000000 0.438957
268.000000 0.439243
269.000000 0.439526
270.000000 0.439805
271.000000 0.440080
272.000000 0.440352
273.000000 0.440620
274.000000 0.440885
275.000000 0.441146
276.000000 0.441404
277.000000 0.441659
278.000000 0.441910
279.000000 0.442158
280.000000 0.442403
281.000000 0.442645
282.000000 0.442884
283.000000 0.443120
284.000000 0.443352
285.000000 0.443582
286.000000 0.443809
287.000000 0.444033
288.000000 0.444254
289.000000 0.444472
290.000000 0.444687
291.000000 0.444900
292.000000 0.445110
293.000000 0.445317
294.000000 0.445521
295.000000 0.445723
296.000000 0.445922
297.000000 0.446119
298.000000 0.446313
299.000000 0.446505
300.000000 0.446694
301.000000 0.446881
302.000000 0.447065
303.000000 0.447247
304.000000 0.447427
305.000000 0.447605
306.000000 0.447780
307.000000 0.447953
308.000000 0.448123
309.000000 0.448292
310.000000 0.448458
311.000000 0.448622
312.000000 0.448784
313.000000 0.448944
314.000000 0.449102
315.000000 0.449258
316.000000 0.449412
317.000000 0.449564
318.000000 0.449714
319.000000 0.449862
320.000000 0.450008
321.000000 0.450152
322.000000 0.450294
323.000000 0.450435
324.000000 0.450574
325.000000 0.450711
326.000000 0.450846
327.000000 0.450980
328.000000 0.451111
329.000000 0.451241
330.000000 0.451370
331.000000 0.451497
332.000000 0.451622
333.000000 0.451745
334.000000 0.451867
335.000000 0.451988
336.000000 0.452106
337.000000 0.452224
338.000000 0.452340
339.000000 0.452454
340.000000 0.452567
341.000000 0.452678
342.000000 0.452788
343.000000 0.452897
344.000000 0.453004
345.000000 0.453110
346.000000 0.453214
347.000000 0.453317
348.000000 0.453419
349.000000 0.453519
350.000000 0.453619
351.000000 0.453717
352.000000 0.453813
353.000000 0.453909
354.000000 0.454003
355.000000 0.454096
356.000000 0.454187
357.000000 0.454278
358.000000 0.454368
359.000000 0.454456
360.000000 0.454543
361.000000 0.454629
362.000000 0.454714
363.000000 0.454798
364.000000 0.454881
365.000000 0.454962
366.000000 0.455043
367.000000 0.455122
368.000000 0.455201
369.000000 0.455279
370.000000 0.455355
371.000000 0.455431
372.000000 0.455505
373.000000 0.455579
374.000000 0.455652
375.000000 0.455724
376.000000 0.455795
377.000000 0.455865
378.000000 0.455934
379.000000 0.456002
380.000000 0.456069
381.000000 0.456136
382.000000 0.456201
383.000000 0.456266
384.000000 0.456330
385.000000 0.456393
386.000000 0.456455
387.000000 0.456517
388.000000 0.456577
389.000000 0.456637
390.000000 0.456696
391.000000 0.456755
392.000000 0.456812
393.000000 0.456869
394.000000 0.456925
395.000000 0.456981
396.000000 0.457036
397.000000 0.457090
398.000000 0.457143
399.000000 0.457196
400.000000 0.457248
