1.000000 0.000000
2.000000 0.000000
3.000000 0.000000
4.000000 -0.004667
5.000000 -0.004667
6.000000 -0.004667
7.000000 -0.004667
8.000000 -0.004667
9.000000 -0.004667
10.000000 -0.008667
11.000000 -0.008667
12.000000 -0.008667
13.000000 -0.008667
14.000000 -0.008667
15.000000 -0.008667
16.000000 -0.008667
17.000000 -0.008667
18.000000 -0.008667
19.000000 -0.008667
20.000000 -0.008667
21.000000 -0.008667
22.000000 -0.004667
23.000000 -0.004667
24.000000 0.000000
25.000000 0.000000
26.000000 0.004000
27.000000 0.008000
28.000000 0.008000
29.000000 0.012000
30.000000 0.016667
31.000000 0.020667
32.000000 0.024667
33.000000 0.028667
34.000000 0.033333
35.000000 0.037333
36.000000 0.041333
37.000000 0.045333
38.000000 0.050000
39.000000 0.054000
40.000000 0.058000
41.000000 0.062000
42.000000 0.066667
43.000000 0.070667
44.000000 0.074667
45.000000 0.078667
46.000000 0.087333
47.000000 0.091333
48.000000 0.091333
49.000000 0.095333
50.000000 0.100000
51.000000 0.104000
52.000000 0.108000
53.000000 0.112000
54.000000 0.116667
55.000000 0.120667
56.000000 0.124667
57.000000 0.128667
58.000000 0.133333
59.000000 0.141333
60.000000 0.145333
61.000000 0.150000
62.000000 0.154000
63.000000 0.158000
64.000000 0.162000
65.000000 0.166667
66.000000 0.170667
67.000000 0.174667
68.000000 0.174667
69.000000 0.178667
70.000000 0.183333
71.000000 0.191333
72.000000 0.191333
73.000000 0.195333
74.000000 0.200000
75.000000 0.204000
76.000000 0.204000
77.000000 0.208000
78.000000 0.212000
79.000000 0.216667
80.000000 0.216667
81.000000 0.220667
82.000000 0.224667
83.000000 0.224667
84.000000 0.228667
85.000000 0.228667
86.000000 0.233333
87.000000 0.237333
88.000000 0.237333
89.000000 0.241333
90.000000 0.241333
91.000000 0.245333
92.000000 0.250000
93.000000 0.250000
94.000000 0.254000
95.000000 0.258000
96.000000 0.262000
97.000000 0.266667
98.000000 0.270667
99.000000 0.270667
100.000000 0.274667
101.000000 0.274667
102.000000 0.278667
103.000000 0.278667
104.000000 0.283333
105.000000 0.287333
106.000000 0.287333
107.000000 0.291333
108.000000 0.291333
109.000000 0.295333
110.000000 0.295333
111.000000 0.300000
112.000000 0.300000
113.000000 0.304000
114.000000 0.304000
115.000000 0.304000
116.000000 0.308000
117.000000 0.308000
118.000000 0.308000
119.000000 0.308000
120.000000 0.312000
121.000000 0.312000
122.000000 0.312000
123.000000 0.316667
124.000000 0.316667
125.000000 0.316667
126.000000 0.320667
127.000000 0.320667
128.000000 0.324667
129.000000 0.324667
130.000000 0.328667
131.000000 0.333333
132.000000 0.333333
133.000000 0.333333
134.000000 0.337333
135.000000 0.337333
136.000000 0.337333
137.000000 0.341333
138.000000 0.341333
139.000000 0.341333
140.000000 0.345333
141.000000 0.345333
142.000000 0.345333
143.000000 0.350000
144.000000 0.350000
145.000000 0.354000
146.000000 0.354000
147.000000 0.358000
148.000000 0.362000
149.000000 0.362000
150.000000 0.366667
151.000000 0.366667
152.000000 0.366667
153.000000 0.370667
154.000000 0.370667
155.000000 0.370667
156.000000 0.374667
157.000000 0.374667
158.000000 0.374667
159.000000 0.374667
160.000000 0.374667
161.000000 0.374667
162.000000 0.374667
163.000000 0.374667
164.000000 0.374667
165.000000 0.374667
166.000000 0.378667
167.000000 0.378667
168.000000 0.378667
169.000000 0.378667
170.000000 0.378667
171.000000 0.378667
172.000000 0.383333
173.000000 0.383333
174.000000 0.383333
175.000000 0.383333
176.000000 0.383333
177.000000 0.387333
178.000000 0.387333
179.000000 0.387333
180.000000 0.387333
181.000000 0.387333
182.000000 0.387333
183.000000 0.387333
184.000000 0.387333
185.000000 0.387333
186.000000 0.387333
187.000000 0.391333
188.000000 0.391333
189.000000 0.391333
190.000000 0.391333
191.000000 0.391333
192.000000 0.395333
193.000000 0.395333
194.000000 0.395333
195.000000 0.395333
196.000000 0.400000
197.000000 0.400000
198.000000 0.400000
199.000000 0.400000
200.000000 0.400000
201.000000 0.404000
202.000000 0.404000
203.000000 0.404000
204.000000 0.404000
205.000000 0.404000
206.000000 0.404000
207.000000 0.404000
208.000000 0.408000
209.000000 0.408000
210.000000 0.408000
211.000000 0.408000
212.000000 0.408000
213.000000 0.408000
214.000000 0.408000
215.000000 0.408000
216.000000 0.412000
217.000000 0.412000
218.000000 0.412000
219.000000 0.416667
220.000000 0.416667
221.000000 0.416667
222.000000 0.420667
223.000000 0.420667
224.000000 0.420667
225.000000 0.420667
226.000000 0.420667
227.000000 0.420667
228.000000 0.420667
229.000000 0.420667
230.000000 0.420667
231.000000 0.420667
232.000000 0.420667
233.000000 0.420667
234.000000 0.420667
235.000000 0.424667
236.000000 0.424667
237.000000 0.424667
238.000000 0.424667
239.000000 0.424667
240.000000 0.424667
241.000000 0.424667
242.000000 0.424667
243.000000 0.428667
244.000000 0.428667
245.000000 0.428667
246.000000 0.428667
247.000000 0.424667
248.000000 0.428667
249.000000 0.428667
250.000000 0.428667
251.000000 0.428667
252.000000 0.428667
253.000000 0.433333
254.000000 0.433333
255.000000 0.433333
256.000000 0.433333
257.000000 0.433333
258.000000 0.433333
259.000000 0.433333
260.000000 0.433333
261.000000 0.433333
262.000000 0.433333
263.000000 0.433333
264.000000 0.433333
265.000000 0.433333
266.000000 0.433333
267.000000 0.433333
268.000000 0.433333
269.000000 0.437333
270.000000 0.437333
271.000000 0.437333
272.000000 0.441333
273.000000 0.441333
274.000000 0.441333
275.000000 0.441333
276.000000 0.445333
277.000000 0.445333
278.000000 0.445333
279.000000 0.445333
280.000000 0.445333
281.000000 0.445333
282.000000 0.450000
283.000000 0.450000
284.000000 0.450000
285.000000 0.450000
286.000000 0.454000
287.000000 0.454000
288.000000 0.454000
289.000000 0.454000
290.000000 0.458000
291.000000 0.458000
292.000000 0.458000
293.000000 0.458000
294.000000 0.458000
295.000000 0.458000
296.000000 0.462000
297.000000 0.462000
298.000000 0.462000
299.000000 0.462000
300.000000 0.458000
301.000000 0.458000
302.000000 0.458000
303.000000 0.458000
304.000000 0.458000
305.000000 0.458000
306.000000 0.458000
307.000000 0.458000
308.000000 0.458000
309.000000 0.458000
310.000000 0.454000
311.000000 0.454000
312.000000 0.454000
313.000000 0.454000
314.000000 0.454000
315.000000 0.458000
316.000000 0.454000
317.000000 0.458000
318.000000 0.458000
319.000000 0.458000
320.000000 0.458000
321.000000 0.458000
322.000000 0.458000
323.000000 0.458000
324.000000 0.458000
325.000000 0.458000
326.000000 0.458000
327.000000 0.458000
328.000000 0.458000
329.000000 0.454000
330.000000 0.454000
331.000000 0.454000
332.000000 0.454000
333.000000 0.454000
334.000000 0.454000
335.000000 0.454000
336.000000 0.454000
337.000000 0.454000
338.000000 0.454000
339.000000 0.454000
340.000000 0.454000
341.000000 0.450000
342.000000 0.450000
343.000000 0.450000
344.000000 0.454000
345.000000 0.454000
346.000000 0.454000
347.000000 0.454000
348.000000 0.454000
349.000000 0.454000
350.000000 0.454000
351.000000 0.454000
352.000000 0.454000
353.000000 0.454000
354.000000 0.454000
355.000000 0.458000
356.000000 0.458000
357.000000 0.458000
358.000000 0.458000
359.000000 0.458000
360.000000 0.462000
361.000000 0.462000
362.000000 0.462000
363.000000 0.466667
364.000000 0.466667
365.000000 0.466667
366.000000 0.466667
367.000000 0.466667
368.000000 0.466667
369.000000 0.470667
370.000000 0.466667
371.000000 0.466667
372.000000 0.470667
373.000000 0.470667
374.000000 0.466667
375.000000 0.470667
376.000000 0.470667
377.000000 0.470667
378.000000 0.470667
379.000000 0.470667
380.000000 0.470667
381.000000 0.470667
382.000000 0.470667
383.000000 0.474667
384.000000 0.474667
385.000000 0.474667
386.000000 0.474667
387.000000 0.478667
388.000000 0.478667
389.000000 0.478667
390.000000 0.478667
391.000000 0.478667
392.000000 0.483333
393.000000 0.483333
394.000000 0.483333
395.000000 0.483333
396.000000 0.483333
397.000000 0.483333
398.000000 0.483333
399.000000 0.478667
400.000000 0.478667
