1.000000 0.000000
2.000000 0.000000
3.000000 6.000000
4.000000 6.000000
5.000000 6.000000
6.000000 6.000000
7.000000 6.000000
8.000000 6.000000
9.000000 6.000000
10.000000 5.940000
11.000000 5.940000
12.000000 5.940000
13.000000 5.880000
14.000000 5.880000
15.000000 5.820000
16.000000 5.820000
17.000000 5.750000
18.000000 5.690000
19.000000 5.630000
20.000000 5.570000
21.000000 15.500000
22.000000 15.440000
23.000000 15.380000
24.000000 15.320000
25.000000 15.190000
26.000000 15.070000
27.000000 15.000000
28.000000 14.880000
29.000000 14.750000
30.000000 14.690000
31.000000 14.570000
32.000000 14.440000
33.000000 14.320000
34.000000 14.190000
35.000000 14.070000
36.000000 13.940000
37.000000 13.820000
38.000000 13.690000
39.000000 13.570000
40.000000 13.440000
41.000000 13.250000
42.000000 13.130000
43.000000 13.000000
44.000000 12.820000
45.000000 12.690000
46.000000 12.500000
47.000000 12.380000
48.000000 12.190000
49.000000 12.000000
50.000000 11.820000
51.000000 11.630000
52.000000 11.440000
53.000000 11.250000
54.000000 11.070000
55.000000 10.880000
56.000000 10.750000
57.000000 10.500000
58.000000 10.320000
59.000000 10.130000
60.000000 9.940000
61.000000 9.690000
62.000000 9.500000
63.000000 9.250000
64.000000 9.070000
65.000000 8.880000
66.000000 8.630000
67.000000 8.440000
68.000000 8.250000
69.000000 8.070000
70.000000 7.880000
71.000000 7.630000
72.000000 7.440000
73.000000 7.190000
74.000000 6.940000
75.000000 6.750000
76.000000 6.500000
77.000000 6.250000
78.000000 6.000000
79.000000 5.820000
80.000000 5.570000
81.000000 5.380000
82.000000 5.130000
83.000000 4.940000
84.000000 4.690000
85.000000 4.500000
86.000000 4.250000
87.000000 4.070000
88.000000 3.820000
89.000000 3.570000
90.000000 3.380000
91.000000 3.190000
92.000000 2.940000
93.000000 2.750000
94.000000 2.570000
95.000000 2.380000
96.000000 2.130000
97.000000 1.940000
98.000000 1.750000
99.000000 1.570000
100.000000 1.320000
101.000000 1.130000
102.000000 0.940000
103.000000 0.750000
104.000000 0.570000
105.000000 0.380000
106.000000 0.250000
107.000000 0.070000
108.000000 0.120000
109.000000 0.370000
110.000000 0.560000
111.000000 0.750000
112.000000 0.930000
113.000000 1.120000
114.000000 1.310000
115.000000 1.500000
116.000000 1.680000
117.000000 1.870000
118.000000 2.000000
119.000000 2.120000
120.000000 2.310000
121.000000 2.430000
122.000000 2.560000
123.000000 2.680000
124.000000 2.810000
125.000000 2.930000
126.000000 3.120000
127.000000 3.250000
128.000000 3.370000
129.000000 3.500000
130.000000 3.620000
131.000000 3.680000
132.000000 3.810000
133.000000 3.870000
134.000000 3.930000
135.000000 4.000000
136.000000 4.120000
137.000000 4.180000
138.000000 4.250000
139.000000 4.310000
140.000000 4.430000
141.000000 4.500000
142.000000 4.560000
143.000000 4.620000
144.000000 4.680000
145.000000 4.750000
146.000000 4.810000
147.000000 4.870000
148.000000 4.930000
149.000000 5.000000
150.000000 5.120000
151.000000 5.180000
152.000000 5.250000
153.000000 5.310000
154.000000 5.370000
155.000000 5.430000
156.000000 5.500000
157.000000 5.500000
158.000000 5.560000
159.000000 5.620000
160.000000 5.680000
161.000000 5.750000
162.000000 5.810000
163.000000 5.870000
164.000000 5.930000
165.000000 6.000000
166.000000 6.060000
167.000000 6.120000
168.000000 6.180000
169.000000 6.310000
170.000000 6.370000
171.000000 6.430000
172.000000 6.430000
173.000000 6.500000
174.000000 6.500000
175.000000 6.500000
176.000000 6.560000
177.000000 6.560000
178.000000 6.560000
179.000000 6.560000
180.000000 6.560000
181.000000 6.560000
182.000000 6.620000
183.000000 6.680000
184.000000 6.750000
185.000000 6.810000
186.000000 6.870000
187.000000 6.870000
188.000000 6.870000
189.000000 6.870000
190.000000 6.870000
191.000000 6.870000
192.000000 6.810000
193.000000 6.810000
194.000000 6.810000
195.000000 6.810000
196.000000 6.810000
197.000000 6.750000
198.000000 6.750000
199.000000 6.750000
200.000000 6.750000
201.000000 6.750000
202.000000 6.810000
203.000000 6.750000
204.000000 6.750000
205.000000 6.750000
206.000000 6.680000
207.000000 6.680000
208.000000 6.620000
209.000000 6.620000
210.000000 6.560000
211.000000 6.500000
212.000000 6.430000
213.000000 6.370000
214.000000 6.310000
215.000000 6.250000
216.000000 6.250000
217.000000 6.180000
218.000000 6.060000
219.000000 6.000000
220.000000 5.930000
221.000000 5.870000
222.000000 5.810000
223.000000 5.750000
224.000000 5.680000
225.000000 5.620000
226.000000 5.500000
227.000000 5.430000
228.000000 5.310000
229.000000 5.180000
230.000000 5.120000
231.000000 5.060000
232.000000 4.930000
233.000000 4.870000
234.000000 4.750000
235.000000 4.680000
236.000000 4.560000
237.000000 4.430000
238.000000 4.310000
239.000000 4.310000
240.000000 4.180000
241.000000 4.120000
242.000000 4.120000
243.000000 4.060000
244.000000 4.000000
245.000000 3.930000
246.000000 3.810000
247.000000 3.750000
248.000000 3.620000
249.000000 3.560000
250.000000 3.500000
251.000000 3.430000
252.000000 3.370000
253.000000 3.310000
254.000000 3.250000
255.000000 3.180000
256.000000 3.120000
257.000000 3.000000
258.000000 2.930000
259.000000 2.750000
260.000000 2.620000
261.000000 2.560000
262.000000 2.430000
263.000000 2.310000
264.000000 2.250000
265.000000 2.180000
266.000000 2.120000
267.000000 2.000000
268.000000 1.930000
269.000000 1.870000
270.000000 1.810000
271.000000 1.750000
272.000000 1.680000
273.000000 1.620000
274.000000 1.500000
275.000000 1.430000
276.000000 1.310000
277.000000 1.180000
278.000000 1.120000
279.000000 1.060000
280.000000 0.930000
281.000000 0.870000
282.000000 0.810000
283.000000 0.750000
284.000000 0.680000
285.000000 0.620000
286.000000 0.500000
287.000000 0.430000
288.000000 0.310000
289.000000 0.250000
290.000000 0.180000
291.000000 0.120000
292.000000 0.000000
293.000000 0.070000
294.000000 0.190000
295.000000 0.250000
296.000000 0.320000
297.000000 0.380000
298.000000 0.440000
299.000000 0.500000
300.000000 0.570000
301.000000 0.630000
302.000000 0.630000
303.000000 0.690000
304.000000 0.750000
305.000000 0.750000
306.000000 0.820000
307.000000 0.880000
308.000000 0.940000
309.000000 1.000000
310.000000 1.130000
311.000000 1.190000
312.000000 1.250000
313.000000 1.380000
314.000000 1.440000
315.000000 1.500000
316.000000 1.570000
317.000000 1.630000
318.000000 1.750000
319.000000 1.750000
320.000000 1.820000
321.000000 1.880000
322.000000 1.940000
323.000000 1.940000
324.000000 2.000000
325.000000 2.000000
326.000000 2.000000
327.000000 2.070000
328.000000 2.070000
329.000000 2.130000
330.000000 2.130000
331.000000 2.130000
332.000000 2.190000
333.000000 2.190000
334.000000 2.250000
335.000000 2.250000
336.000000 2.320000
337.000000 2.380000
338.000000 2.440000
339.000000 2.570000
340.000000 2.630000
341.000000 2.690000
342.000000 2.820000
343.000000 2.880000
344.000000 2.940000
345.000000 3.000000
346.000000 3.000000
347.000000 3.070000
348.000000 3.070000
349.000000 3.130000
350.000000 3.190000
351.000000 3.250000
352.000000 3.320000
353.000000 3.380000
354.000000 3.380000
355.000000 3.440000
356.000000 3.440000
357.000000 3.440000
358.000000 3.440000
359.000000 3.440000
360.000000 3.440000
361.000000 3.380000
362.000000 3.440000
363.000000 3.380000
364.000000 3.380000
365.000000 3.320000
366.000000 3.320000
367.000000 3.250000
368.000000 3.250000
369.000000 3.250000
370.000000 3.250000
371.000000 3.190000
372.000000 3.190000
373.000000 3.130000
374.000000 3.070000
375.000000 3.000000
376.000000 2.940000
377.000000 2.880000
378.000000 2.880000
379.000000 2.750000
380.000000 2.750000
381.000000 2.690000
382.000000 2.690000
383.000000 2.630000
384.000000 2.570000
385.000000 2.570000
386.000000 2.570000
387.000000 2.570000
388.000000 2.570000
389.000000 2.500000
390.000000 2.500000
391.000000 2.500000
392.000000 2.440000
393.000000 2.380000
394.000000 2.380000
395.000000 2.320000
396.000000 2.320000
397.000000 2.320000
398.000000 2.320000
399.000000 2.380000
400.000000 2.380000
401.000000 2.380000
402.000000 2.440000
403.000000 2.440000
404.000000 2.440000
405.000000 2.440000
406.000000 2.440000
407.000000 2.380000
408.000000 2.320000
409.000000 2.250000
410.000000 2.190000
411.000000 2.130000
412.000000 2.130000
413.000000 2.070000
414.000000 2.070000
415.000000 2.000000
416.000000 1.940000
417.000000 1.880000
418.000000 1.820000
419.000000 1.750000
420.000000 1.630000
421.000000 1.570000
422.000000 1.500000
423.000000 1.440000
424.000000 1.380000
425.000000 1.320000
426.000000 1.250000
427.000000 1.190000
428.000000 1.190000
429.000000 1.130000
430.000000 1.070000
431.000000 1.070000
432.000000 1.000000
433.000000 0.940000
434.000000 0.880000
435.000000 0.820000
436.000000 0.820000
437.000000 0.750000
438.000000 0.690000
439.000000 0.630000
440.000000 0.570000
441.000000 0.570000
442.000000 0.500000
443.000000 0.440000
444.000000 0.380000
445.000000 0.320000
446.000000 0.320000
447.000000 0.250000
448.000000 0.250000
449.000000 0.250000
450.000000 0.190000
451.000000 0.190000
452.000000 0.190000
453.000000 0.190000
454.000000 0.190000
455.000000 0.250000
456.000000 0.250000
457.000000 0.190000
458.000000 0.190000
459.000000 0.190000
460.000000 0.190000
461.000000 0.190000
462.000000 0.190000
463.000000 0.130000
464.000000 0.130000
465.000000 0.130000
466.000000 0.070000
467.000000 0.070000
468.000000 0.070000
469.000000 0.000000
470.000000 0.000000
471.000000 0.070000
472.000000 0.070000
473.000000 0.070000
474.000000 0.130000
475.000000 0.130000
476.000000 0.190000
477.000000 0.190000
478.000000 0.190000
479.000000 0.130000
480.000000 0.130000
481.000000 0.070000
482.000000 0.070000
483.000000 0.070000
484.000000 0.000000
485.000000 0.000000
486.000000 0.000000
487.000000 0.000000
488.000000 0.000000
489.000000 0.000000
490.000000 0.000000
491.000000 0.000000
492.000000 0.000000
493.000000 0.060000
494.000000 0.120000
495.000000 0.120000
496.000000 0.180000
497.000000 0.180000
498.000000 0.180000
499.000000 0.250000
500.000000 0.250000
501.000000 0.250000
502.000000 0.310000
503.000000 0.310000
504.000000 0.370000
505.000000 0.370000
506.000000 0.370000
507.000000 0.370000
508.000000 0.430000
509.000000 0.500000
510.000000 0.560000
511.000000 0.560000
512.000000 0.620000
513.000000 0.620000
514.000000 0.680000
515.000000 0.810000
516.000000 0.870000
517.000000 0.930000
518.000000 1.000000
519.000000 1.060000
520.000000 1.120000
521.000000 1.180000
522.000000 1.250000
523.000000 1.310000
524.000000 1.310000
525.000000 1.370000
526.000000 1.430000
527.000000 1.430000
528.000000 1.500000
529.000000 1.500000
530.000000 1.500000
531.000000 1.500000
532.000000 1.500000
533.000000 1.500000
534.000000 1.500000
535.000000 1.500000
536.000000 1.500000
537.000000 1.500000
538.000000 1.500000
539.000000 1.500000
540.000000 1.500000
541.000000 1.500000
542.000000 1.560000
543.000000 1.560000
544.000000 1.560000
545.000000 1.620000
546.000000 1.620000
547.000000 1.620000
548.000000 1.620000
549.000000 1.620000
550.000000 1.680000
551.000000 1.620000
552.000000 1.620000
553.000000 1.620000
554.000000 1.620000
555.000000 1.620000
556.000000 1.620000
557.000000 1.620000
558.000000 1.620000
559.000000 1.620000
560.000000 1.560000
561.000000 1.560000
562.000000 1.500000
563.000000 1.430000
564.000000 1.430000
565.000000 1.370000
566.000000 1.370000
567.000000 1.370000
568.000000 1.370000
569.000000 1.370000
570.000000 1.370000
571.000000 1.430000
572.000000 1.430000
573.000000 1.500000
574.000000 1.500000
575.000000 1.500000
576.000000 1.560000
577.000000 1.560000
578.000000 1.560000
579.000000 1.620000
580.000000 1.620000
581.000000 1.620000
582.000000 1.620000
583.000000 1.620000
584.000000 1.620000
585.000000 1.620000
586.000000 1.620000
587.000000 1.620000
588.000000 1.560000
589.000000 1.560000
590.000000 1.560000
591.000000 1.560000
592.000000 1.560000
593.000000 1.560000
594.000000 1.560000
595.000000 1.500000
596.000000 1.500000
597.000000 1.500000
598.000000 1.430000
599.000000 1.370000
600.000000 1.370000
601.000000 1.310000
602.000000 1.310000
603.000000 1.250000
604.000000 1.250000
605.000000 1.250000
606.000000 1.250000
607.000000 1.180000
608.000000 1.180000
609.000000 1.120000
610.000000 1.120000
611.000000 1.060000
612.000000 0.930000
613.000000 0.870000
614.000000 0.810000
615.000000 0.680000
616.000000 0.560000
617.000000 0.500000
618.000000 0.370000
619.000000 0.310000
620.000000 0.180000
621.000000 0.120000
622.000000 0.060000
623.000000 0.000000
624.000000 0.070000
625.000000 0.070000
626.000000 0.130000
627.000000 0.130000
628.000000 0.130000
629.000000 0.190000
630.000000 0.250000
631.000000 0.250000
632.000000 0.320000
633.000000 0.380000
634.000000 0.380000
635.000000 0.440000
636.000000 0.440000
637.000000 0.440000
638.000000 0.500000
639.000000 0.570000
640.000000 0.570000
641.000000 0.630000
642.000000 0.630000
643.000000 0.690000
644.000000 0.690000
645.000000 0.750000
646.000000 0.750000
647.000000 0.820000
648.000000 0.820000
649.000000 0.880000
650.000000 0.940000
651.000000 0.940000
652.000000 1.000000
653.000000 1.000000
654.000000 1.070000
655.000000 1.070000
656.000000 1.070000
657.000000 1.070000
658.000000 1.070000
659.000000 1.070000
660.000000 1.130000
661.000000 1.130000
662.000000 1.130000
663.000000 1.190000
664.000000 1.190000
665.000000 1.190000
666.000000 1.250000
667.000000 1.250000
668.000000 1.250000
669.000000 1.250000
670.000000 1.250000
671.000000 1.250000
672.000000 1.250000
673.000000 1.250000
674.000000 1.250000
675.000000 1.250000
676.000000 1.250000
677.000000 1.250000
678.000000 1.190000
679.000000 1.190000
680.000000 1.130000
681.000000 1.070000
682.000000 1.000000
683.000000 1.000000
684.000000 1.000000
685.000000 1.000000
686.000000 1.000000
687.000000 1.000000
688.000000 1.000000
689.000000 1.000000
690.000000 1.000000
691.000000 1.000000
692.000000 0.940000
693.000000 0.940000
694.000000 0.880000
695.000000 0.820000
696.000000 0.820000
697.000000 0.750000
698.000000 0.690000
699.000000 0.630000
700.000000 0.630000
701.000000 0.570000
702.000000 0.500000
703.000000 0.500000
704.000000 0.500000
705.000000 0.500000
706.000000 0.500000
707.000000 0.500000
708.000000 0.500000
709.000000 0.500000
710.000000 0.500000
711.000000 0.500000
712.000000 0.500000
713.000000 0.500000
714.000000 0.500000
715.000000 0.500000
716.000000 0.570000
717.000000 0.630000
718.000000 0.630000
719.000000 0.690000
720.000000 0.750000
721.000000 0.750000
722.000000 0.820000
723.000000 0.820000
724.000000 0.880000
725.000000 0.880000
726.000000 0.880000
727.000000 0.820000
728.000000 0.820000
729.000000 0.820000
730.000000 0.820000
731.000000 0.820000
732.000000 0.820000
733.000000 0.820000
734.000000 0.820000
735.000000 0.820000
736.000000 0.820000
737.000000 0.820000
738.000000 0.750000
739.000000 0.750000
740.000000 0.750000
741.000000 0.690000
742.000000 0.690000
743.000000 0.690000
744.000000 0.630000
745.000000 0.630000
746.000000 0.570000
747.000000 0.570000
748.000000 0.570000
749.000000 0.500000
750.000000 0.500000
751.000000 0.440000
752.000000 0.440000
753.000000 0.440000
754.000000 0.380000
755.000000 0.380000
756.000000 0.320000
757.000000 0.320000
758.000000 0.320000
759.000000 0.250000
760.000000 0.250000
761.000000 0.190000
762.000000 0.130000
763.000000 0.070000
764.000000 0.070000
765.000000 0.000000
766.000000 0.000000
767.000000 0.000000
768.000000 0.060000
769.000000 0.060000
770.000000 0.120000
771.000000 0.120000
772.000000 0.180000
773.000000 0.250000
774.000000 0.250000
775.000000 0.310000
776.000000 0.310000
777.000000 0.310000
778.000000 0.370000
779.000000 0.310000
780.000000 0.310000
781.000000 0.310000
782.000000 0.250000
783.000000 0.250000
784.000000 0.250000
785.000000 0.180000
786.000000 0.180000
787.000000 0.120000
788.000000 0.120000
789.000000 0.060000
790.000000 0.060000
791.000000 0.000000
792.000000 0.000000
793.000000 0.070000
794.000000 0.070000
795.000000 0.070000
796.000000 0.070000
797.000000 0.070000
798.000000 0.070000
799.000000 0.070000
800.000000 0.070000
801.000000 15.930000
802.000000 15.930000
803.000000 16.000000
804.000000 16.000000
805.000000 16.000000
806.000000 16.000000
807.000000 16.000000
808.000000 16.000000
809.000000 16.000000
810.000000 16.000000
811.000000 16.000000
812.000000 16.000000
813.000000 16.000000
814.000000 16.000000
815.000000 16.000000
816.000000 16.000000
817.000000 16.000000
818.000000 16.000000
819.000000 16.000000
820.000000 15.930000
821.000000 15.930000
822.000000 15.870000
823.000000 15.810000
824.000000 15.810000
825.000000 15.750000
826.000000 15.680000
827.000000 15.620000
828.000000 15.560000
829.000000 15.560000
830.000000 15.430000
831.000000 15.370000
832.000000 15.310000
833.000000 15.250000
834.000000 15.180000
835.000000 15.120000
836.000000 15.000000
837.000000 14.930000
838.000000 14.810000
839.000000 14.680000
840.000000 14.620000
841.000000 14.500000
842.000000 14.370000
843.000000 14.250000
844.000000 14.120000
845.000000 14.000000
846.000000 13.870000
847.000000 13.680000
848.000000 13.620000
849.000000 13.500000
850.000000 13.370000
851.000000 13.250000
852.000000 13.120000
853.000000 12.930000
854.000000 12.810000
855.000000 12.680000
856.000000 12.560000
857.000000 12.430000
858.000000 12.310000
859.000000 12.120000
860.000000 12.000000
861.000000 11.810000
862.000000 11.680000
863.000000 11.500000
864.000000 11.370000
865.000000 11.250000
866.000000 11.060000
867.000000 10.930000
868.000000 10.810000
869.000000 10.680000
870.000000 10.560000
871.000000 10.430000
872.000000 10.250000
873.000000 10.120000
874.000000 10.000000
875.000000 9.870000
876.000000 9.680000
877.000000 9.560000
878.000000 9.430000
879.000000 9.250000
880.000000 9.060000
881.000000 8.930000
882.000000 8.810000
883.000000 8.620000
884.000000 8.500000
885.000000 8.310000
886.000000 8.180000
887.000000 8.000000
888.000000 7.870000
889.000000 7.750000
890.000000 7.560000
891.000000 7.430000
892.000000 7.250000
893.000000 7.120000
894.000000 7.000000
895.000000 6.930000
896.000000 6.810000
897.000000 6.680000
898.000000 6.620000
899.000000 6.500000
900.000000 6.370000
901.000000 6.310000
902.000000 6.180000
903.000000 6.060000
904.000000 6.000000
905.000000 5.870000
906.000000 5.810000
907.000000 5.680000
908.000000 5.620000
909.000000 5.500000
910.000000 5.430000
911.000000 5.310000
912.000000 5.180000
913.000000 5.060000
914.000000 5.000000
915.000000 4.870000
916.000000 4.750000
917.000000 4.620000
918.000000 4.560000
919.000000 4.430000
920.000000 4.370000
921.000000 4.310000
922.000000 4.180000
923.000000 4.120000
924.000000 4.060000
925.000000 4.000000
926.000000 3.870000
927.000000 3.810000
928.000000 3.750000
929.000000 3.620000
930.000000 3.560000
931.000000 3.500000
932.000000 3.430000
933.000000 3.310000
934.000000 3.250000
935.000000 3.180000
936.000000 3.120000
937.000000 3.120000
938.000000 3.060000
939.000000 3.000000
940.000000 2.930000
941.000000 2.870000
942.000000 2.810000
943.000000 2.750000
944.000000 2.680000
945.000000 2.620000
946.000000 2.560000
947.000000 2.500000
948.000000 2.430000
949.000000 2.370000
950.000000 2.310000
951.000000 2.250000
952.000000 2.180000
953.000000 2.180000
954.000000 2.120000
955.000000 2.060000
956.000000 2.000000
957.000000 1.930000
958.000000 1.870000
959.000000 1.870000
960.000000 1.810000
961.000000 1.750000
962.000000 1.680000
963.000000 1.620000
964.000000 1.560000
965.000000 1.560000
966.000000 1.500000
967.000000 1.500000
968.000000 1.430000
969.000000 1.370000
970.000000 1.370000
971.000000 1.310000
972.000000 1.250000
973.000000 1.250000
974.000000 1.180000
975.000000 1.180000
976.000000 1.120000
977.000000 1.060000
978.000000 1.060000
979.000000 1.000000
980.000000 1.000000
981.000000 0.930000
982.000000 0.870000
983.000000 0.870000
984.000000 0.810000
985.000000 0.750000
986.000000 0.680000
987.000000 0.620000
988.000000 0.620000
989.000000 0.560000
990.000000 0.500000
991.000000 0.500000
992.000000 0.430000
993.000000 0.370000
994.000000 0.370000
995.000000 0.310000
996.000000 0.310000
997.000000 0.250000
998.000000 0.250000
999.000000 0.180000
1000.000000 0.180000
1001.000000 0.120000
1002.000000 0.120000
1003.000000 0.120000
1004.000000 0.060000
1005.000000 0.060000
1006.000000 0.000000
1007.000000 0.000000
1008.000000 0.000000
1009.000000 0.070000
1010.000000 0.070000
1011.000000 0.070000
1012.000000 0.130000
1013.000000 0.130000
1014.000000 0.130000
1015.000000 0.190000
1016.000000 0.190000
1017.000000 0.250000
1018.000000 0.250000
1019.000000 0.250000
1020.000000 0.320000
1021.000000 0.320000
1022.000000 0.320000
1023.000000 0.380000
1024.000000 0.380000
1025.000000 0.380000
1026.000000 0.440000
1027.000000 0.440000
1028.000000 0.500000
1029.000000 0.500000
1030.000000 0.500000
1031.000000 0.500000
1032.000000 0.570000
1033.000000 0.570000
1034.000000 0.570000
1035.000000 0.630000
1036.000000 0.630000
1037.000000 0.630000
1038.000000 0.690000
1039.000000 0.690000
1040.000000 0.690000
1041.000000 0.690000
1042.000000 0.750000
1043.000000 0.750000
1044.000000 0.750000
1045.000000 0.750000
1046.000000 0.820000
1047.000000 0.820000
1048.000000 0.820000
1049.000000 0.880000
1050.000000 0.880000
1051.000000 0.880000
1052.000000 6.000000
1053.000000 6.000000
1054.000000 6.000000
1055.000000 6.000000
1056.000000 6.000000
1057.000000 6.000000
1058.000000 6.000000
1059.000000 6.000000
1060.000000 6.000000
1061.000000 6.000000
1062.000000 6.000000
1063.000000 6.000000
1064.000000 6.000000
1065.000000 6.000000
1066.000000 6.000000
1067.000000 6.000000
1068.000000 6.000000
1069.000000 6.000000
1070.000000 6.000000
1071.000000 6.000000
1072.000000 6.000000
1073.000000 6.000000
1074.000000 6.000000
1075.000000 6.000000
1076.000000 6.000000
1077.000000 6.000000
1078.000000 6.000000
1079.000000 6.000000
1080.000000 6.000000
1081.000000 6.000000
1082.000000 6.000000
1083.000000 6.000000
1084.000000 6.000000
1085.000000 6.000000
1086.000000 6.000000
1087.000000 6.000000
1088.000000 6.000000
1089.000000 6.000000
1090.000000 6.000000
1091.000000 6.000000
1092.000000 6.000000
1093.000000 6.000000
1094.000000 6.000000
1095.000000 6.000000
1096.000000 6.000000
1097.000000 6.000000
1098.000000 6.000000
1099.000000 6.000000
1100.000000 6.000000
