1.000000 35.000000
2.000000 35.000000
3.000000 29.000000
4.000000 29.000000
5.000000 29.000000
6.000000 29.000000
7.000000 29.000000
8.000000 29.000000
9.000000 29.000000
10.000000 29.060000
11.000000 29.060000
12.000000 29.060000
13.000000 29.120000
14.000000 29.120000
15.000000 29.180000
16.000000 29.180000
17.000000 29.250000
18.000000 29.310000
19.000000 29.370000
20.000000 29.430000
21.000000 29.500000
22.000000 29.560000
23.000000 29.620000
24.000000 29.680000
25.000000 29.810000
26.000000 29.930000
27.000000 30.000000
28.000000 30.120000
29.000000 30.250000
30.000000 30.310000
31.000000 30.430000
32.000000 30.560000
33.000000 30.680000
34.000000 30.810000
35.000000 30.930000
36.000000 31.060000
37.000000 31.180000
38.000000 31.310000
39.000000 31.430000
40.000000 31.560000
41.000000 31.750000
42.000000 31.870000
43.000000 32.000000
44.000000 32.180000
45.000000 32.310000
46.000000 32.500000
47.000000 32.620000
48.000000 32.810000
49.000000 33.000000
50.000000 33.180000
51.000000 33.370000
52.000000 33.560000
53.000000 33.750000
54.000000 33.930000
55.000000 34.120000
56.000000 34.250000
57.000000 34.500000
58.000000 34.680000
59.000000 34.870000
60.000000 35.060000
61.000000 35.310000
62.000000 35.500000
63.000000 35.750000
64.000000 35.930000
65.000000 36.120000
66.000000 36.370000
67.000000 36.560000
68.000000 36.750000
69.000000 36.930000
70.000000 37.120000
71.000000 37.370000
72.000000 37.560000
73.000000 37.810000
74.000000 38.060000
75.000000 38.250000
76.000000 38.500000
77.000000 38.750000
78.000000 39.000000
79.000000 39.180000
80.000000 39.430000
81.000000 39.620000
82.000000 39.870000
83.000000 40.060000
84.000000 40.310000
85.000000 40.500000
86.000000 40.750000
87.000000 40.930000
88.000000 41.180000
89.000000 41.430000
90.000000 41.620000
91.000000 41.810000
92.000000 42.060000
93.000000 42.250000
94.000000 42.430000
95.000000 42.620000
96.000000 42.870000
97.000000 43.060000
98.000000 43.250000
99.000000 43.430000
100.000000 43.680000
101.000000 43.870000
102.000000 44.060000
103.000000 44.250000
104.000000 44.430000
105.000000 44.620000
106.000000 44.750000
107.000000 44.930000
108.000000 45.120000
109.000000 45.370000
110.000000 45.560000
111.000000 45.750000
112.000000 45.930000
113.000000 46.120000
114.000000 46.310000
115.000000 46.500000
116.000000 46.680000
117.000000 46.870000
118.000000 47.000000
119.000000 47.120000
120.000000 47.310000
121.000000 47.430000
122.000000 47.560000
123.000000 47.680000
124.000000 47.810000
125.000000 47.930000
126.000000 48.120000
127.000000 48.250000
128.000000 48.370000
129.000000 48.500000
130.000000 48.620000
131.000000 48.680000
132.000000 48.810000
133.000000 48.870000
134.000000 48.930000
135.000000 49.000000
136.000000 49.120000
137.000000 49.180000
138.000000 49.250000
139.000000 49.310000
140.000000 49.430000
141.000000 49.500000
142.000000 49.560000
143.000000 49.620000
144.000000 49.680000
145.000000 49.750000
146.000000 49.810000
147.000000 49.870000
148.000000 49.930000
149.000000 50.000000
150.000000 50.120000
151.000000 50.180000
152.000000 50.250000
153.000000 50.310000
154.000000 50.370000
155.000000 50.430000
156.000000 50.500000
157.000000 50.500000
158.000000 50.560000
159.000000 50.620000
160.000000 50.680000
161.000000 50.750000
162.000000 50.810000
163.000000 50.870000
164.000000 50.930000
165.000000 51.000000
166.000000 51.060000
167.000000 51.120000
168.000000 51.180000
169.000000 51.310000
170.000000 51.370000
171.000000 51.430000
172.000000 51.430000
173.000000 51.500000
174.000000 51.500000
175.000000 51.500000
176.000000 51.560000
177.000000 51.560000
178.000000 51.560000
179.000000 51.560000
180.000000 51.560000
181.000000 51.560000
182.000000 51.620000
183.000000 51.680000
184.000000 51.750000
185.000000 51.810000
186.000000 51.870000
187.000000 51.870000
188.000000 51.870000
189.000000 51.870000
190.000000 51.870000
191.000000 51.870000
192.000000 51.810000
193.000000 51.810000
194.000000 51.810000
195.000000 51.810000
196.000000 51.810000
197.000000 51.750000
198.000000 51.750000
199.000000 51.750000
200.000000 51.750000
201.000000 51.750000
202.000000 51.810000
203.000000 51.750000
204.000000 51.750000
205.000000 51.750000
206.000000 51.680000
207.000000 51.680000
208.000000 51.620000
209.000000 51.620000
210.000000 51.560000
211.000000 51.500000
212.000000 51.430000
213.000000 51.370000
214.000000 51.310000
215.000000 51.250000
216.000000 51.250000
217.000000 51.180000
218.000000 51.060000
219.000000 51.000000
220.000000 50.930000
221.000000 50.870000
222.000000 50.810000
223.000000 50.750000
224.000000 50.680000
225.000000 50.620000
226.000000 50.500000
227.000000 50.430000
228.000000 50.310000
229.000000 50.180000
230.000000 50.120000
231.000000 50.060000
232.000000 49.930000
233.000000 49.870000
234.000000 49.750000
235.000000 49.680000
236.000000 49.560000
237.000000 49.430000
238.000000 49.310000
239.000000 49.310000
240.000000 49.180000
241.000000 49.120000
242.000000 49.120000
243.000000 49.060000
244.000000 49.000000
245.000000 48.930000
246.000000 48.810000
247.000000 48.750000
248.000000 48.620000
249.000000 48.560000
250.000000 48.500000
251.000000 48.430000
252.000000 48.370000
253.000000 48.310000
254.000000 48.250000
255.000000 48.180000
256.000000 48.120000
257.000000 48.000000
258.000000 47.930000
259.000000 47.750000
260.000000 47.620000
261.000000 47.560000
262.000000 47.430000
263.000000 47.310000
264.000000 47.250000
265.000000 47.180000
266.000000 47.120000
267.000000 47.000000
268.000000 46.930000
269.000000 46.870000
270.000000 46.810000
271.000000 46.750000
272.000000 46.680000
273.000000 46.620000
274.000000 46.500000
275.000000 46.430000
276.000000 46.310000
277.000000 46.180000
278.000000 46.120000
279.000000 46.060000
280.000000 45.930000
281.000000 45.870000
282.000000 45.810000
283.000000 45.750000
284.000000 45.680000
285.000000 45.620000
286.000000 45.500000
287.000000 45.430000
288.000000 45.310000
289.000000 45.250000
290.000000 45.180000
291.000000 45.120000
292.000000 45.000000
293.000000 44.930000
294.000000 44.810000
295.000000 44.750000
296.000000 44.680000
297.000000 44.620000
298.000000 44.560000
299.000000 44.500000
300.000000 44.430000
301.000000 44.370000
302.000000 44.370000
303.000000 44.310000
304.000000 44.250000
305.000000 44.250000
306.000000 44.180000
307.000000 44.120000
308.000000 44.060000
309.000000 44.000000
310.000000 43.870000
311.000000 43.810000
312.000000 43.750000
313.000000 43.620000
314.000000 43.560000
315.000000 43.500000
316.000000 43.430000
317.000000 43.370000
318.000000 43.250000
319.000000 43.250000
320.000000 43.180000
321.000000 43.120000
322.000000 43.060000
323.000000 43.060000
324.000000 43.000000
325.000000 43.000000
326.000000 43.000000
327.000000 42.930000
328.000000 42.930000
329.000000 42.870000
330.000000 42.870000
331.000000 42.870000
332.000000 42.810000
333.000000 42.810000
334.000000 42.750000
335.000000 42.750000
336.000000 42.680000
337.000000 42.620000
338.000000 42.560000
339.000000 42.430000
340.000000 42.370000
341.000000 42.310000
342.000000 42.180000
343.000000 42.120000
344.000000 42.060000
345.000000 42.000000
346.000000 42.000000
347.000000 41.930000
348.000000 41.930000
349.000000 41.870000
350.000000 41.810000
351.000000 41.750000
352.000000 41.680000
353.000000 41.620000
354.000000 41.620000
355.000000 41.560000
356.000000 41.560000
357.000000 41.560000
358.000000 41.560000
359.000000 41.560000
360.000000 41.560000
361.000000 41.620000
362.000000 41.560000
363.000000 41.620000
364.000000 41.620000
365.000000 41.680000
366.000000 41.680000
367.000000 41.750000
368.000000 41.750000
369.000000 41.750000
370.000000 41.750000
371.000000 41.810000
372.000000 41.810000
373.000000 41.870000
374.000000 41.930000
375.000000 42.000000
376.000000 42.060000
377.000000 42.120000
378.000000 42.120000
379.000000 42.250000
380.000000 42.250000
381.000000 42.310000
382.000000 42.310000
383.000000 42.370000
384.000000 42.430000
385.000000 42.430000
386.000000 42.430000
387.000000 42.430000
388.000000 42.430000
389.000000 42.500000
390.000000 42.500000
391.000000 42.500000
392.000000 42.560000
393.000000 42.620000
394.000000 42.620000
395.000000 42.680000
396.000000 42.680000
397.000000 42.680000
398.000000 42.680000
399.000000 42.620000
400.000000 42.620000
401.000000 42.620000
402.000000 42.560000
403.000000 42.560000
404.000000 42.560000
405.000000 42.560000
406.000000 42.560000
407.000000 42.620000
408.000000 42.680000
409.000000 42.750000
410.000000 42.810000
411.000000 42.870000
412.000000 42.870000
413.000000 42.930000
414.000000 42.930000
415.000000 43.000000
416.000000 43.060000
417.000000 43.120000
418.000000 43.180000
419.000000 43.250000
420.000000 43.370000
421.000000 43.430000
422.000000 43.500000
423.000000 43.560000
424.000000 43.620000
425.000000 43.680000
426.000000 43.750000
427.000000 43.810000
428.000000 43.810000
429.000000 43.870000
430.000000 43.930000
431.000000 43.930000
432.000000 44.000000
433.000000 44.060000
434.000000 44.120000
435.000000 44.180000
436.000000 44.180000
437.000000 44.250000
438.000000 44.310000
439.000000 44.370000
440.000000 44.430000
441.000000 44.430000
442.000000 44.500000
443.000000 44.560000
444.000000 44.620000
445.000000 44.680000
446.000000 44.680000
447.000000 44.750000
448.000000 44.750000
449.000000 44.750000
450.000000 44.810000
451.000000 44.810000
452.000000 44.810000
453.000000 44.810000
454.000000 44.810000
455.000000 44.750000
456.000000 44.750000
457.000000 44.810000
458.000000 44.810000
459.000000 44.810000
460.000000 44.810000
461.000000 44.810000
462.000000 44.810000
463.000000 44.870000
464.000000 44.870000
465.000000 44.870000
466.000000 44.930000
467.000000 44.930000
468.000000 44.930000
469.000000 45.000000
470.000000 45.000000
471.000000 44.930000
472.000000 44.930000
473.000000 44.930000
474.000000 44.870000
475.000000 44.870000
476.000000 44.810000
477.000000 44.810000
478.000000 44.810000
479.000000 44.870000
480.000000 44.870000
481.000000 44.930000
482.000000 44.930000
483.000000 44.930000
484.000000 45.000000
485.000000 45.000000
486.000000 45.000000
487.000000 45.000000
488.000000 45.000000
489.000000 45.000000
490.000000 45.000000
491.000000 45.000000
492.000000 45.000000
493.000000 45.060000
494.000000 45.120000
495.000000 45.120000
496.000000 45.180000
497.000000 45.180000
498.000000 45.180000
499.000000 45.250000
500.000000 45.250000
501.000000 45.250000
502.000000 45.310000
503.000000 45.310000
504.000000 45.370000
505.000000 45.370000
506.000000 45.370000
507.000000 45.370000
508.000000 45.430000
509.000000 45.500000
510.000000 45.560000
511.000000 45.560000
512.000000 45.620000
513.000000 45.620000
514.000000 45.680000
515.000000 45.810000
516.000000 45.870000
517.000000 45.930000
518.000000 46.000000
519.000000 46.060000
520.000000 46.120000
521.000000 46.180000
522.000000 46.250000
523.000000 46.310000
524.000000 46.310000
525.000000 46.370000
526.000000 46.430000
527.000000 46.430000
528.000000 46.500000
529.000000 46.500000
530.000000 46.500000
531.000000 46.500000
532.000000 46.500000
533.000000 46.500000
534.000000 46.500000
535.000000 46.500000
536.000000 46.500000
537.000000 46.500000
538.000000 46.500000
539.000000 46.500000
540.000000 46.500000
541.000000 46.500000
542.000000 46.560000
543.000000 46.560000
544.000000 46.560000
545.000000 46.620000
546.000000 46.620000
547.000000 46.620000
548.000000 46.620000
549.000000 46.620000
550.000000 46.680000
551.000000 46.620000
552.000000 46.620000
553.000000 46.620000
554.000000 46.620000
555.000000 46.620000
556.000000 46.620000
557.000000 46.620000
558.000000 46.620000
559.000000 46.620000
560.000000 46.560000
561.000000 46.560000
562.000000 46.500000
563.000000 46.430000
564.000000 46.430000
565.000000 46.370000
566.000000 46.370000
567.000000 46.370000
568.000000 46.370000
569.000000 46.370000
570.000000 46.370000
571.000000 46.430000
572.000000 46.430000
573.000000 46.500000
574.000000 46.500000
575.000000 46.500000
576.000000 46.560000
577.000000 46.560000
578.000000 46.560000
579.000000 46.620000
580.000000 46.620000
581.000000 46.620000
582.000000 46.620000
583.000000 46.620000
584.000000 46.620000
585.000000 46.620000
586.000000 46.620000
587.000000 46.620000
588.000000 46.560000
589.000000 46.560000
590.000000 46.560000
591.000000 46.560000
592.000000 46.560000
593.000000 46.560000
594.000000 46.560000
595.000000 46.500000
596.000000 46.500000
597.000000 46.500000
598.000000 46.430000
599.000000 46.370000
600.000000 46.370000
601.000000 46.310000
602.000000 46.310000
603.000000 46.250000
604.000000 46.250000
605.000000 46.250000
606.000000 46.250000
607.000000 46.180000
608.000000 46.180000
609.000000 46.120000
610.000000 46.120000
611.000000 46.060000
612.000000 45.930000
613.000000 45.870000
614.000000 45.810000
615.000000 45.680000
616.000000 45.560000
617.000000 45.500000
618.000000 45.370000
619.000000 45.310000
620.000000 45.180000
621.000000 45.120000
622.000000 45.060000
623.000000 45.000000
624.000000 44.930000
625.000000 44.930000
626.000000 44.870000
627.000000 44.870000
628.000000 44.870000
629.000000 44.810000
630.000000 44.750000
631.000000 44.750000
632.000000 44.680000
633.000000 44.620000
634.000000 44.620000
635.000000 44.560000
636.000000 44.560000
637.000000 44.560000
638.000000 44.500000
639.000000 44.430000
640.000000 44.430000
641.000000 44.370000
642.000000 44.370000
643.000000 44.310000
644.000000 44.310000
645.000000 44.250000
646.000000 44.250000
647.000000 44.180000
648.000000 44.180000
649.000000 44.120000
650.000000 44.060000
651.000000 44.060000
652.000000 44.000000
653.000000 44.000000
654.000000 43.930000
655.000000 43.930000
656.000000 43.930000
657.000000 43.930000
658.000000 43.930000
659.000000 43.930000
660.000000 43.870000
661.000000 43.870000
662.000000 43.870000
663.000000 43.810000
664.000000 43.810000
665.000000 43.810000
666.000000 43.750000
667.000000 43.750000
668.000000 43.750000
669.000000 43.750000
670.000000 43.750000
671.000000 43.750000
672.000000 43.750000
673.000000 43.750000
674.000000 43.750000
675.000000 43.750000
676.000000 43.750000
677.000000 43.750000
678.000000 43.810000
679.000000 43.810000
680.000000 43.870000
681.000000 43.930000
682.000000 44.000000
683.000000 44.000000
684.000000 44.000000
685.000000 44.000000
686.000000 44.000000
687.000000 44.000000
688.000000 44.000000
689.000000 44.000000
690.000000 44.000000
691.000000 44.000000
692.000000 44.060000
693.000000 44.060000
694.000000 44.120000
695.000000 44.180000
696.000000 44.180000
697.000000 44.250000
698.000000 44.310000
699.000000 44.370000
700.000000 44.370000
701.000000 44.430000
702.000000 44.500000
703.000000 44.500000
704.000000 44.500000
705.000000 44.500000
706.000000 44.500000
707.000000 44.500000
708.000000 44.500000
709.000000 44.500000
710.000000 44.500000
711.000000 44.500000
712.000000 44.500000
713.000000 44.500000
714.000000 44.500000
715.000000 44.500000
716.000000 44.430000
717.000000 44.370000
718.000000 44.370000
719.000000 44.310000
720.000000 44.250000
721.000000 44.250000
722.000000 44.180000
723.000000 44.180000
724.000000 44.120000
725.000000 44.120000
726.000000 44.120000
727.000000 44.180000
728.000000 44.180000
729.000000 44.180000
730.000000 44.180000
731.000000 44.180000
732.000000 44.180000
733.000000 44.180000
734.000000 44.180000
735.000000 44.180000
736.000000 44.180000
737.000000 44.180000
738.000000 44.250000
739.000000 44.250000
740.000000 44.250000
741.000000 44.310000
742.000000 44.310000
743.000000 44.310000
744.000000 44.370000
745.000000 44.370000
746.000000 44.430000
747.000000 44.430000
748.000000 44.430000
749.000000 44.500000
750.000000 44.500000
751.000000 44.560000
752.000000 44.560000
753.000000 44.560000
754.000000 44.620000
755.000000 44.620000
756.000000 44.680000
757.000000 44.680000
758.000000 44.680000
759.000000 44.750000
760.000000 44.750000
761.000000 44.810000
762.000000 44.870000
763.000000 44.930000
764.000000 44.930000
765.000000 45.000000
766.000000 45.000000
767.000000 45.000000
768.000000 45.060000
769.000000 45.060000
770.000000 45.120000
771.000000 45.120000
772.000000 45.180000
773.000000 45.250000
774.000000 45.250000
775.000000 45.310000
776.000000 45.310000
777.000000 45.310000
778.000000 45.370000
779.000000 45.310000
780.000000 45.310000
781.000000 45.310000
782.000000 45.250000
783.000000 45.250000
784.000000 45.250000
785.000000 45.180000
786.000000 45.180000
787.000000 45.120000
788.000000 45.120000
789.000000 45.060000
790.000000 45.060000
791.000000 45.000000
792.000000 45.000000
793.000000 44.930000
794.000000 44.930000
795.000000 44.930000
796.000000 44.930000
797.000000 44.930000
798.000000 44.930000
799.000000 44.930000
800.000000 44.930000
801.000000 44.930000
802.000000 44.930000
803.000000 45.000000
804.000000 45.000000
805.000000 45.000000
806.000000 45.000000
807.000000 45.000000
808.000000 45.000000
809.000000 45.000000
810.000000 45.000000
811.000000 45.000000
812.000000 45.000000
813.000000 45.000000
814.000000 45.000000
815.000000 45.000000
816.000000 45.000000
817.000000 45.000000
818.000000 45.000000
819.000000 45.000000
820.000000 44.930000
821.000000 44.930000
822.000000 44.870000
823.000000 44.810000
824.000000 44.810000
825.000000 44.750000
826.000000 44.680000
827.000000 44.620000
828.000000 44.560000
829.000000 44.560000
830.000000 44.430000
831.000000 44.370000
832.000000 44.310000
833.000000 44.250000
834.000000 44.180000
835.000000 44.120000
836.000000 44.000000
837.000000 43.930000
838.000000 43.810000
839.000000 43.680000
840.000000 43.620000
841.000000 43.500000
842.000000 43.370000
843.000000 43.250000
844.000000 43.120000
845.000000 43.000000
846.000000 42.870000
847.000000 42.680000
848.000000 42.620000
849.000000 42.500000
850.000000 42.370000
851.000000 42.250000
852.000000 42.120000
853.000000 41.930000
854.000000 41.810000
855.000000 41.680000
856.000000 41.560000
857.000000 41.430000
858.000000 41.310000
859.000000 41.120000
860.000000 41.000000
861.000000 40.810000
862.000000 40.680000
863.000000 40.500000
864.000000 40.370000
865.000000 40.250000
866.000000 40.060000
867.000000 39.930000
868.000000 39.810000
869.000000 39.680000
870.000000 39.560000
871.000000 39.430000
872.000000 39.250000
873.000000 39.120000
874.000000 39.000000
875.000000 38.870000
876.000000 38.680000
877.000000 38.560000
878.000000 38.430000
879.000000 38.250000
880.000000 38.060000
881.000000 37.930000
882.000000 37.810000
883.000000 37.620000
884.000000 37.500000
885.000000 37.310000
886.000000 37.180000
887.000000 37.000000
888.000000 36.870000
889.000000 36.750000
890.000000 36.560000
891.000000 36.430000
892.000000 36.250000
893.000000 36.120000
894.000000 36.000000
895.000000 35.930000
896.000000 35.810000
897.000000 35.680000
898.000000 35.620000
899.000000 35.500000
900.000000 35.370000
901.000000 35.310000
902.000000 35.180000
903.000000 35.060000
904.000000 35.000000
905.000000 34.870000
906.000000 34.810000
907.000000 34.680000
908.000000 34.620000
909.000000 34.500000
910.000000 34.430000
911.000000 34.310000
912.000000 34.180000
913.000000 34.060000
914.000000 34.000000
915.000000 33.870000
916.000000 33.750000
917.000000 33.620000
918.000000 33.560000
919.000000 33.430000
920.000000 33.370000
921.000000 33.310000
922.000000 33.180000
923.000000 33.120000
924.000000 33.060000
925.000000 33.000000
926.000000 32.870000
927.000000 32.810000
928.000000 32.750000
929.000000 32.620000
930.000000 32.560000
931.000000 32.500000
932.000000 32.430000
933.000000 32.310000
934.000000 32.250000
935.000000 32.180000
936.000000 32.120000
937.000000 32.120000
938.000000 32.060000
939.000000 32.000000
940.000000 31.930000
941.000000 31.870000
942.000000 31.810000
943.000000 31.750000
944.000000 31.680000
945.000000 31.620000
946.000000 31.560000
947.000000 31.500000
948.000000 31.430000
949.000000 31.370000
950.000000 31.310000
951.000000 31.250000
952.000000 31.180000
953.000000 31.180000
954.000000 31.120000
955.000000 31.060000
956.000000 31.000000
957.000000 30.930000
958.000000 30.870000
959.000000 30.870000
960.000000 30.810000
961.000000 30.750000
962.000000 30.680000
963.000000 30.620000
964.000000 30.560000
965.000000 30.560000
966.000000 30.500000
967.000000 30.500000
968.000000 30.430000
969.000000 30.370000
970.000000 30.370000
971.000000 30.310000
972.000000 30.250000
973.000000 30.250000
974.000000 30.180000
975.000000 30.180000
976.000000 30.120000
977.000000 30.060000
978.000000 30.060000
979.000000 30.000000
980.000000 30.000000
981.000000 29.930000
982.000000 29.870000
983.000000 29.870000
984.000000 29.810000
985.000000 29.750000
986.000000 29.680000
987.000000 29.620000
988.000000 29.620000
989.000000 29.560000
990.000000 29.500000
991.000000 29.500000
992.000000 29.430000
993.000000 29.370000
994.000000 29.370000
995.000000 29.310000
996.000000 29.310000
997.000000 29.250000
998.000000 29.250000
999.000000 29.180000
1000.000000 29.180000
1001.000000 29.120000
1002.000000 29.120000
1003.000000 29.120000
1004.000000 29.060000
1005.000000 29.060000
1006.000000 29.000000
1007.000000 29.000000
1008.000000 29.000000
1009.000000 28.930000
1010.000000 28.930000
1011.000000 28.930000
1012.000000 28.870000
1013.000000 28.870000
1014.000000 28.870000
1015.000000 28.810000
1016.000000 28.810000
1017.000000 28.750000
1018.000000 28.750000
1019.000000 28.750000
1020.000000 28.680000
1021.000000 28.680000
1022.000000 28.680000
1023.000000 28.620000
1024.000000 28.620000
1025.000000 28.620000
1026.000000 28.560000
1027.000000 28.560000
1028.000000 28.500000
1029.000000 28.500000
1030.000000 28.500000
1031.000000 28.500000
1032.000000 28.430000
1033.000000 28.430000
1034.000000 28.430000
1035.000000 28.370000
1036.000000 28.370000
1037.000000 28.370000
1038.000000 28.310000
1039.000000 28.310000
1040.000000 28.310000
1041.000000 28.310000
1042.000000 28.250000
1043.000000 28.250000
1044.000000 28.250000
1045.000000 28.250000
1046.000000 28.180000
1047.000000 28.180000
1048.000000 28.180000
1049.000000 28.120000
1050.000000 28.120000
1051.000000 28.120000
1052.000000 35.000000
1053.000000 35.000000
1054.000000 35.000000
1055.000000 35.000000
1056.000000 35.000000
1057.000000 35.000000
1058.000000 35.000000
1059.000000 35.000000
1060.000000 35.000000
1061.000000 35.000000
1062.000000 35.000000
1063.000000 35.000000
1064.000000 35.000000
1065.000000 35.000000
1066.000000 35.000000
1067.000000 35.000000
1068.000000 35.000000
1069.000000 35.000000
1070.000000 35.000000
1071.000000 35.000000
1072.000000 35.000000
1073.000000 35.000000
1074.000000 35.000000
1075.000000 35.000000
1076.000000 35.000000
1077.000000 35.000000
1078.000000 35.000000
1079.000000 35.000000
1080.000000 35.000000
1081.000000 35.000000
1082.000000 35.000000
1083.000000 35.000000
1084.000000 35.000000
1085.000000 35.000000
1086.000000 35.000000
1087.000000 35.000000
1088.000000 35.000000
1089.000000 35.000000
1090.000000 35.000000
1091.000000 35.000000
1092.000000 35.000000
1093.000000 35.000000
1094.000000 35.000000
1095.000000 35.000000
1096.000000 35.000000
1097.000000 35.000000
1098.000000 35.000000
1099.000000 35.000000
1100.000000 35.000000
1101.000000 35.000000
1102.000000 35.000000
1103.000000 35.000000
1104.000000 35.000000
1105.000000 35.000000
1106.000000 35.000000
1107.000000 35.000000
1108.000000 35.000000
1109.000000 35.000000
1110.000000 35.000000
1111.000000 35.000000
1112.000000 35.000000
1113.000000 35.000000
1114.000000 35.000000
1115.000000 35.000000
1116.000000 35.000000
1117.000000 35.000000
1118.000000 35.000000
1119.000000 35.000000
1120.000000 35.000000
1121.000000 35.000000
1122.000000 35.000000
1123.000000 35.000000
1124.000000 35.000000
1125.000000 35.000000
1126.000000 35.000000
1127.000000 35.000000
1128.000000 35.000000
1129.000000 35.000000
1130.000000 35.000000
1131.000000 35.000000
1132.000000 35.000000
1133.000000 35.000000
1134.000000 35.000000
1135.000000 35.000000
1136.000000 35.000000
1137.000000 35.000000
1138.000000 35.000000
1139.000000 35.000000
1140.000000 35.000000
1141.000000 35.000000
1142.000000 35.000000
1143.000000 35.000000
1144.000000 35.000000
1145.000000 35.000000
1146.000000 35.000000
1147.000000 35.000000
1148.000000 35.000000
1149.000000 35.000000
1150.000000 35.000000
1151.000000 35.000000
1152.000000 35.000000
1153.000000 35.000000
1154.000000 35.000000
1155.000000 35.000000
1156.000000 35.000000
1157.000000 35.000000
1158.000000 35.000000
1159.000000 35.000000
1160.000000 35.000000
1161.000000 35.000000
1162.000000 35.000000
1163.000000 35.000000
1164.000000 35.000000
1165.000000 35.000000
1166.000000 35.000000
1167.000000 35.000000
1168.000000 35.000000
1169.000000 35.000000
1170.000000 35.000000
1171.000000 35.000000
1172.000000 35.000000
1173.000000 35.000000
1174.000000 35.000000
1175.000000 35.000000
1176.000000 35.000000
1177.000000 35.000000
1178.000000 35.000000
1179.000000 35.000000
1180.000000 35.000000
1181.000000 35.000000
1182.000000 35.000000
1183.000000 35.000000
1184.000000 35.000000
1185.000000 35.000000
1186.000000 35.000000
1187.000000 35.000000
1188.000000 35.000000
1189.000000 35.000000
1190.000000 35.000000
1191.000000 35.000000
1192.000000 35.000000
1193.000000 35.000000
1194.000000 35.000000
1195.000000 35.000000
1196.000000 35.000000
1197.000000 35.000000
1198.000000 35.000000
1199.000000 35.000000
1200.000000 35.000000
1201.000000 35.000000
1202.000000 35.000000
1203.000000 35.000000
1204.000000 35.000000
1205.000000 35.000000
1206.000000 35.000000
1207.000000 35.000000
1208.000000 35.000000
1209.000000 35.000000
1210.000000 35.000000
1211.000000 35.000000
1212.000000 35.000000
1213.000000 35.000000
1214.000000 35.000000
1215.000000 35.000000
1216.000000 35.000000
1217.000000 35.000000
1218.000000 35.000000
1219.000000 35.000000
1220.000000 35.000000
1221.000000 35.000000
1222.000000 35.000000
1223.000000 35.000000
1224.000000 35.000000
1225.000000 35.000000
1226.000000 35.000000
1227.000000 35.000000
1228.000000 35.000000
1229.000000 35.000000
1230.000000 35.000000
1231.000000 35.000000
1232.000000 35.000000
1233.000000 35.000000
1234.000000 35.000000
1235.000000 35.000000
1236.000000 35.000000
1237.000000 35.000000
1238.000000 35.000000
1239.000000 35.000000
1240.000000 35.000000
1241.000000 35.000000
1242.000000 35.000000
1243.000000 35.000000
1244.000000 35.000000
1245.000000 35.000000
1246.000000 35.000000
1247.000000 35.000000
1248.000000 35.000000
1249.000000 35.000000
1250.000000 35.000000
1251.000000 35.000000
1252.000000 35.000000
1253.000000 35.000000
1254.000000 35.000000
1255.000000 35.000000
1256.000000 35.000000
1257.000000 35.000000
1258.000000 35.000000
1259.000000 35.000000
1260.000000 35.000000
1261.000000 35.000000
1262.000000 35.000000
1263.000000 35.000000
1264.000000 35.000000
1265.000000 35.000000
1266.000000 35.000000
1267.000000 35.000000
1268.000000 35.000000
1269.000000 35.000000
1270.000000 35.000000
1271.000000 35.000000
1272.000000 35.000000
1273.000000 35.000000
1274.000000 35.000000
1275.000000 35.000000
1276.000000 35.000000
1277.000000 35.000000
1278.000000 35.000000
1279.000000 35.000000
1280.000000 35.000000
1281.000000 35.000000
1282.000000 35.000000
1283.000000 35.000000
1284.000000 35.000000
1285.000000 35.000000
1286.000000 35.000000
1287.000000 35.000000
1288.000000 35.000000
1289.000000 35.000000
1290.000000 35.000000
1291.000000 35.000000
1292.000000 35.000000
1293.000000 35.000000
1294.000000 35.000000
1295.000000 35.000000
1296.000000 35.000000
1297.000000 35.000000
1298.000000 35.000000
1299.000000 35.000000
1300.000000 35.000000
1301.000000 35.000000
1302.000000 35.000000
1303.000000 35.000000
1304.000000 35.000000
1305.000000 35.000000
1306.000000 35.000000
1307.000000 35.000000
1308.000000 35.000000
1309.000000 35.000000
1310.000000 35.000000
1311.000000 35.000000
1312.000000 35.000000
1313.000000 35.000000
1314.000000 35.000000
1315.000000 35.000000
1316.000000 35.000000
1317.000000 35.000000
1318.000000 35.000000
1319.000000 35.000000
1320.000000 35.000000
1321.000000 35.000000
1322.000000 35.000000
1323.000000 35.000000
1324.000000 35.000000
1325.000000 35.000000
1326.000000 35.000000
1327.000000 35.000000
1328.000000 35.000000
1329.000000 35.000000
1330.000000 35.000000
1331.000000 35.000000
1332.000000 35.000000
1333.000000 35.000000
1334.000000 35.000000
1335.000000 35.000000
1336.000000 35.000000
1337.000000 35.000000
1338.000000 35.000000
1339.000000 35.000000
1340.000000 35.000000
1341.000000 35.000000
1342.000000 35.000000
1343.000000 35.000000
1344.000000 35.000000
1345.000000 35.000000
1346.000000 35.000000
1347.000000 35.000000
1348.000000 35.000000
1349.000000 35.000000
1350.000000 35.000000
1351.000000 35.000000
1352.000000 35.000000
1353.000000 35.000000
1354.000000 35.000000
1355.000000 35.000000
1356.000000 35.000000
1357.000000 35.000000
1358.000000 35.000000
1359.000000 35.000000
1360.000000 35.000000
1361.000000 35.000000
1362.000000 35.000000
1363.000000 35.000000
1364.000000 35.000000
1365.000000 35.000000
1366.000000 35.000000
1367.000000 35.000000
1368.000000 35.000000
1369.000000 35.000000
1370.000000 35.000000
1371.000000 35.000000
1372.000000 35.000000
1373.000000 35.000000
1374.000000 35.000000
1375.000000 35.000000
1376.000000 35.000000
1377.000000 35.000000
1378.000000 35.000000
1379.000000 35.000000
1380.000000 35.000000
1381.000000 35.000000
1382.000000 35.000000
1383.000000 35.000000
1384.000000 35.000000
1385.000000 35.000000
1386.000000 35.000000
1387.000000 35.000000
1388.000000 35.000000
1389.000000 35.000000
1390.000000 35.000000
1391.000000 35.000000
1392.000000 35.000000
1393.000000 35.000000
1394.000000 35.000000
1395.000000 35.000000
1396.000000 35.000000
1397.000000 35.000000
1398.000000 35.000000
1399.000000 35.000000
1400.000000 35.000000
1401.000000 35.000000
1402.000000 35.000000
1403.000000 35.000000
1404.000000 35.000000
1405.000000 35.000000
1406.000000 35.000000
1407.000000 35.000000
1408.000000 35.000000
1409.000000 35.000000
1410.000000 35.000000
1411.000000 35.000000
1412.000000 35.000000
1413.000000 35.000000
1414.000000 35.000000
1415.000000 35.000000
1416.000000 35.000000
1417.000000 35.000000
1418.000000 35.000000
1419.000000 35.000000
1420.000000 35.000000
1421.000000 35.000000
1422.000000 35.000000
1423.000000 35.000000
1424.000000 35.000000
1425.000000 35.000000
1426.000000 35.000000
1427.000000 35.000000
1428.000000 35.000000
1429.000000 35.000000
1430.000000 35.000000
1431.000000 35.000000
1432.000000 35.000000
1433.000000 35.000000
1434.000000 35.000000
1435.000000 35.000000
1436.000000 35.000000
1437.000000 35.000000
1438.000000 35.000000
1439.000000 35.000000
1440.000000 35.000000
1441.000000 35.000000
1442.000000 35.000000
1443.000000 35.000000
1444.000000 35.000000
1445.000000 35.000000
1446.000000 35.000000
1447.000000 35.000000
1448.000000 35.000000
1449.000000 35.000000
1450.000000 35.000000
1451.000000 35.000000
1452.000000 35.000000
1453.000000 35.000000
1454.000000 35.000000
1455.000000 35.000000
1456.000000 35.000000
1457.000000 35.000000
1458.000000 35.000000
1459.000000 35.000000
1460.000000 35.000000
1461.000000 35.000000
1462.000000 35.000000
1463.000000 35.000000
1464.000000 35.000000
1465.000000 35.000000
1466.000000 35.000000
1467.000000 35.000000
1468.000000 35.000000
1469.000000 35.000000
1470.000000 35.000000
1471.000000 35.000000
1472.000000 35.000000
1473.000000 35.000000
1474.000000 35.000000
1475.000000 35.000000
1476.000000 35.000000
1477.000000 35.000000
1478.000000 35.000000
1479.000000 35.000000
1480.000000 35.000000
1481.000000 35.000000
1482.000000 35.000000
1483.000000 35.000000
1484.000000 35.000000
1485.000000 35.000000
1486.000000 35.000000
1487.000000 35.000000
1488.000000 35.000000
1489.000000 35.000000
1490.000000 35.000000
1491.000000 35.000000
1492.000000 35.000000
1493.000000 35.000000
1494.000000 35.000000
1495.000000 35.000000
1496.000000 35.000000
1497.000000 35.000000
1498.000000 35.000000
1499.000000 35.000000
1500.000000 35.000000
1501.000000 35.000000
1502.000000 35.000000
1503.000000 35.000000
1504.000000 35.000000
1505.000000 35.000000
1506.000000 35.000000
1507.000000 35.000000
1508.000000 35.000000
1509.000000 35.000000
1510.000000 35.000000
1511.000000 35.000000
1512.000000 35.000000
1513.000000 35.000000
1514.000000 35.000000
1515.000000 35.000000
1516.000000 35.000000
1517.000000 35.000000
1518.000000 35.000000
1519.000000 35.000000
1520.000000 35.000000
1521.000000 35.000000
1522.000000 35.000000
1523.000000 35.000000
1524.000000 35.000000
1525.000000 35.000000
1526.000000 35.000000
1527.000000 35.000000
1528.000000 35.000000
1529.000000 35.000000
1530.000000 35.000000
1531.000000 35.000000
1532.000000 35.000000
1533.000000 35.000000
1534.000000 35.000000
1535.000000 35.000000
1536.000000 35.000000
1537.000000 35.000000
1538.000000 35.000000
1539.000000 35.000000
1540.000000 35.000000
1541.000000 35.000000
1542.000000 35.000000
1543.000000 35.000000
1544.000000 35.000000
1545.000000 35.000000
1546.000000 35.000000
1547.000000 35.000000
1548.000000 35.000000
1549.000000 35.000000
1550.000000 35.000000
1551.000000 35.000000
1552.000000 35.000000
1553.000000 35.000000
1554.000000 35.000000
1555.000000 35.000000
1556.000000 35.000000
1557.000000 35.000000
1558.000000 35.000000
1559.000000 35.000000
1560.000000 35.000000
1561.000000 35.000000
1562.000000 35.000000
1563.000000 35.000000
1564.000000 35.000000
1565.000000 35.000000
1566.000000 35.000000
1567.000000 35.000000
1568.000000 35.000000
1569.000000 35.000000
1570.000000 35.000000
1571.000000 35.000000
1572.000000 35.000000
1573.000000 35.000000
1574.000000 35.000000
1575.000000 35.000000
1576.000000 35.000000
1577.000000 35.000000
1578.000000 35.000000
1579.000000 35.000000
1580.000000 35.000000
1581.000000 35.000000
1582.000000 35.000000
1583.000000 35.000000
1584.000000 35.000000
1585.000000 35.000000
1586.000000 35.000000
1587.000000 35.000000
1588.000000 35.000000
1589.000000 35.000000
1590.000000 35.000000
1591.000000 35.000000
1592.000000 35.000000
1593.000000 35.000000
1594.000000 35.000000
1595.000000 35.000000
1596.000000 35.000000
1597.000000 35.000000
1598.000000 35.000000
1599.000000 35.000000
1600.000000 35.000000
