1.000000 35.000000
2.000000 35.000000
3.000000 35.000000
4.000000 35.000000
5.000000 35.000000
6.000000 35.000000
7.000000 35.000000
8.000000 35.000000
9.000000 35.000000
10.000000 35.000000
11.000000 35.000000
12.000000 35.000000
13.000000 35.304333
14.000000 35.608106
15.000000 35.911276
16.000000 36.213799
17.000000 36.515632
18.000000 36.816730
19.000000 37.117049
20.000000 37.416545
21.000000 37.715173
22.000000 38.012888
23.000000 38.309646
24.000000 38.569931
25.000000 38.810795
26.000000 39.032262
27.000000 39.234375
28.000000 39.417181
29.000000 39.580730
30.000000 39.725082
31.000000 39.850306
32.000000 39.956482
33.000000 40.043699
34.000000 40.112057
35.000000 40.165797
36.000000 40.205193
37.000000 40.231472
38.000000 40.245858
39.000000 40.249575
40.000000 40.243848
41.000000 40.229896
42.000000 40.208934
43.000000 40.182173
44.000000 40.150816
45.000000 40.116058
46.000000 40.078605
47.000000 40.039364
48.000000 39.999113
49.000000 39.958553
50.000000 39.918308
51.000000 39.878926
52.000000 39.840876
53.000000 39.804552
54.000000 39.770272
55.000000 39.738277
56.000000 39.708733
57.000000 39.681789
58.000000 39.657523
59.000000 39.635971
60.000000 39.617129
61.000000 39.600955
62.000000 39.587378
63.000000 39.576298
64.000000 39.567596
65.000000 39.561135
66.000000 39.556765
67.000000 39.554331
68.000000 39.553666
69.000000 39.554602
70.000000 39.556971
71.000000 39.560606
72.000000 39.565344
73.000000 39.571028
74.000000 39.577505
75.000000 39.584635
76.000000 39.592283
77.000000 39.600326
78.000000 39.608649
79.000000 39.617149
80.000000 39.625731
81.000000 39.634314
82.000000 39.642825
83.000000 39.651199
84.000000 39.659385
85.000000 39.667337
86.000000 39.675018
87.000000 39.682402
88.000000 39.689467
89.000000 39.696197
90.000000 39.702586
91.000000 39.708629
92.000000 39.714328
93.000000 39.719688
94.000000 39.724720
95.000000 39.729434
96.000000 39.733846
97.000000 39.737971
98.000000 39.741827
99.000000 39.745433
100.000000 39.748808
101.000000 39.751972
102.000000 39.754945
103.000000 39.757746
104.000000 39.760394
105.000000 39.762906
106.000000 39.765302
107.000000 39.767596
108.000000 39.769804
109.000000 39.771940
110.000000 39.774018
111.000000 39.776048
112.000000 39.778043
113.000000 39.780010
114.000000 39.781959
115.000000 39.783896
116.000000 39.785827
117.000000 39.787758
118.000000 39.789692
119.000000 39.791632
120.000000 39.793582
121.000000 39.795542
122.000000 39.797513
123.000000 39.799496
124.000000 39.801491
125.000000 39.803496
126.000000 39.805511
127.000000 39.807535
128.000000 39.809566
129.000000 39.811602
130.000000 39.813641
131.000000 39.815682
132.000000 39.817722
133.000000 39.819760
134.000000 39.821792
135.000000 39.823818
136.000000 39.825835
137.000000 39.827841
138.000000 39.829835
139.000000 39.831814
140.000000 39.833779
141.000000 39.835726
142.000000 39.837655
143.000000 39.839566
144.000000 39.841456
145.000000 39.843325
146.000000 39.845173
147.000000 39.846999
148.000000 39.848802
149.000000 39.850582
150.000000 39.852340
151.000000 39.854074
152.000000 39.855786
153.000000 39.857474
154.000000 39.859140
155.000000 39.860784
156.000000 39.862405
157.000000 39.864004
158.000000 39.865581
159.000000 39.867138
160.000000 39.868673
161.000000 39.870189
162.000000 39.871684
163.000000 39.873160
164.000000 39.874617
165.000000 39.876056
166.000000 39.877477
167.000000 39.878880
168.000000 39.880265
169.000000 39.881634
170.000000 39.882987
171.000000 39.884324
172.000000 39.885645
173.000000 39.886951
174.000000 39.888242
175.000000 39.889519
176.000000 39.890781
177.000000 39.892029
178.000000 39.893263
179.000000 39.894484
180.000000 39.895691
181.000000 39.896885
182.000000 39.898067
183.000000 39.899235
184.000000 39.900391
185.000000 39.901535
186.000000 39.902666
187.000000 39.903785
188.000000 39.904892
189.000000 39.905987
190.000000 39.907071
191.000000 39.908142
192.000000 39.909202
193.000000 39.910251
194.000000 39.911288
195.000000 39.912315
196.000000 39.913329
197.000000 39.914333
198.000000 39.915326
199.000000 39.916308
200.000000 39.917279
201.000000 39.918240
202.000000 39.919190
203.000000 39.920129
204.000000 39.921058
205.000000 39.921977
206.000000 39.922885
207.000000 39.923783
208.000000 39.924672
209.000000 39.925550
210.000000 39.926419
211.000000 39.927278
212.000000 39.928127
213.000000 39.928967
214.000000 39.929797
215.000000 39.930618
216.000000 39.931430
217.000000 39.932232
218.000000 39.933026
219.000000 39.933811
220.000000 39.934587
221.000000 39.935354
222.000000 39.936112
223.000000 39.936862
224.000000 39.937604
225.000000 39.938338
226.000000 39.939063
227.000000 39.939780
228.000000 39.940489
229.000000 39.941190
230.000000 39.941883
231.000000 39.942568
232.000000 39.943246
233.000000 39.943916
234.000000 39.944579
235.000000 39.945234
236.000000 39.945882
237.000000 39.946523
238.000000 39.947157
239.000000 39.947783
240.000000 39.948403
241.000000 39.949016
242.000000 39.949621
243.000000 39.950220
244.000000 39.950813
245.000000 39.951399
246.000000 39.951978
247.000000 39.952551
248.000000 39.953117
249.000000 39.953677
250.000000 39.954231
251.000000 39.954779
252.000000 39.955320
253.000000 39.955856
254.000000 39.956385
255.000000 39.956909
256.000000 39.957427
257.000000 39.957939
258.000000 39.958445
259.000000 39.958946
260.000000 39.959441
261.000000 39.959931
262.000000 39.960415
263.000000 39.960893
264.000000 39.961367
265.000000 39.961835
266.000000 39.962298
267.000000 39.962756
268.000000 39.963208
269.000000 39.963656
270.000000 39.964098
271.000000 39.964536
272.000000 39.964969
273.000000 39.965397
274.000000 39.965820
275.000000 39.966239
276.000000 39.966655
277.000000 39.967068
278.000000 39.967480
279.000000 39.967891
280.000000 39.968302
281.000000 39.968715
282.000000 39.969131
283.000000 39.969553
284.000000 39.969980
285.000000 39.970415
286.000000 39.970859
287.000000 39.971315
288.000000 39.971782
289.000000 39.972263
290.000000 39.972758
291.000000 39.973268
292.000000 39.973795
293.000000 39.974338
294.000000 39.974899
295.000000 39.975477
296.000000 39.976072
297.000000 39.976684
298.000000 39.977312
299.000000 39.977957
300.000000 39.978616
301.000000 39.979289
302.000000 39.979976
303.000000 39.980673
304.000000 39.981381
305.000000 39.982097
306.000000 39.982821
307.000000 39.983550
308.000000 39.984283
309.000000 39.985018
310.000000 39.985754
311.000000 39.986489
312.000000 39.987221
313.000000 39.987950
314.000000 39.988672
315.000000 39.989383
316.000000 39.990080
317.000000 39.990760
318.000000 39.991421
319.000000 39.992060
320.000000 39.992673
321.000000 39.993260
322.000000 39.993816
323.000000 39.994341
324.000000 39.994832
325.000000 39.995288
326.000000 39.995708
327.000000 39.996091
328.000000 39.996437
329.000000 39.996746
330.000000 39.997018
331.000000 39.997255
332.000000 39.997457
333.000000 39.997626
334.000000 39.997762
335.000000 39.997869
336.000000 39.997948
337.000000 39.998001
338.000000 39.998030
339.000000 39.998039
340.000000 39.998028
341.000000 39.998001
342.000000 39.997961
343.000000 39.997909
344.000000 39.997848
345.000000 39.997780
346.000000 39.997707
347.000000 39.997632
348.000000 39.997556
349.000000 39.997481
350.000000 39.997409
351.000000 39.997340
352.000000 39.997277
353.000000 39.997219
354.000000 39.997169
355.000000 39.997127
356.000000 39.997094
357.000000 39.997069
358.000000 39.997053
359.000000 39.997047
360.000000 39.997050
361.000000 39.997062
362.000000 39.997082
363.000000 39.997112
364.000000 39.997150
365.000000 39.997195
366.000000 39.997248
367.000000 39.997308
368.000000 39.997374
369.000000 39.997445
370.000000 39.997521
371.000000 39.997602
372.000000 39.997686
373.000000 39.997773
374.000000 39.997863
375.000000 39.997954
376.000000 39.998047
377.000000 39.998140
378.000000 39.998234
379.000000 39.998328
380.000000 39.998421
381.000000 39.998513
382.000000 39.998603
383.000000 39.998692
384.000000 39.998780
385.000000 39.998865
386.000000 39.998948
387.000000 39.999029
388.000000 39.999107
389.000000 39.999183
390.000000 39.999256
391.000000 39.999326
392.000000 39.999394
393.000000 39.999460
394.000000 39.999523
395.000000 39.999583
396.000000 39.999642
397.000000 39.999698
398.000000 39.999752
399.000000 39.999804
400.000000 39.999854
401.000000 39.999902
402.000000 39.999949
403.000000 39.999994
404.000000 40.000038
405.000000 40.000081
406.000000 40.000122
407.000000 40.000162
408.000000 40.000202
409.000000 40.000241
410.000000 40.000278
411.000000 40.000316
412.000000 40.000352
413.000000 40.000388
414.000000 40.000424
415.000000 40.000459
416.000000 40.000494
417.000000 40.000529
418.000000 40.000563
419.000000 40.000598
420.000000 40.000631
421.000000 40.000665
422.000000 40.000699
423.000000 40.000732
424.000000 40.000765
425.000000 40.000798
426.000000 40.000831
427.000000 40.000864
428.000000 40.000896
429.000000 40.000928
430.000000 40.000960
431.000000 40.000992
432.000000 40.001024
433.000000 40.001055
434.000000 40.001086
435.000000 40.001117
436.000000 40.001147
437.000000 40.001177
438.000000 40.001207
439.000000 40.001237
440.000000 40.001266
441.000000 40.001295
442.000000 40.001323
443.000000 40.001351
444.000000 40.001379
445.000000 40.001407
446.000000 40.001434
447.000000 40.001460
448.000000 40.001487
449.000000 40.001513
450.000000 40.001538
451.000000 40.001563
452.000000 40.001588
453.000000 40.001613
454.000000 40.001637
455.000000 40.001661
456.000000 40.001684
457.000000 40.001707
458.000000 40.001730
459.000000 40.001752
460.000000 40.001774
461.000000 40.001796
462.000000 40.001817
463.000000 40.001838
464.000000 40.001859
465.000000 40.001879
466.000000 40.001899
467.000000 40.001919
468.000000 40.001939
469.000000 40.001958
470.000000 40.001977
471.000000 40.001996
472.000000 40.002014
473.000000 40.002033
474.000000 40.002051
475.000000 40.002068
476.000000 40.002086
477.000000 40.002103
478.000000 40.002120
479.000000 40.002137
480.000000 40.002154
481.000000 40.002170
482.000000 40.002186
483.000000 40.002202
484.000000 40.002218
485.000000 40.002233
486.000000 40.002249
487.000000 40.002264
488.000000 40.002279
489.000000 40.002294
490.000000 40.002308
491.000000 40.002322
492.000000 40.002337
493.000000 40.002351
494.000000 40.002364
495.000000 40.002378
496.000000 40.002391
497.000000 40.002405
498.000000 40.002418
499.000000 40.002431
500.000000 40.002443
501.000000 39.515523
502.000000 39.029499
503.000000 38.544439
504.000000 38.060414
505.000000 37.577493
506.000000 37.095748
507.000000 36.615249
508.000000 36.136067
509.000000 35.658274
510.000000 35.181941
511.000000 34.707139
512.000000 34.290693
513.000000 33.905322
514.000000 33.550986
515.000000 33.227615
516.000000 32.935135
517.000000 32.673467
518.000000 32.442514
519.000000 32.242165
520.000000 32.072293
521.000000 31.932755
522.000000 31.823392
523.000000 31.737417
524.000000 31.674393
525.000000 31.632356
526.000000 31.609348
527.000000 31.603408
528.000000 31.612581
529.000000 31.634913
530.000000 31.668460
531.000000 31.711286
532.000000 31.761465
533.000000 31.817086
534.000000 31.877019
535.000000 31.939812
536.000000 32.004222
537.000000 32.069126
538.000000 32.133525
539.000000 32.196544
540.000000 32.257431
541.000000 32.315556
542.000000 32.370411
543.000000 32.421611
544.000000 32.468888
545.000000 32.512005
546.000000 32.550838
547.000000 32.585327
548.000000 32.615481
549.000000 32.641365
550.000000 32.663096
551.000000 32.680829
552.000000 32.694759
553.000000 32.705103
554.000000 32.712100
555.000000 32.716002
556.000000 32.717072
557.000000 32.715580
558.000000 32.711795
559.000000 32.705984
560.000000 32.698409
561.000000 32.689321
562.000000 32.678962
563.000000 32.667560
564.000000 32.655328
565.000000 32.642465
566.000000 32.629154
567.000000 32.615559
568.000000 32.601832
569.000000 32.588105
570.000000 32.574493
571.000000 32.561099
572.000000 32.548007
573.000000 32.535289
574.000000 32.523003
575.000000 32.511194
576.000000 32.499895
577.000000 32.489131
578.000000 32.478915
579.000000 32.469250
580.000000 32.460137
581.000000 32.451564
582.000000 32.443518
583.000000 32.435980
584.000000 32.428926
585.000000 32.422331
586.000000 32.416166
587.000000 32.410401
588.000000 32.405005
589.000000 32.399947
590.000000 32.395195
591.000000 32.390718
592.000000 32.386486
593.000000 32.382470
594.000000 32.378642
595.000000 32.374976
596.000000 32.371448
597.000000 32.368034
598.000000 32.364714
599.000000 32.361469
600.000000 32.358282
601.000000 32.355138
602.000000 32.352024
603.000000 32.348929
604.000000 32.345843
605.000000 32.342757
606.000000 32.339666
607.000000 32.336565
608.000000 32.333449
609.000000 32.330317
610.000000 32.327166
611.000000 32.323997
612.000000 32.320809
613.000000 32.317603
614.000000 32.314381
615.000000 32.311146
616.000000 32.307899
617.000000 32.304644
618.000000 32.301383
619.000000 32.298121
620.000000 32.294859
621.000000 32.291601
622.000000 32.288351
623.000000 32.285112
624.000000 32.281887
625.000000 32.278679
626.000000 32.275490
627.000000 32.272324
628.000000 32.269183
629.000000 32.266068
630.000000 32.262982
631.000000 32.259927
632.000000 32.256904
633.000000 32.253914
634.000000 32.250959
635.000000 32.248039
636.000000 32.245154
637.000000 32.242306
638.000000 32.239495
639.000000 32.236721
640.000000 32.233983
641.000000 32.231282
642.000000 32.228617
643.000000 32.225989
644.000000 32.223396
645.000000 32.220838
646.000000 32.218314
647.000000 32.215825
648.000000 32.213369
649.000000 32.210945
650.000000 32.208553
651.000000 32.206192
652.000000 32.203861
653.000000 32.201560
654.000000 32.199288
655.000000 32.197044
656.000000 32.194827
657.000000 32.192638
658.000000 32.190474
659.000000 32.188336
660.000000 32.186223
661.000000 32.184135
662.000000 32.182070
663.000000 32.180028
664.000000 32.178010
665.000000 32.176014
666.000000 32.174040
667.000000 32.172088
668.000000 32.170157
669.000000 32.168247
670.000000 32.166358
671.000000 32.164490
672.000000 32.162641
673.000000 32.160812
674.000000 32.159003
675.000000 32.157214
676.000000 32.155443
677.000000 32.153692
678.000000 32.151959
679.000000 32.150246
680.000000 32.148550
681.000000 32.146873
682.000000 32.145214
683.000000 32.143573
684.000000 32.141950
685.000000 32.140345
686.000000 32.138757
687.000000 32.137187
688.000000 32.135634
689.000000 32.134098
690.000000 32.132578
691.000000 32.131076
692.000000 32.129590
693.000000 32.128121
694.000000 32.126668
695.000000 32.125232
696.000000 32.123811
697.000000 32.122406
698.000000 32.121017
699.000000 32.119643
700.000000 32.118285
701.000000 32.116942
702.000000 32.115614
703.000000 32.114301
704.000000 32.113003
705.000000 32.111719
706.000000 32.110450
707.000000 32.109195
708.000000 32.107954
709.000000 32.106727
710.000000 32.105513
711.000000 32.104314
712.000000 32.103127
713.000000 32.101954
714.000000 32.100795
715.000000 32.099648
716.000000 32.098514
717.000000 32.097393
718.000000 32.096284
719.000000 32.095188
720.000000 32.094103
721.000000 32.093032
722.000000 32.091972
723.000000 32.090923
724.000000 32.089887
725.000000 32.088862
726.000000 32.087849
727.000000 32.086847
728.000000 32.085856
729.000000 32.084876
730.000000 32.083907
731.000000 32.082949
732.000000 32.082001
733.000000 32.081065
734.000000 32.080138
735.000000 32.079222
736.000000 32.078316
737.000000 32.077420
738.000000 32.076534
739.000000 32.075659
740.000000 32.074792
741.000000 32.073936
742.000000 32.073089
743.000000 32.072251
744.000000 32.071423
745.000000 32.070604
746.000000 32.069794
747.000000 32.068993
748.000000 32.068201
749.000000 32.067418
750.000000 32.066644
751.000000 32.065878
752.000000 32.065121
753.000000 32.064372
754.000000 32.063632
755.000000 32.062900
756.000000 32.062176
757.000000 32.061460
758.000000 32.060752
759.000000 32.060052
760.000000 32.059360
761.000000 32.058675
762.000000 32.057998
763.000000 32.057328
764.000000 32.056663
765.000000 32.056002
766.000000 32.055344
767.000000 32.054687
768.000000 32.054029
769.000000 32.053368
770.000000 32.052702
771.000000 32.052028
772.000000 32.051345
773.000000 32.050649
774.000000 32.049938
775.000000 32.049210
776.000000 32.048462
777.000000 32.047693
778.000000 32.046902
779.000000 32.046085
780.000000 32.045242
781.000000 32.044373
782.000000 32.043476
783.000000 32.042552
784.000000 32.041600
785.000000 32.040621
786.000000 32.039615
787.000000 32.038584
788.000000 32.037530
789.000000 32.036452
790.000000 32.035355
791.000000 32.034239
792.000000 32.033107
793.000000 32.031960
794.000000 32.030803
795.000000 32.029637
796.000000 32.028464
797.000000 32.027288
798.000000 32.026111
799.000000 32.024935
800.000000 32.023763
801.000000 32.022597
802.000000 32.021443
803.000000 32.020305
804.000000 32.019190
805.000000 32.018101
806.000000 32.017044
807.000000 32.016022
808.000000 32.015041
809.000000 32.014103
810.000000 32.013212
811.000000 32.012373
812.000000 32.011587
813.000000 32.010858
814.000000 32.010187
815.000000 32.009574
816.000000 32.009020
817.000000 32.008526
818.000000 32.008090
819.000000 32.007711
820.000000 32.007388
821.000000 32.007118
822.000000 32.006900
823.000000 32.006729
824.000000 32.006603
825.000000 32.006518
826.000000 32.006471
827.000000 32.006458
828.000000 32.006475
829.000000 32.006518
830.000000 32.006583
831.000000 32.006666
832.000000 32.006764
833.000000 32.006873
834.000000 32.006989
835.000000 32.007109
836.000000 32.007231
837.000000 32.007351
838.000000 32.007467
839.000000 32.007577
840.000000 32.007679
841.000000 32.007770
842.000000 32.007850
843.000000 32.007918
844.000000 32.007972
845.000000 32.008011
846.000000 32.008036
847.000000 32.008047
848.000000 32.008042
849.000000 32.008023
850.000000 32.007990
851.000000 32.007943
852.000000 32.007882
853.000000 32.007809
854.000000 32.007725
855.000000 32.007629
856.000000 32.007524
857.000000 32.007410
858.000000 32.007288
859.000000 32.007159
860.000000 32.007025
861.000000 32.006885
862.000000 32.006742
863.000000 32.006596
864.000000 32.006447
865.000000 32.006298
866.000000 32.006148
867.000000 32.005998
868.000000 32.005850
869.000000 32.005703
870.000000 32.005557
871.000000 32.005415
872.000000 32.005275
873.000000 32.005139
874.000000 32.005006
875.000000 32.004877
876.000000 32.004752
877.000000 32.004631
878.000000 32.004514
879.000000 32.004401
880.000000 32.004292
881.000000 32.004188
882.000000 32.004087
883.000000 32.003990
884.000000 32.003897
885.000000 32.003807
886.000000 32.003721
887.000000 32.003637
888.000000 32.003557
889.000000 32.003480
890.000000 32.003405
891.000000 32.003333
892.000000 32.003263
893.000000 32.003195
894.000000 32.003128
895.000000 32.003064
896.000000 32.003001
897.000000 32.002939
898.000000 32.002878
899.000000 32.002819
900.000000 32.002760
901.000000 32.002702
902.000000 32.002645
903.000000 32.002589
904.000000 32.002533
905.000000 32.002478
906.000000 32.002423
907.000000 32.002368
908.000000 32.002314
909.000000 32.002260
910.000000 32.002206
911.000000 32.002153
912.000000 32.002100
913.000000 32.002047
914.000000 32.001995
915.000000 32.001943
916.000000 32.001891
917.000000 32.001839
918.000000 32.001788
919.000000 32.001737
920.000000 32.001687
921.000000 32.001637
922.000000 32.001587
923.000000 32.001538
924.000000 32.001489
925.000000 32.001441
926.000000 32.001393
927.000000 32.001346
928.000000 32.001299
929.000000 32.001253
930.000000 32.001207
931.000000 32.001162
932.000000 32.001118
933.000000 32.001074
934.000000 32.001031
935.000000 32.000988
936.000000 32.000946
937.000000 32.000904
938.000000 32.000863
939.000000 32.000823
940.000000 32.000783
941.000000 32.000744
942.000000 32.000706
943.000000 32.000668
944.000000 32.000631
945.000000 32.000594
946.000000 32.000557
947.000000 32.000522
948.000000 32.000486
949.000000 32.000452
950.000000 32.000418
951.000000 32.000384
952.000000 32.000351
953.000000 32.000318
954.000000 32.000286
955.000000 32.000254
956.000000 32.000223
957.000000 32.000192
958.000000 32.000162
959.000000 32.000132
960.000000 32.000102
961.000000 32.000073
962.000000 32.000044
963.000000 32.000016
964.000000 31.999988
965.000000 31.999960
966.000000 31.999933
967.000000 31.999906
968.000000 31.999879
969.000000 31.999853
970.000000 31.999827
971.000000 31.999802
972.000000 31.999776
973.000000 31.999752
974.000000 31.999727
975.000000 31.999703
976.000000 31.999679
977.000000 31.999655
978.000000 31.999632
979.000000 31.999609
980.000000 31.999586
981.000000 31.999564
982.000000 31.999542
983.000000 31.999520
984.000000 31.999499
985.000000 31.999478
986.000000 31.999457
987.000000 31.999436
988.000000 31.999416
989.000000 31.999396
990.000000 31.999376
991.000000 31.999356
992.000000 31.999337
993.000000 31.999318
994.000000 31.999299
995.000000 31.999281
996.000000 31.999262
997.000000 31.999244
998.000000 31.999227
999.000000 31.999209
1000.000000 31.999192
